,close,date,high,low,open,quoteVolume,volume,weightedAverage
0,5.97e-06,1534348800,3e-05,3.88e-06,5.65e-06,3701496.304202,26.66614152,7.2e-06
1,5.87e-06,1534356000,6.13e-06,5.74e-06,6.13e-06,559681.8935947,3.30828124,5.91e-06
2,5.88e-06,1534363200,5.96e-06,5.8e-06,5.85e-06,40322.9240795,0.23741751,5.88e-06
3,5.84e-06,1534370400,5.99e-06,5.79e-06,5.9e-06,32838.05616425,0.19415618,5.91e-06
4,5.82e-06,1534377600,6.71e-06,5.73e-06,5.76e-06,349867.62822402,2.10141672,6e-06
5,5.91e-06,1534384800,6.2e-06,5.82e-06,5.82e-06,79898.76972923,0.4732269,5.92e-06
6,5.85e-06,1534392000,5.95e-06,5.75e-06,5.91e-06,59567.47771654,0.35007378,5.87e-06
7,5.72e-06,1534399200,5.84e-06,5.72e-06,5.84e-06,50913.31508307,0.2949815,5.79e-06
8,5.81e-06,1534406400,5.82e-06,5.71e-06,5.79e-06,11667.72922912,0.0675735,5.79e-06
9,5.71e-06,1534413600,5.81e-06,5.71e-06,5.81e-06,67012.57107617,0.38334035,5.72e-06
10,5.72e-06,1534420800,5.82e-06,5.64e-06,5.72e-06,1097273.8776312,6.35843051,5.79e-06
11,5.74e-06,1534428000,5.8e-06,5.66e-06,5.71e-06,74742.34564663,0.4281685,5.72e-06
12,5.69e-06,1534435200,5.76e-06,5.58e-06,5.72e-06,334623.76849451,1.88810383,5.64e-06
13,5.78e-06,1534442400,5.81e-06,5.68e-06,5.69e-06,87760.3387405,0.50162531,5.71e-06
14,5.83e-06,1534449600,5.85e-06,5.7e-06,5.7e-06,390330.00304432,2.26690097,5.8e-06
15,5.73e-06,1534456800,5.84e-06,5.73e-06,5.83e-06,130497.38448713,0.75000568,5.74e-06
16,5.97e-06,1534464000,5.97e-06,5.76e-06,5.76e-06,91177.02671439,0.53466953,5.86e-06
17,5.95e-06,1534471200,5.95e-06,5.93e-06,5.94e-06,105055.02812037,0.62299511,5.93e-06
18,5.98e-06,1534478400,5.98e-06,5.88e-06,5.95e-06,9720.06155868,0.05787918,5.95e-06
19,6.04e-06,1534485600,6.11e-06,5.92e-06,5.97e-06,35475.8902656,0.21504111,6.06e-06
20,6.02e-06,1534492800,6.05e-06,5.91e-06,6.05e-06,175541.15623873,1.04667391,5.96e-06
21,6.07e-06,1534500000,6.11e-06,5.92e-06,6e-06,49164.41880987,0.29342777,5.96e-06
22,6.1e-06,1534507200,6.1e-06,5.96e-06,5.98e-06,41253.21735293,0.24856503,6.02e-06
23,6.15e-06,1534514400,6.15e-06,6e-06,6e-06,30563.94589396,0.18611951,6.08e-06
24,6.32e-06,1534521600,6.32e-06,6.15e-06,6.15e-06,84323.74452118,0.52703161,6.25e-06
25,6.29e-06,1534528800,6.29e-06,6.11e-06,6.13e-06,50776.09677717,0.31719501,6.24e-06
26,6.31e-06,1534536000,6.31e-06,6.18e-06,6.26e-06,38519.27645195,0.24119933,6.26e-06
27,6.38e-06,1534543200,6.52e-06,6.27e-06,6.32e-06,86551.95251528,0.55122806,6.36e-06
28,6.45e-06,1534550400,6.85e-06,6.4e-06,6.4e-06,114759.02257303,0.75431503,6.57e-06
29,6.32e-06,1534557600,6.52e-06,6.26e-06,6.44e-06,56072.28561136,0.35815118,6.38e-06
30,6.38e-06,1534564800,6.4e-06,6.33e-06,6.36e-06,34847.52646458,0.22246321,6.38e-06
31,6.11e-06,1534572000,6.34e-06,6.03e-06,6.34e-06,43475.78622408,0.26671355,6.13e-06
32,6.4e-06,1534579200,6.42e-06,6.05e-06,6.06e-06,37858.33726412,0.23913121,6.31e-06
33,6.58e-06,1534586400,6.58e-06,6.24e-06,6.4e-06,29463.98954244,0.18831437,6.39e-06
34,6.34e-06,1534593600,6.74e-06,5.96e-06,6.57e-06,165302.75091113,1.05916567,6.4e-06
35,6.13e-06,1534600800,6.56e-06,6.13e-06,6.35e-06,317961.02327592,2.01913568,6.35e-06
36,5.99e-06,1534608000,6.18e-06,5.96e-06,6.17e-06,37370.24534983,0.22667916,6.06e-06
37,6.01e-06,1534615200,6.09e-06,5.94e-06,5.99e-06,43787.89064877,0.26291145,6e-06
38,6.11e-06,1534622400,6.11e-06,5.98e-06,6.01e-06,6585.58405419,0.0394958,5.99e-06
39,6.07e-06,1534629600,6.09e-06,5.99e-06,6.07e-06,62532.41924194,0.37739002,6.03e-06
40,6.04e-06,1534636800,6.24e-06,6.04e-06,6.12e-06,18081.79111165,0.1098612,6.07e-06
41,6.08e-06,1534644000,6.08e-06,6.03e-06,6.07e-06,5976.12280826,0.03625086,6.06e-06
42,6.17e-06,1534651200,6.17e-06,6.14e-06,6.15e-06,11171.64859643,0.06878044,6.15e-06
43,6.16e-06,1534658400,6.18e-06,6.14e-06,6.14e-06,3523.86554176,0.02170144,6.15e-06
44,6.13e-06,1534665600,6.21e-06,6.13e-06,6.21e-06,3772.33668118,0.02332791,6.18e-06
45,6.25e-06,1534672800,6.29e-06,6.21e-06,6.23e-06,9129.87842738,0.05711396,6.25e-06
46,6.41e-06,1534680000,6.56e-06,6.24e-06,6.32e-06,96758.90132718,0.62174496,6.42e-06
47,6.2e-06,1534687200,6.39e-06,6.13e-06,6.39e-06,16616.32372176,0.10575044,6.36e-06
48,6.23e-06,1534694400,6.23e-06,6.12e-06,6.2e-06,2161.60582504,0.01339121,6.19e-06
49,6.18e-06,1534701600,6.18e-06,6.18e-06,6.18e-06,12105.0,0.0748089,6.18e-06
50,6.19e-06,1534708800,6.19e-06,6.12e-06,6.12e-06,5358.34398821,0.03280384,6.12e-06
51,6.18e-06,1534716000,6.19e-06,6.16e-06,6.16e-06,3352.93384744,0.02066724,6.16e-06
52,6.23e-06,1534723200,6.28e-06,6.2e-06,6.2e-06,1101.97948539,0.00687223,6.23e-06
53,6.23e-06,1534730400,6.26e-06,6.23e-06,6.24e-06,2191.04131011,0.01370691,6.25e-06
54,6.1e-06,1534737600,6.17e-06,6.1e-06,6.17e-06,2791.927,0.01718382,6.15e-06
55,6.17e-06,1534744800,6.19e-06,6.1e-06,6.12e-06,7901.57485157,0.04860092,6.15e-06
56,5.99e-06,1534752000,6.13e-06,5.96e-06,6.11e-06,46594.46511485,0.27985832,6e-06
57,6.01e-06,1534759200,6.09e-06,5.99e-06,5.99e-06,47324.75429259,0.28453078,6.01e-06
58,6.08e-06,1534766400,6.15e-06,6.04e-06,6.09e-06,28757.85943707,0.17477926,6.07e-06
59,6.08e-06,1534773600,6.08e-06,6.08e-06,6.08e-06,0.0,0.0,6.08e-06
60,6.05e-06,1534780800,6.06e-06,5.97e-06,6.04e-06,33449.3806792,0.20243256,6.05e-06
61,6.02e-06,1534788000,6.04e-06,5.97e-06,6.04e-06,7276.03780647,0.04351462,5.98e-06
62,5.96e-06,1534795200,6.03e-06,5.96e-06,6.03e-06,2152.0,0.01287646,5.98e-06
63,5.99e-06,1534802400,6e-06,5.95e-06,6e-06,30162.02933448,0.17996249,5.96e-06
64,6e-06,1534809600,6e-06,5.92e-06,5.92e-06,224.0,0.00134208,5.99e-06
65,5.92e-06,1534816800,5.92e-06,5.92e-06,5.92e-06,891.43427674,0.00527729,5.92e-06
66,5.87e-06,1534824000,5.89e-06,5.84e-06,5.88e-06,4117.06802722,0.02421621,5.88e-06
67,5.97e-06,1534831200,5.99e-06,5.85e-06,5.86e-06,17623.72251984,0.1047091,5.94e-06
68,6e-06,1534838400,6.09e-06,5.98e-06,6.03e-06,16964.43474566,0.10223743,6.02e-06
69,6.09e-06,1534845600,6.09e-06,6.06e-06,6.06e-06,24685.0,0.1501687,6.08e-06
70,6.27e-06,1534852800,6.27e-06,6.11e-06,6.11e-06,21867.17684676,0.13498685,6.17e-06
71,6.1e-06,1534860000,6.14e-06,6.01e-06,6.14e-06,22181.11390138,0.13372727,6.02e-06
72,6.11e-06,1534867200,6.3e-06,6.1e-06,6.16e-06,29851.42254346,0.18447437,6.17e-06
73,5.97e-06,1534874400,6.12e-06,5.97e-06,6.12e-06,18759.86551823,0.11276476,6.01e-06
74,6e-06,1534881600,6.18e-06,6e-06,6.13e-06,111751.02321692,0.69008866,6.17e-06
75,6.15e-06,1534888800,6.15e-06,6.01e-06,6.11e-06,889.90135857,0.00543259,6.1e-06
76,6.08e-06,1534896000,6.16e-06,6.03e-06,6.07e-06,109203.94571886,0.66380038,6.07e-06
77,6.13e-06,1534903200,6.13e-06,6.13e-06,6.13e-06,31869.09135401,0.19535753,6.13e-06
78,6.15e-06,1534910400,6.18e-06,6.13e-06,6.13e-06,14234.11770292,0.08775225,6.16e-06
79,6.14e-06,1534917600,6.19e-06,6.01e-06,6.12e-06,92963.07866148,0.56690494,6.09e-06
80,6.22e-06,1534924800,6.24e-06,6.16e-06,6.18e-06,42033.35020147,0.26135443,6.21e-06
81,6.06e-06,1534932000,6.17e-06,6.06e-06,6.16e-06,22771.89510353,0.14005379,6.15e-06
82,6.13e-06,1534939200,6.14e-06,6.04e-06,6.07e-06,2474.86493471,0.01512779,6.11e-06
83,6.16e-06,1534946400,6.18e-06,6.09e-06,6.15e-06,171496.49888399,1.04955143,6.11e-06
84,6.03e-06,1534953600,6.18e-06,6.02e-06,6.17e-06,74969.57965017,0.45876857,6.11e-06
85,5.97e-06,1534960800,6.07e-06,5.97e-06,6.03e-06,4548.45134917,0.02738921,6.02e-06
86,6.04e-06,1534968000,6.07e-06,5.97e-06,6.04e-06,120918.1885485,0.72503311,5.99e-06
87,5.96e-06,1534975200,5.96e-06,5.94e-06,5.95e-06,6212.6955573,0.03694746,5.94e-06
88,6.02e-06,1534982400,6.02e-06,5.96e-06,5.96e-06,10370.03328166,0.06219776,5.99e-06
89,6e-06,1534989600,6e-06,6e-06,6e-06,2000.0,0.012,6e-06
90,6e-06,1534996800,6e-06,6e-06,6e-06,0.0,0.0,6e-06
91,5.93e-06,1535004000,5.95e-06,5.93e-06,5.95e-06,2169.04818386,0.01288199,5.93e-06
92,5.95e-06,1535011200,5.95e-06,5.93e-06,5.95e-06,3134.83892617,0.01861911,5.93e-06
93,5.94e-06,1535018400,5.96e-06,5.89e-06,5.96e-06,722.69872537,0.00429976,5.94e-06
94,5.87e-06,1535025600,5.93e-06,5.87e-06,5.87e-06,6770.31200384,0.03980763,5.87e-06
95,5.87e-06,1535032800,5.94e-06,5.87e-06,5.94e-06,5537.94472763,0.03256263,5.87e-06
96,5.95e-06,1535040000,5.95e-06,5.93e-06,5.93e-06,331.46643585,0.00196818,5.93e-06
97,5.98e-06,1535047200,5.99e-06,5.92e-06,5.95e-06,6619.5043113,0.03957679,5.97e-06
98,5.9e-06,1535054400,6e-06,5.9e-06,5.97e-06,1127.00088995,0.0066587,5.9e-06
99,5.99e-06,1535061600,6e-06,5.9e-06,6e-06,10178.4156382,0.0609111,5.98e-06
100,6e-06,1535068800,6.05e-06,6e-06,6.03e-06,5298.42805513,0.0319487,6.02e-06
101,5.97e-06,1535076000,5.97e-06,5.97e-06,5.97e-06,67.19112757,0.00040113,5.97e-06
102,5.98e-06,1535083200,6.01e-06,5.94e-06,6.01e-06,2316.46936578,0.01377007,5.94e-06
103,6.02e-06,1535090400,6.03e-06,6.01e-06,6.01e-06,13007.87393169,0.07820974,6.01e-06
104,6.02e-06,1535097600,6.05e-06,5.95e-06,6.04e-06,36006.26640209,0.21755484,6.04e-06
105,5.93e-06,1535104800,6.03e-06,5.93e-06,6.02e-06,77102.37843122,0.46219237,5.99e-06
106,5.9e-06,1535112000,5.92e-06,5.9e-06,5.92e-06,20211.50958742,0.1193536,5.9e-06
107,6.07e-06,1535119200,6.07e-06,5.99e-06,6.02e-06,2262.57658781,0.01364153,6.02e-06
108,6e-06,1535126400,6.05e-06,6e-06,6.05e-06,6323.29675874,0.03816738,6.03e-06
109,6.05e-06,1535133600,6.07e-06,5.99e-06,6.05e-06,9335.05194438,0.05629344,6.03e-06
110,6.09e-06,1535140800,6.09e-06,6.08e-06,6.08e-06,403.95394736,0.00245879,6.08e-06
111,6.04e-06,1535148000,6.1e-06,6.04e-06,6.1e-06,9909.89566912,0.05986407,6.04e-06
112,6.04e-06,1535155200,6.04e-06,6.04e-06,6.04e-06,0.0,0.0,6.04e-06
113,6.03e-06,1535162400,6.03e-06,5.97e-06,6.01e-06,2963.48845011,0.01785821,6.02e-06
114,5.98e-06,1535169600,6.04e-06,5.97e-06,6.04e-06,3101.10113077,0.0185665,5.98e-06
115,5.96e-06,1535176800,5.98e-06,5.94e-06,5.98e-06,18524.43968349,0.11023098,5.95e-06
116,5.92e-06,1535184000,5.93e-06,5.87e-06,5.9e-06,12293.80447939,0.072175,5.87e-06
117,6.1e-06,1535191200,6.1e-06,5.93e-06,5.93e-06,43659.93964696,0.26482721,6.06e-06
118,6.06e-06,1535198400,6.1e-06,6.06e-06,6.09e-06,10034.43929886,0.06119995,6.09e-06
119,6e-06,1535205600,6.05e-06,5.95e-06,6.05e-06,2209.32036334,0.01319059,5.97e-06
