,close,date,high,low,open,quoteVolume,volume,weightedAverage
0,1.319e-05,1534953600,1.6e-05,1.285e-05,1.6e-05,499276.17604831,6.67623969,1.337e-05
1,1.293e-05,1534960800,1.316e-05,1.264e-05,1.316e-05,59362.56218364,0.77070787,1.298e-05
2,1.258e-05,1534968000,1.31e-05,1.253e-05,1.293e-05,72181.13017939,0.91887911,1.273e-05
3,1.278e-05,1534975200,1.286e-05,1.235e-05,1.254e-05,68846.75469398,0.86221381,1.252e-05
4,1.297e-05,1534982400,1.309e-05,1.264e-05,1.288e-05,71279.03034597,0.91615924,1.285e-05
5,1.26e-05,1534989600,1.291e-05,1.253e-05,1.291e-05,22361.31021562,0.28326177,1.266e-05
6,1.28e-05,1534996800,1.287e-05,1.252e-05,1.252e-05,17339.86098309,0.22137891,1.276e-05
7,1.282e-05,1535004000,1.282e-05,1.26e-05,1.26e-05,5531.17218496,0.07060973,1.276e-05
8,1.273e-05,1535011200,1.284e-05,1.268e-05,1.283e-05,2283.4532921,0.02913634,1.275e-05
9,1.269e-05,1535018400,1.287e-05,1.26e-05,1.27e-05,5757.80181608,0.07321646,1.271e-05
10,1.261e-05,1535025600,1.317e-05,1.261e-05,1.27e-05,107603.09413566,1.38495915,1.287e-05
11,1.288e-05,1535032800,1.295e-05,1.28e-05,1.28e-05,37281.59903229,0.48040888,1.288e-05
12,1.316e-05,1535040000,1.316e-05,1.278e-05,1.291e-05,56762.84907934,0.72760939,1.281e-05
13,1.345e-05,1535047200,1.347e-05,1.3e-05,1.321e-05,54227.75050974,0.72370163,1.334e-05
14,1.311e-05,1535054400,1.327e-05,1.308e-05,1.31e-05,29398.56678536,0.38780553,1.319e-05
15,1.329e-05,1535061600,1.329e-05,1.307e-05,1.307e-05,20370.94862651,0.2672259,1.311e-05
16,1.309e-05,1535068800,1.329e-05,1.255e-05,1.315e-05,39215.17772678,0.50763234,1.294e-05
17,1.336e-05,1535076000,1.348e-05,1.316e-05,1.318e-05,31939.24754646,0.42657784,1.335e-05
18,1.404e-05,1535083200,1.419e-05,1.348e-05,1.348e-05,101350.35513442,1.40897,1.39e-05
19,1.387e-05,1535090400,1.412e-05,1.363e-05,1.39e-05,25753.5720191,0.35516049,1.379e-05
20,1.422e-05,1535097600,1.422e-05,1.378e-05,1.387e-05,98618.17800012,1.38514196,1.404e-05
21,1.52e-05,1535104800,1.52e-05,1.414e-05,1.422e-05,201503.41162831,2.95934531,1.468e-05
22,1.43e-05,1535112000,1.52e-05,1.43e-05,1.52e-05,263715.69982615,3.86749474,1.466e-05
23,1.421e-05,1535119200,1.473e-05,1.398e-05,1.443e-05,96289.31776556,1.37640429,1.429e-05
24,1.435e-05,1535126400,1.452e-05,1.405e-05,1.421e-05,32308.66270906,0.45956759,1.422e-05
25,1.386e-05,1535133600,1.436e-05,1.364e-05,1.436e-05,113512.22825904,1.57926985,1.391e-05
26,1.377e-05,1535140800,1.392e-05,1.362e-05,1.381e-05,82911.40124895,1.13795567,1.372e-05
27,1.365e-05,1535148000,1.373e-05,1.354e-05,1.363e-05,10368.37781645,0.14127671,1.362e-05
28,1.392e-05,1535155200,1.402e-05,1.356e-05,1.373e-05,27762.62086147,0.37990006,1.368e-05
29,1.391e-05,1535162400,1.394e-05,1.365e-05,1.381e-05,14799.2515059,0.20534783,1.387e-05
30,1.344e-05,1535169600,1.385e-05,1.344e-05,1.373e-05,92126.9999288,1.25907881,1.366e-05
31,1.327e-05,1535176800,1.359e-05,1.32e-05,1.355e-05,20890.44406254,0.2790786,1.335e-05
32,1.384e-05,1535184000,1.407e-05,1.326e-05,1.344e-05,32600.4184222,0.44043716,1.351e-05
33,1.354e-05,1535191200,1.401e-05,1.342e-05,1.391e-05,29299.95280625,0.400656,1.367e-05
34,1.387e-05,1535198400,1.402e-05,1.339e-05,1.354e-05,91642.73060762,1.26683682,1.382e-05
35,1.439e-05,1535205600,1.458e-05,1.392e-05,1.392e-05,126855.66129633,1.81515071,1.43e-05
36,1.417e-05,1535212800,1.431e-05,1.41e-05,1.431e-05,14102.87255433,0.19959887,1.415e-05
37,1.412e-05,1535220000,1.413e-05,1.396e-05,1.413e-05,4775.03311776,0.06688453,1.4e-05
38,1.397e-05,1535227200,1.456e-05,1.397e-05,1.412e-05,74130.15992899,1.05695578,1.425e-05
39,1.391e-05,1535234400,1.414e-05,1.391e-05,1.405e-05,2603.29102551,0.03646598,1.4e-05
40,1.459e-05,1535241600,1.46e-05,1.385e-05,1.39e-05,200648.000533,2.87583413,1.433e-05
41,1.355e-05,1535248800,1.566e-05,1.35e-05,1.436e-05,373544.09866732,5.36881613,1.437e-05
42,1.38e-05,1535256000,1.438e-05,1.357e-05,1.36e-05,57321.26158841,0.7902956,1.378e-05
43,1.369e-05,1535263200,1.369e-05,1.35e-05,1.366e-05,22806.39171949,0.31024682,1.36e-05
44,1.353e-05,1535270400,1.381e-05,1.353e-05,1.381e-05,7563.73556522,0.10379379,1.372e-05
45,1.42e-05,1535277600,1.51e-05,1.366e-05,1.379e-05,362081.45709202,5.3241752,1.47e-05
46,1.588e-05,1535284800,1.599e-05,1.411e-05,1.415e-05,257290.75412229,3.97795563,1.546e-05
47,1.515e-05,1535292000,1.639e-05,1.51e-05,1.587e-05,196180.46470659,3.12262845,1.591e-05
48,1.495e-05,1535299200,1.568e-05,1.49e-05,1.51e-05,53627.95459411,0.81762354,1.524e-05
49,1.517e-05,1535306400,1.528e-05,1.5e-05,1.5e-05,10087.57219322,0.1529793,1.516e-05
50,1.521e-05,1535313600,1.526e-05,1.501e-05,1.517e-05,73045.41048942,1.10715958,1.515e-05
51,1.543e-05,1535320800,1.6e-05,1.52e-05,1.527e-05,46320.35084564,0.724841,1.564e-05
52,1.573e-05,1535328000,1.8e-05,1.573e-05,1.581e-05,190575.66400882,3.03255078,1.591e-05
53,1.799e-05,1535335200,1.805e-05,1.571e-05,1.571e-05,342395.01852145,6.00774148,1.754e-05
54,1.63e-05,1535342400,1.78e-05,1.618e-05,1.779e-05,406973.07731693,6.82315308,1.676e-05
55,1.628e-05,1535349600,1.688e-05,1.622e-05,1.633e-05,54714.1225149,0.90086002,1.646e-05
56,1.644e-05,1535356800,1.65e-05,1.622e-05,1.628e-05,30282.22691415,0.49729994,1.642e-05
57,1.623e-05,1535364000,1.63e-05,1.591e-05,1.63e-05,73969.78413653,1.19571865,1.616e-05
58,1.585e-05,1535371200,1.686e-05,1.585e-05,1.628e-05,88463.12092324,1.44782036,1.636e-05
59,1.608e-05,1535378400,1.644e-05,1.6e-05,1.614e-05,49849.08943458,0.8041508,1.613e-05
60,1.648e-05,1535385600,1.659e-05,1.6e-05,1.612e-05,63691.03842631,1.04324944,1.637e-05
61,1.647e-05,1535392800,1.671e-05,1.634e-05,1.647e-05,74897.10240573,1.24436019,1.661e-05
62,1.615e-05,1535400000,1.662e-05,1.611e-05,1.647e-05,47374.99560493,0.77687664,1.639e-05
63,1.6e-05,1535407200,1.638e-05,1.6e-05,1.612e-05,64330.48492823,1.04211068,1.619e-05
64,1.595e-05,1535414400,1.614e-05,1.581e-05,1.6e-05,281830.40956616,4.49162996,1.593e-05
65,1.579e-05,1535421600,1.599e-05,1.549e-05,1.593e-05,738891.84194654,11.62020882,1.572e-05
66,1.597e-05,1535428800,1.6e-05,1.567e-05,1.58e-05,20706.24881216,0.32699757,1.579e-05
67,1.556e-05,1535436000,1.6e-05,1.556e-05,1.6e-05,65575.89098327,1.03130067,1.572e-05
68,1.558e-05,1535443200,1.573e-05,1.556e-05,1.557e-05,34384.11063814,0.53824088,1.565e-05
69,1.572e-05,1535450400,1.572e-05,1.554e-05,1.569e-05,18782.92593806,0.29473108,1.569e-05
70,1.56e-05,1535457600,1.581e-05,1.554e-05,1.576e-05,32586.31746197,0.51275937,1.573e-05
71,1.588e-05,1535464800,1.596e-05,1.574e-05,1.574e-05,43280.98668366,0.68879431,1.591e-05
72,1.593e-05,1535472000,1.594e-05,1.575e-05,1.589e-05,42175.82512498,0.66799944,1.583e-05
73,1.607e-05,1535479200,1.626e-05,1.567e-05,1.578e-05,54836.61270387,0.87471788,1.595e-05
74,1.628e-05,1535486400,1.646e-05,1.61e-05,1.615e-05,18378.40767226,0.2991468,1.627e-05
75,1.61e-05,1535493600,1.648e-05,1.609e-05,1.619e-05,146238.126677,2.40002084,1.641e-05
76,1.69e-05,1535500800,1.69e-05,1.609e-05,1.609e-05,190878.42083931,3.16908725,1.66e-05
77,1.622e-05,1535508000,1.727e-05,1.615e-05,1.697e-05,241705.57673804,4.06726132,1.682e-05
78,1.667e-05,1535515200,1.691e-05,1.648e-05,1.648e-05,32681.14873893,0.54316572,1.662e-05
79,1.652e-05,1535522400,1.682e-05,1.63e-05,1.661e-05,6808.52165067,0.11230261,1.649e-05
80,1.61e-05,1535529600,1.649e-05,1.61e-05,1.643e-05,25468.81463622,0.41364155,1.624e-05
81,1.646e-05,1535536800,1.65e-05,1.63e-05,1.637e-05,8167.9888393,0.13409511,1.641e-05
82,1.663e-05,1535544000,1.663e-05,1.637e-05,1.649e-05,3472.73232343,0.05727355,1.649e-05
83,1.547e-05,1535551200,1.697e-05,1.546e-05,1.664e-05,243407.36660928,3.87169645,1.59e-05
84,1.591e-05,1535558400,1.591e-05,1.54e-05,1.557e-05,131650.26123073,2.07413768,1.575e-05
85,1.535e-05,1535565600,1.577e-05,1.535e-05,1.575e-05,59882.47775248,0.93403119,1.559e-05
86,1.525e-05,1535572800,1.543e-05,1.521e-05,1.535e-05,17138.39245298,0.26192689,1.528e-05
87,1.564e-05,1535580000,1.564e-05,1.545e-05,1.555e-05,2684.85438253,0.04154836,1.547e-05
88,1.674e-05,1535587200,1.674e-05,1.559e-05,1.563e-05,102690.21258798,1.66175443,1.618e-05
89,1.76e-05,1535594400,1.78e-05,1.657e-05,1.674e-05,206090.17267268,3.52028356,1.708e-05
90,1.748e-05,1535601600,1.793e-05,1.707e-05,1.761e-05,144006.15483164,2.52384848,1.752e-05
91,1.706e-05,1535608800,1.738e-05,1.672e-05,1.73e-05,39097.17356742,0.66593485,1.703e-05
92,1.631e-05,1535616000,1.7e-05,1.615e-05,1.693e-05,42298.37557557,0.69948894,1.653e-05
93,1.656e-05,1535623200,1.668e-05,1.64e-05,1.645e-05,25314.4270582,0.41861586,1.653e-05
94,1.766e-05,1535630400,1.767e-05,1.651e-05,1.651e-05,80867.16756619,1.37714288,1.702e-05
95,1.744e-05,1535637600,1.766e-05,1.712e-05,1.766e-05,17179.45288163,0.29825622,1.736e-05
96,1.713e-05,1535644800,1.744e-05,1.678e-05,1.744e-05,81826.65386847,1.39285199,1.702e-05
97,1.753e-05,1535652000,1.757e-05,1.684e-05,1.71e-05,49466.54559849,0.85568508,1.729e-05
98,1.837e-05,1535659200,1.891e-05,1.733e-05,1.733e-05,183750.06489434,3.36264999,1.83e-05
99,1.9e-05,1535666400,1.9e-05,1.818e-05,1.842e-05,129665.0753263,2.40161079,1.852e-05
100,1.747e-05,1535673600,1.979e-05,1.724e-05,1.9e-05,249531.1441436,4.56866227,1.83e-05
101,1.665e-05,1535680800,1.75e-05,1.637e-05,1.75e-05,67869.61192278,1.13753968,1.676e-05
102,1.694e-05,1535688000,1.735e-05,1.666e-05,1.674e-05,24325.83592431,0.41386021,1.701e-05
103,1.709e-05,1535695200,1.72e-05,1.682e-05,1.697e-05,19217.7989525,0.32701233,1.701e-05
104,1.694e-05,1535702400,1.709e-05,1.664e-05,1.708e-05,27302.27953468,0.46276692,1.694e-05
105,1.717e-05,1535709600,1.734e-05,1.705e-05,1.705e-05,2286.24118055,0.03936695,1.721e-05
106,1.714e-05,1535716800,1.748e-05,1.708e-05,1.736e-05,11685.95966301,0.20207286,1.729e-05
107,1.738e-05,1535724000,1.739e-05,1.712e-05,1.717e-05,67344.8248457,1.16811026,1.734e-05
108,1.777e-05,1535731200,1.777e-05,1.717e-05,1.739e-05,93219.41316676,1.627315,1.745e-05
109,1.784e-05,1535738400,1.885e-05,1.759e-05,1.777e-05,91390.41312307,1.65472787,1.81e-05
110,1.751e-05,1535745600,1.79e-05,1.734e-05,1.783e-05,81067.57465747,1.42461349,1.757e-05
111,1.786e-05,1535752800,1.786e-05,1.727e-05,1.751e-05,46901.40609544,0.81745742,1.742e-05
112,1.747e-05,1535760000,1.799e-05,1.746e-05,1.785e-05,37198.75639686,0.66110428,1.777e-05
113,1.753e-05,1535767200,1.772e-05,1.746e-05,1.772e-05,24456.05192296,0.4298499,1.757e-05
114,1.738e-05,1535774400,1.767e-05,1.738e-05,1.747e-05,10961.61587355,0.19146378,1.746e-05
115,1.723e-05,1535781600,1.752e-05,1.723e-05,1.748e-05,215889.94050912,3.77202632,1.747e-05
116,1.72e-05,1535788800,1.739e-05,1.712e-05,1.734e-05,14743.02246618,0.25381947,1.721e-05
117,1.737e-05,1535796000,1.761e-05,1.72e-05,1.741e-05,10992.46362215,0.19182062,1.745e-05
118,1.756e-05,1535803200,1.77e-05,1.752e-05,1.754e-05,234708.36845104,4.12118359,1.755e-05
119,1.733e-05,1535810400,1.769e-05,1.733e-05,1.756e-05,97442.63437424,1.70988131,1.754e-05
120,1.763e-05,1535817600,1.8e-05,1.737e-05,1.743e-05,337371.42622557,6.05327369,1.794e-05
121,1.758e-05,1535824800,1.779e-05,1.756e-05,1.768e-05,4214.84681328,0.07454975,1.768e-05
122,1.774e-05,1535832000,1.778e-05,1.752e-05,1.752e-05,1725.33358258,0.03060769,1.774e-05
123,1.755e-05,1535839200,1.77e-05,1.751e-05,1.769e-05,22662.54329637,0.39827846,1.757e-05
124,1.702e-05,1535846400,1.778e-05,1.702e-05,1.75e-05,85627.40045421,1.49024252,1.74e-05
125,1.713e-05,1535853600,1.713e-05,1.699e-05,1.713e-05,141146.12920545,2.4026505,1.702e-05
126,1.726e-05,1535860800,1.734e-05,1.718e-05,1.721e-05,10547.4855412,0.18271727,1.732e-05
127,1.705e-05,1535868000,1.74e-05,1.699e-05,1.718e-05,71209.06389035,1.2182225,1.71e-05
128,1.69e-05,1535875200,1.705e-05,1.676e-05,1.698e-05,69056.77329393,1.16829744,1.691e-05
129,1.622e-05,1535882400,1.679e-05,1.606e-05,1.678e-05,84828.39554125,1.38420866,1.631e-05
130,1.645e-05,1535889600,1.653e-05,1.627e-05,1.627e-05,75338.29194778,1.23399062,1.637e-05
131,1.66e-05,1535896800,1.66e-05,1.643e-05,1.656e-05,15014.94381736,0.2476185,1.649e-05
132,1.648e-05,1535904000,1.66e-05,1.646e-05,1.66e-05,2825.69472035,0.0465388,1.646e-05
133,1.659e-05,1535911200,1.66e-05,1.644e-05,1.644e-05,2309.85789335,0.03808023,1.648e-05
134,1.655e-05,1535918400,1.656e-05,1.655e-05,1.656e-05,6635.57099697,0.10985423,1.655e-05
135,1.643e-05,1535925600,1.66e-05,1.643e-05,1.659e-05,1498.59170874,0.02480253,1.655e-05
136,1.658e-05,1535932800,1.658e-05,1.656e-05,1.657e-05,37256.0,0.61727277,1.656e-05
137,1.647e-05,1535940000,1.656e-05,1.63e-05,1.656e-05,30519.8239461,0.50041736,1.639e-05
138,1.623e-05,1535947200,1.638e-05,1.598e-05,1.638e-05,13938.80014779,0.22441383,1.609e-05
139,1.606e-05,1535954400,1.625e-05,1.605e-05,1.622e-05,22174.08654179,0.35910671,1.619e-05
140,1.604e-05,1535961600,1.621e-05,1.596e-05,1.62e-05,3676.15102064,0.0595183,1.619e-05
141,1.587e-05,1535968800,1.597e-05,1.566e-05,1.597e-05,8017.41373795,0.12649637,1.577e-05
142,1.617e-05,1535976000,1.619e-05,1.576e-05,1.582e-05,25843.36223788,0.40985662,1.585e-05
143,1.601e-05,1535983200,1.63e-05,1.601e-05,1.616e-05,60040.32654112,0.9726033,1.619e-05
144,1.615e-05,1535990400,1.615e-05,1.615e-05,1.615e-05,205.95488126,0.00332617,1.615e-05
145,1.614e-05,1535997600,1.619e-05,1.597e-05,1.615e-05,20610.45792161,0.33315825,1.616e-05
146,1.6e-05,1536004800,1.629e-05,1.6e-05,1.617e-05,9546.19174401,0.15317672,1.604e-05
147,1.602e-05,1536012000,1.617e-05,1.593e-05,1.6e-05,9957.29413321,0.15930813,1.599e-05
148,1.632e-05,1536019200,1.632e-05,1.594e-05,1.602e-05,32854.89131384,0.52805933,1.607e-05
149,1.603e-05,1536026400,1.631e-05,1.599e-05,1.631e-05,9534.9068978,0.15292584,1.603e-05
150,1.583e-05,1536033600,1.604e-05,1.581e-05,1.604e-05,16315.34447097,0.25948683,1.59e-05
151,1.578e-05,1536040800,1.597e-05,1.57e-05,1.591e-05,3565.46976525,0.05634225,1.58e-05
152,1.588e-05,1536048000,1.619e-05,1.559e-05,1.6e-05,544039.28097792,8.55963643,1.573e-05
153,1.605e-05,1536055200,1.605e-05,1.579e-05,1.588e-05,30934.5363563,0.49398757,1.596e-05
154,1.611e-05,1536062400,1.621e-05,1.604e-05,1.605e-05,4713.87999383,0.07597732,1.611e-05
155,1.588e-05,1536069600,1.611e-05,1.58e-05,1.611e-05,6850.58822817,0.1094976,1.598e-05
156,1.599e-05,1536076800,1.599e-05,1.584e-05,1.584e-05,35147.80703527,0.55739913,1.585e-05
157,1.549e-05,1536084000,1.596e-05,1.549e-05,1.592e-05,283596.69136342,4.41315024,1.556e-05
158,1.567e-05,1536091200,1.576e-05,1.549e-05,1.576e-05,169657.36029381,2.64663637,1.559e-05
159,1.577e-05,1536098400,1.577e-05,1.55e-05,1.56e-05,61087.50355845,0.95500826,1.563e-05
160,1.581e-05,1536105600,1.582e-05,1.558e-05,1.573e-05,7242.65470515,0.11427695,1.577e-05
161,1.568e-05,1536112800,1.583e-05,1.551e-05,1.579e-05,10376.64587038,0.16343786,1.575e-05
162,1.551e-05,1536120000,1.564e-05,1.548e-05,1.549e-05,32227.8385918,0.49991337,1.551e-05
163,1.558e-05,1536127200,1.568e-05,1.547e-05,1.558e-05,3260.08757418,0.05059026,1.551e-05
164,1.511e-05,1536134400,1.552e-05,1.495e-05,1.552e-05,90187.02276858,1.36356526,1.511e-05
165,1.433e-05,1536141600,1.505e-05,1.412e-05,1.505e-05,125179.19416488,1.82049206,1.454e-05
166,1.43e-05,1536148800,1.449e-05,1.375e-05,1.435e-05,216634.24901592,3.05902526,1.412e-05
167,1.432e-05,1536156000,1.446e-05,1.415e-05,1.435e-05,60833.95196469,0.86689939,1.425e-05
168,1.369e-05,1536163200,1.434e-05,1.335e-05,1.431e-05,849984.90267303,11.54760366,1.358e-05
169,1.373e-05,1536170400,1.388e-05,1.361e-05,1.364e-05,46216.06804387,0.6366507,1.377e-05
170,1.381e-05,1536177600,1.383e-05,1.361e-05,1.372e-05,13620.91924527,0.18567426,1.363e-05
171,1.299e-05,1536184800,1.358e-05,1.295e-05,1.358e-05,40147.99242701,0.53193029,1.324e-05
172,1.313e-05,1536192000,1.314e-05,1.167e-05,1.299e-05,432126.5707225,5.41484607,1.253e-05
173,1.333e-05,1536199200,1.394e-05,1.309e-05,1.314e-05,61638.16385873,0.81338477,1.319e-05
174,1.304e-05,1536206400,1.313e-05,1.286e-05,1.313e-05,15157.27514185,0.19631511,1.295e-05
175,1.315e-05,1536213600,1.34e-05,1.267e-05,1.284e-05,106662.44618631,1.39761584,1.31e-05
176,1.323e-05,1536220800,1.324e-05,1.31e-05,1.315e-05,22461.55310415,0.29616133,1.318e-05
177,1.314e-05,1536228000,1.324e-05,1.297e-05,1.323e-05,29199.34835445,0.37961212,1.3e-05
178,1.316e-05,1536235200,1.316e-05,1.297e-05,1.314e-05,22596.73353925,0.29468391,1.304e-05
179,1.349e-05,1536242400,1.35e-05,1.322e-05,1.327e-05,65991.43520057,0.88375707,1.339e-05
180,1.319e-05,1536249600,1.346e-05,1.308e-05,1.323e-05,30430.15619326,0.40418828,1.328e-05
181,1.309e-05,1536256800,1.323e-05,1.303e-05,1.319e-05,48445.58902934,0.63259609,1.305e-05
182,1.317e-05,1536264000,1.322e-05,1.317e-05,1.322e-05,731.39998211,0.00966233,1.321e-05
183,1.351e-05,1536271200,1.357e-05,1.327e-05,1.33e-05,20113.64831697,0.26900172,1.337e-05
184,1.4e-05,1536278400,1.4e-05,1.342e-05,1.351e-05,47811.04145402,0.65601787,1.372e-05
185,1.392e-05,1536285600,1.406e-05,1.392e-05,1.403e-05,10748.19037146,0.1497861,1.393e-05
186,1.38e-05,1536292800,1.394e-05,1.373e-05,1.394e-05,6627.82076121,0.09203164,1.388e-05
187,1.373e-05,1536300000,1.375e-05,1.364e-05,1.368e-05,5136.8606694,0.07052908,1.372e-05
188,1.34e-05,1536307200,1.372e-05,1.336e-05,1.368e-05,22794.90996936,0.30951448,1.357e-05
189,1.32e-05,1536314400,1.348e-05,1.32e-05,1.342e-05,3220.41496589,0.04293328,1.333e-05
190,1.387e-05,1536321600,1.412e-05,1.334e-05,1.334e-05,59073.38724037,0.81538612,1.38e-05
191,1.37e-05,1536328800,1.405e-05,1.369e-05,1.383e-05,28155.92202497,0.39209675,1.392e-05
192,1.328e-05,1536336000,1.382e-05,1.325e-05,1.37e-05,44003.48285296,0.58943185,1.339e-05
193,1.328e-05,1536343200,1.328e-05,1.319e-05,1.321e-05,3223.97053964,0.0425893,1.321e-05
194,1.335e-05,1536350400,1.347e-05,1.315e-05,1.316e-05,30487.32681709,0.40895684,1.341e-05
195,1.333e-05,1536357600,1.347e-05,1.333e-05,1.347e-05,2417.12404207,0.03222433,1.333e-05
196,1.333e-05,1536364800,1.333e-05,1.333e-05,1.333e-05,0.0,0.0,1.333e-05
197,1.332e-05,1536372000,1.337e-05,1.332e-05,1.337e-05,3736.77147098,0.04982832,1.333e-05
198,1.34e-05,1536379200,1.349e-05,1.329e-05,1.342e-05,42540.56533553,0.57070478,1.341e-05
199,1.33e-05,1536386400,1.33e-05,1.318e-05,1.325e-05,3449.86859011,0.04558813,1.321e-05
200,1.328e-05,1536393600,1.349e-05,1.328e-05,1.346e-05,8996.00244794,0.1197258,1.33e-05
201,1.337e-05,1536400800,1.337e-05,1.327e-05,1.327e-05,105.6269742,0.00140431,1.329e-05
202,1.339e-05,1536408000,1.34e-05,1.338e-05,1.338e-05,5669.53863418,0.07586133,1.338e-05
203,1.337e-05,1536415200,1.337e-05,1.327e-05,1.327e-05,9216.8759413,0.12230981,1.327e-05
204,1.275e-05,1536422400,1.337e-05,1.275e-05,1.327e-05,241488.17878004,3.18225932,1.317e-05
205,1.257e-05,1536429600,1.279e-05,1.244e-05,1.274e-05,12685.71938398,0.15965888,1.258e-05
206,1.212e-05,1536436800,1.257e-05,1.2e-05,1.257e-05,54187.70664697,0.66399347,1.225e-05
207,1.232e-05,1536444000,1.235e-05,1.206e-05,1.212e-05,54159.63402815,0.65987392,1.218e-05
208,1.226e-05,1536451200,1.23e-05,1.216e-05,1.225e-05,6988.6974443,0.0853751,1.221e-05
209,1.205e-05,1536458400,1.227e-05,1.188e-05,1.226e-05,39509.34909401,0.47519274,1.202e-05
210,1.225e-05,1536465600,1.236e-05,1.203e-05,1.206e-05,87635.10661442,1.06936292,1.22e-05
211,1.221e-05,1536472800,1.226e-05,1.209e-05,1.226e-05,12366.4496897,0.15112337,1.222e-05
212,1.228e-05,1536480000,1.229e-05,1.208e-05,1.209e-05,19489.50015931,0.23812589,1.221e-05
213,1.237e-05,1536487200,1.239e-05,1.224e-05,1.224e-05,23753.83760298,0.29321516,1.234e-05
214,1.241e-05,1536494400,1.259e-05,1.23e-05,1.23e-05,14142.64709367,0.17558638,1.241e-05
215,1.213e-05,1536501600,1.244e-05,1.213e-05,1.244e-05,1710.17490765,0.02088443,1.221e-05
216,1.204e-05,1536508800,1.23e-05,1.204e-05,1.23e-05,2381.40431461,0.0291368,1.223e-05
217,1.228e-05,1536516000,1.228e-05,1.214e-05,1.219e-05,1472.6140218,0.01795756,1.219e-05
218,1.231e-05,1536523200,1.231e-05,1.221e-05,1.228e-05,4449.15178707,0.05450354,1.225e-05
219,1.217e-05,1536530400,1.22e-05,1.209e-05,1.211e-05,13952.50959982,0.16880839,1.209e-05
220,1.223e-05,1536537600,1.223e-05,1.206e-05,1.206e-05,22578.25614985,0.27449821,1.215e-05
221,1.217e-05,1536544800,1.226e-05,1.202e-05,1.225e-05,21542.61426822,0.26206521,1.216e-05
222,1.182e-05,1536552000,1.217e-05,1.182e-05,1.217e-05,10719.25260153,0.12798394,1.193e-05
223,1.19e-05,1536559200,1.204e-05,1.189e-05,1.196e-05,21128.8461345,0.25366414,1.2e-05
224,1.189e-05,1536566400,1.192e-05,1.182e-05,1.19e-05,689.55614309,0.0081632,1.183e-05
225,1.195e-05,1536573600,1.196e-05,1.188e-05,1.192e-05,14370.43741534,0.17161547,1.194e-05
226,1.186e-05,1536580800,1.206e-05,1.184e-05,1.206e-05,4045.44062714,0.04807807,1.188e-05
227,1.177e-05,1536588000,1.191e-05,1.177e-05,1.186e-05,14583.39467515,0.17186024,1.178e-05
228,1.163e-05,1536595200,1.18e-05,1.15e-05,1.18e-05,52485.41410459,0.61256222,1.167e-05
229,1.169e-05,1536602400,1.175e-05,1.16e-05,1.163e-05,31206.54570023,0.36473695,1.168e-05
230,1.188e-05,1536609600,1.189e-05,1.169e-05,1.17e-05,8684.41389956,0.10171306,1.171e-05
231,1.178e-05,1536616800,1.182e-05,1.167e-05,1.182e-05,13286.40113432,0.15515684,1.167e-05
232,1.183e-05,1536624000,1.189e-05,1.176e-05,1.189e-05,3968.20464572,0.04687166,1.181e-05
233,1.183e-05,1536631200,1.186e-05,1.182e-05,1.185e-05,3537.02422082,0.04188918,1.184e-05
234,1.167e-05,1536638400,1.172e-05,1.167e-05,1.172e-05,2484.44326133,0.02904391,1.169e-05
235,1.183e-05,1536645600,1.183e-05,1.169e-05,1.169e-05,3372.36269778,0.03987372,1.182e-05
236,1.187e-05,1536652800,1.187e-05,1.183e-05,1.183e-05,250.0,0.00296747,1.186e-05
237,1.162e-05,1536660000,1.172e-05,1.162e-05,1.172e-05,334.04016523,0.00391177,1.171e-05
238,1.142e-05,1536667200,1.158e-05,1.142e-05,1.15e-05,24139.73719202,0.27767153,1.15e-05
239,1.1e-05,1536674400,1.15e-05,1.1e-05,1.139e-05,34141.38966044,0.38374113,1.123e-05
240,1.105e-05,1536681600,1.118e-05,1.105e-05,1.118e-05,3748.0296126,0.04143185,1.105e-05
241,1.1e-05,1536688800,1.105e-05,1.082e-05,1.105e-05,20048.72939114,0.21723729,1.083e-05
242,1.107e-05,1536696000,1.126e-05,1.093e-05,1.107e-05,19665.50753246,0.22023027,1.119e-05
243,1.11e-05,1536703200,1.11e-05,1.11e-05,1.11e-05,617.70252388,0.00685649,1.11e-05
244,1.091e-05,1536710400,1.107e-05,1.091e-05,1.105e-05,3408.02478286,0.03763129,1.104e-05
245,1.05e-05,1536717600,1.094e-05,1.05e-05,1.094e-05,4541.95506739,0.04817116,1.06e-05
246,1.048e-05,1536724800,1.052e-05,1.042e-05,1.049e-05,740.01254186,0.00772667,1.044e-05
247,1.026e-05,1536732000,1.048e-05,1.011e-05,1.048e-05,31559.28774633,0.32188465,1.019e-05
248,1.032e-05,1536739200,1.083e-05,1.016e-05,1.03e-05,4783.66477917,0.04870877,1.018e-05
249,1.028e-05,1536746400,1.05e-05,1.02e-05,1.031e-05,86720.22575758,0.89395831,1.03e-05
250,1.095e-05,1536753600,1.095e-05,1.016e-05,1.016e-05,23999.82214554,0.25237156,1.051e-05
251,1.064e-05,1536760800,1.08e-05,1.024e-05,1.065e-05,25785.78330538,0.27170905,1.053e-05
252,1.066e-05,1536768000,1.074e-05,1.057e-05,1.063e-05,17648.09768412,0.18774058,1.063e-05
253,1.103e-05,1536775200,1.125e-05,1.072e-05,1.072e-05,29056.45057005,0.32001565,1.101e-05
254,1.104e-05,1536782400,1.104e-05,1.081e-05,1.092e-05,1575.72088288,0.01724282,1.094e-05
255,1.105e-05,1536789600,1.105e-05,1.085e-05,1.092e-05,19380.4768364,0.21115382,1.089e-05
256,1.15e-05,1536796800,1.159e-05,1.113e-05,1.113e-05,22172.59722348,0.25359927,1.143e-05
257,1.169e-05,1536804000,1.193e-05,1.163e-05,1.166e-05,31413.17392034,0.371262,1.181e-05
258,1.146e-05,1536811200,1.187e-05,1.146e-05,1.176e-05,54339.21025611,0.63446901,1.167e-05
259,1.142e-05,1536818400,1.17e-05,1.14e-05,1.156e-05,67982.84361525,0.78103262,1.148e-05
260,1.164e-05,1536825600,1.17e-05,1.142e-05,1.142e-05,27615.4967873,0.32103802,1.162e-05
261,1.208e-05,1536832800,1.241e-05,1.17e-05,1.17e-05,175585.84025032,2.12424275,1.209e-05
262,1.243e-05,1536840000,1.299e-05,1.179e-05,1.206e-05,121970.64310059,1.51831541,1.244e-05
263,1.214e-05,1536847200,1.255e-05,1.209e-05,1.255e-05,58347.37971112,0.71992194,1.233e-05
264,1.226e-05,1536854400,1.255e-05,1.215e-05,1.233e-05,52049.56269472,0.64381618,1.236e-05
265,1.233e-05,1536861600,1.233e-05,1.214e-05,1.222e-05,24406.83923269,0.29856462,1.223e-05
266,1.246e-05,1536868800,1.26e-05,1.216e-05,1.228e-05,21618.25499777,0.26870839,1.242e-05
267,1.305e-05,1536876000,1.305e-05,1.248e-05,1.248e-05,31339.59226016,0.40498564,1.292e-05
268,1.224e-05,1536883200,1.305e-05,1.206e-05,1.305e-05,82991.11109562,1.03626451,1.248e-05
269,1.222e-05,1536890400,1.238e-05,1.208e-05,1.216e-05,23386.62923826,0.2856865,1.221e-05
270,1.222e-05,1536897600,1.236e-05,1.222e-05,1.236e-05,1878.77592178,0.02312236,1.23e-05
271,1.238e-05,1536904800,1.242e-05,1.228e-05,1.24e-05,661.37885243,0.00817467,1.236e-05
272,1.179e-05,1536912000,1.217e-05,1.166e-05,1.217e-05,36773.81811766,0.4325923,1.176e-05
273,1.195e-05,1536919200,1.227e-05,1.174e-05,1.176e-05,5477.93243095,0.06450388,1.177e-05
274,1.183e-05,1536926400,1.203e-05,1.17e-05,1.19e-05,33464.66559177,0.39598188,1.183e-05
275,1.194e-05,1536933600,1.194e-05,1.165e-05,1.173e-05,29045.06482595,0.3442641,1.185e-05
276,1.23e-05,1536940800,1.23e-05,1.197e-05,1.197e-05,13749.07440706,0.16567007,1.204e-05
277,1.233e-05,1536948000,1.233e-05,1.217e-05,1.218e-05,489.73952271,0.00600724,1.226e-05
278,1.223e-05,1536955200,1.246e-05,1.223e-05,1.244e-05,22583.26044829,0.28060357,1.242e-05
279,1.221e-05,1536962400,1.234e-05,1.217e-05,1.231e-05,6092.88406917,0.07506084,1.231e-05
280,1.242e-05,1536969600,1.242e-05,1.215e-05,1.217e-05,31550.38040002,0.3906837,1.238e-05
281,1.216e-05,1536976800,1.23e-05,1.214e-05,1.222e-05,1138.45209976,0.01385706,1.217e-05
282,1.224e-05,1536984000,1.255e-05,1.219e-05,1.22e-05,14521.92822626,0.17850875,1.229e-05
283,1.211e-05,1536991200,1.221e-05,1.204e-05,1.221e-05,7383.07209762,0.0895902,1.213e-05
284,1.235e-05,1536998400,1.235e-05,1.221e-05,1.221e-05,8472.85592189,0.1041987,1.229e-05
285,1.227e-05,1537005600,1.244e-05,1.227e-05,1.228e-05,1772.29432833,0.02197787,1.24e-05
286,1.232e-05,1537012800,1.242e-05,1.23e-05,1.239e-05,471.62669356,0.00583637,1.237e-05
287,1.235e-05,1537020000,1.247e-05,1.233e-05,1.238e-05,7213.33404471,0.0893476,1.238e-05
288,1.25e-05,1537027200,1.255e-05,1.235e-05,1.235e-05,43252.23604809,0.54115786,1.251e-05
289,1.252e-05,1537034400,1.252e-05,1.238e-05,1.251e-05,12074.37912976,0.15100724,1.25e-05
290,1.248e-05,1537041600,1.248e-05,1.228e-05,1.244e-05,2816.49321287,0.03487548,1.238e-05
291,1.248e-05,1537048800,1.248e-05,1.248e-05,1.248e-05,0.0,0.0,1.248e-05
292,1.223e-05,1537056000,1.24e-05,1.221e-05,1.232e-05,1981.26958765,0.0243638,1.229e-05
293,1.245e-05,1537063200,1.247e-05,1.207e-05,1.223e-05,33638.77200061,0.41613754,1.237e-05
294,1.251e-05,1537070400,1.252e-05,1.204e-05,1.21e-05,75853.73152225,0.94222906,1.242e-05
295,1.211e-05,1537077600,1.22e-05,1.211e-05,1.218e-05,3269.12124269,0.03981143,1.217e-05
296,1.211e-05,1537084800,1.211e-05,1.211e-05,1.211e-05,24.16464892,0.00029263,1.211e-05
297,1.23e-05,1537092000,1.23e-05,1.228e-05,1.228e-05,283.39099099,0.00348257,1.228e-05
298,1.238e-05,1537099200,1.238e-05,1.238e-05,1.238e-05,8.88529886,0.00010999,1.238e-05
299,1.299e-05,1537106400,1.3e-05,1.223e-05,1.223e-05,56294.6262452,0.71033873,1.261e-05
300,1.277e-05,1537113600,1.32e-05,1.277e-05,1.298e-05,48463.27977616,0.62910472,1.298e-05
301,1.287e-05,1537120800,1.291e-05,1.265e-05,1.283e-05,2810.87164109,0.03587991,1.276e-05
302,1.285e-05,1537128000,1.304e-05,1.271e-05,1.271e-05,2391.79079398,0.0309459,1.293e-05
303,1.302e-05,1537135200,1.302e-05,1.291e-05,1.291e-05,22341.29055285,0.29013379,1.298e-05
304,1.321e-05,1537142400,1.346e-05,1.305e-05,1.305e-05,10489.49071142,0.13972318,1.332e-05
305,1.316e-05,1537149600,1.32e-05,1.303e-05,1.32e-05,1052.02470617,0.01373536,1.305e-05
306,1.288e-05,1537156800,1.304e-05,1.288e-05,1.304e-05,3208.66673783,0.0417072,1.299e-05
307,1.284e-05,1537164000,1.298e-05,1.278e-05,1.284e-05,4275.4044719,0.05510798,1.288e-05
308,1.29e-05,1537171200,1.29e-05,1.277e-05,1.282e-05,13315.67473448,0.170906,1.283e-05
309,1.302e-05,1537178400,1.316e-05,1.302e-05,1.304e-05,10952.28270897,0.14303041,1.305e-05
310,1.354e-05,1537185600,1.369e-05,1.274e-05,1.297e-05,85410.23828823,1.13247982,1.325e-05
311,1.223e-05,1537192800,1.344e-05,1.218e-05,1.342e-05,33865.99140256,0.43150981,1.274e-05
312,1.225e-05,1537200000,1.241e-05,1.223e-05,1.228e-05,18487.27324843,0.22745292,1.23e-05
313,1.213e-05,1537207200,1.225e-05,1.212e-05,1.225e-05,17732.45327833,0.21498158,1.212e-05
314,1.193e-05,1537214400,1.22e-05,1.183e-05,1.21e-05,5750.52015578,0.06877326,1.195e-05
315,1.204e-05,1537221600,1.225e-05,1.188e-05,1.188e-05,4404.40346077,0.05334023,1.211e-05
316,1.229e-05,1537228800,1.229e-05,1.21e-05,1.215e-05,14847.96927436,0.18133191,1.221e-05
317,1.205e-05,1537236000,1.205e-05,1.205e-05,1.205e-05,245.26076133,0.00295539,1.205e-05
318,1.205e-05,1537243200,1.205e-05,1.205e-05,1.205e-05,0.0,0.0,1.205e-05
319,1.231e-05,1537250400,1.231e-05,1.231e-05,1.231e-05,9.89108911,0.00012175,1.231e-05
320,1.224e-05,1537257600,1.251e-05,1.224e-05,1.245e-05,17571.51838787,0.21877105,1.245e-05
321,1.228e-05,1537264800,1.228e-05,1.201e-05,1.205e-05,14591.83915043,0.17702201,1.213e-05
322,1.264e-05,1537272000,1.274e-05,1.236e-05,1.236e-05,1912.69153526,0.02401534,1.255e-05
323,1.262e-05,1537279200,1.278e-05,1.246e-05,1.275e-05,15304.3625719,0.19361702,1.265e-05
324,1.263e-05,1537286400,1.278e-05,1.247e-05,1.261e-05,32931.3286795,0.41456477,1.258e-05
325,1.28e-05,1537293600,1.6e-05,1.247e-05,1.252e-05,68885.72798095,0.91153761,1.323e-05
326,1.278e-05,1537300800,1.278e-05,1.251e-05,1.257e-05,56715.34278674,0.71639346,1.263e-05
327,1.268e-05,1537308000,1.294e-05,1.268e-05,1.27e-05,6178.86909092,0.07966335,1.289e-05
328,1.279e-05,1537315200,1.288e-05,1.268e-05,1.288e-05,2696.08542244,0.03427708,1.271e-05
329,1.298e-05,1537322400,1.355e-05,1.28e-05,1.28e-05,79446.2423763,1.05258084,1.324e-05
330,1.297e-05,1537329600,1.297e-05,1.297e-05,1.297e-05,36.33966538,0.00047132,1.297e-05
331,1.28e-05,1537336800,1.293e-05,1.28e-05,1.28e-05,3393.34178271,0.04360387,1.284e-05
332,1.265e-05,1537344000,1.289e-05,1.264e-05,1.28e-05,3197.07671056,0.04097552,1.281e-05
333,1.251e-05,1537351200,1.267e-05,1.251e-05,1.267e-05,220.80964566,0.00279389,1.265e-05
334,1.249e-05,1537358400,1.249e-05,1.238e-05,1.239e-05,9553.00154732,0.11859373,1.241e-05
335,1.262e-05,1537365600,1.262e-05,1.254e-05,1.254e-05,404.19953146,0.00508465,1.257e-05
336,1.263e-05,1537372800,1.27e-05,1.263e-05,1.27e-05,4362.7949327,0.0551191,1.263e-05
337,1.235e-05,1537380000,1.252e-05,1.223e-05,1.239e-05,19526.05162491,0.24275097,1.243e-05
338,1.263e-05,1537387200,1.263e-05,1.235e-05,1.235e-05,10267.31396939,0.12737992,1.24e-05
339,1.27e-05,1537394400,1.27e-05,1.255e-05,1.255e-05,7902.3817693,0.09990743,1.264e-05
340,1.278e-05,1537401600,1.278e-05,1.271e-05,1.272e-05,11461.97400781,0.14641037,1.277e-05
341,1.271e-05,1537408800,1.301e-05,1.271e-05,1.279e-05,2515.52573474,0.03266945,1.298e-05
342,1.246e-05,1537416000,1.269e-05,1.246e-05,1.269e-05,4689.88100414,0.05894635,1.256e-05
343,1.246e-05,1537423200,1.246e-05,1.246e-05,1.246e-05,0.0,0.0,1.246e-05
344,1.255e-05,1537430400,1.255e-05,1.254e-05,1.254e-05,100.0,0.00125416,1.254e-05
345,1.268e-05,1537437600,1.268e-05,1.259e-05,1.262e-05,2865.71757526,0.03629485,1.266e-05
346,1.248e-05,1537444800,1.295e-05,1.17e-05,1.27e-05,313755.29829789,3.88096181,1.236e-05
347,1.251e-05,1537452000,1.251e-05,1.2e-05,1.24e-05,184004.22632689,2.26471754,1.23e-05
348,1.267e-05,1537459200,1.283e-05,1.251e-05,1.251e-05,50274.26236817,0.63579934,1.264e-05
349,1.279e-05,1537466400,1.281e-05,1.279e-05,1.281e-05,8847.0614216,0.11319537,1.279e-05
350,1.258e-05,1537473600,1.283e-05,1.258e-05,1.283e-05,84432.36874991,1.06588368,1.262e-05
351,1.282e-05,1537480800,1.299e-05,1.252e-05,1.271e-05,142786.12804467,1.80125025,1.261e-05
352,1.269e-05,1537488000,1.296e-05,1.269e-05,1.296e-05,12731.50694229,0.16311743,1.281e-05
353,1.299e-05,1537495200,1.303e-05,1.268e-05,1.269e-05,55613.83890378,0.71359968,1.283e-05
354,1.306e-05,1537502400,1.306e-05,1.283e-05,1.3e-05,36885.18270137,0.47911478,1.298e-05
355,1.311e-05,1537509600,1.397e-05,1.296e-05,1.296e-05,204352.92135773,2.73004975,1.335e-05
356,1.305e-05,1537516800,1.34e-05,1.305e-05,1.312e-05,124858.03565868,1.65783719,1.327e-05
357,1.305e-05,1537524000,1.306e-05,1.305e-05,1.306e-05,3485.14884641,0.04548221,1.305e-05
358,1.347e-05,1537531200,1.347e-05,1.32e-05,1.32e-05,57868.49980205,0.77452375,1.338e-05
359,1.347e-05,1537538400,1.366e-05,1.328e-05,1.344e-05,51245.33901575,0.68994817,1.346e-05
360,1.324e-05,1537545600,1.346e-05,1.315e-05,1.346e-05,25098.27296904,0.33486953,1.334e-05
361,1.405e-05,1537552800,1.425e-05,1.323e-05,1.324e-05,78257.30138498,1.09149115,1.394e-05
362,1.391e-05,1537560000,1.43e-05,1.391e-05,1.409e-05,40108.2158104,0.56713949,1.414e-05
363,1.38e-05,1537567200,1.394e-05,1.373e-05,1.394e-05,9858.79033281,0.13592775,1.378e-05
364,1.349e-05,1537574400,1.413e-05,1.34e-05,1.382e-05,40948.23491704,0.56422493,1.377e-05
365,1.339e-05,1537581600,1.351e-05,1.312e-05,1.342e-05,8012.54762589,0.10666364,1.331e-05
366,1.349e-05,1537588800,1.35e-05,1.321e-05,1.332e-05,13608.36792178,0.18182383,1.336e-05
367,1.427e-05,1537596000,1.465e-05,1.36e-05,1.36e-05,93622.88783674,1.32134647,1.411e-05
368,1.352e-05,1537603200,1.399e-05,1.314e-05,1.395e-05,61611.15628125,0.8271911,1.342e-05
369,1.335e-05,1537610400,1.373e-05,1.323e-05,1.345e-05,84687.11865585,1.14507807,1.352e-05
370,1.332e-05,1537617600,1.336e-05,1.321e-05,1.321e-05,13612.82956031,0.18126601,1.331e-05
371,1.335e-05,1537624800,1.352e-05,1.33e-05,1.339e-05,6374.20128152,0.08538187,1.339e-05
372,1.333e-05,1537632000,1.365e-05,1.324e-05,1.337e-05,12375.19105906,0.16580939,1.339e-05
373,1.325e-05,1537639200,1.387e-05,1.325e-05,1.352e-05,78883.72007688,1.0790852,1.367e-05
374,1.327e-05,1537646400,1.341e-05,1.327e-05,1.327e-05,4117.37631789,0.05465253,1.327e-05
375,1.343e-05,1537653600,1.343e-05,1.334e-05,1.334e-05,1222.08894626,0.01632016,1.335e-05
376,1.339e-05,1537660800,1.342e-05,1.326e-05,1.342e-05,1421.0042741,0.0188666,1.327e-05
377,1.329e-05,1537668000,1.341e-05,1.321e-05,1.341e-05,46959.16101728,0.6240641,1.328e-05
378,1.331e-05,1537675200,1.332e-05,1.327e-05,1.33e-05,29319.62283636,0.39030458,1.331e-05
379,1.344e-05,1537682400,1.344e-05,1.337e-05,1.337e-05,11572.94847915,0.15520566,1.341e-05
380,1.355e-05,1537689600,1.368e-05,1.333e-05,1.334e-05,11267.76740801,0.1520657,1.349e-05
381,1.368e-05,1537696800,1.368e-05,1.353e-05,1.355e-05,2065.43980337,0.02799864,1.355e-05
382,1.341e-05,1537704000,1.356e-05,1.338e-05,1.354e-05,13384.24398526,0.18095773,1.352e-05
383,1.33e-05,1537711200,1.35e-05,1.33e-05,1.35e-05,13599.88446395,0.18189677,1.337e-05
384,1.344e-05,1537718400,1.35e-05,1.332e-05,1.339e-05,1722.32029092,0.02305105,1.338e-05
385,1.349e-05,1537725600,1.353e-05,1.333e-05,1.341e-05,39046.59786797,0.52747462,1.35e-05
386,1.347e-05,1537732800,1.347e-05,1.344e-05,1.344e-05,11294.94985311,0.15210712,1.346e-05
387,1.352e-05,1537740000,1.352e-05,1.329e-05,1.344e-05,6938.25324485,0.0934229,1.346e-05
388,1.352e-05,1537747200,1.352e-05,1.342e-05,1.342e-05,6892.0,0.09316708,1.351e-05
389,1.352e-05,1537754400,1.352e-05,1.352e-05,1.352e-05,0.0,0.0,1.352e-05
390,1.339e-05,1537761600,1.339e-05,1.33e-05,1.337e-05,19117.82628035,0.25439565,1.33e-05
391,1.327e-05,1537768800,1.333e-05,1.317e-05,1.333e-05,8679.99001017,0.11475314,1.322e-05
392,1.286e-05,1537776000,1.314e-05,1.277e-05,1.314e-05,44735.53792319,0.58412431,1.305e-05
393,1.284e-05,1537783200,1.298e-05,1.271e-05,1.277e-05,19860.80034264,0.25556463,1.286e-05
394,1.286e-05,1537790400,1.295e-05,1.28e-05,1.292e-05,19396.67785554,0.25017156,1.289e-05
395,1.271e-05,1537797600,1.287e-05,1.27e-05,1.287e-05,20940.38719153,0.26655796,1.272e-05
396,1.291e-05,1537804800,1.293e-05,1.273e-05,1.273e-05,12297.96060016,0.15812736,1.285e-05
397,1.311e-05,1537812000,1.38e-05,1.296e-05,1.3e-05,161537.94230255,2.15595747,1.334e-05
398,1.303e-05,1537819200,1.321e-05,1.301e-05,1.319e-05,5307.39963552,0.06967639,1.312e-05
399,1.288e-05,1537826400,1.306e-05,1.278e-05,1.306e-05,8666.8834611,0.11136441,1.284e-05
400,1.24e-05,1537833600,1.287e-05,1.24e-05,1.287e-05,53231.93597515,0.67363169,1.265e-05
401,1.275e-05,1537840800,1.276e-05,1.24e-05,1.245e-05,43315.4198827,0.54213198,1.251e-05
402,1.283e-05,1537848000,1.283e-05,1.261e-05,1.276e-05,8013.24747703,0.10165258,1.268e-05
403,1.237e-05,1537855200,1.269e-05,1.235e-05,1.269e-05,16025.41066722,0.20023952,1.249e-05
404,1.235e-05,1537862400,1.254e-05,1.228e-05,1.23e-05,11486.36827416,0.14194658,1.235e-05
405,1.221e-05,1537869600,1.254e-05,1.221e-05,1.243e-05,1602.99696675,0.0197884,1.234e-05
406,1.274e-05,1537876800,1.28e-05,1.232e-05,1.232e-05,30452.34084714,0.38106543,1.251e-05
407,1.255e-05,1537884000,1.27e-05,1.249e-05,1.262e-05,25811.90912165,0.3235051,1.253e-05
408,1.298e-05,1537891200,1.337e-05,1.278e-05,1.278e-05,25372.92219645,0.33240372,1.31e-05
409,1.292e-05,1537898400,1.292e-05,1.292e-05,1.292e-05,12.13512062,0.00015678,1.292e-05
410,1.314e-05,1537905600,1.316e-05,1.297e-05,1.297e-05,2013.15587414,0.02631148,1.306e-05
411,1.325e-05,1537912800,1.325e-05,1.312e-05,1.312e-05,10618.33215038,0.14037322,1.321e-05
412,1.35e-05,1537920000,1.405e-05,1.322e-05,1.322e-05,105957.0151522,1.46964364,1.387e-05
413,1.33e-05,1537927200,1.349e-05,1.327e-05,1.337e-05,17487.82593018,0.23356036,1.335e-05
414,1.364e-05,1537934400,1.371e-05,1.297e-05,1.323e-05,41963.31571583,0.56045334,1.335e-05
415,1.387e-05,1537941600,1.443e-05,1.359e-05,1.375e-05,71907.16048489,1.00414871,1.396e-05
416,1.367e-05,1537948800,1.4e-05,1.357e-05,1.375e-05,22082.24880461,0.301265,1.364e-05
417,1.373e-05,1537956000,1.388e-05,1.356e-05,1.372e-05,3470.90315851,0.04745013,1.367e-05
418,1.344e-05,1537963200,1.37e-05,1.344e-05,1.358e-05,25803.79855944,0.3489736,1.352e-05
419,1.349e-05,1537970400,1.361e-05,1.339e-05,1.359e-05,3633.47452395,0.04883632,1.344e-05
420,1.358e-05,1537977600,1.358e-05,1.343e-05,1.35e-05,2851.38523073,0.03861378,1.354e-05
421,1.357e-05,1537984800,1.357e-05,1.341e-05,1.341e-05,1725.84182104,0.02341617,1.356e-05
422,1.343e-05,1537992000,1.367e-05,1.341e-05,1.341e-05,4123.53107111,0.05571762,1.351e-05
423,1.34e-05,1537999200,1.34e-05,1.334e-05,1.337e-05,490.59982331,0.00654562,1.334e-05
424,1.388e-05,1538006400,1.388e-05,1.346e-05,1.346e-05,3815.2691589,0.05246014,1.375e-05
425,1.397e-05,1538013600,1.418e-05,1.379e-05,1.389e-05,116222.38383033,1.61991605,1.393e-05
426,1.394e-05,1538020800,1.409e-05,1.394e-05,1.408e-05,9083.8805127,0.12773289,1.406e-05
427,1.389e-05,1538028000,1.392e-05,1.382e-05,1.382e-05,320.9579388,0.00445193,1.387e-05
428,1.376e-05,1538035200,1.38e-05,1.354e-05,1.374e-05,5342.35702795,0.07306469,1.367e-05
429,1.454e-05,1538042400,1.461e-05,1.376e-05,1.376e-05,12857.76236889,0.18139142,1.41e-05
430,1.441e-05,1538049600,1.485e-05,1.421e-05,1.464e-05,97444.54717814,1.42926443,1.466e-05
431,1.437e-05,1538056800,1.455e-05,1.435e-05,1.437e-05,15008.35150296,0.21581595,1.437e-05
432,1.449e-05,1538064000,1.453e-05,1.437e-05,1.438e-05,7937.2551121,0.11456068,1.443e-05
433,1.45e-05,1538071200,1.45e-05,1.434e-05,1.447e-05,11906.45270305,0.17094715,1.435e-05
434,1.493e-05,1538078400,1.558e-05,1.456e-05,1.456e-05,168015.33192762,2.51819296,1.498e-05
435,1.521e-05,1538085600,1.536e-05,1.505e-05,1.505e-05,16569.60366149,0.25187299,1.52e-05
436,1.498e-05,1538092800,1.568e-05,1.495e-05,1.542e-05,231353.63449973,3.55776543,1.537e-05
437,1.438e-05,1538100000,1.504e-05,1.422e-05,1.5e-05,97022.03806376,1.43430663,1.478e-05
438,1.478e-05,1538107200,1.478e-05,1.442e-05,1.442e-05,5901.86146592,0.08586893,1.454e-05
439,1.431e-05,1538114400,1.467e-05,1.421e-05,1.467e-05,8183.53957738,0.1183594,1.446e-05
440,1.42e-05,1538121600,1.427e-05,1.412e-05,1.418e-05,10481.9818864,0.14852591,1.416e-05
441,1.435e-05,1538128800,1.435e-05,1.42e-05,1.42e-05,1101.00382348,0.01570689,1.426e-05
442,1.464e-05,1538136000,1.465e-05,1.447e-05,1.447e-05,5809.33621424,0.08502705,1.463e-05
443,1.462e-05,1538143200,1.479e-05,1.462e-05,1.465e-05,4456.41058495,0.0654323,1.468e-05
444,1.479e-05,1538150400,1.479e-05,1.447e-05,1.463e-05,2046.02705016,0.03019235,1.475e-05
445,1.482e-05,1538157600,1.482e-05,1.46e-05,1.475e-05,5996.69410511,0.08797979,1.467e-05
446,1.459e-05,1538164800,1.477e-05,1.459e-05,1.466e-05,4568.32009648,0.06679503,1.462e-05
447,1.459e-05,1538172000,1.477e-05,1.459e-05,1.477e-05,13018.85440354,0.19044494,1.462e-05
448,1.426e-05,1538179200,1.441e-05,1.422e-05,1.436e-05,377.38863753,0.00540642,1.432e-05
449,1.426e-05,1538186400,1.426e-05,1.426e-05,1.426e-05,0.0,0.0,1.426e-05
450,1.435e-05,1538193600,1.44e-05,1.43e-05,1.431e-05,2446.31884221,0.03506248,1.433e-05
451,1.456e-05,1538200800,1.495e-05,1.415e-05,1.423e-05,38942.52392341,0.57449688,1.475e-05
452,1.486e-05,1538208000,1.493e-05,1.477e-05,1.481e-05,6282.08503023,0.09368992,1.491e-05
453,1.486e-05,1538215200,1.486e-05,1.468e-05,1.468e-05,2562.14638432,0.03772982,1.472e-05
454,1.554e-05,1538222400,1.623e-05,1.488e-05,1.488e-05,294085.8668842,4.60621685,1.566e-05
455,1.527e-05,1538229600,1.571e-05,1.509e-05,1.569e-05,142253.79472813,2.19096765,1.54e-05
456,1.529e-05,1538236800,1.53e-05,1.506e-05,1.528e-05,24112.88426442,0.36714783,1.522e-05
457,1.533e-05,1538244000,1.54e-05,1.512e-05,1.512e-05,15119.25722184,0.23149732,1.531e-05
458,1.521e-05,1538251200,1.553e-05,1.521e-05,1.538e-05,1185.6717876,0.01839978,1.551e-05
459,1.503e-05,1538258400,1.517e-05,1.503e-05,1.517e-05,156.7276622,0.00237104,1.512e-05
460,1.515e-05,1538265600,1.515e-05,1.496e-05,1.506e-05,12464.56152097,0.18775627,1.506e-05
461,1.547e-05,1538272800,1.56e-05,1.515e-05,1.526e-05,11293.22581483,0.17286525,1.53e-05
462,1.59e-05,1538280000,1.69e-05,1.548e-05,1.549e-05,62155.99416329,1.0132725,1.63e-05
463,1.63e-05,1538287200,1.63e-05,1.581e-05,1.593e-05,74070.88392745,1.19051436,1.607e-05
464,1.677e-05,1538294400,1.704e-05,1.603e-05,1.604e-05,49342.18575349,0.80762602,1.636e-05
465,1.642e-05,1538301600,1.702e-05,1.622e-05,1.677e-05,146033.79755366,2.39813812,1.642e-05
466,1.607e-05,1538308800,1.664e-05,1.598e-05,1.652e-05,67013.60124387,1.08913099,1.625e-05
467,1.589e-05,1538316000,1.617e-05,1.589e-05,1.607e-05,21104.36291157,0.34000549,1.611e-05
468,1.596e-05,1538323200,1.599e-05,1.582e-05,1.597e-05,8764.25387415,0.13893279,1.585e-05
469,1.598e-05,1538330400,1.615e-05,1.591e-05,1.593e-05,18609.590471,0.29738205,1.598e-05
470,1.568e-05,1538337600,1.598e-05,1.568e-05,1.598e-05,7505.61373785,0.11883944,1.583e-05
471,1.616e-05,1538344800,1.616e-05,1.563e-05,1.568e-05,45927.30718254,0.72939528,1.588e-05
472,1.628e-05,1538352000,1.628e-05,1.6e-05,1.606e-05,3439.07780111,0.05545637,1.612e-05
473,1.645e-05,1538359200,1.686e-05,1.623e-05,1.629e-05,157247.88686656,2.59680645,1.651e-05
474,1.652e-05,1538366400,1.7e-05,1.649e-05,1.649e-05,107664.69232868,1.79829343,1.67e-05
475,1.611e-05,1538373600,1.655e-05,1.61e-05,1.655e-05,44332.11454348,0.71612872,1.615e-05
476,1.634e-05,1538380800,1.658e-05,1.608e-05,1.623e-05,16058.44517185,0.26160525,1.629e-05
477,1.645e-05,1538388000,1.663e-05,1.64e-05,1.643e-05,10092.38203681,0.16652274,1.649e-05
478,1.61e-05,1538395200,1.652e-05,1.606e-05,1.647e-05,5483.537556,0.08924234,1.627e-05
479,1.599e-05,1538402400,1.616e-05,1.579e-05,1.599e-05,3103.12100641,0.04941137,1.592e-05
480,1.615e-05,1538409600,1.634e-05,1.584e-05,1.598e-05,82302.12377325,1.33363123,1.62e-05
481,1.604e-05,1538416800,1.64e-05,1.604e-05,1.62e-05,7899.78420079,0.12866761,1.628e-05
482,1.622e-05,1538424000,1.622e-05,1.6e-05,1.616e-05,1631.43052032,0.02612322,1.601e-05
483,1.62e-05,1538431200,1.62e-05,1.616e-05,1.616e-05,1075.78006542,0.01738933,1.616e-05
484,1.611e-05,1538438400,1.624e-05,1.61e-05,1.624e-05,89.61733844,0.00144731,1.614e-05
485,1.613e-05,1538445600,1.613e-05,1.613e-05,1.613e-05,30.06024096,0.00048487,1.613e-05
486,1.632e-05,1538452800,1.632e-05,1.632e-05,1.632e-05,200.0,0.003264,1.632e-05
487,1.632e-05,1538460000,1.632e-05,1.632e-05,1.632e-05,0.0,0.0,1.632e-05
488,1.632e-05,1538467200,1.632e-05,1.632e-05,1.632e-05,0.0,0.0,1.632e-05
489,1.616e-05,1538474400,1.618e-05,1.601e-05,1.606e-05,14168.20927904,0.22754839,1.606e-05
490,1.595e-05,1538481600,1.61e-05,1.595e-05,1.61e-05,2802.19004516,0.04469575,1.595e-05
491,1.591e-05,1538488800,1.592e-05,1.591e-05,1.592e-05,4680.71995601,0.07450237,1.591e-05
492,1.593e-05,1538496000,1.616e-05,1.593e-05,1.616e-05,16115.38535252,0.25806154,1.601e-05
493,1.593e-05,1538503200,1.593e-05,1.593e-05,1.593e-05,0.0,0.0,1.593e-05
494,1.616e-05,1538510400,1.616e-05,1.616e-05,1.616e-05,581.17574257,0.00939179,1.616e-05
495,1.621e-05,1538517600,1.621e-05,1.621e-05,1.621e-05,321.58482418,0.00521288,1.621e-05
496,1.586e-05,1538524800,1.608e-05,1.572e-05,1.608e-05,3822.87650699,0.06065628,1.586e-05
497,1.531e-05,1538532000,1.582e-05,1.531e-05,1.582e-05,6973.1815381,0.10817795,1.551e-05
498,1.55e-05,1538539200,1.551e-05,1.531e-05,1.531e-05,2398.64604583,0.03715319,1.548e-05
499,1.558e-05,1538546400,1.558e-05,1.556e-05,1.556e-05,12.84522046,0.0002,1.556e-05
500,1.544e-05,1538553600,1.544e-05,1.536e-05,1.537e-05,122.33722363,0.00187982,1.536e-05
501,1.562e-05,1538560800,1.563e-05,1.558e-05,1.558e-05,68.8163429,0.00107469,1.561e-05
502,1.563e-05,1538568000,1.563e-05,1.563e-05,1.563e-05,1622.0,0.02535186,1.563e-05
503,1.563e-05,1538575200,1.563e-05,1.563e-05,1.563e-05,0.0,0.0,1.563e-05
504,1.54e-05,1538582400,1.562e-05,1.54e-05,1.562e-05,3083.24039367,0.04762412,1.544e-05
505,1.53e-05,1538589600,1.57e-05,1.53e-05,1.562e-05,3300.69301681,0.05071527,1.536e-05
506,1.53e-05,1538596800,1.543e-05,1.499e-05,1.531e-05,94350.40390235,1.43246468,1.518e-05
507,1.522e-05,1538604000,1.529e-05,1.512e-05,1.529e-05,1185.45056533,0.01805535,1.523e-05
508,1.545e-05,1538611200,1.545e-05,1.496e-05,1.523e-05,75375.36252825,1.14053895,1.513e-05
509,1.565e-05,1538618400,1.565e-05,1.542e-05,1.543e-05,312.86868502,0.00483355,1.544e-05
510,1.545e-05,1538625600,1.565e-05,1.545e-05,1.564e-05,2863.447413,0.04464774,1.559e-05
511,1.545e-05,1538632800,1.551e-05,1.544e-05,1.551e-05,3348.76856412,0.05175144,1.545e-05
512,1.531e-05,1538640000,1.545e-05,1.531e-05,1.545e-05,3432.81916525,0.05301516,1.544e-05
513,1.553e-05,1538647200,1.553e-05,1.533e-05,1.549e-05,4386.51497975,0.06800451,1.55e-05
514,1.542e-05,1538654400,1.555e-05,1.542e-05,1.549e-05,4152.68552758,0.06437206,1.55e-05
515,1.555e-05,1538661600,1.555e-05,1.554e-05,1.555e-05,2343.97943517,0.03644471,1.554e-05
516,1.566e-05,1538668800,1.567e-05,1.553e-05,1.567e-05,652.11271392,0.01021131,1.565e-05
517,1.573e-05,1538676000,1.573e-05,1.566e-05,1.566e-05,20283.0,0.31888673,1.572e-05
518,1.562e-05,1538683200,1.568e-05,1.551e-05,1.568e-05,4266.40755619,0.06647027,1.557e-05
519,1.56e-05,1538690400,1.563e-05,1.56e-05,1.563e-05,17.17207165,0.00026814,1.561e-05
520,1.586e-05,1538697600,1.599e-05,1.578e-05,1.581e-05,6198.68571468,0.09862345,1.591e-05
521,1.587e-05,1538704800,1.587e-05,1.585e-05,1.585e-05,3103.38394249,0.04925051,1.586e-05
522,1.576e-05,1538712000,1.585e-05,1.575e-05,1.585e-05,94.20869053,0.00148935,1.58e-05
523,1.579e-05,1538719200,1.591e-05,1.568e-05,1.591e-05,1272.82363359,0.02015863,1.583e-05
524,1.536e-05,1538726400,1.561e-05,1.529e-05,1.561e-05,12025.23223608,0.18425942,1.532e-05
525,1.543e-05,1538733600,1.585e-05,1.532e-05,1.532e-05,2044.75615635,0.03209202,1.569e-05
526,1.562e-05,1538740800,1.565e-05,1.548e-05,1.565e-05,3306.45317931,0.0517074,1.563e-05
527,1.573e-05,1538748000,1.582e-05,1.56e-05,1.569e-05,14735.50096196,0.23235404,1.576e-05
528,1.614e-05,1538755200,1.623e-05,1.587e-05,1.587e-05,33664.19085362,0.54412046,1.616e-05
529,1.618e-05,1538762400,1.632e-05,1.618e-05,1.621e-05,9603.82922315,0.15635091,1.628e-05
530,1.639e-05,1538769600,1.639e-05,1.619e-05,1.619e-05,4330.81444643,0.07070239,1.632e-05
531,1.653e-05,1538776800,1.669e-05,1.64e-05,1.64e-05,31313.57690328,0.51967262,1.659e-05
532,1.683e-05,1538784000,1.698e-05,1.655e-05,1.665e-05,42328.63325761,0.71180237,1.681e-05
533,1.859e-05,1538791200,1.876e-05,1.683e-05,1.683e-05,294900.746204,5.42836666,1.84e-05
534,1.792e-05,1538798400,1.889e-05,1.702e-05,1.876e-05,241086.4820656,4.24463764,1.76e-05
535,1.727e-05,1538805600,1.781e-05,1.716e-05,1.781e-05,10697.90765234,0.18586009,1.737e-05
536,1.745e-05,1538812800,1.773e-05,1.732e-05,1.733e-05,9957.46460342,0.17484147,1.755e-05
537,1.69e-05,1538820000,1.744e-05,1.69e-05,1.727e-05,20002.02087097,0.34389437,1.719e-05
538,1.7e-05,1538827200,1.77e-05,1.697e-05,1.723e-05,17150.95977813,0.29478968,1.718e-05
539,1.751e-05,1538834400,1.751e-05,1.688e-05,1.701e-05,26902.52603841,0.46364129,1.723e-05
540,1.751e-05,1538841600,1.783e-05,1.738e-05,1.752e-05,19475.33365945,0.34269692,1.759e-05
541,1.71e-05,1538848800,1.75e-05,1.701e-05,1.738e-05,71865.73706495,1.23287865,1.715e-05
542,1.704e-05,1538856000,1.724e-05,1.704e-05,1.72e-05,18107.15266275,0.30976813,1.71e-05
543,1.706e-05,1538863200,1.73e-05,1.704e-05,1.704e-05,62.86931949,0.00107741,1.713e-05
544,1.728e-05,1538870400,1.73e-05,1.711e-05,1.712e-05,7173.46301074,0.12285687,1.712e-05
545,1.721e-05,1538877600,1.721e-05,1.704e-05,1.718e-05,730.01537589,0.01250834,1.713e-05
546,1.714e-05,1538884800,1.727e-05,1.7e-05,1.711e-05,17851.99016107,0.30468751,1.706e-05
547,1.7e-05,1538892000,1.703e-05,1.7e-05,1.7e-05,1123.31604949,0.01909817,1.7e-05
548,1.675e-05,1538899200,1.704e-05,1.666e-05,1.704e-05,1675.22825067,0.02817976,1.682e-05
549,1.677e-05,1538906400,1.695e-05,1.676e-05,1.676e-05,2286.588687,0.03867384,1.691e-05
550,1.695e-05,1538913600,1.695e-05,1.673e-05,1.677e-05,2046.61262019,0.0342865,1.675e-05
551,1.696e-05,1538920800,1.704e-05,1.693e-05,1.695e-05,526.19185156,0.00893412,1.697e-05
552,1.7e-05,1538928000,1.707e-05,1.686e-05,1.697e-05,7794.33462269,0.13258135,1.7e-05
553,1.696e-05,1538935200,1.7e-05,1.69e-05,1.7e-05,11332.95619023,0.19210476,1.695e-05
554,1.717e-05,1538942400,1.743e-05,1.708e-05,1.708e-05,6269.02482021,0.10897625,1.738e-05
555,1.717e-05,1538949600,1.738e-05,1.717e-05,1.72e-05,2967.69121532,0.05105275,1.72e-05
556,1.707e-05,1538956800,1.736e-05,1.704e-05,1.736e-05,4194.8972592,0.0722397,1.722e-05
557,1.704e-05,1538964000,1.712e-05,1.701e-05,1.712e-05,306.48200156,0.00522246,1.704e-05
558,1.708e-05,1538971200,1.708e-05,1.706e-05,1.706e-05,391.16764533,0.0066747,1.706e-05
559,1.699e-05,1538978400,1.706e-05,1.679e-05,1.706e-05,5211.02933326,0.08770141,1.682e-05
560,1.686e-05,1538985600,1.686e-05,1.686e-05,1.686e-05,403.64725596,0.00680549,1.686e-05
561,1.695e-05,1538992800,1.695e-05,1.678e-05,1.689e-05,7831.98254617,0.13185643,1.683e-05
562,1.698e-05,1539000000,1.707e-05,1.687e-05,1.696e-05,49350.32777272,0.836202,1.694e-05
563,1.75e-05,1539007200,1.758e-05,1.71e-05,1.711e-05,25508.41623814,0.44270552,1.735e-05
564,1.731e-05,1539014400,1.758e-05,1.712e-05,1.75e-05,1915.49358318,0.03347965,1.747e-05
565,1.731e-05,1539021600,1.731e-05,1.705e-05,1.731e-05,1257.8833502,0.02169277,1.724e-05
566,1.736e-05,1539028800,1.736e-05,1.712e-05,1.712e-05,324.04828622,0.00558278,1.722e-05
567,1.74e-05,1539036000,1.74e-05,1.715e-05,1.715e-05,2851.4907316,0.04925425,1.727e-05
568,1.747e-05,1539043200,1.781e-05,1.74e-05,1.747e-05,73877.27861644,1.28823528,1.743e-05
569,1.772e-05,1539050400,1.779e-05,1.765e-05,1.765e-05,5692.29768233,0.10124101,1.778e-05
570,1.768e-05,1539057600,1.78e-05,1.768e-05,1.78e-05,590.38939837,0.01043896,1.768e-05
571,1.76e-05,1539064800,1.773e-05,1.75e-05,1.773e-05,49778.851294,0.87616833,1.76e-05
572,1.743e-05,1539072000,1.76e-05,1.743e-05,1.751e-05,6892.59741673,0.12087326,1.753e-05
573,1.799e-05,1539079200,1.799e-05,1.74e-05,1.74e-05,53064.48073112,0.94771486,1.785e-05
574,1.769e-05,1539086400,1.8e-05,1.753e-05,1.799e-05,73576.36360936,1.31457878,1.786e-05
575,1.723e-05,1539093600,1.754e-05,1.713e-05,1.754e-05,8175.36468974,0.14158086,1.731e-05
576,1.715e-05,1539100800,1.723e-05,1.7e-05,1.723e-05,20425.76629596,0.34854364,1.706e-05
577,1.715e-05,1539108000,1.727e-05,1.715e-05,1.715e-05,8540.1755867,0.1467735,1.718e-05
578,1.727e-05,1539115200,1.743e-05,1.715e-05,1.715e-05,4997.37087248,0.08633413,1.727e-05
579,1.734e-05,1539122400,1.75e-05,1.72e-05,1.727e-05,22164.98217646,0.38750139,1.748e-05
580,1.84e-05,1539129600,1.841e-05,1.747e-05,1.748e-05,105233.53937858,1.89098655,1.796e-05
581,1.795e-05,1539136800,1.841e-05,1.795e-05,1.841e-05,36652.32132849,0.67234874,1.834e-05
582,1.781e-05,1539144000,1.806e-05,1.772e-05,1.795e-05,9006.26464761,0.16102132,1.787e-05
583,1.806e-05,1539151200,1.806e-05,1.781e-05,1.781e-05,8926.67694785,0.15975551,1.789e-05
584,1.813e-05,1539158400,1.825e-05,1.792e-05,1.806e-05,4516.3924961,0.08158209,1.806e-05
585,1.822e-05,1539165600,1.826e-05,1.822e-05,1.822e-05,1626.01585239,0.02964842,1.823e-05
586,1.859e-05,1539172800,1.902e-05,1.822e-05,1.822e-05,70386.8260709,1.3177913,1.872e-05
587,1.874e-05,1539180000,1.92e-05,1.836e-05,1.853e-05,85941.21009799,1.6154809,1.879e-05
588,2.232e-05,1539187200,2.399e-05,1.871e-05,1.88e-05,1009059.1700287,21.67858115,2.148e-05
589,2.072e-05,1539194400,2.296e-05,2.05e-05,2.227e-05,204951.62003309,4.42885134,2.16e-05
590,2.105e-05,1539201600,2.159e-05,2.05e-05,2.07e-05,87268.32611777,1.85249444,2.122e-05
591,2.029e-05,1539208800,2.19e-05,2.019e-05,2.093e-05,102068.66943594,2.17223709,2.128e-05
592,1.872e-05,1539216000,2.025e-05,1.817e-05,2.025e-05,296364.1773721,5.63205378,1.9e-05
593,1.904e-05,1539223200,1.944e-05,1.811e-05,1.873e-05,346282.05482212,6.42216381,1.854e-05
594,1.916e-05,1539230400,2.024e-05,1.904e-05,1.922e-05,123252.99402848,2.43737444,1.977e-05
595,1.805e-05,1539237600,1.897e-05,1.779e-05,1.897e-05,114810.95853056,2.11511374,1.842e-05
596,1.846e-05,1539244800,1.914e-05,1.798e-05,1.807e-05,81348.93815552,1.50030233,1.844e-05
597,1.916e-05,1539252000,2.025e-05,1.847e-05,1.864e-05,311031.28110746,6.04762401,1.944e-05
598,1.862e-05,1539259200,1.931e-05,1.808e-05,1.916e-05,120460.3847831,2.24253748,1.861e-05
599,1.896e-05,1539266400,1.937e-05,1.862e-05,1.862e-05,98656.03081574,1.88865672,1.914e-05
600,1.893e-05,1539273600,1.921e-05,1.866e-05,1.901e-05,189452.00063681,3.5767116,1.887e-05
601,1.88e-05,1539280800,1.92e-05,1.88e-05,1.905e-05,5457.25446736,0.10324783,1.891e-05
602,1.848e-05,1539288000,1.88e-05,1.823e-05,1.88e-05,55846.11875789,1.02722155,1.839e-05
603,1.798e-05,1539295200,1.859e-05,1.77e-05,1.843e-05,67549.90356729,1.21220293,1.794e-05
604,2.153e-05,1539302400,2.392e-05,1.765e-05,1.802e-05,995060.06878437,20.96933107,2.107e-05
605,2.247e-05,1539309600,2.4e-05,2.099e-05,2.133e-05,275245.96482401,6.3360314,2.301e-05
606,2.271e-05,1539316800,2.327e-05,2.232e-05,2.254e-05,217074.87093967,4.89960112,2.257e-05
607,2.222e-05,1539324000,2.3e-05,2.2e-05,2.263e-05,260639.525003,5.82300816,2.234e-05
608,1.92e-05,1539331200,2.234e-05,1.871e-05,2.21e-05,1169600.523534,23.43843168,2.003e-05
609,1.912e-05,1539338400,1.977e-05,1.893e-05,1.931e-05,157011.11488407,3.06168633,1.949e-05
610,2.015e-05,1539345600,2.015e-05,1.913e-05,1.922e-05,101399.6815419,2.00706752,1.979e-05
611,1.969e-05,1539352800,2.026e-05,1.951e-05,2.007e-05,134484.93703349,2.67803328,1.991e-05
612,1.969e-05,1539360000,2.012e-05,1.961e-05,1.969e-05,61440.86978375,1.22359982,1.991e-05
613,1.986e-05,1539367200,2.064e-05,1.97e-05,1.97e-05,21475.9917535,0.43015154,2.002e-05
614,1.984e-05,1539374400,2.081e-05,1.981e-05,1.984e-05,32764.67469658,0.65728188,2.006e-05
615,2.031e-05,1539381600,2.031e-05,1.983e-05,1.983e-05,118203.59798835,2.35677821,1.993e-05
616,2.076e-05,1539388800,2.076e-05,2.005e-05,2.016e-05,78481.40868892,1.58768589,2.023e-05
617,2.041e-05,1539396000,2.095e-05,2.024e-05,2.07e-05,83231.13612251,1.71842655,2.064e-05
618,2.035e-05,1539403200,2.063e-05,1.978e-05,2.05e-05,34058.63277872,0.68708875,2.017e-05
619,2.006e-05,1539410400,2.028e-05,2e-05,2.028e-05,53263.94009187,1.07070459,2.01e-05
620,2.038e-05,1539417600,2.067e-05,1.989e-05,2.012e-05,16956.65928895,0.34049379,2.008e-05
621,2.036e-05,1539424800,2.049e-05,2.018e-05,2.031e-05,2243.72453074,0.04551088,2.028e-05
622,2.019e-05,1539432000,2.033e-05,1.984e-05,2.032e-05,4892.31604405,0.09798682,2.002e-05
623,1.988e-05,1539439200,2.014e-05,1.988e-05,2.014e-05,972.47390595,0.01947911,2.003e-05
624,1.967e-05,1539446400,1.999e-05,1.967e-05,1.986e-05,38369.21810314,0.76300025,1.988e-05
625,1.967e-05,1539453600,1.984e-05,1.966e-05,1.984e-05,901.7512501,0.0178383,1.978e-05
626,1.991e-05,1539460800,1.991e-05,1.966e-05,1.966e-05,3753.69974138,0.07416244,1.975e-05
627,2.033e-05,1539468000,2.033e-05,1.989e-05,1.991e-05,28845.68937844,0.57491398,1.993e-05
628,2.066e-05,1539475200,2.094e-05,2.033e-05,2.033e-05,27104.65188712,0.55909136,2.062e-05
629,2.029e-05,1539482400,2.049e-05,2.005e-05,2.049e-05,14744.25828887,0.29704421,2.014e-05
630,1.994e-05,1539489600,2.053e-05,1.993e-05,2.029e-05,8474.65964398,0.17296165,2.04e-05
631,1.992e-05,1539496800,2.017e-05,1.992e-05,2.017e-05,6015.35568674,0.12082712,2.008e-05
632,1.989e-05,1539504000,2.031e-05,1.989e-05,1.996e-05,19575.45156785,0.39111379,1.997e-05
633,2.012e-05,1539511200,2.019e-05,1.986e-05,2.006e-05,12828.01577265,0.25600718,1.995e-05
634,1.998e-05,1539518400,2.013e-05,1.98e-05,2.007e-05,10897.13248647,0.21872446,2.007e-05
635,1.998e-05,1539525600,2.01e-05,1.968e-05,2.009e-05,37709.60862389,0.74502044,1.975e-05
636,1.978e-05,1539532800,1.988e-05,1.965e-05,1.973e-05,2253.8356603,0.0444831,1.973e-05
637,1.969e-05,1539540000,1.977e-05,1.969e-05,1.976e-05,3059.36279041,0.0603309,1.972e-05
638,1.968e-05,1539547200,1.989e-05,1.955e-05,1.976e-05,5200.60483145,0.10241308,1.969e-05
639,2.003e-05,1539554400,2.003e-05,1.955e-05,1.969e-05,22515.45351586,0.44262729,1.965e-05
640,1.911e-05,1539561600,1.977e-05,1.89e-05,1.977e-05,126694.37514582,2.40231471,1.896e-05
641,1.892e-05,1539568800,1.911e-05,1.88e-05,1.902e-05,10648.58961775,0.20141825,1.891e-05
642,1.915e-05,1539576000,1.93e-05,1.883e-05,1.892e-05,163986.02987623,3.12915727,1.908e-05
643,1.85e-05,1539583200,1.902e-05,1.772e-05,1.892e-05,211320.76072303,3.88202056,1.837e-05
644,1.864e-05,1539590400,1.864e-05,1.817e-05,1.852e-05,6283.54575429,0.11548238,1.837e-05
645,1.834e-05,1539597600,1.863e-05,1.825e-05,1.836e-05,1877.87310386,0.03462031,1.843e-05
646,1.826e-05,1539604800,1.854e-05,1.825e-05,1.846e-05,13301.35618273,0.2433718,1.829e-05
647,1.828e-05,1539612000,1.853e-05,1.825e-05,1.842e-05,18619.88960863,0.34374115,1.846e-05
648,1.837e-05,1539619200,1.854e-05,1.817e-05,1.854e-05,22043.90869635,0.40269379,1.826e-05
649,1.818e-05,1539626400,1.847e-05,1.818e-05,1.837e-05,10256.69361125,0.18752843,1.828e-05
650,1.841e-05,1539633600,1.853e-05,1.829e-05,1.835e-05,21017.28214202,0.38706867,1.841e-05
651,1.852e-05,1539640800,1.853e-05,1.847e-05,1.847e-05,162.34271414,0.00300289,1.849e-05
652,1.842e-05,1539648000,1.847e-05,1.834e-05,1.847e-05,183.71253752,0.00337867,1.839e-05
653,1.918e-05,1539655200,1.935e-05,1.864e-05,1.864e-05,20632.63130425,0.39465624,1.912e-05
654,1.9e-05,1539662400,1.92e-05,1.893e-05,1.906e-05,10627.7071113,0.20345716,1.914e-05
655,1.868e-05,1539669600,1.897e-05,1.868e-05,1.897e-05,16504.36456759,0.30976051,1.876e-05
656,1.876e-05,1539676800,1.89e-05,1.866e-05,1.879e-05,9030.48623611,0.16972678,1.879e-05
657,1.872e-05,1539684000,1.903e-05,1.872e-05,1.88e-05,6368.70832177,0.12059758,1.893e-05
658,1.881e-05,1539691200,1.881e-05,1.847e-05,1.857e-05,32435.91164133,0.60334614,1.86e-05
659,1.886e-05,1539698400,1.887e-05,1.87e-05,1.881e-05,17030.36920837,0.31964612,1.876e-05
660,1.915e-05,1539705600,1.915e-05,1.873e-05,1.886e-05,8709.02670727,0.16417842,1.885e-05
661,1.898e-05,1539712800,1.921e-05,1.898e-05,1.908e-05,7629.31814282,0.1453955,1.905e-05
662,1.898e-05,1539720000,1.92e-05,1.889e-05,1.917e-05,5028.42163338,0.09564553,1.902e-05
663,1.931e-05,1539727200,1.957e-05,1.901e-05,1.912e-05,6738.91797973,0.1307775,1.94e-05
664,1.954e-05,1539734400,1.975e-05,1.931e-05,1.931e-05,9720.04339038,0.18929137,1.947e-05
665,1.931e-05,1539741600,1.961e-05,1.92e-05,1.923e-05,30137.47854191,0.58353352,1.936e-05
666,1.931e-05,1539748800,1.942e-05,1.92e-05,1.94e-05,9768.03926122,0.18885965,1.933e-05
667,1.931e-05,1539756000,1.959e-05,1.921e-05,1.935e-05,23509.81267715,0.45664997,1.942e-05
668,1.938e-05,1539763200,1.942e-05,1.931e-05,1.931e-05,425.06421324,0.00823663,1.937e-05
669,1.912e-05,1539770400,1.934e-05,1.904e-05,1.934e-05,7186.53874691,0.13774825,1.916e-05
670,1.915e-05,1539777600,1.923e-05,1.903e-05,1.912e-05,12995.96645125,0.2493612,1.918e-05
671,1.924e-05,1539784800,1.946e-05,1.917e-05,1.917e-05,369.34325276,0.00711081,1.925e-05
672,1.923e-05,1539792000,1.929e-05,1.911e-05,1.924e-05,11737.24401824,0.22496635,1.916e-05
673,1.923e-05,1539799200,1.937e-05,1.913e-05,1.924e-05,5876.14635737,0.11344895,1.93e-05
674,1.925e-05,1539806400,1.931e-05,1.913e-05,1.923e-05,20850.05377473,0.40068863,1.921e-05
675,1.923e-05,1539813600,1.932e-05,1.91e-05,1.925e-05,2673.87564801,0.05123756,1.916e-05
676,1.919e-05,1539820800,1.946e-05,1.906e-05,1.923e-05,3303.73948985,0.06315261,1.911e-05
677,1.909e-05,1539828000,1.925e-05,1.905e-05,1.919e-05,15207.54186592,0.29057542,1.91e-05
678,1.914e-05,1539835200,1.922e-05,1.911e-05,1.911e-05,16227.54051345,0.31062446,1.914e-05
679,1.928e-05,1539842400,1.929e-05,1.9e-05,1.913e-05,774.62306808,0.01488813,1.921e-05
680,1.918e-05,1539849600,1.918e-05,1.9e-05,1.91e-05,2840.96630262,0.05399502,1.9e-05
681,1.91e-05,1539856800,1.92e-05,1.899e-05,1.918e-05,2007.37212216,0.0381414,1.9e-05
682,1.894e-05,1539864000,1.918e-05,1.894e-05,1.91e-05,9729.75363832,0.18456489,1.896e-05
683,1.891e-05,1539871200,1.905e-05,1.891e-05,1.905e-05,3835.90855397,0.07265726,1.894e-05
684,1.883e-05,1539878400,1.908e-05,1.881e-05,1.891e-05,4423.94244095,0.08347325,1.886e-05
685,1.884e-05,1539885600,1.889e-05,1.87e-05,1.887e-05,20121.38161109,0.37770309,1.877e-05
686,1.871e-05,1539892800,1.891e-05,1.869e-05,1.886e-05,12735.82437403,0.24019045,1.885e-05
687,1.88e-05,1539900000,1.886e-05,1.869e-05,1.869e-05,4628.6308583,0.08708346,1.881e-05
688,1.875e-05,1539907200,1.901e-05,1.875e-05,1.886e-05,2751.75742662,0.05201266,1.89e-05
689,1.847e-05,1539914400,1.878e-05,1.84e-05,1.875e-05,9833.68498834,0.18194343,1.85e-05
690,1.833e-05,1539921600,1.862e-05,1.833e-05,1.862e-05,6503.22287419,0.11941346,1.836e-05
691,1.787e-05,1539928800,1.841e-05,1.78e-05,1.841e-05,15479.97487395,0.27828099,1.797e-05
692,1.836e-05,1539936000,1.836e-05,1.787e-05,1.787e-05,13754.699482,0.248871,1.809e-05
693,1.825e-05,1539943200,1.836e-05,1.823e-05,1.836e-05,1096.78585036,0.02003258,1.826e-05
694,1.83e-05,1539950400,1.836e-05,1.802e-05,1.835e-05,13592.46466243,0.24837703,1.827e-05
695,1.834e-05,1539957600,1.836e-05,1.822e-05,1.833e-05,18201.78920994,0.33321184,1.83e-05
696,1.829e-05,1539964800,1.845e-05,1.829e-05,1.832e-05,3643.52477825,0.06688352,1.835e-05
697,1.848e-05,1539972000,1.848e-05,1.833e-05,1.834e-05,18910.55067696,0.34681297,1.833e-05
698,1.85e-05,1539979200,1.85e-05,1.848e-05,1.848e-05,1361.737712,0.02519059,1.849e-05
699,1.851e-05,1539986400,1.851e-05,1.841e-05,1.851e-05,62.86947731,0.00116271,1.849e-05
700,1.833e-05,1539993600,1.842e-05,1.833e-05,1.842e-05,654.08759028,0.01201659,1.837e-05
701,1.85e-05,1540000800,1.85e-05,1.84e-05,1.84e-05,815.66214206,0.01504134,1.844e-05
702,1.853e-05,1540008000,1.853e-05,1.84e-05,1.841e-05,6383.86068347,0.11756826,1.841e-05
703,1.861e-05,1540015200,1.861e-05,1.847e-05,1.853e-05,1747.12250842,0.03244476,1.857e-05
704,1.869e-05,1540022400,1.881e-05,1.869e-05,1.869e-05,7575.28708129,0.14210399,1.875e-05
705,1.861e-05,1540029600,1.875e-05,1.856e-05,1.869e-05,22403.29381984,0.4184825,1.867e-05
706,1.866e-05,1540036800,1.867e-05,1.853e-05,1.862e-05,12773.54633652,0.23714708,1.856e-05
707,1.886e-05,1540044000,1.886e-05,1.866e-05,1.866e-05,20715.57688331,0.38969695,1.881e-05
708,1.879e-05,1540051200,1.898e-05,1.879e-05,1.886e-05,1993.71664568,0.03763202,1.887e-05
709,1.91e-05,1540058400,1.91e-05,1.883e-05,1.888e-05,5998.97946809,0.11413807,1.902e-05
710,1.916e-05,1540065600,1.925e-05,1.898e-05,1.898e-05,28604.42939725,0.54977721,1.922e-05
711,1.903e-05,1540072800,1.917e-05,1.898e-05,1.914e-05,3124.66542983,0.05954217,1.905e-05
712,2.072e-05,1540080000,2.072e-05,1.913e-05,1.915e-05,484284.91322894,9.71689125,2.006e-05
713,1.995e-05,1540087200,2.058e-05,1.985e-05,2.051e-05,39177.61614486,0.79383154,2.026e-05
714,1.994e-05,1540094400,2.013e-05,1.981e-05,2.005e-05,2872.78639127,0.05714391,1.989e-05
715,1.954e-05,1540101600,1.99e-05,1.94e-05,1.986e-05,102710.55521435,2.02711521,1.973e-05
716,1.978e-05,1540108800,2.003e-05,1.945e-05,1.945e-05,22596.75009804,0.44821833,1.983e-05
717,1.989e-05,1540116000,2.037e-05,1.984e-05,1.996e-05,55255.00750806,1.10483128,1.999e-05
718,1.959e-05,1540123200,2.017e-05,1.959e-05,1.99e-05,15144.39981831,0.30109208,1.988e-05
719,1.964e-05,1540130400,1.966e-05,1.953e-05,1.96e-05,15437.17641464,0.30256526,1.959e-05
720,1.954e-05,1540137600,1.962e-05,1.951e-05,1.961e-05,1939.53587583,0.03801901,1.96e-05
721,1.947e-05,1540144800,1.975e-05,1.947e-05,1.96e-05,13625.63105733,0.26809052,1.967e-05
722,1.985e-05,1540152000,1.985e-05,1.957e-05,1.957e-05,30058.93275271,0.59008846,1.963e-05
723,1.954e-05,1540159200,1.985e-05,1.944e-05,1.985e-05,9913.18125517,0.19444638,1.961e-05
724,1.924e-05,1540166400,1.944e-05,1.924e-05,1.944e-05,12323.47839487,0.23773483,1.929e-05
725,1.946e-05,1540173600,1.947e-05,1.935e-05,1.935e-05,106.82747227,0.00207,1.937e-05
726,1.979e-05,1540180800,1.99e-05,1.945e-05,1.949e-05,16026.17681845,0.3138907,1.958e-05
727,1.982e-05,1540188000,2.015e-05,1.982e-05,1.992e-05,8756.91891789,0.17495343,1.997e-05
728,1.965e-05,1540195200,1.992e-05,1.965e-05,1.991e-05,5463.68718902,0.10820718,1.98e-05
729,1.96e-05,1540202400,1.971e-05,1.96e-05,1.965e-05,15291.71203898,0.30078468,1.966e-05
730,1.96e-05,1540209600,1.963e-05,1.96e-05,1.961e-05,12276.99972522,0.24085543,1.961e-05
731,1.94e-05,1540216800,1.959e-05,1.938e-05,1.959e-05,7285.51576376,0.1420238,1.949e-05
732,1.938e-05,1540224000,1.955e-05,1.938e-05,1.94e-05,3682.74171273,0.07163779,1.945e-05
733,1.964e-05,1540231200,1.975e-05,1.945e-05,1.945e-05,13931.95960633,0.27391888,1.966e-05
734,1.97e-05,1540238400,1.973e-05,1.954e-05,1.954e-05,1057.36622403,0.02074851,1.962e-05
735,1.96e-05,1540245600,1.978e-05,1.953e-05,1.961e-05,6906.66441524,0.13634111,1.974e-05
736,1.967e-05,1540252800,1.978e-05,1.96e-05,1.96e-05,4501.57087634,0.08859197,1.968e-05
737,1.961e-05,1540260000,1.98e-05,1.951e-05,1.968e-05,50917.47303517,1.00265038,1.969e-05
738,1.994e-05,1540267200,2.01e-05,1.961e-05,1.961e-05,17914.64700148,0.35612267,1.987e-05
739,1.966e-05,1540274400,2.013e-05,1.954e-05,1.997e-05,14116.44927353,0.28064113,1.988e-05
740,1.943e-05,1540281600,1.968e-05,1.943e-05,1.967e-05,6580.79771325,0.12820275,1.948e-05
741,1.918e-05,1540288800,2.026e-05,1.918e-05,1.952e-05,123838.80712408,2.39095353,1.93e-05
742,1.926e-05,1540296000,1.934e-05,1.91e-05,1.928e-05,15495.03967117,0.29686934,1.915e-05
743,1.888e-05,1540303200,1.927e-05,1.877e-05,1.926e-05,28200.11904298,0.53240917,1.887e-05
744,1.906e-05,1540310400,1.916e-05,1.888e-05,1.888e-05,817.94559761,0.01557183,1.903e-05
745,1.91e-05,1540317600,1.91e-05,1.895e-05,1.904e-05,4032.52600872,0.07665343,1.9e-05
746,1.915e-05,1540324800,1.925e-05,1.903e-05,1.91e-05,2067.52631086,0.0396662,1.918e-05
747,1.926e-05,1540332000,1.926e-05,1.893e-05,1.915e-05,1594.98843162,0.03035785,1.903e-05
748,1.918e-05,1540339200,1.918e-05,1.918e-05,1.918e-05,11.25705495,0.00021591,1.918e-05
749,1.898e-05,1540346400,1.919e-05,1.896e-05,1.919e-05,2874.44565751,0.05476054,1.905e-05
750,1.907e-05,1540353600,1.918e-05,1.882e-05,1.898e-05,23271.22694571,0.43907569,1.886e-05
751,1.895e-05,1540360800,1.92e-05,1.895e-05,1.919e-05,11988.61553273,0.22967857,1.915e-05
752,1.895e-05,1540368000,1.904e-05,1.893e-05,1.896e-05,18046.18918901,0.34316191,1.901e-05
753,1.909e-05,1540375200,1.913e-05,1.904e-05,1.904e-05,252.84179818,0.00483002,1.91e-05
754,1.9e-05,1540382400,1.913e-05,1.893e-05,1.913e-05,1101.84565385,0.02095829,1.902e-05
755,1.909e-05,1540389600,1.909e-05,1.901e-05,1.901e-05,3988.64327523,0.07592736,1.903e-05
756,1.896e-05,1540396800,1.902e-05,1.896e-05,1.902e-05,564.50857886,0.01071493,1.898e-05
757,1.903e-05,1540404000,1.903e-05,1.89e-05,1.901e-05,1222.42781235,0.02316013,1.894e-05
758,1.891e-05,1540411200,1.9e-05,1.891e-05,1.9e-05,10558.30475667,0.19970562,1.891e-05
759,1.896e-05,1540418400,1.896e-05,1.882e-05,1.89e-05,18111.44606953,0.3413207,1.884e-05
760,1.869e-05,1540425600,1.896e-05,1.856e-05,1.896e-05,22496.0682396,0.42250649,1.878e-05
761,1.838e-05,1540432800,1.868e-05,1.821e-05,1.868e-05,33125.71619533,0.60547094,1.827e-05
762,1.84e-05,1540440000,1.84e-05,1.831e-05,1.839e-05,5774.52799411,0.10615374,1.838e-05
763,1.85e-05,1540447200,1.85e-05,1.839e-05,1.839e-05,908.15281538,0.0167354,1.842e-05
764,1.843e-05,1540454400,1.858e-05,1.832e-05,1.85e-05,19525.19439182,0.35921042,1.839e-05
765,1.85e-05,1540461600,1.855e-05,1.843e-05,1.843e-05,12271.45212002,0.2269077,1.849e-05
766,1.847e-05,1540468800,1.847e-05,1.847e-05,1.847e-05,6.02831376,0.00011134,1.847e-05
767,1.857e-05,1540476000,1.866e-05,1.845e-05,1.85e-05,6772.34102321,0.12564506,1.855e-05
768,1.838e-05,1540483200,1.857e-05,1.838e-05,1.857e-05,23276.41837878,0.42981392,1.846e-05
769,1.833e-05,1540490400,1.837e-05,1.833e-05,1.837e-05,2000.0,0.0366642,1.833e-05
770,1.846e-05,1540497600,1.846e-05,1.825e-05,1.838e-05,1315.74369203,0.02408904,1.83e-05
771,1.848e-05,1540504800,1.848e-05,1.842e-05,1.842e-05,91.64011375,0.00168841,1.842e-05
772,1.866e-05,1540512000,1.869e-05,1.847e-05,1.847e-05,2373.02389675,0.0442885,1.866e-05
773,1.897e-05,1540519200,1.9e-05,1.866e-05,1.866e-05,9481.40689797,0.17852,1.882e-05
774,1.867e-05,1540526400,1.9e-05,1.867e-05,1.889e-05,1629.91510599,0.03075758,1.887e-05
775,1.841e-05,1540533600,1.875e-05,1.841e-05,1.868e-05,8436.73640923,0.15700235,1.86e-05
776,1.854e-05,1540540800,1.854e-05,1.841e-05,1.843e-05,2355.84472713,0.04339257,1.841e-05
777,1.862e-05,1540548000,1.862e-05,1.854e-05,1.854e-05,4968.73309964,0.09251369,1.861e-05
778,1.877e-05,1540555200,1.877e-05,1.864e-05,1.864e-05,4107.63930259,0.07685057,1.87e-05
779,1.849e-05,1540562400,1.868e-05,1.844e-05,1.868e-05,35849.11614057,0.66148866,1.845e-05
780,1.847e-05,1540569600,1.853e-05,1.835e-05,1.847e-05,18684.11022432,0.34338029,1.837e-05
781,1.848e-05,1540576800,1.848e-05,1.839e-05,1.848e-05,18.57975107,0.00034286,1.845e-05
782,1.839e-05,1540584000,1.839e-05,1.839e-05,1.839e-05,6.0,0.00011034,1.839e-05
783,1.839e-05,1540591200,1.839e-05,1.835e-05,1.839e-05,377.83243034,0.00693428,1.835e-05
784,1.839e-05,1540598400,1.839e-05,1.839e-05,1.839e-05,88.09680924,0.0016201,1.839e-05
785,1.83e-05,1540605600,1.842e-05,1.83e-05,1.839e-05,1703.60848046,0.0312276,1.833e-05
786,1.829e-05,1540612800,1.834e-05,1.829e-05,1.83e-05,5269.57036986,0.09653336,1.831e-05
787,1.825e-05,1540620000,1.833e-05,1.825e-05,1.829e-05,2036.54428513,0.03720627,1.826e-05
788,1.826e-05,1540627200,1.827e-05,1.826e-05,1.827e-05,10.9578544,0.00020014,1.826e-05
789,1.829e-05,1540634400,1.829e-05,1.825e-05,1.826e-05,7238.43737802,0.13213017,1.825e-05
790,1.828e-05,1540641600,1.828e-05,1.825e-05,1.826e-05,738.05546819,0.01347628,1.825e-05
791,1.819e-05,1540648800,1.831e-05,1.795e-05,1.831e-05,31773.61447669,0.57404645,1.806e-05
792,1.834e-05,1540656000,1.834e-05,1.818e-05,1.819e-05,14170.89585528,0.25775807,1.818e-05
793,1.825e-05,1540663200,1.825e-05,1.825e-05,1.825e-05,45.56014757,0.00083147,1.825e-05
794,1.825e-05,1540670400,1.825e-05,1.825e-05,1.825e-05,8.88221498,0.0001621,1.825e-05
795,1.81e-05,1540677600,1.825e-05,1.807e-05,1.825e-05,224.32787356,0.00407223,1.815e-05
796,1.806e-05,1540684800,1.807e-05,1.806e-05,1.807e-05,61.53956835,0.00111146,1.806e-05
797,1.81e-05,1540692000,1.81e-05,1.806e-05,1.81e-05,78.03794474,0.00141159,1.808e-05
798,1.779e-05,1540699200,1.81e-05,1.749e-05,1.81e-05,29206.43067462,0.51556153,1.765e-05
799,1.769e-05,1540706400,1.78e-05,1.769e-05,1.78e-05,12749.75884563,0.2258889,1.771e-05
800,1.777e-05,1540713600,1.781e-05,1.772e-05,1.781e-05,1035.52600244,0.01838266,1.775e-05
801,1.787e-05,1540720800,1.79e-05,1.781e-05,1.781e-05,3003.15786807,0.05369016,1.787e-05
802,1.793e-05,1540728000,1.793e-05,1.789e-05,1.789e-05,9030.56416455,0.16155894,1.789e-05
803,1.847e-05,1540735200,1.847e-05,1.793e-05,1.793e-05,15021.83854476,0.27307487,1.817e-05
804,1.848e-05,1540742400,1.85e-05,1.841e-05,1.846e-05,17060.43377888,0.31528673,1.848e-05
805,1.855e-05,1540749600,1.867e-05,1.85e-05,1.85e-05,10513.9462937,0.19567434,1.861e-05
806,1.85e-05,1540756800,1.855e-05,1.85e-05,1.855e-05,1745.93110459,0.03238582,1.854e-05
807,1.848e-05,1540764000,1.848e-05,1.838e-05,1.846e-05,951.91348687,0.01751576,1.84e-05
808,1.857e-05,1540771200,1.857e-05,1.848e-05,1.848e-05,3189.0,0.05920737,1.856e-05
809,1.827e-05,1540778400,1.846e-05,1.818e-05,1.846e-05,7070.85790453,0.12970878,1.834e-05
810,1.807e-05,1540785600,1.827e-05,1.797e-05,1.818e-05,11157.58741354,0.20143362,1.805e-05
811,1.807e-05,1540792800,1.811e-05,1.797e-05,1.808e-05,938.38290334,0.01687321,1.798e-05
812,1.811e-05,1540800000,1.821e-05,1.807e-05,1.807e-05,5585.78044619,0.10166172,1.82e-05
813,1.799e-05,1540807200,1.813e-05,1.798e-05,1.813e-05,12220.21518662,0.22091982,1.807e-05
814,1.729e-05,1540814400,1.798e-05,1.729e-05,1.798e-05,42919.11024266,0.75677589,1.763e-05
815,1.741e-05,1540821600,1.741e-05,1.731e-05,1.74e-05,3431.30220934,0.05942757,1.731e-05
816,1.753e-05,1540828800,1.768e-05,1.75e-05,1.75e-05,1720.65679823,0.0301918,1.754e-05
817,1.753e-05,1540836000,1.753e-05,1.753e-05,1.753e-05,0.0,0.0,1.753e-05
818,1.746e-05,1540843200,1.768e-05,1.746e-05,1.759e-05,593.57992716,0.01036779,1.746e-05
819,1.745e-05,1540850400,1.759e-05,1.741e-05,1.746e-05,2570.08769321,0.04487532,1.746e-05
820,1.75e-05,1540857600,1.75e-05,1.75e-05,1.75e-05,2357.79942858,0.04126149,1.75e-05
821,1.75e-05,1540864800,1.754e-05,1.738e-05,1.754e-05,1009.62422566,0.01754973,1.738e-05
822,1.747e-05,1540872000,1.748e-05,1.747e-05,1.748e-05,3068.0,0.05360369,1.747e-05
823,1.799e-05,1540879200,1.799e-05,1.749e-05,1.749e-05,20798.03129738,0.37391364,1.797e-05
824,1.795e-05,1540886400,1.8e-05,1.77e-05,1.799e-05,78235.60693791,1.40765092,1.799e-05
825,1.769e-05,1540893600,1.788e-05,1.769e-05,1.787e-05,807.45983234,0.01435195,1.777e-05
826,1.792e-05,1540900800,1.8e-05,1.777e-05,1.782e-05,3091.81429107,0.05548161,1.794e-05
827,1.811e-05,1540908000,1.812e-05,1.798e-05,1.798e-05,26277.82959413,0.47540975,1.809e-05
828,1.815e-05,1540915200,1.815e-05,1.805e-05,1.812e-05,6878.54842728,0.12436805,1.808e-05
829,1.816e-05,1540922400,1.818e-05,1.807e-05,1.816e-05,787.41133489,0.01424772,1.809e-05
830,1.799e-05,1540929600,1.819e-05,1.799e-05,1.809e-05,27883.3244342,0.50315381,1.804e-05
831,1.807e-05,1540936800,1.816e-05,1.799e-05,1.813e-05,2315.92458856,0.04178247,1.804e-05
832,1.821e-05,1540944000,1.821e-05,1.816e-05,1.816e-05,6174.0,0.11242418,1.82e-05
833,1.834e-05,1540951200,1.835e-05,1.821e-05,1.821e-05,7880.94767163,0.14432617,1.831e-05
834,1.841e-05,1540958400,1.864e-05,1.835e-05,1.835e-05,5907.77687675,0.10993435,1.86e-05
835,1.831e-05,1540965600,1.841e-05,1.831e-05,1.841e-05,7764.69704866,0.14219797,1.831e-05
836,1.853e-05,1540972800,1.853e-05,1.829e-05,1.829e-05,2979.39116449,0.05469636,1.835e-05
837,1.862e-05,1540980000,1.885e-05,1.844e-05,1.856e-05,38892.94411514,0.73047039,1.878e-05
838,1.85e-05,1540987200,1.886e-05,1.837e-05,1.854e-05,11310.64371641,0.20960885,1.853e-05
839,1.834e-05,1540994400,1.849e-05,1.804e-05,1.849e-05,7383.31790268,0.13379856,1.812e-05
840,1.839e-05,1541001600,1.848e-05,1.834e-05,1.834e-05,1924.44947644,0.0355089,1.845e-05
841,1.831e-05,1541008800,1.848e-05,1.831e-05,1.848e-05,6023.56266881,0.11130738,1.847e-05
842,1.848e-05,1541016000,1.869e-05,1.829e-05,1.839e-05,17067.4983033,0.31662284,1.855e-05
843,1.844e-05,1541023200,1.847e-05,1.844e-05,1.847e-05,34.94980886,0.00064507,1.845e-05
844,1.856e-05,1541030400,1.856e-05,1.855e-05,1.855e-05,68.84825028,0.00127752,1.855e-05
845,1.845e-05,1541037600,1.856e-05,1.845e-05,1.856e-05,5911.06324529,0.10970867,1.855e-05
846,1.856e-05,1541044800,1.856e-05,1.841e-05,1.856e-05,53.66552273,0.00099394,1.852e-05
847,1.845e-05,1541052000,1.856e-05,1.845e-05,1.856e-05,47.97212066,0.0008897,1.854e-05
848,1.863e-05,1541059200,1.863e-05,1.841e-05,1.841e-05,1126.5363233,0.02091729,1.856e-05
849,1.867e-05,1541066400,1.876e-05,1.863e-05,1.863e-05,9649.09177842,0.18015314,1.867e-05
850,1.891e-05,1541073600,1.914e-05,1.867e-05,1.867e-05,22054.81383377,0.41523949,1.882e-05
851,1.866e-05,1541080800,1.898e-05,1.866e-05,1.89e-05,11299.28874527,0.21264776,1.881e-05
852,1.869e-05,1541088000,1.869e-05,1.869e-05,1.869e-05,50.0,0.0009345,1.869e-05
853,1.867e-05,1541095200,1.872e-05,1.858e-05,1.872e-05,1133.63764953,0.02121504,1.871e-05
854,1.84e-05,1541102400,1.854e-05,1.84e-05,1.854e-05,16710.63063001,0.30815298,1.844e-05
855,1.862e-05,1541109600,1.862e-05,1.85e-05,1.85e-05,167.94563149,0.00312497,1.86e-05
856,1.854e-05,1541116800,1.865e-05,1.854e-05,1.863e-05,346.77057206,0.00646303,1.863e-05
857,1.831e-05,1541124000,1.846e-05,1.831e-05,1.846e-05,19806.32643837,0.36290786,1.832e-05
858,1.835e-05,1541131200,1.837e-05,1.831e-05,1.831e-05,104.25648724,0.00191201,1.833e-05
859,1.836e-05,1541138400,1.836e-05,1.836e-05,1.836e-05,89.63373277,0.00164567,1.836e-05
860,1.835e-05,1541145600,1.837e-05,1.825e-05,1.836e-05,287.98104505,0.00528038,1.833e-05
861,1.835e-05,1541152800,1.835e-05,1.835e-05,1.835e-05,100.0,0.001835,1.835e-05
862,1.845e-05,1541160000,1.868e-05,1.833e-05,1.84e-05,37768.72743321,0.69845149,1.849e-05
863,1.838e-05,1541167200,1.852e-05,1.822e-05,1.845e-05,278180.67493039,5.13516764,1.845e-05
864,1.804e-05,1541174400,1.83e-05,1.804e-05,1.827e-05,5898.49815383,0.1070411,1.814e-05
865,1.795e-05,1541181600,1.819e-05,1.79e-05,1.812e-05,9089.82425977,0.16368283,1.8e-05
866,1.79e-05,1541188800,1.798e-05,1.771e-05,1.797e-05,13936.5031936,0.24722144,1.773e-05
867,1.813e-05,1541196000,1.815e-05,1.793e-05,1.798e-05,106286.63623643,1.92643375,1.812e-05
868,1.813e-05,1541203200,1.814e-05,1.804e-05,1.813e-05,134418.26814249,2.43661939,1.812e-05
869,1.807e-05,1541210400,1.807e-05,1.791e-05,1.804e-05,546.97102593,0.00982955,1.797e-05
870,1.796e-05,1541217600,1.807e-05,1.783e-05,1.807e-05,20959.55845203,0.37374989,1.783e-05
871,1.793e-05,1541224800,1.802e-05,1.793e-05,1.8e-05,3113.38489456,0.05609602,1.801e-05
872,1.798e-05,1541232000,1.809e-05,1.793e-05,1.802e-05,2190.23838618,0.03943128,1.8e-05
873,1.797e-05,1541239200,1.799e-05,1.79e-05,1.796e-05,1084.43335457,0.01948659,1.796e-05
874,1.795e-05,1541246400,1.801e-05,1.782e-05,1.801e-05,5670.71412529,0.10147544,1.789e-05
875,1.784e-05,1541253600,1.788e-05,1.771e-05,1.788e-05,3476.26356529,0.06172781,1.775e-05
876,1.781e-05,1541260800,1.785e-05,1.77e-05,1.785e-05,1378.61319801,0.02454286,1.78e-05
877,1.764e-05,1541268000,1.787e-05,1.75e-05,1.781e-05,20165.12678312,0.35587571,1.764e-05
878,1.769e-05,1541275200,1.769e-05,1.743e-05,1.754e-05,13296.20387958,0.23259944,1.749e-05
879,1.771e-05,1541282400,1.771e-05,1.754e-05,1.762e-05,3451.69916816,0.06063085,1.756e-05
880,1.763e-05,1541289600,1.776e-05,1.748e-05,1.774e-05,12586.45610024,0.22338454,1.774e-05
881,1.749e-05,1541296800,1.754e-05,1.741e-05,1.754e-05,75420.05782109,1.31363404,1.741e-05
882,1.745e-05,1541304000,1.75e-05,1.736e-05,1.742e-05,26138.20751783,0.45531544,1.741e-05
883,1.751e-05,1541311200,1.751e-05,1.75e-05,1.75e-05,3804.46682385,0.06658519,1.75e-05
884,1.74e-05,1541318400,1.741e-05,1.735e-05,1.741e-05,708.17657769,0.01229208,1.735e-05
885,1.741e-05,1541325600,1.741e-05,1.731e-05,1.74e-05,61356.71565586,1.06458678,1.735e-05
886,1.731e-05,1541332800,1.761e-05,1.731e-05,1.745e-05,190151.67225364,3.30669393,1.738e-05
887,1.727e-05,1541340000,1.74e-05,1.727e-05,1.729e-05,14472.41556787,0.25009103,1.728e-05
888,1.714e-05,1541347200,1.74e-05,1.7e-05,1.74e-05,33862.62694906,0.58141613,1.716e-05
889,1.74e-05,1541354400,1.749e-05,1.72e-05,1.72e-05,6785.73262707,0.11752071,1.731e-05
890,1.73e-05,1541361600,1.741e-05,1.724e-05,1.741e-05,1772.42077599,0.03068944,1.731e-05
891,1.737e-05,1541368800,1.737e-05,1.736e-05,1.736e-05,17.91610461,0.00031113,1.736e-05
892,1.731e-05,1541376000,1.734e-05,1.719e-05,1.728e-05,2830.71325619,0.04873358,1.721e-05
893,1.752e-05,1541383200,1.757e-05,1.732e-05,1.732e-05,4135.40128583,0.07250582,1.753e-05
894,1.769e-05,1541390400,1.773e-05,1.758e-05,1.758e-05,3637.27688608,0.06430833,1.768e-05
895,1.746e-05,1541397600,1.768e-05,1.746e-05,1.768e-05,3584.16436338,0.06326514,1.765e-05
896,1.738e-05,1541404800,1.745e-05,1.738e-05,1.745e-05,68.53046495,0.00119364,1.741e-05
897,1.731e-05,1541412000,1.737e-05,1.723e-05,1.736e-05,3955.54459841,0.06829956,1.726e-05
898,1.718e-05,1541419200,1.73e-05,1.718e-05,1.73e-05,2969.89826592,0.05104367,1.718e-05
899,1.726e-05,1541426400,1.726e-05,1.716e-05,1.716e-05,92.70173652,0.0015916,1.716e-05
900,1.714e-05,1541433600,1.719e-05,1.7e-05,1.715e-05,2190.52059823,0.03750179,1.712e-05
901,1.716e-05,1541440800,1.716e-05,1.705e-05,1.705e-05,8457.75272452,0.14509799,1.715e-05
902,1.721e-05,1541448000,1.721e-05,1.72e-05,1.72e-05,14.00836452,0.00024101,1.72e-05
903,1.727e-05,1541455200,1.746e-05,1.715e-05,1.72e-05,16609.4016178,0.2859963,1.721e-05
904,1.714e-05,1541462400,1.728e-05,1.714e-05,1.717e-05,523.83784109,0.00901188,1.72e-05
905,1.693e-05,1541469600,1.711e-05,1.693e-05,1.711e-05,6860.71173397,0.11717288,1.707e-05
906,1.69e-05,1541476800,1.702e-05,1.69e-05,1.702e-05,167.38974863,0.00283,1.69e-05
907,1.704e-05,1541484000,1.704e-05,1.687e-05,1.69e-05,2238.96789369,0.03781404,1.688e-05
908,1.681e-05,1541491200,1.702e-05,1.674e-05,1.702e-05,24330.04051452,0.40767981,1.675e-05
909,1.662e-05,1541498400,1.687e-05,1.653e-05,1.679e-05,8191.65172819,0.13557944,1.655e-05
910,1.687e-05,1541505600,1.699e-05,1.646e-05,1.661e-05,11283.11436551,0.18729968,1.659e-05
911,1.687e-05,1541512800,1.687e-05,1.666e-05,1.687e-05,11853.62194416,0.19812813,1.671e-05
912,1.699e-05,1541520000,1.699e-05,1.69e-05,1.69e-05,2980.91053684,0.05064447,1.698e-05
913,1.712e-05,1541527200,1.721e-05,1.699e-05,1.699e-05,4030.58134626,0.06894765,1.71e-05
914,1.73e-05,1541534400,1.734e-05,1.713e-05,1.713e-05,646.18942649,0.01117531,1.729e-05
915,1.74e-05,1541541600,1.768e-05,1.716e-05,1.717e-05,14091.68098245,0.24525444,1.74e-05
916,1.696e-05,1541548800,1.751e-05,1.696e-05,1.727e-05,9162.38985891,0.15750136,1.718e-05
917,1.688e-05,1541556000,1.704e-05,1.685e-05,1.696e-05,1213.29253802,0.02062339,1.699e-05
918,1.688e-05,1541563200,1.696e-05,1.685e-05,1.692e-05,2935.10426147,0.04962167,1.69e-05
919,1.708e-05,1541570400,1.736e-05,1.695e-05,1.695e-05,180.19805306,0.00308285,1.71e-05
920,1.736e-05,1541577600,1.744e-05,1.717e-05,1.717e-05,352.30482184,0.00610277,1.732e-05
921,1.709e-05,1541584800,1.739e-05,1.709e-05,1.735e-05,1169.21872938,0.02029239,1.735e-05
922,1.719e-05,1541592000,1.719e-05,1.699e-05,1.709e-05,6695.43663302,0.11488109,1.715e-05
923,1.745e-05,1541599200,1.755e-05,1.72e-05,1.72e-05,4769.09205841,0.08294045,1.739e-05
924,1.754e-05,1541606400,1.764e-05,1.744e-05,1.744e-05,1627.82533503,0.02846277,1.748e-05
925,1.759e-05,1541613600,1.759e-05,1.747e-05,1.754e-05,1006.80691816,0.01761053,1.749e-05
926,1.747e-05,1541620800,1.763e-05,1.747e-05,1.763e-05,6067.16383271,0.10627828,1.751e-05
927,1.775e-05,1541628000,1.775e-05,1.746e-05,1.747e-05,335.06740502,0.00590625,1.762e-05
928,1.764e-05,1541635200,1.775e-05,1.755e-05,1.775e-05,1179.81158075,0.0208155,1.764e-05
929,1.72e-05,1541642400,1.764e-05,1.711e-05,1.764e-05,13968.44639817,0.24164552,1.729e-05
930,1.75e-05,1541649600,1.752e-05,1.723e-05,1.723e-05,1908.80866162,0.03323348,1.741e-05
931,1.742e-05,1541656800,1.752e-05,1.736e-05,1.75e-05,1491.94092308,0.0259873,1.741e-05
932,1.719e-05,1541664000,1.75e-05,1.718e-05,1.75e-05,4485.27486383,0.07727902,1.722e-05
933,1.72e-05,1541671200,1.728e-05,1.71e-05,1.726e-05,5872.6258592,0.10045592,1.71e-05
934,1.728e-05,1541678400,1.747e-05,1.72e-05,1.72e-05,5844.53442408,0.10160892,1.738e-05
935,1.72e-05,1541685600,1.745e-05,1.72e-05,1.725e-05,4733.58465996,0.08211458,1.734e-05
936,1.736e-05,1541692800,1.75e-05,1.72e-05,1.72e-05,38570.99131019,0.6681021,1.732e-05
937,1.741e-05,1541700000,1.741e-05,1.725e-05,1.735e-05,2510.23966371,0.04341267,1.729e-05
938,1.745e-05,1541707200,1.755e-05,1.741e-05,1.741e-05,9098.54966585,0.1591697,1.749e-05
939,1.75e-05,1541714400,1.752e-05,1.744e-05,1.744e-05,1346.62704876,0.02356603,1.75e-05
940,1.739e-05,1541721600,1.756e-05,1.735e-05,1.753e-05,291.84874376,0.00508033,1.74e-05
941,1.768e-05,1541728800,1.781e-05,1.744e-05,1.744e-05,16205.11130002,0.2857636,1.763e-05
942,1.783e-05,1541736000,1.793e-05,1.779e-05,1.779e-05,5452.43104245,0.09731893,1.784e-05
943,1.767e-05,1541743200,1.788e-05,1.767e-05,1.781e-05,10139.30091654,0.17945586,1.769e-05
944,1.753e-05,1541750400,1.783e-05,1.739e-05,1.769e-05,13131.49450327,0.2308841,1.758e-05
945,1.755e-05,1541757600,1.765e-05,1.744e-05,1.756e-05,14552.29503055,0.25525927,1.754e-05
946,1.773e-05,1541764800,1.779e-05,1.762e-05,1.762e-05,28516.04681909,0.50573117,1.773e-05
947,1.74e-05,1541772000,1.76e-05,1.734e-05,1.76e-05,13939.63046779,0.24259116,1.74e-05
948,1.745e-05,1541779200,1.756e-05,1.73e-05,1.752e-05,3235.07994288,0.05638739,1.742e-05
949,1.736e-05,1541786400,1.754e-05,1.736e-05,1.752e-05,1273.93326767,0.02218707,1.741e-05
950,1.736e-05,1541793600,1.736e-05,1.736e-05,1.736e-05,0.0,0.0,1.736e-05
951,1.746e-05,1541800800,1.752e-05,1.734e-05,1.746e-05,5098.0411688,0.08897991,1.745e-05
952,1.746e-05,1541808000,1.747e-05,1.746e-05,1.746e-05,15682.06633802,0.27381061,1.746e-05
953,1.73e-05,1541815200,1.746e-05,1.73e-05,1.746e-05,43159.45770181,0.7469878,1.73e-05
954,1.746e-05,1541822400,1.746e-05,1.74e-05,1.74e-05,5003.9421952,0.08713832,1.741e-05
955,1.735e-05,1541829600,1.75e-05,1.735e-05,1.747e-05,10935.00659743,0.19086915,1.745e-05
956,1.733e-05,1541836800,1.734e-05,1.732e-05,1.734e-05,803.59585206,0.01392932,1.733e-05
957,1.725e-05,1541844000,1.732e-05,1.709e-05,1.732e-05,28908.92883387,0.49431325,1.709e-05
958,1.735e-05,1541851200,1.735e-05,1.726e-05,1.731e-05,1411.47061757,0.02444336,1.731e-05
959,1.734e-05,1541858400,1.744e-05,1.729e-05,1.737e-05,9419.02379518,0.16296388,1.73e-05
960,1.734e-05,1541865600,1.734e-05,1.734e-05,1.734e-05,0.0,0.0,1.734e-05
961,1.726e-05,1541872800,1.734e-05,1.726e-05,1.734e-05,8422.70823778,0.14538011,1.726e-05
962,1.735e-05,1541880000,1.735e-05,1.733e-05,1.733e-05,34.73878615,0.00060221,1.733e-05
963,1.735e-05,1541887200,1.735e-05,1.735e-05,1.735e-05,23.76078617,0.00041224,1.735e-05
964,1.735e-05,1541894400,1.735e-05,1.728e-05,1.728e-05,3720.62385229,0.06449204,1.733e-05
965,1.727e-05,1541901600,1.729e-05,1.727e-05,1.729e-05,449.60372686,0.00776895,1.727e-05
966,1.717e-05,1541908800,1.723e-05,1.717e-05,1.723e-05,660.68072508,0.01134493,1.717e-05
967,1.702e-05,1541916000,1.715e-05,1.699e-05,1.715e-05,4763.50422292,0.08121693,1.704e-05
968,1.7e-05,1541923200,1.708e-05,1.7e-05,1.702e-05,1969.3674706,0.03349756,1.7e-05
969,1.695e-05,1541930400,1.705e-05,1.694e-05,1.705e-05,315.46752835,0.00536619,1.701e-05
970,1.77e-05,1541937600,1.841e-05,1.705e-05,1.705e-05,116526.16619841,2.10157292,1.803e-05
971,1.762e-05,1541944800,1.767e-05,1.761e-05,1.767e-05,1682.20119087,0.02962907,1.761e-05
