,close,date,high,low,open,quoteVolume,volume,weightedAverage,avg_vol_3,avg_vol_13,avg_vol_34,avg_close_3,avg_close_13,avg_close_34
0,0.0001999,1539964800,0.0002084,0.00019323,0.0002084,5147.02856685,1.0292492,0.00019996,0.0,0.0,0.0,0.0,0.0,0.0
1,0.0001999,1539972000,0.00019991,0.000195,0.00019891,6145.7142971,1.22557012,0.00019941,0.0,0.0,0.0,0.0,0.0,0.0
2,0.0001998,1539979200,0.00019986,0.00019894,0.0001995,548.29224803,0.10951449,0.00019973,0.78811127,0.0,0.0,0.00019986666666666668,0.0,0.0
3,0.00019982,1539986400,0.00019982,0.00019894,0.00019894,834.40746459,0.16663843,0.0001997,0.5005743466666667,0.0,0.0,0.00019983999999999998,0.0,0.0
4,0.00019742,1539993600,0.00019985,0.000195,0.00019982,5871.0388574,1.14712942,0.00019538,0.4744274466666667,0.0,0.0,0.00019901333333333332,0.0,0.0
5,0.00019761,1540000800,0.00019761,0.00019761,0.00019761,444.94113669,0.08792481,0.00019761,0.46723088666666673,0.0,0.0,0.00019828333333333332,0.0,0.0
6,0.00019761,1540008000,0.00019761,0.00019507,0.0001976,927.3096143,0.1831492,0.0001975,0.47273447666666674,0.0,0.0,0.00019754666666666666,0.0,0.0
7,0.00019761,1540015200,0.00019761,0.00019761,0.00019761,346.69085571,0.06850957,0.00019761,0.11319452666666674,0.0,0.0,0.00019760999999999997,0.0,0.0
8,0.00019993,1540022400,0.00020821,0.00019761,0.00019761,752.0609406,0.14935722,0.00019859,0.13367199666666674,0.0,0.0,0.0001983833333333333,0.0,0.0
9,0.00020099,1540029600,0.0002045,0.00019728,0.00020041,6028.37567132,1.20238062,0.00019945,0.4734158033333335,0.0,0.0,0.00019950999999999997,0.0,0.0
10,0.00020393,1540036800,0.00020407,0.00019801,0.00020099,1961.64588532,0.39768017,0.00020272,0.5831393366666668,0.0,0.0,0.00020161666666666662,0.0,0.0
11,0.0002037,1540044000,0.00020385,0.00020061,0.00020141,289.0787201,0.05845661,0.00020221,0.5528391333333335,0.0,0.0,0.0002028733333333333,0.0,0.0
12,0.0001975,1540051200,0.00020729,0.0001975,0.00020132,663.72733967,0.13459339,0.00020278,0.19691005666666683,0.458473326923077,0.0,0.00020171,0.00019967076923076924,0.0
13,0.00020051,1540058400,0.00020306,0.00019826,0.0001995,503.35227322,0.10106603,0.00020078,0.09803867666666684,0.38707462153846167,0.0,0.00020056999999999996,0.00019971769230769235,0.0
14,0.000198,1540065600,0.00021239,0.00019729,0.0002,810.14762862,0.16628806,0.00020525,0.13398249333333348,0.3055913861538463,0.0,0.00019866999999999997,0.0001995715384615385,0.0
15,0.00020135,1540072800,0.00020212,0.00020134,0.00020212,54.41360998,0.01095718,0.00020136,0.09277042333333348,0.29801005461538477,0.0,0.0001999533333333333,0.00019969076923076926,0.0
16,0.00020058,1540080000,0.00020307,0.00019728,0.00020307,1076.41108592,0.21345047,0.00019829,0.13023190333333348,0.30161098076923093,0.0,0.00019997666666666665,0.0001997492307692308,0.0
17,0.00020246,1540087200,0.00020476,0.00020065,0.00020445,1333.90064186,0.27132768,0.0002034,0.1652451100000002,0.23424161615384628,0.0,0.00020146333333333333,0.00020013692307692315,0.0
18,0.00020519,1540094400,0.00020519,0.00020245,0.00020476,201.38098036,0.04113211,0.00020425,0.1753034200000002,0.23064217769230783,0.0,0.00020274333333333337,0.0002007200000000001,0.0
19,0.0002043,1540101600,0.0002043,0.00020245,0.00020246,588.98264482,0.11925766,0.00020248,0.14390581666666688,0.225727443846154,0.0,0.00020398333333333338,0.00020123461538461548,0.0
20,0.0002,1540108800,0.0002043,0.00019999,0.0002043,367.34904123,0.07379325,0.00020088,0.07806100666666688,0.22613388076923094,0.0,0.00020316333333333337,0.00020141846153846164,0.0
21,0.0002013,1540116000,0.00020131,0.0002,0.00020098,245.93550864,0.04946797,0.00020114,0.08083962666666687,0.21845009230769244,0.0,0.00020186666666666665,0.00020152384615384626,0.0
22,0.00020144,1540123200,0.00020144,0.00020144,0.00020144,102.53885509,0.02065542,0.00020144,0.047972213333333534,0.127548153846154,0.0,0.0002009133333333333,0.00020155846153846168,0.0
23,0.00019999,1540130400,0.00020098,0.00019753,0.0002,324.63787132,0.06476018,0.00019948,0.0449611900000002,0.10193892384615398,0.0,0.00020091,0.00020125538461538474,0.0
24,0.00019998,1540137600,0.00019998,0.00019901,0.00019901,93.66702779,0.01868689,0.0001995,0.0347008300000002,0.09887971461538475,0.0,0.00020047,0.0002009692307692309,0.0
25,0.00020063,1540144800,0.00020063,0.00019815,0.000199,477.36754614,0.09467763,0.00019833,0.0593749000000002,0.09580927153846168,0.0,0.00020020000000000001,0.00020121000000000011,0.0
26,0.00020138,1540152000,0.00020196,0.00019854,0.00019854,404.26417025,0.0813166,0.00020114,0.06489370666666687,0.09429008461538477,0.0,0.0002006633333333334,0.00020127692307692318,0.0
27,0.00020138,1540159200,0.00020138,0.00020138,0.00020138,0.0,0.0,0.00020138,0.058664743333333526,0.08149869538461553,0.0,0.00020113000000000007,0.0002015369230769232,0.0
28,0.00019756,1540166400,0.00019802,0.00019742,0.00019802,384.59454392,0.07600408,0.00019762,0.05244022666666687,0.08650230307692322,0.0,0.0002001066666666667,0.00020124538461538475,0.0
29,0.0002,1540173600,0.0002,0.00019784,0.00019796,109.70896905,0.02172351,0.00019801,0.03257586333333353,0.07175407538461553,0.0,0.0001996466666666667,0.00020120076923076937,0.0
30,0.00019742,1540180800,0.00020062,0.00019742,0.00019971,1495.6158288,0.29533497,0.00019746,0.13102085333333352,0.07360079000000017,0.0,0.0001983266666666667,0.00020081307692307703,0.0
31,0.00019742,1540188000,0.00019742,0.00019742,0.00019742,0.0,0.0,0.00019742,0.1056861600000002,0.0704367815384617,0.0,0.00019828000000000003,0.0002002153846153847,0.0
32,0.00019742,1540195200,0.00019742,0.00019742,0.00019742,0.0,0.0,0.00019742,0.09844499000000019,0.06126311538461555,0.0,0.00019742000000000004,0.0001996861538461539,0.0
33,0.00019521,1540202400,0.00020553,0.00019521,0.00019742,2388.63224553,0.47634706,0.00019942,0.15878235333333354,0.09222879307692324,0.2398941176470588,0.0001966833333333334,0.00019931769230769234,0.00019997764705882354
34,0.000197,1540209600,0.00019928,0.00019562,0.00019927,292.22004659,0.0578481,0.00019796,0.17806505333333353,0.09287341846153861,0.2113234970588235,0.00019654333333333338,0.00019898692307692312,0.0001998923529411765
35,0.00019898,1540216800,0.00020098,0.00019739,0.00019739,57.22672828,0.01138759,0.00019899,0.18186091666666684,0.09216050846153861,0.1756122461764706,0.00019706333333333338,0.00019879769230769236,0.00019986529411764706
36,0.00019638,1540224000,0.00019964,0.00019638,0.00019964,20.55155208,0.00406529,0.0001978,0.02443366000000019,0.08749167076923094,0.17251079911764705,0.00019745333333333337,0.00019852000000000004,0.00019976470588235296
37,0.00019847,1540231200,0.00020068,0.00019847,0.00019847,56.34937395,0.01121276,0.00019898,0.008888546666666858,0.08691673769230787,0.16793945588235296,0.00019794333333333336,0.00019840384615384623,0.00019972500000000002
38,0.000198,1540238400,0.00019949,0.00019602,0.00019948,564.38516343,0.11183157,0.00019814,0.04236987333333353,0.08823627153846171,0.13748951911764706,0.0001976166666666667,0.00019820153846153852,0.00019974205882352942
39,0.00019607,1540245600,0.00019961,0.00019604,0.00019961,161.99595593,0.03205113,0.00019785,0.051698486666666855,0.08444662000000017,0.1358461755882353,0.00019751333333333337,0.00019779307692307697,0.00019969676470588235
40,0.00019739,1540252800,0.0001975,0.00019739,0.0001975,33.46180447,0.00660826,0.00019748,0.05016365333333353,0.08495494769230785,0.13065379500000002,0.0001971533333333334,0.0001974861538461539,0.00019969029411764707
41,0.00019739,1540260000,0.00019854,0.00019739,0.00019739,145.0611306,0.02868515,0.00019774,0.022448180000000192,0.08131503000000016,0.1294824885294118,0.00019695000000000007,0.00019747307692307697,0.0001996838235294118
42,0.00019602,1540267200,0.00019827,0.00019602,0.00019603,253.80608278,0.0499712,0.00019688,0.02842153666666686,0.0834879292307694,0.12655937029411768,0.0001969333333333334,0.00019716692307692311,0.00019956882352941178
43,0.0001952,1540274400,0.00019827,0.0001952,0.00019827,252.7578789,0.05007019,0.00019809,0.04290884666666686,0.06462140769230787,0.09266788705882356,0.0001962033333333334,0.0001969961538461539,0.00019939852941176474
44,0.00019728,1540281600,0.00019808,0.00019211,0.00019584,245.23501321,0.04767196,0.00019439,0.04923778333333353,0.06828848153846172,0.0823735279411765,0.00019616666666666673,0.0001969853846153847,0.00019920294117647063
45,0.00019624,1540288800,0.00019624,0.00019624,0.00019624,8.20540311,0.00161022,0.00019624,0.03311745666666686,0.0684123446153848,0.08070157529411769,0.00019624000000000006,0.00019689461538461547,0.00019898352941176477
46,0.00019323,1540296000,0.00019775,0.00019323,0.00019763,573.91531215,0.11268207,0.00019633,0.05398808333333353,0.040438114615384796,0.08005712470588239,0.0001955833333333334,0.00019674230769230777,0.00019885794117647065
47,0.00019734,1540303200,0.00019734,0.0001955,0.0001955,54.21996484,0.01060186,0.00019553,0.04163138333333353,0.03680378846153864,0.07739641382352944,0.00019560333333333338,0.0001967684615384616,0.00019876470588235299
48,0.00019591,1540310400,0.00019733,0.00019591,0.00019733,93.19194792,0.0182653,0.00019599,0.04718307666666686,0.03733284307692326,0.07304280323529415,0.00019549333333333338,0.00019653230769230777,0.00019870323529411768
49,0.000197,1540317600,0.000197,0.00019609,0.000197,191.94711097,0.037811,0.00019698,0.022226053333333523,0.0399286669230771,0.07383262147058826,0.00019675000000000007,0.00019658000000000007,0.00019857529411764708
50,0.00019301,1540324800,0.0001987,0.00019301,0.000197,1945.30835525,0.38131917,0.00019601,0.14579849000000017,0.06839839076923095,0.0787699361764706,0.00019530666666666674,0.00019616000000000007,0.00019835264705882357
51,0.00019897,1540332000,0.0002,0.00019596,0.00019596,307.05460495,0.06125134,0.00019948,0.16012717000000018,0.06450760384615403,0.07259122029411766,0.00019632666666666675,0.0001962346153846155,0.00019825000000000005
52,0.00019615,1540339200,0.0001994,0.00019595,0.0001994,75.69118572,0.01489875,0.00019683,0.1524897533333335,0.06318819000000017,0.07181965088235295,0.0001960433333333334,0.00019624076923076934,0.00019798411764705888
53,0.00019615,1540346400,0.00019615,0.00019615,0.00019615,0.0,0.0,0.00019615,0.02538336333333352,0.06267986230769249,0.06831207264705884,0.00019709000000000005,0.0001961453846153847,0.00019774441176470593
54,0.00019492,1540353600,0.00019492,0.00019492,0.00019492,19.96,0.0038906,0.00019492,0.00626311666666685,0.0607725892307694,0.06625611235294118,0.00019574000000000005,0.0001959553846153847,0.00019759500000000006
55,0.00019492,1540360800,0.00019492,0.00019492,0.00019492,0.0,0.0,0.00019492,0.0012968666666668502,0.05692865076923093,0.06480117205882355,0.00019533000000000007,0.0001958707692307693,0.00019740735294117656
56,0.00019492,1540368000,0.00019492,0.00019492,0.00019492,0.0,0.0,0.00019492,0.0012968666666668502,0.053077097692307854,0.06419365970588237,0.0001949200000000001,0.00019584923076923085,0.0001972155882352942
57,0.00019765,1540375200,0.00019765,0.00019765,0.00019765,40.51188885,0.00800717,0.00019765,0.0026690566666668497,0.05002596000000016,0.06252445352941177,0.0001958300000000001,0.00019587769230769238,0.00019714676470588245
58,0.0001993,1540382400,0.00020002,0.0001993,0.0001993,22.54739973,0.00449472,0.00019934,0.00416729666666685,0.05024784461538478,0.062107036764705886,0.0001972900000000001,0.00019611307692307702,0.00019712676470588246
59,0.0001993,1540389600,0.00020002,0.0001993,0.0001993,33.36753239,0.00666232,0.00019966,0.006388070000000183,0.04209247923076939,0.05951835117647059,0.00019875000000000011,0.00019658000000000007,0.00019708764705882366
60,0.0001993,1540396800,0.0001993,0.0001993,0.0001993,42.71801356,0.0085137,0.0001993,0.0065569133333335155,0.0419318515384617,0.05737708941176471,0.00019930000000000013,0.00019673076923076933,0.00019702647058823542
61,0.00020002,1540404000,0.00020002,0.0001993,0.0001993,253.57947727,0.0505411,0.00019931,0.021905706666666854,0.044414605384615544,0.058863592352941176,0.0001995400000000001,0.00019704692307692315,0.0001969864705882354
62,0.0001992,1540411200,0.00019931,0.0001992,0.00019931,551.04062248,0.10981852,0.00019929,0.05629110666666685,0.049953645384615546,0.05985813470588235,0.00019950666666666676,0.00019721615384615392,0.00019703470588235307
63,0.0001992,1540418400,0.0001992,0.0001992,0.0001992,0.0,0.0,0.0001992,0.05345320666666684,0.0206214015384617,0.059219207941176466,0.0001994733333333334,0.00019769230769230777,0.00019701117647058836
64,0.00019964,1540425600,0.00019964,0.00019588,0.0001992,910.19835423,0.18019879,0.00019797,0.09667243666666685,0.029771205384615546,0.05583284970588235,0.00019934666666666673,0.00019774384615384624,0.00019707647058823542
65,0.00019811,1540432800,0.00019811,0.00019811,0.00019811,157.15511584,0.03113399,0.00019811,0.07044426000000018,0.03102007000000016,0.056748555294117646,0.00019898333333333342,0.00019789461538461547,0.00019709676470588248
66,0.00019521,1540440000,0.00019817,0.0001952,0.00019817,128.32395906,0.02513261,0.00019585,0.07882179666666685,0.03295334769230785,0.05748774970588235,0.00019765333333333346,0.00019782230769230778,0.00019703176470588246
67,0.00019525,1540447200,0.00019764,0.00019525,0.00019764,42.19253563,0.00827484,0.00019612,0.02151381333333351,0.03329059692307708,0.04372091970588235,0.00019619000000000009,0.0001978476923076924,0.0001970329411764707
68,0.00019761,1540454400,0.00019765,0.00019761,0.00019765,130.0114526,0.02569356,0.00019762,0.019700336666666846,0.03526702461538477,0.042775197941176464,0.0001960233333333334,0.0001980546153846155,0.00019705088235294127
69,0.00019524,1540461600,0.00019524,0.00019524,0.00019524,3.0,0.00058572,0.00019524,0.011518040000000179,0.03531208000000016,0.04245749588235293,0.00019603333333333337,0.00019807923076923089,0.0001969408823529413
70,0.00019524,1540468800,0.00019753,0.00019524,0.00019752,113.43007784,0.02238279,0.00019732,0.01622069000000018,0.03641789692307708,0.04299624588235293,0.00019603000000000006,0.00019789384615384627,0.00019690735294117657
71,0.0001977,1540476000,0.0001977,0.00019734,0.00019734,165.86681153,0.03276648,0.00019754,0.01857833000000018,0.03859264769230786,0.0436301788235294,0.00019606000000000007,0.00019777076923076936,0.00019688470588235307
72,0.0001977,1540483200,0.0001977,0.0001977,0.0001977,0.0,0.0,0.0001977,0.01838309000000018,0.03808016153846171,0.04034101499999999,0.00019688000000000005,0.00019764769230769242,0.0001968758823529413
73,0.0001977,1540490400,0.0001977,0.0001977,0.0001977,0.0,0.0,0.0001977,0.01092216000000018,0.0374252615384617,0.03939833470588234,0.0001977,0.0001975246153846155,0.00019692382352941187
74,0.0002,1540497600,0.0002,0.00019792,0.00019792,1.34775465,0.0002685,0.00019922,8.950000000017971e-05,0.03355813846153863,0.03921187117647058,0.00019846666666666668,0.00019752307692307705,0.0001970005882352942
75,0.00019792,1540504800,0.00019792,0.00019792,0.00019792,11.84482524,0.00234432,0.00019792,0.0008709400000001797,0.02529089230769247,0.03843714088235293,0.00019854,0.0001974246153846155,0.0001970161764705883
76,0.00019792,1540512000,0.00019792,0.00019792,0.00019792,6.58219828,0.00130274,0.00019792,0.0013051866666668464,0.02539110307692324,0.03700571558823528,0.00019861333333333334,0.00019732615384615394,0.0001970720588235295
77,0.0002011,1540519200,0.0002011,0.00019754,0.00019779,143.04416495,0.02836344,0.00019828,0.010670166666666847,0.013711460769230936,0.03636728176470587,0.00019898000000000005,0.00019743846153846164,0.0001972455882352942
78,0.0002011,1540526400,0.0002011,0.0002011,0.0002011,0.0,0.0,0.0002011,0.009888726666666845,0.011316538461538628,0.03496516529411763,0.00020004000000000004,0.00019766846153846163,0.00019735794117647066
79,0.00020047,1540533600,0.00020047,0.00020047,0.00020047,9.90948549,0.00198655,0.00020047,0.010116663333333513,0.009536072307692474,0.03497623382352939,0.00020089000000000004,0.000198073076923077,0.00019748235294117655
80,0.00020047,1540540800,0.00020047,0.00020047,0.00020047,0.0,0.0,0.00020047,0.0006621833333335126,0.00889954615384632,0.031662055294117634,0.00020068000000000004,0.00019847461538461547,0.00019769529411764713
81,0.00020047,1540548000,0.00020047,0.00020047,0.00020047,0.0,0.0,0.00020047,0.0006621833333335126,0.0069231184615386274,0.031350235882352924,0.00020047000000000004,0.00019869461538461546,0.00019778735294117655
82,0.0002011,1540555200,0.0002011,0.00020107,0.00020107,19.03084738,0.00382678,0.00020108,0.0012755933333335127,0.0071724307692309355,0.030925573529411752,0.00020068000000000006,0.00019914538461538467,0.0001979400000000001
83,0.00020109,1540562400,0.00020109,0.00020109,0.00020109,4.09128094,0.00082271,0.00020109,0.0015498300000001792,0.005513963076923243,0.02983768264705881,0.00020088666666666672,0.00019959538461538468,0.00019806029411764716
84,0.0001976,1540569600,0.00020231,0.0001976,0.0002011,148.93114109,0.02980487,0.00020012,0.011484786666666845,0.005286146923077089,0.019499026764705867,0.00019993000000000007,0.0001995876923076924,0.00019819529411764714
85,0.0001976,1540576800,0.0001976,0.0001976,0.0001976,0.0,0.0,0.0001976,0.010209193333333512,0.005286146923077089,0.017697516764705868,0.0001987633333333334,0.0001995800000000001,0.0001981550000000001
86,0.0001976,1540584000,0.0001976,0.0001976,0.0001976,0.0,0.0,0.0001976,0.009934956666666845,0.005286146923077089,0.017259318235294106,0.00019760000000000006,0.0001995723076923078,0.00019819764705882362
87,0.0001976,1540591200,0.0001976,0.0001976,0.0001976,0.0,0.0,0.0001976,1.780982768669522e-16,0.0052654930769232425,0.017259318235294106,0.00019760000000000006,0.0001993876923076924,0.00019824029411764717
88,0.0001976,1540598400,0.0001976,0.0001976,0.0001976,0.0,0.0,0.0001976,1.780982768669522e-16,0.005085160769230935,0.0171448888235294,0.00019760000000000006,0.00019936307692307702,0.00019831911764705892
89,0.0001976,1540605600,0.0001976,0.0001976,0.0001976,0.0,0.0,0.0001976,1.780982768669522e-16,0.004984950000000167,0.0171448888235294,0.00019760000000000006,0.00019933846153846166,0.00019839794117647067
90,0.0001976,1540612800,0.0001976,0.0001976,0.0001976,0.0,0.0,0.0001976,1.780982768669522e-16,0.002803146923077089,0.0171448888235294,0.00019760000000000006,0.0001990692307692309,0.00019847676470588244
91,0.00019838,1540620000,0.00019838,0.00019838,0.00019838,133.93889681,0.02657079,0.00019838,0.008856930000000178,0.004847053846154012,0.017690877647058813,0.0001978600000000001,0.0001988600000000001,0.00019849823529411774
92,0.00020104,1540627200,0.00020105,0.00020104,0.00020105,2.49991329,0.00050259,0.00020104,0.009024460000000178,0.004732903076923242,0.017573462058823517,0.00019900666666666672,0.0001989038461538463,0.00019854941176470598
93,0.00020091,1540634400,0.00020091,0.00019813,0.00019813,31.74853832,0.00630907,0.00019872,0.011127483333333512,0.005218216153846319,0.017563072352941165,0.00020011000000000006,0.00019893769230769243,0.00019859676470588243
94,0.00020091,1540641600,0.00020091,0.00020091,0.00020091,0.0,0.0,0.00020091,0.0022705533333335116,0.005218216153846319,0.017312669411764698,0.0002009533333333334,0.00019897153846153858,0.00019864411764705891
95,0.00020076,1540648800,0.00020076,0.00019871,0.00020075,166.51975849,0.03340828,0.00020062,0.013239116666666847,0.007493716153846319,0.01680876294117646,0.00020086000000000008,0.00019894538461538472,0.00019866588235294125
96,0.00019875,1540656000,0.00020076,0.00019875,0.00019875,5.22253193,0.00104498,0.00020009,0.01148442000000018,0.007510813846154011,0.013609541176470577,0.0002001400000000001,0.00019876538461538473,0.0001986526470588236
97,0.00019875,1540663200,0.00019875,0.00019875,0.00019875,0.0,0.0,0.00019875,0.01148442000000018,0.005218131538461703,0.013609541176470577,0.0001994200000000001,0.0001988538461538463,0.00019863941176470596
98,0.00019875,1540670400,0.00019875,0.00019875,0.00019875,0.0,0.0,0.00019875,0.00034832666666684736,0.005218131538461703,0.00830957676470587,0.00019875000000000011,0.00019894230769230782,0.00019861323529411773
99,0.00019909,1540677600,0.00020108,0.00019909,0.00020076,1378.82735982,0.27699047,0.00020088,0.09233015666666684,0.026525090769230934,0.01554064970588234,0.00019886333333333343,0.0001990569230769232,0.0001986420588235295
100,0.00019909,1540684800,0.00019909,0.00019909,0.00019909,0.0,0.0,0.00019909,0.09233015666666684,0.026525090769230934,0.014801455294117635,0.00019897666666666674,0.00019917153846153856,0.00019875617647058832
101,0.00020119,1540692000,0.00020119,0.00020119,0.00020119,20.30306889,0.00408477,0.00020119,0.09369174666666685,0.026839303846154013,0.014678217941176457,0.00019979000000000004,0.0001994476923076924,0.00019893088235294128
102,0.00020139,1540699200,0.0002022,0.00020139,0.0002022,21.28750156,0.00430347,0.00020215,0.002796080000000182,0.027170340000000164,0.01404909764705881,0.0002005566666666667,0.00019973923076923087,0.0001990420588235295
103,0.00020139,1540706400,0.00020139,0.00020139,0.00020139,0.0,0.0,0.00020139,0.002796080000000182,0.027170340000000164,0.01403187058823528,0.00020132333333333337,0.00020003076923076933,0.00019922294117647067
104,0.00020239,1540713600,0.00020239,0.00020138,0.00020139,81.05683919,0.01638059,0.00020208,0.006894686666666848,0.026386478461538628,0.013855335294117633,0.00020172333333333338,0.00020033923076923085,0.00019943323529411774
105,0.00020267,1540720800,0.000205,0.00020239,0.00020239,201.15789912,0.0409438,0.00020354,0.01910813000000018,0.029497340769230936,0.014095844705882338,0.0002021500000000001,0.00020046461538461544,0.00019957941176470596
106,0.00020499,1540728000,0.00020499,0.00020056,0.0002027,298.73508794,0.06106757,0.00020442,0.039463986666666846,0.033709533076923245,0.01589194970588234,0.00020335000000000012,0.00020077846153846162,0.00019979382352941185
107,0.00020323,1540735200,0.00020395,0.00020323,0.00020395,93.03320812,0.01894074,0.00020359,0.040317370000000186,0.03516651307692324,0.016449030294117633,0.0002036300000000001,0.00020095692307692316,0.00019995647058823537
108,0.00020197,1540742400,0.00020197,0.00020197,0.00020197,46.0,0.00929062,0.00020197,0.029766310000000185,0.03331130846153863,0.01671438676470587,0.00020339666666666675,0.0002010500000000001,0.00020001441176470598
109,0.00020066,1540749600,0.00020187,0.0002006,0.00020187,343.65185157,0.06901895,0.00020083,0.032416770000000185,0.038540075384615555,0.018675405294117636,0.0002019533333333334,0.00020119692307692317,0.0002000950000000001
110,0.00020066,1540756800,0.00020066,0.00020066,0.00020066,0.0,0.0,0.00020066,0.026103190000000182,0.038540075384615555,0.018637089411764698,0.00020109666666666672,0.00020134384615384625,0.00020017558823529421
111,0.00020066,1540764000,0.00020066,0.00020066,0.00020066,0.0,0.0,0.00020066,0.02300631666666685,0.038540075384615555,0.017802870588235285,0.00020066000000000005,0.0002014907692307693,0.00020016264705882363
112,0.00020066,1540771200,0.00020066,0.00020066,0.00020066,0.0,0.0,0.00020066,1.8503717077085943e-16,0.01723311615384632,0.017802870588235285,0.00020066000000000005,0.00020161153846153855,0.00020014970588235303
113,0.0002044,1540778400,0.0002044,0.00020317,0.00020317,3411.87139724,0.69721587,0.00020434,0.23240529000000018,0.07086510615384632,0.03825079176470587,0.0002019066666666667,0.0002020200000000001,0.00020026529411764716
114,0.00020439,1540785600,0.00020439,0.00020193,0.00020193,37.22315184,0.00751948,0.00020201,0.2349117833333335,0.07112931461538478,0.03847195294117646,0.00020315000000000006,0.00020226615384615396,0.0002003805882352942
115,0.00020262,1540792800,0.00022,0.00019968,0.00020439,24511.42978534,5.15518783,0.00021031,1.953307726666667,0.46735118846153867,0.19009512441176468,0.00020380333333333342,0.00020236076923076934,0.0002004438235294118
116,0.00020305,1540800000,0.00020385,0.00020305,0.00020385,200.47992218,0.04078764,0.00020345,1.7344983166666668,0.4704886992307694,0.19118220852941173,0.00020335333333333343,0.00020248846153846165,0.0002005011764705883
117,0.00020431,1540807200,0.00020456,0.00020224,0.0002024,197.78467202,0.04033267,0.00020392,1.7454360466666667,0.4723311669230771,0.19234426617647057,0.00020332666666666673,0.00020263615384615399,0.00020059588235294123
118,0.00020112,1540814400,0.00020825,0.00020112,0.00020328,1303.78904873,0.26545514,0.0002036,0.11552515000000015,0.4896012700000002,0.19927515647058822,0.0002028266666666667,0.00020251692307692324,0.00020069941176470592
119,0.00020161,1540821600,0.00020503,0.00020161,0.00020475,139.12354936,0.02847,0.00020463,0.11141927000000014,0.4870937646153849,0.2001125094117647,0.0002023466666666667,0.00020225692307692324,0.0002008173529411765
120,0.00020168,1540828800,0.00020237,0.00020168,0.00020237,18.76570319,0.00379521,0.00020224,0.09924011666666681,0.4859287238461541,0.2002241332352941,0.00020147000000000003,0.00020213769230769248,0.0002009373529411765
121,0.00020394,1540836000,0.00020589,0.00020187,0.00020485,343.52655003,0.06993028,0.00020356,0.03406516333333348,0.4905933130769234,0.20228090617647057,0.00020241,0.00020228923076923095,0.00020112382352941178
122,0.00020459,1540843200,0.00020459,0.00020459,0.00020459,1.17307786,0.00023999,0.00020459,0.024655160000000148,0.48530262384615414,0.20228796470588234,0.00020340333333333335,0.00020259153846153863,0.00020132941176470592
123,0.00020459,1540850400,0.00020459,0.00020459,0.00020459,0.0,0.0,0.00020459,0.02339009000000015,0.48530262384615414,0.20228796470588234,0.00020437333333333336,0.00020289384615384634,0.00020153500000000003
124,0.00020459,1540857600,0.00020459,0.00020459,0.00020459,0.0,0.0,0.00020459,7.999666666681782e-05,0.48530262384615414,0.20228796470588234,0.00020459000000000005,0.00020319615384615405,0.00020174058823529416
125,0.00020479,1540864800,0.00020479,0.00020479,0.00020479,1.07915425,0.00022099,0.00020479,7.366333333348449e-05,0.48531962307692333,0.20151297058823528,0.00020465666666666672,0.00020351384615384632,0.00020192911764705887
126,0.00020475,1540872000,0.00020475,0.00020195,0.00020195,29.840815,0.00610755,0.00020467,0.0021095133333334844,0.4321574446153849,0.20167782235294118,0.00020471,0.0002035407692307694,0.00020203823529411766
127,0.00020536,1540879200,0.00020536,0.00020453,0.00020453,533.74633184,0.10947787,0.00020511,0.03860213666666682,0.440000397692308,0.2047121988235294,0.00020496666666666667,0.0002036153846153848,0.00020216911764705885
128,0.00020591,1540886400,0.00020591,0.00020591,0.00020591,21.29610024,0.00438508,0.00020591,0.03999016666666682,0.0437848015384618,0.20484117176470584,0.00020534000000000004,0.0002038684615384617,0.00020231617647058824
129,0.00020591,1540893600,0.00020591,0.00020591,0.00020591,0.0,0.0,0.00020591,0.037954316666666814,0.04064729076923103,0.20385857529411763,0.0002057266666666667,0.0002040884615384617,0.00020246764705882353
130,0.00020239,1540900800,0.00020491,0.00020236,0.00020491,110.00693795,0.02226574,0.0002024,0.008883606666666813,0.03925752692307719,0.20448271529411763,0.0002047366666666667,0.00020394076923076936,0.00020257470588235294
131,0.00020585,1540908000,0.0002077,0.00020279,0.00020279,160.0969789,0.03284063,0.00020512,0.018368790000000145,0.02136410307692335,0.2054486161764706,0.0002047166666666667,0.00020430461538461554,0.0002027835294117647
132,0.00020332,1540915200,0.00020726,0.00020332,0.00020339,7.08471473,0.00145956,0.00020601,0.018855310000000146,0.0192863769230772,0.20549154441176468,0.00020385333333333334,0.00020443615384615398,0.00020291794117647058
133,0.00020332,1540922400,0.00020332,0.00020332,0.00020332,0.0,0.0,0.00020332,0.011433396666666812,0.018994437692307967,0.19734476588235292,0.00020416333333333334,0.00020456230769230781,0.00020304235294117646
134,0.00020332,1540929600,0.00020332,0.00020332,0.00020332,0.0,0.0,0.00020332,0.0004865200000001453,0.013615185384615659,0.19734476588235292,0.00020332000000000003,0.00020451461538461549,0.00020316676470588234
135,0.000203,1540936800,0.0002059,0.000203,0.00020312,764.37692647,0.15523287,0.00020308,0.051744290000000144,0.025537714615384885,0.20179029823529407,0.0002032133333333334,0.0002043923076923078,0.00020321999999999997
136,0.000203,1540944000,0.000203,0.000203,0.000203,0.0,0.0,0.000203,0.051744290000000144,0.025537714615384885,0.20166372558823525,0.0002031066666666667,0.00020427000000000008,0.00020326735294117645
137,0.000203,1540951200,0.000203,0.000203,0.000203,0.0,0.0,0.000203,0.051744290000000144,0.025537714615384885,0.20166372558823525,0.00020300000000000003,0.00020414769230769238,0.0002033147058823529
138,0.00020306,1540958400,0.00020306,0.00020306,0.00020306,0.76642753,0.00015563,0.00020306,5.1876666666811344e-05,0.025532686923077197,0.2011865208823529,0.00020302000000000002,0.00020401461538461547,0.00020333441176470583
139,0.00020306,1540965600,0.00020306,0.00020306,0.00020306,0.0,0.0,0.00020306,5.1876666666811344e-05,0.025062875384615657,0.1999822914705882,0.00020304000000000003,0.0002038846153846155,0.0002033458823529411
140,0.00020306,1540972800,0.00020306,0.00020306,0.00020306,0.0,0.0,0.00020306,5.1876666666811344e-05,0.01664150076923104,0.19818618647058822,0.00020306000000000005,0.00020370769230769242,0.00020328911764705873
141,0.00020344,1540980000,0.00020344,0.00020344,0.00020344,1.56741849,0.00031887,0.00020344,0.00010629000000014469,0.016328715384615656,0.19763848441176468,0.00020318666666666672,0.0002035176923076924,0.000203295294117647
142,0.00020589,1540987200,0.00020589,0.00020401,0.00020401,7.16543012,0.00147298,0.00020556,0.000597283333333478,0.01644202153846181,0.1974085538235294,0.00020413000000000007,0.00020351615384615394,0.00020341058823529406
143,0.0002059,1540994400,0.0002059,0.0002059,0.0002059,0.99,0.00020384,0.0002059,0.0006652300000001447,0.01474495230769258,0.19538458,0.00020507666666666672,0.00020378615384615396,0.00020356470588235289
144,0.00020814,1541001600,0.00020823,0.0002059,0.0002059,5572.53580749,1.15939975,0.00020805,0.38702552333333345,0.10140334615384641,0.2294845726470588,0.00020664333333333335,0.0002039623076923078,0.00020378470588235288
145,0.00020881,1541008800,0.00020881,0.00020825,0.00020825,1312.98170795,0.27390283,0.00020861,0.4778354733333334,0.12236052076923103,0.2375405382352941,0.0002076166666666667,0.0002043846153846155,0.00020402441176470583
146,0.00020881,1541016000,0.00020881,0.00020881,0.00020881,0.0,0.0,0.00020881,0.4777675266666668,0.12236052076923103,0.2375405382352941,0.00020858666666666672,0.00020480692307692317,0.00020426411764705877
147,0.00020696,1541023200,0.00020881,0.0002068,0.00020879,760.11380988,0.15767531,0.00020743,0.14385938000000018,0.13448939076923103,0.22167169823529412,0.00020819333333333336,0.0002050869230769232,0.00020433941176470582
148,0.00020913,1541030400,0.00020913,0.00020913,0.00020913,7.24367961,0.00151487,0.00020913,0.05306339333333351,0.12266492923076948,0.22149509205882353,0.00020830000000000002,0.00020555846153846164,0.0002044788235294117
149,0.0002091,1541037600,0.0002091,0.0002091,0.0002091,1.99815915,0.00041781,0.0002091,0.053202663333333504,0.12269706846153872,0.06988420911764708,0.00020839666666666668,0.00020602769230769239,0.00020466941176470584
150,0.00020594,1541044800,0.0002091,0.00020594,0.0002091,30.66352906,0.00634791,0.00020701,0.0027601966666668345,0.12318536923076948,0.06887127588235296,0.0002080566666666667,0.00020625384615384623,0.00020475441176470585
151,0.00020594,1541052000,0.00020594,0.00020594,0.00020594,0.0,0.0,0.00020594,0.002255240000000168,0.12317339769230794,0.06768502088235295,0.00020699333333333334,0.00020647538461538467,0.00020480235294117644
152,0.00020912,1541059200,0.00020912,0.00020663,0.00020663,31.56585108,0.00659715,0.00020899,0.004315020000000168,0.12368087076923101,0.060071550588235316,0.00020700000000000002,0.00020694153846153852,0.0002050376470588235
153,0.00021109,1541066400,0.00022002,0.00020771,0.00020971,104.98096272,0.02242141,0.00021357,0.009672853333333502,0.12540559461538486,0.05989365088235297,0.00020871666666666668,0.00020755923076923083,0.00020531647058823527
154,0.00020771,1541073600,0.00021219,0.00020771,0.00021218,201.53512465,0.04274005,0.00021207,0.023919536666666835,0.12866876230769253,0.06103908735294121,0.0002093066666666667,0.00020788769230769237,0.00020549382352941172
155,0.00020667,1541080800,0.00020811,0.00020667,0.00020811,39.13838814,0.00814347,0.00020806,0.024434976666666833,0.12918187692307714,0.05922182823529415,0.00020849,0.00020794769230769237,0.0002055741176470588
156,0.000208,1541088000,0.000208,0.00020667,0.00020667,6.18537862,0.00127961,0.00020687,0.017387710000000167,0.1292646284615387,0.05925240529411768,0.00020746,0.00020810923076923081,0.00020567441176470584
157,0.000208,1541095200,0.000208,0.000208,0.000208,0.0,0.0,0.000208,0.003141026666666833,0.040080032307692554,0.05925240529411768,0.00020755666666666663,0.00020809846153846157,0.0002057747058823529
158,0.00020915,1541102400,0.00020915,0.00020915,0.00020915,5.2300263,0.00109386,0.00020915,0.0007911566666668335,0.01909472692307717,0.05928457764705886,0.0002083833333333333,0.00020812461538461543,0.00020590882352941172
159,0.00021003,1541109600,0.00021003,0.00021002,0.00021002,1.69813836,0.00035665,0.00021002,0.0004835033333335001,0.019122161538461784,0.059288567647058865,0.00020905999999999995,0.0002082184615384616,0.00020606294117647055
160,0.00021003,1541116800,0.00021003,0.00021003,0.00021003,0.0,0.0,0.00021003,0.0004835033333335001,0.006993291538461783,0.05910893382352946,0.00020973666666666664,0.00020845461538461545,0.0002062182352941176
161,0.00020921,1541124000,0.00020921,0.00020803,0.00020803,252.07184531,0.05270072,0.00020907,0.017685790000000166,0.01093066461538486,0.05743901764705887,0.00020975666666666668,0.00020846076923076927,0.00020633147058823524
162,0.00020921,1541131200,0.00020921,0.00020921,0.00020921,0.0,0.0,0.00020921,0.017566906666666833,0.01089852538461563,0.05731004470588239,0.00020948333333333335,0.00020846923076923084,0.00020642852941176463
163,0.00020375,1541138400,0.00020807,0.00020375,0.00020807,193.0,0.03965756,0.00020547,0.0307860933333335,0.0134608061538464,0.0584764435294118,0.00020739,0.0002083007692307693,0.0002063649999999999
164,0.0002102,1541145600,0.0002102,0.00020996,0.00020996,95.20345889,0.02001008,0.00021018,0.0198892133333335,0.015000043076923323,0.05841010058823533,0.00020772,0.0002086284615384616,0.00020659470588235283
165,0.00020988,1541152800,0.00021156,0.00020607,0.00020819,169.76741872,0.03529285,0.00020788,0.031653496666666836,0.01720740461538486,0.05848222470588239,0.0002079433333333333,0.0002086869230769231,0.00020671323529411758
166,0.00020987,1541160000,0.00020987,0.00020986,0.00020986,27.59708668,0.00579159,0.00020986,0.02036484000000017,0.01592818769230794,0.05860963735294121,0.00020998333333333333,0.00020859307692307696,0.0002069058823529411
167,0.00020987,1541167200,0.00020987,0.00020987,0.00020987,0.0,0.0,0.00020987,0.013694813333333502,0.012640491538461786,0.05860963735294121,0.00020987333333333334,0.0002087592307692308,0.00020709852941176463
168,0.00021095,1541174400,0.00021095,0.00020724,0.0002081,34.64158155,0.00718669,0.00020745,0.004326093333333503,0.012566893076923324,0.05882101058823533,0.00021023000000000003,0.0002090884615384616,0.00020732294117647052
169,0.00020679,1541181600,0.00020744,0.00020679,0.00020742,247.14145304,0.05115218,0.00020697,0.019446290000000168,0.016403244615384862,0.055759813823529444,0.00020920333333333333,0.0002089953846153847,0.0002074344117647058
170,0.00021125,1541188800,0.00021125,0.00021125,0.00021125,43.33349112,0.00915419,0.00021125,0.022497686666666832,0.017107413076923324,0.05602905470588239,0.00020966333333333336,0.0002092453846153847,0.00020767705882352932
171,0.00021125,1541196000,0.00021125,0.00021125,0.00021125,0.0,0.0,0.00021125,0.020102123333333496,0.01702327000000025,0.05602905470588239,0.00020976333333333337,0.00020940692307692317,0.00020791970588235283
172,0.00022002,1541203200,0.00022002,0.00020867,0.00020868,832.62699444,0.18097422,0.00021735,0.06337613666666683,0.030916929230769476,0.0613472485294118,0.00021417333333333339,0.00021017538461538473,0.0002084185294117646
173,0.00021009,1541210400,0.00048,0.00020989,0.00021496,2376.15517898,0.70145175,0.0002952,0.2941419900000002,0.0848747561538464,0.0819781823529412,0.0002137866666666667,0.0002101800000000001,0.00020862529411764695
174,0.00020952,1541217600,0.00021127,0.00020952,0.00021127,42.46655937,0.00891739,0.00020998,0.29711445333333353,0.08150680769230793,0.0822404585294118,0.00021321000000000005,0.00021020384615384627,0.00020881529411764696
175,0.00021017,1541224800,0.00021051,0.00020434,0.00020953,656.14469572,0.13466438,0.00020523,0.2816778400000002,0.0918656061538464,0.08619179705882356,0.0002099266666666667,0.0002102776923076924,0.00020901323529411755
176,0.00021102,1541232000,0.00021102,0.00021102,0.00021102,1.9429438,0.00041,0.00021102,0.04799725666666684,0.08884656307692332,0.0861605329411765,0.0002102366666666667,0.0002108369230769232,0.00020916411764705873
177,0.00021098,1541239200,0.00021098,0.00020634,0.00021017,114.17992407,0.02396364,0.00020987,0.05301267333333351,0.08915068307692332,0.08685935058823531,0.00021072333333333338,0.00021089692307692322,0.00020931352941176462
178,0.00021095,1541246400,0.00021105,0.00021084,0.00021084,237.90059372,0.05018733,0.00021095,0.024853656666666845,0.09029641230769256,0.054235455882352956,0.00021098333333333338,0.0002109792307692309,0.00020939617647058813
179,0.00021113,1541253600,0.00021113,0.00021092,0.00021095,155.40749414,0.03278616,0.00021096,0.035645710000000184,0.09237291769230792,0.04714378911764708,0.00021102000000000005,0.00021107615384615398,0.0002094644117647058
180,0.00021414,1541260800,0.00021414,0.00021043,0.00021109,33.23485831,0.00703451,0.00021166,0.030002666666666844,0.09291403384615407,0.04735068647058825,0.00021207333333333342,0.0002114046153846155,0.00020962117647058812
181,0.00020791,1541268000,0.00021231,0.00020791,0.00020917,75.06136892,0.01584257,0.00021106,0.01855441333333351,0.09357987076923101,0.04317913529411766,0.00021106000000000008,0.00021117076923076933,0.00020964911764705872
182,0.00020791,1541275200,0.00020791,0.00020791,0.00020791,1.68379133,0.00035007,0.00020791,0.0077423833333335095,0.08967201615384639,0.04314487647058825,0.00020998666666666675,0.00021125692307692316,0.00020961323529411756
183,0.00021128,1541282400,0.00021128,0.00020876,0.00021074,106.15752171,0.02235228,0.00021055,0.012848306666666844,0.09068725384615407,0.04379000794117648,0.00020903333333333342,0.00021125923076923084,0.00020967735294117638
184,0.00021229,1541289600,0.00021229,0.00021118,0.00021118,35.04641249,0.00740244,0.00021121,0.010034930000000178,0.09125667230769254,0.04382102352941178,0.00021049333333333342,0.00021133923076923085,0.00020986411764705874
185,0.00020892,1541296800,0.00020997,0.00020887,0.00020997,89.59202644,0.0187294,0.00020905,0.01616137333333351,0.07877630153846177,0.04437188823529413,0.0002108300000000001,0.00021048538461538468,0.00020995176470588227
186,0.0002117,1541304000,0.0002117,0.00021082,0.00021082,72.89360416,0.0154258,0.00021162,0.013852546666666845,0.02600507461538484,0.04463155441176472,0.0002109700000000001,0.00021060923076923085,0.00021002764705882343
187,0.00021177,1541311200,0.00021177,0.00020883,0.00020883,21.01749458,0.00439459,0.00020909,0.012849930000000181,0.025657166923077145,0.04410135382352943,0.0002107966666666668,0.00021078230769230777,0.00021004764705882345
188,0.00020981,1541318400,0.00020981,0.00020981,0.00020981,23.43227343,0.00491632,0.00020981,0.008245570000000181,0.015676546923077142,0.0429888911764706,0.00021109333333333346,0.00021075461538461545,0.00021010941176470582
189,0.00021219,1541325600,0.00021219,0.0002098,0.0002098,344.42339572,0.07242161,0.00021026,0.027244173333333514,0.021215901538461757,0.04487942470588237,0.0002112566666666668,0.00021084461538461546,0.0002102717647058823
190,0.00020705,1541332800,0.00021219,0.00020589,0.00021219,489.6131183,0.10200595,0.00020833,0.05978129333333351,0.02721915615384637,0.047841964117647066,0.00020968333333333346,0.00021054230769230775,0.0002102438235294117
191,0.00020811,1541340000,0.00020811,0.00020705,0.00020705,258.89700902,0.0536946,0.00020739,0.07604072000000019,0.027488946153846373,0.04942121705882354,0.00020911666666666683,0.0002103238461538462,0.00021024705882352938
192,0.00020811,1541347200,0.00020811,0.00020811,0.00020811,0.0,0.0,0.00020811,0.051900183333333516,0.024966933846154064,0.049389044705882366,0.00020775666666666685,0.00021009153846153855,0.00021021647058823526
193,0.00021043,1541354400,0.00021611,0.00021043,0.00021229,388.30778295,0.08284309,0.00021334,0.04551256333333351,0.030798363076923296,0.05181511647058824,0.00020888333333333355,0.00020980615384615396,0.0002102282352941176
194,0.00021069,1541361600,0.00021069,0.00021061,0.00021061,12.26381564,0.00258366,0.00021067,0.02847558333333351,0.029778446923077143,0.05189110647058824,0.00020974333333333354,0.0002100200000000001,0.0002102476470588235
195,0.00021069,1541368800,0.00021069,0.00021069,0.00021069,0.0,0.0,0.00021069,0.02847558333333351,0.02975151846153868,0.050341085294117655,0.00021060333333333355,0.00021023384615384625,0.00021029117647058823
196,0.00021762,1541376000,0.00021762,0.00021762,0.00021762,564.7656925,0.12290431,0.00021762,0.0418293233333335,0.03748629000000022,0.053955917941176476,0.00021300000000000022,0.00021072153846153857,0.00021053852941176472
197,0.00021127,1541383200,0.00021127,0.00020856,0.00021069,18.36252673,0.0038623,0.00021033,0.04225553666666684,0.03721397153846176,0.052903116176470595,0.00021319333333333354,0.00021064307692307703,0.00021075970588235296
198,0.00021112,1541390400,0.00021181,0.00020833,0.00020833,261.7785239,0.05543208,0.00021175,0.06073289666666684,0.040037254615384835,0.053944939705882364,0.00021333666666666684,0.00021081230769230778,0.00021078676470588238
199,0.00021349,1541397600,0.00021349,0.0002124,0.0002124,161.86666615,0.03452807,0.00021331,0.031274150000000174,0.041506660000000216,0.053922446176470594,0.0002119600000000002,0.0002109500000000001,0.00021089294117647062
200,0.00021359,1541404800,0.00021359,0.00021359,0.00021359,8.95374316,0.00191243,0.00021359,0.030624193333333508,0.04131572461538483,0.05380835323529412,0.00021273333333333356,0.00021109000000000012,0.0002110023529411765
201,0.00020908,1541412000,0.00021383,0.00020908,0.00021274,307.47677498,0.06560825,0.00021337,0.03401625000000017,0.045984334615384835,0.05573800764705882,0.00021205333333333353,0.00021103384615384627,0.00021097911764705887
202,0.00021342,1541419200,0.00021342,0.0002134,0.0002134,32.8901645,0.00701905,0.0002134,0.024846576666666842,0.04095336846153868,0.05573307705882353,0.0002120300000000002,0.00021112846153846165,0.0002110517647058824
203,0.00020945,1541426400,0.00020945,0.00020945,0.00020945,0.76566111,0.00016036,0.00020945,0.024262553333333506,0.03311909230769253,0.05423331764705882,0.00021065000000000024,0.00021131307692307704,0.00021113000000000005
204,0.00020953,1541433600,0.00021491,0.00020953,0.00021491,29.26555302,0.00626212,0.00021397,0.004480510000000169,0.029470440000000216,0.054148256764705874,0.00021080000000000022,0.0002114223076923078,0.00021107941176470594
205,0.00020913,1541440800,0.00020913,0.00020911,0.00020911,55.63373982,0.01163372,0.00020911,0.006018733333333502,0.03036534153846176,0.054490424999999995,0.0002093700000000002,0.00021150076923076935,0.0002110170588235295
206,0.00021334,1541448000,0.00021334,0.00021334,0.00021334,4.49060034,0.00095802,0.00021334,0.00628462000000017,0.024066490000000218,0.04919583088235294,0.00021066666666666686,0.00021172461538461547,0.0002108205882352942
207,0.00020913,1541455200,0.00021416,0.00020913,0.00021416,1.33065376,0.0002818,0.00021177,0.0042911800000001695,0.023889423846154063,0.02857318529411764,0.00021053333333333354,0.00021160461538461547,0.00021079235294117657
208,0.00020913,1541462400,0.00021448,0.00020913,0.00021448,574.13171742,0.12012166,0.00020922,0.04045382666666684,0.03312955153846176,0.031843899117647054,0.00021053333333333354,0.00021148461538461548,0.00021078088235294127
209,0.00020913,1541469600,0.00020913,0.00020913,0.00020913,0.0,0.0,0.00020913,0.04013448666666684,0.023675373846154067,0.027883182058823525,0.0002091300000000002,0.00021083153846153857,0.00021075029411764715
210,0.00021171,1541476800,0.00021639,0.00021171,0.00021448,171.20118032,0.03674331,0.00021462,0.0522883233333335,0.02620468230769253,0.028951808823529407,0.0002099900000000002,0.00021086538461538473,0.00021077058823529423
211,0.00021171,1541484000,0.00021171,0.00021171,0.00021171,0.0,0.0,0.00021171,0.012247770000000163,0.021940676153846376,0.028246995882352938,0.00021085000000000025,0.00021091076923076933,0.00021079205882352953
212,0.00021358,1541491200,0.00021996,0.00021282,0.00021985,1053.74911884,0.23151197,0.0002197,0.08941842666666683,0.03709328384615407,0.03358007352941176,0.00021233333333333358,0.00021091769230769246,0.000210869411764706
213,0.000214,1541498400,0.000214,0.000214,0.000214,50.91846307,0.01089655,0.000214,0.08080284000000017,0.03778437000000022,0.03293626147058823,0.0002130966666666669,0.0002109492307692309,0.00021095382352941184
214,0.000214,1541505600,0.000214,0.000214,0.000214,1.4599926,0.00031243,0.000214,0.0809069833333335,0.032761614615384835,0.032738553235294114,0.00021386000000000026,0.00021132769230769243,0.00021094970588235302
215,0.00021595,1541512800,0.000217,0.00021595,0.000217,5.10126188,0.00110406,0.00021643,0.004104346666666823,0.0323066153846156,0.032305067647058816,0.00021465000000000026,0.00021152230769230782,0.0002111861764705883
216,0.00021999,1541520000,0.00021999,0.00021465,0.00021996,235.32713034,0.05175622,0.00021993,0.01772423666666682,0.03627552769230791,0.03381701323529411,0.0002166466666666669,0.00021233307692307705,0.00021154147058823536
217,0.00022263,1541527200,0.00022263,0.00022,0.00022,33.8145,0.00747778,0.00022114,0.02011268666666682,0.03636904000000021,0.03337952794117646,0.0002195233333333336,0.0002133407692307694,0.0002118752941176471
218,0.00021616,1541534400,0.00021616,0.00021579,0.00021579,5.01436824,0.00108329,0.00021603,0.020105763333333488,0.03555746846153868,0.03319367058823529,0.0002195933333333336,0.00021388153846153862,0.00021198911764705886
219,0.00021639,1541541600,0.0002179,0.00021636,0.00021664,50.22517654,0.01088539,0.00021673,0.006482153333333488,0.03632111230769252,0.0329629644117647,0.00021839333333333359,0.000214116153846154,0.00021220882352941182
220,0.00021457,1541548800,0.0002236,0.00021457,0.0002236,229.62067948,0.04957702,0.0002159,0.02051523333333349,0.04011305230769253,0.03396741205882353,0.0002157066666666669,0.00021453461538461553,0.00021229323529411772
221,0.00021457,1541556000,0.00021457,0.00021457,0.00021457,0.0,0.0,0.00021457,0.020154136666666822,0.03087292461538483,0.033838159411764705,0.0002151766666666669,0.00021495307692307705,0.00021237558823529419
222,0.00021407,1541563200,0.00022299,0.000214,0.00021433,128.44218669,0.02854457,0.00022223,0.026040530000000155,0.033068660769230984,0.03453310794117647,0.00021440333333333356,0.00021533307692307702,0.00021250088235294124
223,0.00021407,1541570400,0.00021407,0.00021407,0.00021407,6.96099407,0.00149014,0.00021407,0.010011570000000155,0.030356878461538672,0.032446888235294125,0.0002142366666666669,0.00021551461538461548,0.0002125561764705883
224,0.00021439,1541577600,0.00022295,0.00021407,0.00021407,42.0591671,0.00922599,0.00021935,0.013086900000000156,0.031066570000000213,0.02971806588235295,0.00021417666666666694,0.00021572076923076933,0.00021277205882352948
225,0.00021439,1541584800,0.00021439,0.00021439,0.00021439,0.0,0.0,0.00021439,0.0035720433333334897,0.013257956923077133,0.028138812941176476,0.0002142833333333336,0.00021578307692307703,0.00021295676470588242
226,0.00021439,1541592000,0.00021439,0.00021439,0.00021439,0.0,0.0,0.00021439,0.003075330000000156,0.01241976076923098,0.028138812941176476,0.00021439000000000028,0.00021581307692307701,0.00021314147058823534
227,0.00021379,1541599200,0.00022253,0.00021379,0.00022253,289.81148224,0.06201773,0.00021399,0.02067257666666682,0.01716632230769252,0.027526302352941182,0.00021419000000000025,0.0002157969230769232,0.0002132402941176471
228,0.00021379,1541606400,0.00021379,0.00021379,0.00021379,205.5941659,0.04395397,0.00021379,0.03532390000000016,0.02046246923076944,0.028743076176470594,0.0002139900000000002,0.00021563076923076938,0.00021333147058823535
229,0.0002117,1541613600,0.00021852,0.0002117,0.0002118,7.41518647,0.00161031,0.00021716,0.03586067000000016,0.016605091538461746,0.028790438235294123,0.0002130933333333335,0.00021499307692307703,0.00021336117647058827
230,0.00021849,1541620800,0.00021849,0.00021849,0.00021849,110.13094413,0.0240625,0.00021849,0.023208926666666834,0.01788083923076944,0.025883326176470593,0.0002146600000000002,0.00021467461538461548,0.0002133867647058824
231,0.00021849,1541628000,0.00021849,0.00021849,0.00021849,0.0,0.0,0.00021849,0.008557603333333498,0.01779750923076944,0.025769729117647064,0.00021622666666666688,0.00021485384615384627,0.00021359911764705884
232,0.0002122,1541635200,0.00021852,0.00021194,0.00021194,351.83202774,0.07617425,0.0002165,0.033412250000000164,0.022819729230769446,0.026379792941176476,0.00021639333333333356,0.00021453153846153858,0.00021363088235294117
233,0.0002122,1541642400,0.0002122,0.0002122,0.0002122,0.0,0.0,0.0002122,0.02539141666666683,0.019006112307692523,0.02536426147058824,0.00021429666666666694,0.00021434923076923092,0.0002135929411764706
234,0.00021169,1541649600,0.00021222,0.00021169,0.00021221,216.03327886,0.04580209,0.00021201,0.040658780000000165,0.02252935000000021,0.02665513382352942,0.00021203000000000029,0.00021412769230769247,0.0002135370588235294
235,0.00021725,1541656800,0.00021725,0.00021725,0.00021725,30.0,0.0065175,0.00021725,0.0174398633333335,0.020834960000000215,0.0249171705882353,0.0002137133333333336,0.00021437230769230786,0.00021377735294117646
236,0.00022002,1541664000,0.00022002,0.00021076,0.00021076,342.51623048,0.07417915,0.00021657,0.04216624666666683,0.026426422307692522,0.026892467647058826,0.00021632000000000023,0.0002148300000000002,0.00021397147058823526
237,0.00021785,1541671200,0.00021785,0.00021082,0.00021082,50.76437438,0.01070751,0.00021092,0.030468053333333505,0.026540385384615596,0.027202677941176475,0.0002183733333333336,0.000215096153846154,0.00021421852941176469
238,0.00021082,1541678400,0.00021805,0.00021077,0.00021078,377.42337575,0.07957223,0.00021083,0.05481963000000017,0.032661326153846364,0.02935885764705883,0.00021623000000000028,0.00021482153846153864,0.00021425647058823525
239,0.00021411,1541685600,0.00021588,0.00021108,0.00021588,9.22347033,0.00197218,0.00021382,0.030750640000000162,0.032813032307692516,0.029074694705882358,0.00021426000000000027,0.00021480000000000018,0.00021440294117647057
240,0.00021427,1541692800,0.00021601,0.00020962,0.0002111,642.08004733,0.13518821,0.00021054,0.07224420666666682,0.038441530769230986,0.03302264147058825,0.00021306666666666692,0.00021483692307692324,0.000214430294117647
241,0.00021343,1541700000,0.00021343,0.00021326,0.00021326,181.21565629,0.0386672,0.00021337,0.058609196666666835,0.03803485615384637,0.03415162382352942,0.00021393666666666693,0.00021480923076923092,0.0002145567647058823
242,0.00021001,1541707200,0.00021112,0.00021001,0.00021101,261.44408912,0.05513591,0.00021088,0.07633044000000018,0.04215221000000021,0.03224027823529413,0.00021257000000000025,0.0002146792307692309,0.00021458264705882346
243,0.00021184,1541714400,0.00021184,0.00021184,0.00021184,3.30349221,0.00069981,0.00021184,0.03150097333333351,0.04035508000000021,0.03226086088235295,0.00021176000000000026,0.00021416769230769245,0.0002146623529411764
244,0.00021184,1541721600,0.00021184,0.00021184,0.00021184,0.0,0.0,0.00021184,0.01861190666666684,0.04035508000000021,0.03118017529411765,0.00021123000000000027,0.000213656153846154,0.00021466617647058814
245,0.00021102,1541728800,0.00021102,0.00021102,0.00021102,0.95,0.00020046,0.00021102,0.0003000900000001717,0.03451094230769251,0.031186071176470594,0.00021156666666666694,0.00021356538461538477,0.00021464588235294108
246,0.00021102,1541736000,0.00021102,0.00021102,0.00021102,0.0,0.0,0.00021102,6.682000000017168e-05,0.03451094230769251,0.0243768955882353,0.0002112933333333336,0.00021347461538461556,0.00021457058823529403
247,0.00021102,1541743200,0.00021102,0.00021102,0.00021102,0.0,0.0,0.00021102,6.682000000017168e-05,0.03098770461538482,0.024056408823529416,0.00021102000000000027,0.00021342307692307709,0.00021448294117647052
248,0.00020901,1541750400,0.00021001,0.00020881,0.00021001,94.82550012,0.01981325,0.00020894,0.006604416666666839,0.03201045461538482,0.02462996235294118,0.0002103500000000003,0.00021278923076923094,0.00021433617647058817
249,0.00020901,1541757600,0.00020901,0.00020901,0.00020901,0.0,0.0,0.00020901,0.006604416666666839,0.026304366153846355,0.024597490000000007,0.00020968000000000028,0.00021194230769230784,0.00021413205882352932
250,0.00020901,1541764800,0.00020901,0.00020901,0.00020901,0.0,0.0,0.00020901,0.006604416666666839,0.025480711538461744,0.023075248235294124,0.00020901000000000028,0.00021126230769230784,0.00021380911764705873
251,0.00021454,1541772000,0.00021454,0.00021454,0.00021454,0.47069793,0.00010098,0.00021454,3.366000000017249e-05,0.01936753846153866,0.02285828352941177,0.00021085333333333361,0.0002115484615384617,0.00021357117647058816
252,0.00020885,1541779200,0.00021108,0.00020885,0.00021108,271.27505105,0.05721329,0.0002109,0.019104756666666837,0.023616854615384816,0.024509165882352947,0.00021080000000000027,0.00021114384615384633,0.00021335617647058816
253,0.00020881,1541786400,0.00021063,0.00020881,0.00021063,70.0412365,0.01462972,0.00020887,0.023981330000000172,0.014343124615384815,0.024619293235294125,0.00021073333333333362,0.0002107238461538463,0.00021313323529411758
254,0.00021111,1541793600,0.00021111,0.00020881,0.00020881,47.78028018,0.00997931,0.00020885,0.02727410666666684,0.012136363846154045,0.023454654705882358,0.0002095900000000003,0.00021054538461538476,0.0002130314705882352
255,0.00021111,1541800800,0.00021111,0.00021111,0.00021111,0.0,0.0,0.00021111,0.008203010000000172,0.007895140000000198,0.023454654705882358,0.00021034333333333366,0.00021063000000000014,0.00021292970588235286
256,0.00021019,1541808000,0.00021019,0.00021019,0.00021019,1.0,0.00021019,0.00021019,0.003396500000000172,0.00785747692307712,0.0226212905882353,0.00021080333333333364,0.00021050307692307705,0.000212815588235294
257,0.0002094,1541815200,0.00020951,0.0002094,0.00020951,27.09227031,0.00567545,0.00020948,0.0019618800000001722,0.008294050000000198,0.022744387941176475,0.0002102333333333336,0.00021031538461538477,0.00021267823529411755
258,0.00020844,1541822400,0.00021287,0.00020844,0.00021287,6.06084641,0.00128575,0.00021214,0.0023904633333335056,0.008377533846154044,0.02251085147058824,0.00020934333333333358,0.0002101169230769232,0.00021250323529411753
259,0.00020844,1541829600,0.00020844,0.00020844,0.00020844,0.0,0.0,0.00020844,0.0023204000000001724,0.008377533846154044,0.02251085147058824,0.0002087600000000003,0.00020991846153846163,0.00021232823529411754
260,0.00020844,1541836800,0.00020844,0.00020844,0.00020844,0.0,0.0,0.00020844,0.0004285833333335055,0.008377533846154044,0.02251085147058824,0.00020844000000000027,0.00020972000000000007,0.00021215323529411752
261,0.00020844,1541844000,0.00020845,0.00020844,0.00020845,49.95,0.01041161,0.00020844,0.003470536666666839,0.007654330769230967,0.02099302441176471,0.00020844000000000027,0.00020967615384615392,0.00021199588235294104
262,0.00020844,1541851200,0.00020844,0.00020844,0.00020844,45.67489932,0.00952047,0.00020844,0.00664402666666684,0.008386674615384813,0.019980274411764712,0.00020844000000000027,0.00020963230769230776,0.00021183852941176456
263,0.00020844,1541858400,0.00020844,0.00020844,0.00020844,0.0,0.0,0.00020844,0.00664402666666684,0.008386674615384813,0.01993291235294118,0.00020844000000000027,0.0002095884615384616,0.0002117426470588234
264,0.00020844,1541865600,0.00020844,0.00020844,0.00020844,0.0,0.0,0.00020844,0.0031734900000001728,0.008378906923077122,0.019225191764705888,0.00020844000000000027,0.0002091192307692308,0.00021144705882352927
265,0.00021154,1541872800,0.00021154,0.00021154,0.00021154,27.58128964,0.00583454,0.00021154,0.0019448466666668399,0.004426695384615583,0.01939679588235295,0.00020947333333333362,0.00020932615384615388,0.00021124264705882337
266,0.00021005,1541880000,0.00021434,0.00021005,0.00021411,79.26851656,0.01696122,0.00021397,0.00759858666666684,0.004606041538461737,0.017655236176470596,0.00021001000000000027,0.0002094215384615385,0.00021117941176470573
267,0.00021005,1541887200,0.00021005,0.00021005,0.00021005,0.0,0.0,0.00021005,0.00759858666666684,0.003838402307692506,0.017655236176470596,0.00021054666666666693,0.00020934000000000003,0.00021111617647058808
268,0.00021005,1541894400,0.00021005,0.00021005,0.00021005,0.0,0.0,0.00021005,0.0056537400000001735,0.003838402307692506,0.01630811588235295,0.00021005000000000028,0.00020925846153846156,0.00021106794117647042
269,0.00021005,1541901600,0.00021005,0.00021005,0.00021005,0.0,0.0,0.00021005,1.734723475976807e-16,0.0038222338461540444,0.01611642470588236,0.00021005000000000028,0.00020924769230769232,0.00021085617647058808
270,0.00021005,1541908800,0.00021005,0.00021005,0.00021005,0.0,0.0,0.00021005,1.734723475976807e-16,0.0033856607692309675,0.01393468500000001,0.00021005000000000028,0.00020929769230769232,0.0002105629411764704
271,0.00020847,1541916000,0.00020847,0.00020847,0.00020847,0.5036696,0.000105,0.00020847,3.5000000000173476e-05,0.0032948338461540445,0.013622846470588245,0.0002095233333333336,0.00020930000000000005,0.00021028705882352922
272,0.00020847,1541923200,0.00020847,0.00020847,0.00020847,0.0,0.0,0.00020847,3.5000000000173476e-05,0.0032948338461540445,0.011282486764705894,0.00020899666666666691,0.00020930230769230775,0.0002102179411764704
273,0.00020844,1541930400,0.00021047,0.00020844,0.00021047,2597.31540967,0.5414607,0.00020846,0.18052190000000015,0.04494565692307712,0.0271497961764706,0.00020846000000000024,0.00020930230769230775,0.00021005117647058806
274,0.00020844,1541937600,0.00020845,0.00020844,0.00020845,429.01251291,0.0894246,0.00020844,0.21029510000000015,0.051023579230769424,0.025803807647058835,0.00020845000000000024,0.00020930230769230775,0.00020987970588235276
275,0.00020844,1541944800,0.00020845,0.00020844,0.00020844,486.98241756,0.10150664,0.00020844,0.2441306466666668,0.05809943846153865,0.02765202647058825,0.00020844000000000025,0.00020930230769230775,0.0002097329411764704
276,0.00020844,1541952000,0.00020845,0.00020844,0.00020844,720.9022406,0.15026501,0.00020844,0.11373208333333347,0.06965828538461558,0.030449941176470603,0.0002084400000000002,0.00020930230769230775,0.00020968676470588217
277,0.00020844,1541959200,0.00020845,0.00020844,0.00020844,22.2148694,0.00463047,0.00020844,0.08546737333333347,0.07001447538461558,0.030565548823529427,0.0002084400000000002,0.00020930230769230775,0.00020958676470588216
278,0.00020705,1541966400,0.00020844,0.00020705,0.00020844,398.21741091,0.08300387,0.00020843,0.07929978333333347,0.07595057769230788,0.03300683911764707,0.00020797666666666687,0.0002089569230769231,0.000209445882352941
279,0.00020622,1541973600,0.00020622,0.00020622,0.00020622,13.04236657,0.00268959,0.00020622,0.030107976666666796,0.0748527600000002,0.03308004882352942,0.00020723666666666685,0.00020866230769230775,0.0002093047058823528
280,0.00020622,1541980800,0.00020622,0.00020622,0.00020622,0.0,0.0,0.00020622,0.028564486666666795,0.0748527600000002,0.03308004882352942,0.00020649666666666685,0.00020836769230769237,0.00020916352941176454
281,0.00020622,1541988000,0.00020622,0.00020622,0.00020622,0.0,0.0,0.00020622,0.0008965300000001314,0.0748527600000002,0.03308004882352942,0.0002062200000000002,0.000208073076923077,0.0002090223529411763
282,0.000208,1541995200,0.000208,0.000208,0.000208,0.48317307,0.00010049,0.000208,3.349666666679806e-05,0.0748604900000002,0.03250026176470589,0.0002068133333333335,0.0002079153846153847,0.00020899264705882335
283,0.000208,1542002400,0.000208,0.000208,0.000208,0.0,0.0,0.000208,3.349666666679806e-05,0.0748604900000002,0.03250026176470589,0.00020740666666666682,0.00020775769230769238,0.0002089629411764704
284,0.000208,1542009600,0.000208,0.000208,0.000208,0.0,0.0,0.000208,3.349666666679806e-05,0.07485241307692327,0.03250026176470589,0.00020800000000000015,0.00020772153846153853,0.00020893323529411746
285,0.000208,1542016800,0.000208,0.000208,0.000208,0.0,0.0,0.000208,1.3139175077808707e-16,0.07485241307692327,0.03249729176470589,0.00020800000000000015,0.00020768538461538467,0.000208740882352941
286,0.000208,1542024000,0.000208,0.000208,0.000208,0.61236898,0.00012737,0.000208,4.245666666679806e-05,0.03321138769230788,0.030818294117647065,0.00020800000000000015,0.0002076515384615385,0.00020871588235294098
287,0.000208,1542031200,0.000208,0.000208,0.000208,0.0,0.0,0.000208,4.245666666679806e-05,0.026332572307692495,0.030388008235294122,0.00020800000000000015,0.00020761769230769235,0.0002086920588235292
288,0.000207,1542038400,0.000207,0.000207,0.000207,778.41069941,0.16113101,0.000207,0.053752793333333465,0.030919062307692497,0.03483364647058824,0.0002076666666666668,0.00020750692307692315,0.00020857117647058804
289,0.0002056,1542045600,0.00021052,0.0002056,0.00020768,918.42928709,0.19159429,0.00020861,0.11757510000000014,0.03409823769230788,0.04046877264705883,0.00020686666666666683,0.0002072884615384616,0.00020840911764705866
290,0.0002056,1542052800,0.0002056,0.0002056,0.0002056,0.0,0.0,0.0002056,0.11757510000000014,0.03374204769230788,0.0404625905882353,0.00020606666666666683,0.00020707000000000012,0.00020827411764705864
291,0.0002056,1542060000,0.0002056,0.0002056,0.0002056,13.0,0.0026728,0.0002056,0.06475569666666679,0.027562734615384808,0.04037427735294118,0.00020560000000000015,0.00020695846153846167,0.0002081623529411763
292,0.00021142,1542067200,0.00021142,0.0002056,0.0002056,22.33368458,0.0046327,0.00020743,0.0024351666666667937,0.027712204615384803,0.040472717058823535,0.00020754000000000017,0.00020735846153846165,0.00020824999999999986
293,0.0002056,1542074400,0.0002097,0.0002056,0.00020967,431.74652777,0.09044396,0.00020948,0.03258315333333346,0.034669432307692497,0.04313283352941177,0.00020754000000000017,0.00020731076923076938,0.00020816647058823515
294,0.00020716,1542081600,0.00020716,0.00020193,0.00020501,5217.15248961,1.05841121,0.00020287,0.3844959566666668,0.11608567923076941,0.074262575,0.00020806000000000015,0.00020738307692307707,0.00020812882352941163
295,0.00020716,1542088800,0.00020716,0.00020716,0.00020716,0.0,0.0,0.00020716,0.3829517233333335,0.11607794923076943,0.07395635117647059,0.00020664000000000012,0.0002073184615384617,0.00020809117647058807
296,0.00020716,1542096000,0.00020716,0.00020716,0.00020716,0.0,0.0,0.00020716,0.3528037366666668,0.11607794923076943,0.07367633735294118,0.0002071600000000001,0.00020725384615384633,0.00020805352941176454
297,0.00020716,1542103200,0.00020716,0.00020716,0.00020716,0.0,0.0,0.00020716,1.4802973661668753e-16,0.11607794923076943,0.07367633735294118,0.0002071600000000001,0.00020718923076923097,0.00020801588235294102
298,0.00020716,1542110400,0.00020716,0.00020716,0.00020716,0.0,0.0,0.00020716,1.4802973661668753e-16,0.11607794923076943,0.07367633735294118,0.0002071600000000001,0.0002071246153846156,0.00020797823529411746
299,0.00020716,1542117600,0.00020716,0.00020716,0.00020716,0.0,0.0,0.00020716,1.4802973661668753e-16,0.11606815153846174,0.07350473323529413,0.0002071600000000001,0.00020706000000000023,0.00020784941176470571
300,0.00020716,1542124800,0.00020716,0.00020716,0.00020716,0.0,0.0,0.00020716,1.4802973661668753e-16,0.11606815153846174,0.07300587382352942,0.0002071600000000001,0.00020699538461538486,0.0002077644117647057
301,0.00019942,1542132000,0.0002062,0.00019925,0.0002062,905.80523487,0.18115389,0.00019999,0.060384630000000154,0.11760837307692328,0.07833392941176473,0.0002045800000000001,0.00020641230769230794,0.00020745176470588216
302,0.00020329,1542139200,0.00020329,0.00020329,0.00020329,1.60924741,0.00032714,0.00020329,0.06049367666666682,0.10289551538461558,0.07834355117647061,0.0002032900000000001,0.00020623461538461565,0.00020725294117647042
303,0.00020208,1542146400,0.00020296,0.00020208,0.00020296,222.69865318,0.0451005,0.00020251,0.07552717666666682,0.1063647846153848,0.07967003647058826,0.0002015966666666668,0.00020596384615384643,0.00020701852941176454
304,0.00019926,1542153600,0.00020725,0.00019926,0.00020296,691.53413414,0.14130111,0.00020432,0.06224291666666682,0.11702850076923095,0.08382595147058826,0.00020154333333333345,0.00020547615384615414,0.00020670117647058806
305,0.00020325,1542160800,0.00020379,0.00019931,0.00020344,483.36002226,0.09846713,0.00020371,0.09495624666666681,0.12424653384615403,0.08671895529411768,0.0002015300000000001,0.0002048476923076926,0.0002065476470588234
306,0.00020325,1542168000,0.00020325,0.00020325,0.00020325,0.0,0.0,0.00020325,0.07992274666666682,0.11728930615384633,0.08671895529411768,0.0002019200000000001,0.00020466692307692338,0.0002063941176470587
307,0.00019812,1542175200,0.00019921,0.00019657,0.00019921,3586.94739967,0.70726415,0.00019717,0.26857709333333346,0.09027799384615404,0.0915955273529412,0.00020154000000000008,0.00020397153846153876,0.000206090588235294
308,0.00019785,1542182400,0.00020218,0.0001976,0.00020218,122.83787189,0.02437463,0.00019842,0.24387959333333345,0.09215296538461558,0.0896822929411765,0.0001997400000000001,0.0002032553846153849,0.00020577911764705872
309,0.00019562,1542189600,0.00019576,0.00019371,0.00019576,55.03950272,0.01075027,0.00019531,0.24746301666666679,0.09297990923076942,0.08701298794117648,0.00019719666666666674,0.00020236769230769257,0.0002054020588235293
310,0.00019868,1542196800,0.00019868,0.00019401,0.00019401,150.10991121,0.02970707,0.0001979,0.021610656666666766,0.09526506846153865,0.08346716617647061,0.00019738333333333343,0.00020171538461538489,0.00020511499999999988
311,0.00018701,1542204000,0.000194,0.00018701,0.000194,620.98671348,0.1169098,0.00018826,0.05245571333333343,0.10425813000000018,0.08676949941176473,0.0001937700000000001,0.0002001653846153849,0.00020448470588235282
312,0.00019339,1542211200,0.00019339,0.00018491,0.00018628,788.25660353,0.14803325,0.00018779,0.09821670666666676,0.11564530307692326,0.08868212823529414,0.00019302666666666675,0.0001991061538461541,0.00020408294117647046
313,0.00018875,1542218400,0.000194,0.0001887,0.00019068,1398.06682015,0.26705057,0.00019101,0.1773312066666668,0.1361876546153848,0.0964574511764706,0.00018971666666666676,0.00019769000000000026,0.0002035691176470587
314,0.00019237,1542225600,0.00019297,0.00018835,0.00019297,693.10534767,0.13230947,0.00019089,0.18246443000000015,0.13243039153846173,0.1003489061764706,0.00019150333333333344,0.00019714769230769257,0.0002031617647058822
315,0.00019197,1542232800,0.00019217,0.00019016,0.00019213,169.49205243,0.03249909,0.00019174,0.14395304333333347,0.13490515692307709,0.1013047617647059,0.0001910300000000001,0.00019627692307692333,0.00020274264705882338
316,0.00019248,1542240000,0.00019405,0.00019168,0.00019405,46.03273806,0.00884086,0.00019205,0.057883140000000145,0.13211595384615402,0.10156183147058825,0.00019227333333333342,0.0001955384615384618,0.0002022861764705881
317,0.00018832,1542247200,0.0001924,0.00018832,0.00019,196.8833609,0.03758688,0.0001909,0.026308943333333473,0.12413793615384633,0.10266732794117649,0.00019092333333333344,0.00019469692307692334,0.0002017073529411763
318,0.00018827,1542254400,0.00019254,0.00018827,0.00019005,271.82699414,0.05169727,0.00019018,0.0327083366666668,0.1205402546153848,0.10418783588235296,0.00018969000000000014,0.00019354461538461564,0.00020112705882352927
319,0.00018819,1542261600,0.00019278,0.00018819,0.00019273,12551.35226865,2.37012283,0.00018883,0.8198023266666669,0.3028573953846156,0.17389733088235299,0.00018826000000000013,0.00019238615384615412,0.00020054441176470576
320,0.00018819,1542268800,0.00018819,0.00018819,0.00018819,0.0,0.0,0.00018819,0.8072733666666668,0.24845246076923097,0.17389358470588237,0.00018821666666666678,0.00019162230769230796,0.00019996176470588224
321,0.00018954,1542276000,0.00018954,0.00018906,0.00018906,25.09730482,0.00475227,0.00018935,0.7916250333333336,0.24694304846153867,0.1740333573529412,0.0001886400000000001,0.0001909830769230772,0.00019941882352941166
322,0.00019008,1542283200,0.00019014,0.00019007,0.00019014,181.97374246,0.03458936,0.00019007,0.01311387666666682,0.2487768246153848,0.17031154411764707,0.0001892700000000001,0.00019055692307692337,0.00019892117647058813
323,0.00019007,1542290400,0.00019033,0.00019007,0.00019014,160.6179037,0.03055531,0.00019023,0.023298980000000153,0.24884207384615403,0.16557510352941177,0.00018989666666666678,0.00018989461538461568,0.00019846441176470575
324,0.00019082,1542297600,0.00019368,0.00019082,0.00019368,262.43494573,0.05041674,0.00019211,0.038520470000000154,0.24372722307692327,0.16705794882352942,0.00019032333333333343,0.0001901876923076926,0.00019802970588235282
325,0.00019199,1542304800,0.00019199,0.00018801,0.00018952,672.02335531,0.12662994,0.00018843,0.06920066333333348,0.2420808146153848,0.17070374705882352,0.00019096000000000008,0.0001900800000000003,0.00019762941176470578
326,0.00019463,1542312000,0.00019467,0.00019199,0.00019199,250.76065296,0.04870428,0.00019422,0.07525032000000015,0.22528494615384634,0.17199997,0.00019248000000000008,0.00019053230769230798,0.000197135588235294
327,0.00018814,1542319200,0.00019332,0.00018814,0.00018973,147.41118994,0.02797636,0.00018978,0.06777019333333346,0.21725932230769246,0.17016268764705883,0.00019158666666666677,0.00019020692307692336,0.00019662205882352927
328,0.00019181,1542326400,0.00019181,0.00019181,0.00019181,0.523956,0.0001005,0.00019181,0.025593713333333473,0.21476712307692322,0.13903590205882355,0.00019152666666666677,0.00019019461538461566,0.00019617058823529398
329,0.00019249,1542333600,0.00019249,0.00019249,0.00019249,1.00152238,0.00019278,0.00019249,0.009423213333333472,0.21410188615384632,0.13904157205882353,0.00019081333333333345,0.0001901953846153849,0.0001957391176470587
330,0.00019249,1542340800,0.00019249,0.00019249,0.00019249,0.0,0.0,0.00019249,9.776000000013875e-05,0.21121058769230786,0.13904157205882353,0.00019226333333333348,0.0001905161538461541,0.00019530764705882344
331,0.00019101,1542348000,0.00019346,0.00019101,0.00019163,18.28060116,0.00351702,0.00019239,0.0012366000000001388,0.20750441461538477,0.13914501382352942,0.0001919966666666668,0.00019072692307692336,0.00019483264705882344
332,0.00019229,1542355200,0.0001928,0.00019229,0.0001928,1.56607292,0.00030149,0.00019251,0.0012728366666668054,0.025210465384615518,0.1391538811764706,0.00019193000000000012,0.00019104230769230798,0.000194395294117647
333,0.00019067,1542362400,0.00019231,0.00019067,0.0001923,15.25074469,0.00290989,0.0001908,0.002242800000000139,0.025434303076923213,0.1392394661764706,0.00019132333333333345,0.0001912330769230772,0.000193910294117647
334,0.00019296,1542369600,0.00019296,0.00019269,0.00019269,879.13427659,0.16944828,0.00019274,0.057553220000000134,0.03810322692307706,0.14422323911764706,0.00019197333333333342,0.0001914961538461541,0.00019349264705882348
335,0.00019209,1542376800,0.00019224,0.00019016,0.00019016,81.14040965,0.01543788,0.00019026,0.06259868333333347,0.036630036153846295,0.13934923882352943,0.00019190666666666677,0.00019165076923076946,0.00019327705882352938
336,0.00019011,1542384000,0.00019211,0.00019011,0.00019012,49.8426588,0.00952332,0.00019106,0.06480316000000014,0.03501219076923091,0.1396197147058824,0.00019172000000000012,0.00019165384615384636,0.00019288941176470584
337,0.00018871,1542391200,0.00019286,0.00018871,0.00019283,329.97223689,0.06330873,0.00019186,0.02942331000000013,0.03600388230769245,0.14015525088235295,0.00019030333333333347,0.00019149153846153866,0.0001924961764705882
338,0.00018794,1542398400,0.00018809,0.00018794,0.00018809,191.11525984,0.03593915,0.00018804,0.036257066666666796,0.029027667692307833,0.1370563697058824,0.0001889200000000001,0.00019118000000000024,0.00019216323529411763
339,0.00018809,1542405600,0.00018809,0.00018795,0.00018795,99.42481321,0.01869795,0.00018806,0.039315276666666794,0.026719488461538602,0.1347102173529412,0.00018824666666666682,0.00019067692307692333,0.00019171735294117644
340,0.00018808,1542412800,0.00018808,0.00018759,0.00018759,6.42708163,0.00120591,0.00018763,0.0186143366666668,0.02466022307692322,0.13474568529411768,0.0001880366666666668,0.00019067230769230796,0.0001912711764705882
341,0.00018808,1542420000,0.00018808,0.00018808,0.00018808,0.0,0.0,0.00018808,0.006634620000000133,0.02465249230769245,0.11394379852941179,0.00018808333333333342,0.0001903853846153849,0.00019097588235294114
342,0.00018808,1542427200,0.00018808,0.00018808,0.00018808,4.51935346,0.00084999,0.00018808,0.0006853000000001316,0.024703046923077066,0.1132518973529412,0.00018808000000000008,0.00019004615384615414,0.00019068852941176467
343,0.00018787,1542434400,0.00018787,0.00018787,0.00018787,11.99099999,0.00225274,0.00018787,0.0010342433333334648,0.024876334615384757,0.11300197000000002,0.0001880100000000001,0.00018969076923076953,0.00019046058823529407
344,0.000188,1542441600,0.00019227,0.000188,0.00018808,1167.77891408,0.22343575,0.00019133,0.0755128266666668,0.04179316000000014,0.1186998723529412,0.00018798333333333345,0.00018945923076923104,0.00019014647058823524
345,0.0001867,1542448800,0.00019106,0.00018659,0.00018696,214.9240053,0.04053274,0.00018859,0.08874041000000012,0.044887871538461674,0.11645348823529413,0.00018752333333333347,0.00018902923076923107,0.00019013735294117645
346,0.0001867,1542456000,0.0001867,0.0001867,0.0001867,0.0,0.0,0.0001867,0.08798949666666679,0.044664033846153986,0.11209956911764707,0.00018713333333333348,0.00018872384615384647,0.00018994058823529407
347,0.00018661,1542463200,0.00018661,0.00018661,0.00018661,40.41964671,0.00754271,0.00018661,0.016025150000000137,0.032209759230769366,0.10446698500000001,0.00018667000000000014,0.00018823538461538493,0.0001898776470588235
348,0.0001878,1542470400,0.0001878,0.0001866,0.0001866,11.52128557,0.00215289,0.00018686,0.003231866666666803,0.03118783692307706,0.10063885029411766,0.0001870366666666668,0.0001879053846153849,0.00018974323529411763
349,0.0001878,1542477600,0.0001878,0.0001878,0.0001878,0.0,0.0,0.0001878,0.003231866666666803,0.03045527384615398,0.09968299470588236,0.00018740333333333345,0.00018772769230769262,0.00018962058823529412
350,0.00018822,1542484800,0.00018844,0.00018822,0.00018844,2.40880945,0.00045373,0.00018836,0.000868873333333469,0.025620273846153983,0.09943631441176472,0.00018794000000000013,0.0001876900000000003,0.00018949529411764707
351,0.00018822,1542492000,0.00018822,0.00018822,0.00018822,0.0,0.0,0.00018822,0.00015124333333346902,0.02285572384615398,0.09833081794117648,0.0001880800000000001,0.00018771153846153878,0.00018949235294117648
352,0.00018976,1542499200,0.00018976,0.00018754,0.00018842,107.43874275,0.02034805,0.00018939,0.0069339266666668025,0.022982654615384752,0.09740878205882353,0.00018873333333333344,0.00018784000000000032,0.00018953617647058825
353,0.00018755,1542506400,0.00018755,0.00018755,0.00018755,8.37069678,0.00156992,0.00018755,0.007305990000000136,0.02301065538461552,0.027745461176470594,0.0001885100000000001,0.00018779923076923106,0.00018951735294117647
354,0.00018754,1542513600,0.0001885,0.00018754,0.0001885,42.16767618,0.00791776,0.00018776,0.00994524333333347,0.023619713846153984,0.02797833647058824,0.00018828333333333343,0.00018775769230769258,0.00018949823529411763
355,0.00018755,1542520800,0.00018755,0.00018755,0.00018755,11.15266074,0.00209168,0.00018755,0.003859786666666802,0.023715228461538597,0.027900083823529417,0.00018754666666666677,0.00018771692307692332,0.0001894397058823529
356,0.00018754,1542528000,0.00018859,0.00018754,0.00018859,2.05912468,0.00038672,0.00018781,0.003465386666666802,0.0235716884615386,0.026894123823529417,0.00018754333333333346,0.00018769153846153868,0.000189365
357,0.00018815,1542535200,0.00018857,0.00018815,0.00018857,2.46593103,0.00046418,0.00018824,0.0009808600000001354,0.006420029230769368,0.0260090905882353,0.00018774666666666678,0.00018770307692307715,0.00018930852941176468
358,0.00018815,1542542400,0.00018815,0.00018815,0.00018815,5.2801394,0.00099345,0.00018815,0.0006147833333334687,0.003378545384615522,0.02455546441176471,0.00018794666666666678,0.0001878146153846156,0.00018922999999999998
359,0.00018754,1542549600,0.00018754,0.00018754,0.00018754,31.0,0.00581374,0.00018754,0.0024237900000001356,0.003825756153846291,0.02100204676470589,0.00018794666666666678,0.00018787923076923096,0.0001890991176470588
360,0.00018753,1542556800,0.00018775,0.00018752,0.00018775,457.57430737,0.08581748,0.00018754,0.030874890000000137,0.009846892307692444,0.02209361147058824,0.00018774000000000012,0.0001879500000000002,0.000188890294117647
361,0.0001888,1542564000,0.0001888,0.00018879,0.00018879,50.27679776,0.00949225,0.00018879,0.03370782333333347,0.0104114584615386,0.021549961176470595,0.0001879566666666668,0.00018802692307692324,0.0001889097058823529
362,0.0001888,1542571200,0.0001888,0.0001888,0.0001888,0.0,0.0,0.0001888,0.03176991000000014,0.0104114584615386,0.021547005294117655,0.0001883766666666668,0.0001881038461538463,0.0001888211764705882
363,0.0001897,1542578400,0.0001897,0.0001897,0.0001897,19.98165525,0.00379052,0.0001897,0.004427590000000138,0.010668134615384751,0.021652821176470594,0.00018910000000000012,0.00018821769230769247,0.0001887391176470588
364,0.00018913,1542585600,0.00018971,0.00018845,0.00018971,49.35964798,0.00935344,0.00018949,0.004381320000000137,0.011387630000000136,0.021927922352941186,0.00018921000000000012,0.00018828769230769246,0.00018864029411764702
365,0.00018745,1542592800,0.00018745,0.0001857,0.00018744,166.61066946,0.0311647,0.00018705,0.014769553333333471,0.012219680000000134,0.022741089411764715,0.00018876000000000014,0.00018811000000000015,0.0001885355882352941
366,0.00018054,1542600000,0.00018413,0.00018053,0.00018413,61.14043232,0.011242,0.00018387,0.01725338000000014,0.012963686153846288,0.02306286911764707,0.00018570666666666678,0.00018757076923076938,0.00018818999999999994
367,0.00017833,1542607200,0.00018486,0.00017831,0.00018057,171.15977891,0.03078545,0.00017986,0.02439738333333347,0.014722739230769364,0.023882738529411775,0.00018210666666666677,0.00018686230769230785,0.00018782705882352938
368,0.00017788,1542614400,0.00017833,0.00017475,0.00017833,397.94466714,0.06993138,0.00017573,0.037319610000000135,0.01994117769230783,0.02095577088235295,0.00017891666666666677,0.0001861184615384617,0.00018738352941176468
369,0.00017828,1542621600,0.00017828,0.00017812,0.00017812,8.82455145,0.00157234,0.00017817,0.034096390000000136,0.02003237923076937,0.020547960882352948,0.00017816333333333346,0.00018540615384615402,0.00018697735294117646
370,0.00017813,1542628800,0.00017813,0.00017377,0.000175,274.08270593,0.04814449,0.00017565,0.03988273666666681,0.02370009538461552,0.02168387764705883,0.00017809666666666681,0.00018463538461538478,0.00018662499999999997
371,0.00017813,1542636000,0.00017813,0.00017813,0.00017813,0.0,0.0,0.00017813,0.016572276666666805,0.02362367615384629,0.019821856176470594,0.00017818000000000014,0.00018386461538461553,0.00018631382352941175
372,0.00017829,1542643200,0.0001783,0.0001774,0.00017822,68.89121689,0.01225885,0.00017794,0.02013444666666681,0.02411945384615398,0.01912537676470589,0.00017818333333333345,0.0001831530769230771,0.00018603
373,0.00017959,1542650400,0.00017959,0.00017829,0.00017829,37.08765013,0.0066187,0.00017846,0.006292516666666807,0.018027240000000132,0.01877010470588236,0.00017867000000000013,0.00018254230769230783,0.00018578
