,close,date,high,low,open,quoteVolume,volume,weightedAverage
0,0.00061537,1536336000,0.00066599,0.00060522,0.00066599,13275.00867458,8.17809871,0.00061605
1,0.00061997,1536343200,0.00062196,0.00060715,0.00062196,1317.23505105,0.81750289,0.00062062
2,0.0006166,1536350400,0.00062105,0.00060644,0.00061998,482.40169276,0.2959483,0.00061348
3,0.000606,1536357600,0.00062235,0.000606,0.0006166,916.01516168,0.56572581,0.00061759
4,0.00060708,1536364800,0.00061904,0.00060533,0.0006135,461.04159819,0.2827149,0.0006132
5,0.00060591,1536372000,0.00060591,0.000602,0.00060591,365.56549911,0.22049283,0.00060315
6,0.0006,1536379200,0.00060591,0.0006,0.00060591,246.37420032,0.14839248,0.0006023
7,0.00060311,1536386400,0.00060311,0.00059774,0.00060178,163.53640189,0.09787525,0.00059849
8,0.00061111,1536393600,0.00061415,0.00060505,0.00060505,184.99903648,0.11280453,0.00060975
9,0.0006055,1536400800,0.000618,0.0006055,0.00061111,307.14077441,0.18733251,0.00060992
10,0.00060704,1536408000,0.00061041,0.0006025,0.0006055,80.62958082,0.04883786,0.0006057
11,0.00060098,1536415200,0.00061058,0.00060098,0.00060704,919.10406072,0.55784244,0.00060694
12,0.00058567,1536422400,0.00060736,0.00058567,0.00060219,4288.97911505,2.56967157,0.00059913
13,0.00058874,1536429600,0.0006034,0.00058312,0.00059516,1049.02030402,0.62012773,0.00059114
14,0.00058229,1536436800,0.0005922,0.00058047,0.00058967,271.07940846,0.15854912,0.00058488
15,0.00059664,1536444000,0.00059664,0.000584,0.00058491,45.66247105,0.02684411,0.00058788
16,0.00058235,1536451200,0.00059287,0.00057702,0.00058738,793.75879064,0.45842717,0.00057753
17,0.00056798,1536458400,0.00058149,0.00056001,0.00058148,681.33580071,0.38546477,0.00056574
18,0.00056734,1536465600,0.00056734,0.0005629,0.0005629,26.7857,0.01513303,0.00056496
19,0.000574,1536472800,0.00057522,0.0005704,0.0005704,237.89658011,0.13641145,0.0005734
20,0.00057524,1536480000,0.00057524,0.00056578,0.00057379,1168.57584224,0.66991237,0.00057327
21,0.00058146,1536487200,0.00058176,0.00057169,0.00057529,1020.12045582,0.5926862,0.00058099
22,0.00058567,1536494400,0.00058567,0.00058041,0.00058041,37.93493236,0.02204675,0.00058117
23,0.000572,1536501600,0.00058548,0.000572,0.00058548,284.54165221,0.16463695,0.0005786
24,0.00057507,1536508800,0.00057711,0.00056876,0.00057711,504.34475483,0.28850457,0.00057203
25,0.00057765,1536516000,0.00057765,0.00057294,0.00057429,205.33010321,0.11790355,0.00057421
26,0.0005844,1536523200,0.00058486,0.00057475,0.00057652,283.76429249,0.16552271,0.00058331
27,0.00057525,1536530400,0.00058467,0.00057427,0.00057571,438.85766535,0.25247679,0.0005753
28,0.00058371,1536537600,0.00058371,0.00057643,0.00057643,73.24520928,0.04254359,0.00058083
29,0.0005742,1536544800,0.0005814,0.0005742,0.0005814,69.7994668,0.04057512,0.0005813
30,0.00057241,1536552000,0.00058017,0.00057058,0.00058017,4690.44020525,2.68077573,0.00057154
31,0.00057406,1536559200,0.00057581,0.0005723,0.00057308,869.43250045,0.49838027,0.00057322
32,0.00056957,1536566400,0.00057554,0.00056614,0.00057553,781.44579425,0.4471087,0.00057215
33,0.00056765,1536573600,0.00056882,0.00056763,0.00056765,234.62734294,0.133301,0.00056813
34,0.00056318,1536580800,0.00057348,0.0005601,0.00057348,373.61776008,0.21033323,0.00056296
35,0.00056495,1536588000,0.0005655,0.00056195,0.00056317,18.48846458,0.01041917,0.00056355
36,0.0005593,1536595200,0.0005684,0.00055636,0.00056495,1126.3985225,0.63168953,0.0005608
37,0.00056155,1536602400,0.00056155,0.00055337,0.00055832,601.67890539,0.33568622,0.00055791
38,0.00056549,1536609600,0.00056549,0.00056039,0.00056127,490.50544812,0.27633356,0.00056336
39,0.0005609,1536616800,0.00056485,0.0005609,0.00056485,964.78409218,0.54176022,0.00056153
40,0.00056593,1536624000,0.00056593,0.00056127,0.00056129,25.55789202,0.01436832,0.00056218
41,0.00056322,1536631200,0.00056594,0.00055784,0.00056594,1808.31976667,1.01530261,0.00056146
42,0.00056369,1536638400,0.00056415,0.0005636,0.0005636,568.92727114,0.32088347,0.00056401
43,0.00056077,1536645600,0.00056817,0.00055557,0.00055557,24.69899098,0.01392394,0.00056374
44,0.00055892,1536652800,0.00056077,0.00055347,0.00056077,471.72475791,0.26255337,0.00055658
45,0.00056108,1536660000,0.00056108,0.00055658,0.00055658,6.95952551,0.00389292,0.00055936
46,0.00055515,1536667200,0.00055616,0.00055015,0.00055616,98.92323171,0.05461964,0.00055214
47,0.00054197,1536674400,0.00055242,0.00053316,0.00055242,469.06715744,0.253603,0.00054065
48,0.00053793,1536681600,0.00055,0.00053789,0.00054187,448.63834301,0.24328929,0.00054228
49,0.00052821,1536688800,0.00053365,0.00052271,0.00053143,198.10500543,0.10438218,0.0005269
50,0.00054024,1536696000,0.00054024,0.00052258,0.0005226,54.21747877,0.02833816,0.00052267
51,0.00053573,1536703200,0.00053573,0.0005341,0.00053458,223.11525311,0.11946412,0.00053543
52,0.00054104,1536710400,0.00054104,0.0005354,0.00053542,506.19136306,0.27233037,0.00053799
53,0.00052405,1536717600,0.00053012,0.00052405,0.00053012,218.28237062,0.11465487,0.00052525
54,0.0005249,1536724800,0.00052554,0.00052,0.00052405,229.87333432,0.12038117,0.00052368
55,0.00051795,1536732000,0.00051968,0.00051,0.00051968,191.96844321,0.09844736,0.00051283
56,0.00050399,1536739200,0.00051488,0.00049291,0.00051488,1363.37529291,0.68208276,0.00050028
57,0.00049859,1536746400,0.00050781,0.00049849,0.0005038,1189.67701546,0.59705238,0.00050186
58,0.00050203,1536753600,0.00050496,0.00049632,0.00049632,103.92906318,0.05237555,0.00050395
59,0.000505,1536760800,0.000505,0.00049886,0.00050241,270.916817,0.13594326,0.00050178
60,0.00050579,1536768000,0.00050579,0.00049379,0.00050524,146.15536348,0.07243788,0.00049562
61,0.00052103,1536775200,0.00052103,0.00051117,0.00051117,62.4055028,0.03242364,0.00051956
62,0.00052183,1536782400,0.00052183,0.00051763,0.00051811,516.05670138,0.26796129,0.00051924
63,0.00052499,1536789600,0.00052499,0.00052252,0.00052252,211.41296212,0.11054751,0.00052289
64,0.00053,1536796800,0.00054067,0.00051959,0.00052563,492.63020633,0.2610462,0.0005299
65,0.00053,1536804000,0.00053,0.00053,0.00053,0.08,4.24e-05,0.00053
66,0.00053316,1536811200,0.00053316,0.00053315,0.00053315,40.0,0.02132637,0.00053315
67,0.00052213,1536818400,0.00052213,0.00052213,0.00052213,6.16266718,0.00321771,0.00052213
68,0.00053268,1536825600,0.00053268,0.00052312,0.00053227,64.99525405,0.03455245,0.00053161
69,0.00054256,1536832800,0.00054487,0.0005314,0.0005352,139.43133349,0.07534994,0.0005404
70,0.00054381,1536840000,0.00054666,0.00053261,0.00054005,1456.41209913,0.78711429,0.00054044
71,0.00053562,1536847200,0.00054971,0.00053431,0.00054219,793.24049464,0.42883841,0.00054061
72,0.00054724,1536854400,0.0005489,0.00053779,0.00053779,46.12493658,0.02520585,0.00054646
73,0.00053001,1536861600,0.00053861,0.00052843,0.00053777,297.56379542,0.15897675,0.00053426
74,0.00053365,1536868800,0.00054028,0.00053002,0.00053002,780.26118374,0.41669508,0.00053404
75,0.00054238,1536876000,0.00054723,0.00053329,0.00053511,799.08578941,0.43478576,0.0005441
76,0.00053495,1536883200,0.00054234,0.00053377,0.00054045,136.64207282,0.07340989,0.00053724
77,0.00055263,1536890400,0.00055995,0.00053774,0.00054418,159.83140306,0.08790614,0.00054999
78,0.00055,1536897600,0.00055,0.00054497,0.00055,30.71022486,0.01685322,0.00054878
79,0.00053547,1536904800,0.0005465,0.00053547,0.0005465,725.98489648,0.38916122,0.00053604
80,0.00052626,1536912000,0.00053663,0.00052252,0.00053449,1914.55773093,1.00940613,0.00052722
81,0.00052712,1536919200,0.00052868,0.00052012,0.00052631,743.62745641,0.39194244,0.00052706
82,0.00052016,1536926400,0.000528,0.00052016,0.000528,67.49703199,0.0353497,0.00052372
83,0.00052175,1536933600,0.00052175,0.00052,0.00052012,90.47892978,0.04719392,0.0005216
84,0.0005325,1536940800,0.0005325,0.00052582,0.00052582,559.28651024,0.29412517,0.00052589
85,0.00053618,1536948000,0.00053618,0.00053155,0.00053166,150.46887001,0.08008145,0.00053221
86,0.0005293,1536955200,0.0005385,0.0005293,0.00053618,344.41569183,0.18490347,0.00053686
87,0.0005294,1536962400,0.00053493,0.0005294,0.00053491,459.80075971,0.24531236,0.00053351
88,0.0005301,1536969600,0.0005301,0.0005301,0.0005301,1.878099,0.00099558,0.0005301
89,0.00053406,1536976800,0.00053406,0.00052614,0.00052614,4.77858402,0.00252143,0.00052765
90,0.00052774,1536984000,0.00052774,0.00052769,0.00052769,4.398487,0.00232109,0.0005277
91,0.00052774,1536991200,0.00052774,0.00052774,0.00052774,0.0,0.0,0.00052774
92,0.00053473,1536998400,0.00053473,0.00053473,0.00053473,3.93945207,0.00210654,0.00053473
93,0.00054729,1537005600,0.00055038,0.00053849,0.00053852,299.14902507,0.16338476,0.00054616
94,0.00053736,1537012800,0.0005431,0.00053736,0.00053834,403.74422349,0.21834921,0.00054081
95,0.00053338,1537020000,0.0005484,0.00053338,0.00053742,20.84211054,0.01124203,0.00053939
96,0.00053498,1537027200,0.00053559,0.00053498,0.00053559,37.35564052,0.01998591,0.00053501
97,0.00054042,1537034400,0.00054162,0.00053463,0.00054162,116.70742689,0.06244382,0.00053504
98,0.0005399,1537041600,0.0005399,0.0005399,0.0005399,21.5,0.01160785,0.0005399
99,0.00054231,1537048800,0.00054231,0.00053735,0.00053737,0.85589899,0.00046111,0.00053875
100,0.000532,1537056000,0.000532,0.000532,0.000532,33.61205638,0.01788161,0.000532
101,0.00052663,1537063200,0.000532,0.00052663,0.000532,149.41390901,0.07924219,0.00053035
102,0.00053465,1537070400,0.00053465,0.00052938,0.00052938,366.5748942,0.1940929,0.00052947
103,0.00053465,1537077600,0.00053465,0.00053465,0.00053465,0.0,0.0,0.00053465
104,0.00053465,1537084800,0.00053465,0.00053465,0.00053465,0.0,0.0,0.00053465
105,0.00052905,1537092000,0.00052905,0.00052895,0.00052895,27.41347749,0.01450263,0.00052903
106,0.0005293,1537099200,0.0005293,0.0005293,0.0005293,197.9,0.10474847,0.0005293
107,0.0005293,1537106400,0.0005293,0.00052909,0.00052929,21.75534167,0.01151465,0.00052927
108,0.00053054,1537113600,0.00053281,0.00052752,0.0005293,231.10473791,0.12196467,0.00052774
109,0.00053057,1537120800,0.00053057,0.00053055,0.00053055,1.31802465,0.00069928,0.00053055
110,0.00053277,1537128000,0.00053374,0.00053277,0.00053374,17.73849667,0.00945409,0.00053297
111,0.0005344,1537135200,0.0005344,0.00053229,0.00053232,101.59633474,0.05410458,0.00053254
112,0.00052819,1537142400,0.00053506,0.00052819,0.00053229,801.93309214,0.42494099,0.00052989
113,0.00053933,1537149600,0.00053933,0.00053456,0.00053456,19.47984959,0.01046621,0.00053728
114,0.00053184,1537156800,0.00053184,0.0005247,0.0005247,14.61024559,0.00767603,0.00052538
115,0.00052485,1537164000,0.00052485,0.00052473,0.00052485,152.89144714,0.08024462,0.00052484
116,0.00053112,1537171200,0.00053112,0.00052896,0.00052896,3.6645454,0.00194415,0.00053053
117,0.00052944,1537178400,0.00053273,0.00052383,0.00053105,577.35583893,0.30378111,0.00052615
118,0.00051839,1537185600,0.00052558,0.00051839,0.00052232,68.32050454,0.03562994,0.00052151
119,0.00051286,1537192800,0.00052081,0.00050809,0.000518,766.88629171,0.39422754,0.00051406
120,0.000511,1537200000,0.0005118,0.00050641,0.00051022,133.57427265,0.06805517,0.00050949
121,0.00050311,1537207200,0.00051383,0.00050311,0.00051149,361.2521494,0.183768,0.00050869
122,0.00050567,1537214400,0.00050635,0.00050567,0.00050635,9.82900086,0.00497527,0.00050618
123,0.00050936,1537221600,0.00050936,0.00050475,0.00050537,7.11055762,0.00361412,0.00050827
124,0.00050319,1537228800,0.00050553,0.0005,0.00050553,10.39694083,0.00520019,0.00050016
125,0.00050101,1537236000,0.00050646,0.00050101,0.00050646,56.14991278,0.02838978,0.0005056
126,0.00050453,1537243200,0.00050457,0.00050453,0.00050457,39.88228017,0.02012248,0.00050454
127,0.00050722,1537250400,0.00050722,0.00050722,0.00050722,16.82504633,0.00853399,0.00050722
128,0.00051311,1537257600,0.00051311,0.00051001,0.00051001,11.51364646,0.00589045,0.0005116
129,0.00052131,1537264800,0.00052131,0.00051045,0.00051475,1527.64000922,0.78651991,0.00051485
130,0.00051276,1537272000,0.00052246,0.00051276,0.00052133,412.81644761,0.2129706,0.00051589
131,0.00052076,1537279200,0.00052828,0.00052,0.00052,147.73121335,0.0774343,0.00052415
132,0.00052168,1537286400,0.00052913,0.00051628,0.00052391,1026.37321059,0.53765078,0.00052383
133,0.00052851,1537293600,0.00052851,0.00052003,0.00052105,921.33024311,0.47948934,0.00052043
134,0.00052304,1537300800,0.00052426,0.00051116,0.00051327,304.15818922,0.15819643,0.00052011
135,0.00052229,1537308000,0.00052347,0.00051113,0.00052092,141.17244446,0.0733988,0.00051992
136,0.0005193,1537315200,0.00051989,0.00051267,0.00051268,301.60995829,0.15610432,0.00051757
137,0.00051588,1537322400,0.00052859,0.00051423,0.00051423,123.73715308,0.06483737,0.00052399
138,0.00051893,1537329600,0.00051893,0.00051381,0.00051382,386.65151183,0.20036058,0.00051819
139,0.00051728,1537336800,0.00052333,0.0005168,0.00051698,56.58571742,0.02957207,0.0005226
140,0.00052132,1537344000,0.00052565,0.00051601,0.00051905,1028.89995083,0.53348458,0.00051849
141,0.00051381,1537351200,0.00052046,0.00051381,0.00052043,950.42917951,0.49438963,0.00052017
142,0.00051941,1537358400,0.00052507,0.00051023,0.00051703,200.44831404,0.10382689,0.00051797
143,0.00052344,1537365600,0.00052344,0.00051807,0.00051807,192.52720909,0.0997449,0.00051808
144,0.00051648,1537372800,0.00051793,0.00051112,0.00051413,182.67807407,0.09362465,0.00051251
145,0.00051001,1537380000,0.00051721,0.00051001,0.00051587,180.66894938,0.09295287,0.00051449
146,0.00051682,1537387200,0.00051682,0.00051019,0.00051019,103.73950204,0.0529673,0.00051057
147,0.00051683,1537394400,0.00051683,0.00051612,0.00051612,657.68912,0.33971661,0.00051653
148,0.00052021,1537401600,0.00052624,0.000518,0.000518,543.99789199,0.28517548,0.00052422
149,0.00052253,1537408800,0.00052312,0.00052253,0.00052312,26.63789512,0.01392457,0.00052273
150,0.00051942,1537416000,0.00052659,0.00051942,0.00052122,108.05875363,0.05636673,0.00052163
151,0.00052699,1537423200,0.00052835,0.00051997,0.00051997,50.88935933,0.02681403,0.0005269
152,0.00051891,1537430400,0.00052289,0.00051891,0.00052289,24.85460732,0.01295197,0.0005211
153,0.00052227,1537437600,0.00052227,0.00051434,0.00051884,498.18838606,0.25713217,0.00051613
154,0.0005178,1537444800,0.00052727,0.0005178,0.00052727,714.17423742,0.37580127,0.0005262
155,0.0005304,1537452000,0.00053365,0.00052255,0.00052255,542.48059127,0.28748467,0.00052994
156,0.00052672,1537459200,0.00052892,0.00052672,0.00052768,93.25095004,0.04925865,0.00052823
157,0.0005196,1537466400,0.00053324,0.0005196,0.00053324,78.91367642,0.04113598,0.00052127
158,0.00053052,1537473600,0.00053052,0.00051967,0.00051967,82.0759191,0.04300301,0.00052394
159,0.0005435,1537480800,0.00054945,0.00053022,0.00053022,593.69282875,0.3206499,0.00054009
160,0.00053735,1537488000,0.00054922,0.00053735,0.00054414,406.60856193,0.22233938,0.00054681
161,0.00054773,1537495200,0.00054773,0.00054501,0.00054501,157.05435406,0.08564816,0.00054534
162,0.00054325,1537502400,0.00054325,0.00053281,0.00053921,370.48784694,0.19929574,0.00053792
163,0.00058569,1537509600,0.00061185,0.00053873,0.00054509,3378.19081217,2.02665131,0.00059992
164,0.00057313,1537516800,0.00060171,0.00057146,0.00058646,873.40537617,0.5099449,0.00058385
165,0.00059688,1537524000,0.00059688,0.00057405,0.00057405,377.49254994,0.22250285,0.00058942
166,0.00059825,1537531200,0.00060556,0.00057951,0.00059001,2892.01380123,1.71275771,0.00059223
167,0.00058536,1537538400,0.00059401,0.00058387,0.00058962,457.86878444,0.26831184,0.000586
168,0.000564,1537545600,0.00058536,0.00055664,0.00058535,1824.3637626,1.0502895,0.0005757
169,0.00058187,1537552800,0.00058315,0.00056596,0.00056763,1116.80021993,0.63894593,0.00057212
170,0.00057359,1537560000,0.00058532,0.00056693,0.00058245,4469.35725469,2.5738568,0.00057588
171,0.00059623,1537567200,0.00059623,0.00057306,0.00057349,890.26578153,0.5189773,0.00058294
172,0.00058235,1537574400,0.0006,0.00056614,0.00059656,1887.59552078,1.10151082,0.00058355
173,0.00057043,1537581600,0.00057661,0.00055961,0.00057661,730.88511682,0.41633605,0.00056963
174,0.00057043,1537588800,0.00058095,0.00057043,0.00057237,1757.61911885,1.01001681,0.00057465
175,0.00057035,1537596000,0.00057234,0.00056629,0.00057043,777.20146972,0.44343256,0.00057055
176,0.00055731,1537603200,0.00057032,0.00055383,0.0005661,1622.26286742,0.90302801,0.00055664
177,0.00055733,1537610400,0.00056449,0.00055733,0.00055987,592.76592776,0.33286727,0.00056154
178,0.00056714,1537617600,0.00056917,0.00056251,0.00056271,85.10044891,0.04824292,0.00056689
179,0.00056107,1537624800,0.00056688,0.000556,0.00056688,82.07893739,0.04568928,0.00055665
180,0.00056693,1537632000,0.00056783,0.00056108,0.00056108,91.56742394,0.05170459,0.00056466
181,0.00055786,1537639200,0.0005685,0.00055786,0.00056621,2889.0233709,1.63406571,0.00056561
182,0.00056174,1537646400,0.0005656,0.00056142,0.0005656,173.19464071,0.09784476,0.00056494
183,0.00056414,1537653600,0.00056567,0.00056414,0.00056567,0.53163367,0.00030029,0.00056486
184,0.00056909,1537660800,0.00057784,0.00056392,0.00056392,2149.279468,1.23026313,0.0005724
185,0.00057199,1537668000,0.000574,0.00057199,0.00057351,642.12520035,0.368277,0.00057352
186,0.000574,1537675200,0.000574,0.000569,0.000569,3.20707123,0.00183965,0.00057362
187,0.00061003,1537682400,0.00061614,0.000579,0.000579,3320.09158983,1.99849945,0.00060194
188,0.00062092,1537689600,0.000645,0.00059486,0.0006049,4640.50703353,2.90394309,0.00062578
189,0.00061199,1537696800,0.00062964,0.00061199,0.00062,5266.0253576,3.29528036,0.00062576
190,0.00060807,1537704000,0.00061403,0.00059836,0.00061403,2845.19380964,1.7264227,0.00060678
191,0.00060281,1537711200,0.00061824,0.00059611,0.00060978,5597.65164383,3.39765395,0.00060697
192,0.00060836,1537718400,0.00061589,0.00059808,0.00060232,4101.15627166,2.49187858,0.0006076
193,0.0006097,1537725600,0.00061,0.00060224,0.00060795,198.76625829,0.12070922,0.00060729
194,0.00060625,1537732800,0.00061557,0.00060021,0.00061222,1666.84042518,1.02317144,0.00061383
195,0.00061537,1537740000,0.00062498,0.00060356,0.00060358,463.89327954,0.28721108,0.00061913
196,0.00061594,1537747200,0.00062295,0.00060297,0.00062295,184.04056736,0.11312252,0.00061466
197,0.00061594,1537754400,0.00062144,0.00061594,0.00062144,471.95932528,0.2907475,0.00061604
198,0.00059319,1537761600,0.00061423,0.00059319,0.00061423,203.37530491,0.12303248,0.00060495
199,0.00059953,1537768800,0.0006005,0.00058941,0.0006005,549.90452062,0.32657449,0.00059387
200,0.00057608,1537776000,0.00058964,0.00057128,0.00058547,247.89710356,0.14426017,0.00058193
201,0.00058117,1537783200,0.00059129,0.00058117,0.00058128,427.4636436,0.24868992,0.00058178
202,0.00058985,1537790400,0.00058985,0.0005811,0.0005811,127.79518655,0.07452943,0.00058319
203,0.00057794,1537797600,0.00058941,0.00057794,0.00058941,1363.54513325,0.79956487,0.00058638
204,0.0005979,1537804800,0.00059811,0.00058543,0.00058543,309.28677182,0.18129413,0.00058616
205,0.00059277,1537812000,0.00059277,0.00059063,0.00059063,165.58262169,0.0979932,0.0005918
206,0.00059361,1537819200,0.00059627,0.00059,0.00059099,197.06924403,0.11669211,0.00059213
207,0.00057918,1537826400,0.00058851,0.00057653,0.00058851,1473.99838184,0.84990398,0.00057659
208,0.00056573,1537833600,0.00059183,0.00055602,0.00057293,1389.78935624,0.78786217,0.00056689
209,0.00056818,1537840800,0.00056818,0.00056206,0.00056573,235.90925276,0.13344691,0.00056567
210,0.00056911,1537848000,0.00056911,0.00056911,0.00056911,1.75712955,0.00099999,0.00056911
211,0.00055784,1537855200,0.0005625,0.00055601,0.0005625,658.46628588,0.36849361,0.00055962
212,0.00055976,1537862400,0.00058623,0.00055776,0.00055776,8.40468687,0.00469303,0.00055838
213,0.00054913,1537869600,0.00055887,0.0005444,0.00055334,303.20597825,0.16572891,0.00054658
214,0.00055866,1537876800,0.00056009,0.00055021,0.00055023,1510.83228253,0.83844543,0.00055495
215,0.00055658,1537884000,0.00055814,0.00055,0.00055263,216.96997454,0.12060868,0.00055587
216,0.00055322,1537891200,0.00055998,0.00055111,0.00055112,487.96930352,0.26929803,0.00055187
217,0.00054984,1537898400,0.00056537,0.00054984,0.00055139,267.04914732,0.15042909,0.0005633
218,0.00056591,1537905600,0.00056617,0.00056241,0.00056244,332.59152834,0.18724247,0.00056298
219,0.00057584,1537912800,0.00057584,0.00056823,0.00056823,348.10599733,0.19958513,0.00057334
220,0.00055979,1537920000,0.0005735,0.00055512,0.00057041,1169.78740975,0.658375,0.00056281
221,0.00055893,1537927200,0.00055964,0.00055435,0.00055964,87.72713616,0.04863512,0.00055439
222,0.0005578,1537934400,0.00055818,0.00055777,0.00055818,325.91197121,0.18179373,0.0005578
223,0.00055572,1537941600,0.00056142,0.00055572,0.0005608,18.63255845,0.01037404,0.00055676
224,0.0005581,1537948800,0.00056465,0.0005581,0.00056465,127.37265777,0.07109067,0.00055813
225,0.00055819,1537956000,0.00056168,0.00055819,0.00056168,49.03682784,0.02745617,0.0005599
226,0.00055747,1537963200,0.0005742,0.00055369,0.00055981,1080.3379915,0.60335683,0.00055848
227,0.00057189,1537970400,0.00057315,0.00056068,0.00056076,1549.71357554,0.87080641,0.00056191
228,0.00057387,1537977600,0.00057387,0.00057194,0.00057194,289.94722152,0.1662533,0.00057339
229,0.00056658,1537984800,0.00057387,0.00056658,0.00056776,168.70043353,0.0958373,0.00056809
230,0.00056658,1537992000,0.00056658,0.00056658,0.00056658,0.0,0.0,0.00056658
231,0.00057024,1537999200,0.00057024,0.00056161,0.00056335,58.05304208,0.03307686,0.00056976
232,0.00056488,1538006400,0.00056507,0.00055599,0.00055599,267.38462711,0.14930216,0.00055837
233,0.00056488,1538013600,0.00056488,0.00056488,0.00056488,0.0,0.0,0.00056488
234,0.00055671,1538020800,0.00056094,0.00055671,0.00055953,63.34822716,0.0354748,0.00055999
235,0.000555,1538028000,0.00056065,0.000555,0.00056065,429.90520248,0.23861779,0.00055504
236,0.00055139,1538035200,0.00055583,0.00054407,0.000555,343.09300655,0.18835943,0.000549
237,0.00055026,1538042400,0.0005532,0.00054799,0.0005509,60.96964392,0.0335976,0.00055105
238,0.00057497,1538049600,0.000575,0.00056178,0.00056178,1245.75966933,0.71008033,0.00056999
239,0.00059731,1538056800,0.00061509,0.00057258,0.000575,12397.64194458,7.35648595,0.00059337
240,0.00060177,1538064000,0.00060387,0.00059568,0.00060383,624.51998978,0.37426083,0.00059927
241,0.00061065,1538071200,0.00062479,0.00059791,0.0006,6105.01078584,3.74258734,0.00061303
242,0.00061957,1538078400,0.00062308,0.00060674,0.00061065,3309.21497267,2.04876988,0.00061911
243,0.00060213,1538085600,0.00061683,0.00059323,0.00061253,1661.01324809,1.00558604,0.0006054
244,0.00059827,1538092800,0.00060207,0.00059558,0.00060206,237.41983933,0.14252314,0.0006003
245,0.00058489,1538100000,0.00059718,0.0005821,0.000592,1276.55904959,0.74839947,0.00058626
246,0.00058631,1538107200,0.00058857,0.00058301,0.00058857,260.29223423,0.15189104,0.00058354
247,0.00058659,1538114400,0.00058948,0.00058199,0.00058631,285.32763257,0.16773052,0.00058785
248,0.00057,1538121600,0.00058658,0.00057,0.000585,2191.41537143,1.26866708,0.00057892
249,0.00057999,1538128800,0.00058221,0.00057198,0.00057589,1630.9139947,0.94088569,0.0005769
250,0.00058112,1538136000,0.0005869,0.00057642,0.00057999,5076.52290712,2.9408101,0.00057929
251,0.0005855,1538143200,0.00058567,0.0005808,0.00058172,2075.67396775,1.20666896,0.00058133
252,0.00058334,1538150400,0.0005877,0.00058334,0.00058363,927.34317302,0.54426668,0.0005869
253,0.000592,1538157600,0.0005964,0.00058536,0.00058857,9576.50337839,5.65001562,0.00058998
254,0.00059199,1538164800,0.00059613,0.0005818,0.00058595,2939.62334288,1.72375354,0.00058638
255,0.00058289,1538172000,0.00058524,0.00058269,0.00058514,402.84194334,0.23500959,0.00058337
256,0.00057723,1538179200,0.00058348,0.00057384,0.00057795,2137.70733625,1.23129026,0.00057598
257,0.00058029,1538186400,0.00058038,0.0005782,0.0005782,23.44219221,0.01358102,0.00057934
258,0.00057567,1538193600,0.00057979,0.00057567,0.00057979,369.94848154,0.21364211,0.00057749
259,0.000574,1538200800,0.00057809,0.000574,0.00057809,61.31353516,0.03524347,0.0005748
260,0.00058246,1538208000,0.000587,0.00057599,0.00057599,3178.45018068,1.8505692,0.00058222
261,0.000582,1538215200,0.00058788,0.0005799,0.0005799,103.91264782,0.06053965,0.0005826
262,0.00058181,1538222400,0.00058678,0.0005797,0.00058678,537.51310008,0.31185836,0.00058018
263,0.0005864,1538229600,0.0005944,0.0005812,0.0005812,1043.70781983,0.61246304,0.00058681
264,0.00058537,1538236800,0.00059242,0.00058537,0.00059242,282.77545558,0.16649404,0.00058878
265,0.00058481,1538244000,0.00058999,0.00058481,0.00058789,1456.78075911,0.85787867,0.00058888
266,0.00059255,1538251200,0.00061093,0.00058591,0.00058591,3427.7264509,2.05252911,0.0005988
267,0.00058674,1538258400,0.00059375,0.00058674,0.00059255,349.4457907,0.20570528,0.00058866
268,0.0005799,1538265600,0.00058875,0.0005799,0.000584,77.44861998,0.04525517,0.00058432
269,0.00058508,1538272800,0.00058518,0.00058508,0.00058518,120.66897011,0.07060101,0.00058508
270,0.00057384,1538280000,0.00058167,0.00057384,0.00058071,151.92270287,0.08750375,0.00057597
271,0.00058001,1538287200,0.00058001,0.00057794,0.00057822,251.30763555,0.14566493,0.00057962
272,0.00058132,1538294400,0.00058516,0.00058074,0.00058395,132.90571001,0.07731172,0.0005817
273,0.00058383,1538301600,0.00058999,0.00057902,0.00057903,960.86468191,0.56045715,0.00058328
274,0.000586,1538308800,0.00059287,0.00058556,0.00058989,3214.37021579,1.8963784,0.00058996
275,0.00059166,1538316000,0.00059557,0.0005846,0.00059126,1053.17762,0.62143873,0.00059006
276,0.000584,1538323200,0.000584,0.000584,0.000584,909.99037136,0.53143437,0.000584
277,0.0005896,1538330400,0.0005896,0.000584,0.00058499,65.35679152,0.03830661,0.00058611
278,0.00058031,1538337600,0.00058401,0.0005795,0.00058401,3285.01748001,1.91477601,0.00058288
279,0.00058685,1538344800,0.00058685,0.00058625,0.00058685,81.00834967,0.04753351,0.00058677
280,0.00058651,1538352000,0.00058689,0.000586,0.00058689,77.22310432,0.04525928,0.00058608
281,0.0005871,1538359200,0.00058789,0.00058651,0.00058766,110.02080669,0.06464951,0.00058761
282,0.00058666,1538366400,0.00058666,0.00058031,0.00058033,58.07592309,0.03386475,0.00058311
283,0.00058122,1538373600,0.00058497,0.0005812,0.00058497,491.57311277,0.28654944,0.00058292
284,0.0005871,1538380800,0.0005871,0.00058245,0.00058559,23.79833185,0.01392427,0.00058509
285,0.00058311,1538388000,0.00058969,0.00058311,0.00058797,691.87066793,0.40604987,0.00058688
286,0.00057832,1538395200,0.00058078,0.00057832,0.00058078,256.5626775,0.14865868,0.00057942
287,0.00057879,1538402400,0.00058064,0.00057132,0.00057793,8.08869335,0.00468646,0.00057938
288,0.00057771,1538409600,0.00057999,0.00057361,0.00057361,139.16446655,0.07999927,0.00057485
289,0.00057871,1538416800,0.00058506,0.00057871,0.00058039,643.13157463,0.37238677,0.00057902
290,0.0005781,1538424000,0.0005781,0.0005781,0.0005781,29.60226187,0.01711306,0.0005781
291,0.00058061,1538431200,0.00058061,0.00058061,0.00058061,0.19761784,0.00011473,0.00058061
292,0.00058061,1538438400,0.00058061,0.00058061,0.00058061,0.0,0.0,0.00058061
293,0.00058821,1538445600,0.000591,0.00057561,0.00058528,2800.61960562,1.62745888,0.0005811
294,0.00059582,1538452800,0.00059582,0.00058871,0.00058871,46.1839566,0.02725053,0.00059004
295,0.00059259,1538460000,0.00059275,0.00058771,0.0005902,500.97729447,0.29695211,0.00059274
296,0.0005816,1538467200,0.0005957,0.0005816,0.00059566,270.13388795,0.16002786,0.0005924
297,0.00059139,1538474400,0.00059208,0.0005898,0.00058993,1367.51635398,0.80760177,0.00059056
298,0.00059139,1538481600,0.00059139,0.00059139,0.00059139,0.0,0.0,0.00059139
299,0.00058749,1538488800,0.00058992,0.00058521,0.00058522,1109.03005497,0.65365932,0.00058939
300,0.00058749,1538496000,0.00059179,0.00058748,0.00059139,51.9514595,0.03054301,0.00058791
301,0.000584,1538503200,0.00058748,0.000584,0.00058748,180.97597944,0.10631862,0.00058747
302,0.00058395,1538510400,0.00058466,0.00058309,0.000584,1235.82844783,0.72166892,0.00058395
303,0.00058291,1538517600,0.0005841,0.00058291,0.0005841,0.68765271,0.00040144,0.00058379
304,0.00058271,1538524800,0.00058739,0.00058271,0.00058439,2092.82915532,1.22196106,0.00058387
305,0.0005738,1538532000,0.00057909,0.00057132,0.00057909,140.43128367,0.08072075,0.0005748
306,0.00057241,1538539200,0.00057376,0.00057241,0.00057376,437.70758573,0.25111132,0.00057369
307,0.00057345,1538546400,0.00057687,0.00057291,0.00057687,402.35545345,0.23082643,0.00057368
308,0.00057497,1538553600,0.00057896,0.00057124,0.00057896,533.80366465,0.30767387,0.00057638
309,0.00058015,1538560800,0.00058015,0.00057676,0.00057676,126.75562755,0.07341806,0.0005792
310,0.00057896,1538568000,0.00058159,0.00057896,0.00058028,593.96032801,0.3447365,0.0005804
311,0.00058007,1538575200,0.00058524,0.00057896,0.00057896,31.985383,0.01854455,0.00057978
312,0.00057675,1538582400,0.00058206,0.00057251,0.00057907,270.69387391,0.15586541,0.00057579
313,0.00058065,1538589600,0.00058065,0.00058065,0.00058065,4.98405745,0.00289399,0.00058065
314,0.00057291,1538596800,0.0005755,0.0005715,0.0005755,93.60815917,0.05358242,0.00057241
315,0.00056911,1538604000,0.00057158,0.00056823,0.00057158,538.64767054,0.3066743,0.00056934
316,0.00057325,1538611200,0.00058127,0.00056993,0.00056993,348.37214158,0.20022715,0.00057475
317,0.00058,1538618400,0.00058199,0.00057741,0.00057776,127.89893057,0.07432864,0.00058115
318,0.00057828,1538625600,0.00058039,0.00057828,0.00058,44.66232689,0.02588925,0.00057966
319,0.00057609,1538632800,0.00057729,0.00057609,0.00057729,172.3286512,0.09942346,0.00057694
320,0.00057644,1538640000,0.00058157,0.0005713,0.00057371,359.58204885,0.2055554,0.00057165
321,0.00057578,1538647200,0.00057778,0.000572,0.00057686,341.01500278,0.19663202,0.0005766
322,0.000578,1538654400,0.00057848,0.00057204,0.00057614,34.47165672,0.0199212,0.0005779
323,0.000578,1538661600,0.000578,0.000578,0.000578,2.34970589,0.00135813,0.000578
324,0.00058269,1538668800,0.00058269,0.00057456,0.00058,26.97808642,0.01569122,0.00058162
325,0.00058318,1538676000,0.00058318,0.00058318,0.00058318,5.98082853,0.00348789,0.00058318
326,0.00057712,1538683200,0.00057775,0.00057712,0.00057775,35.75323289,0.02063417,0.00057712
327,0.00057712,1538690400,0.00057759,0.00057712,0.00057759,8.98866461,0.0051916,0.00057757
328,0.00057877,1538697600,0.00057877,0.00057331,0.00057829,157.97364892,0.09063104,0.0005737
329,0.0005748,1538704800,0.00057712,0.000573,0.00057712,148.04779388,0.08523682,0.00057573
330,0.0005748,1538712000,0.000575,0.000573,0.0005748,4.71045333,0.00270787,0.00057486
331,0.00057449,1538719200,0.00057479,0.00057134,0.00057479,292.16046036,0.16718099,0.00057222
332,0.00056785,1538726400,0.00057265,0.00056785,0.00057265,212.10625544,0.12044803,0.00056786
333,0.00057129,1538733600,0.00058745,0.00056751,0.00056791,11363.17781041,6.59057131,0.00057999
334,0.0005726,1538740800,0.0005726,0.00057211,0.00057211,159.78154378,0.09144249,0.00057229
335,0.00057111,1538748000,0.00058684,0.00057111,0.00057439,2107.33480479,1.21542944,0.00057676
336,0.00057299,1538755200,0.00057419,0.00056965,0.00057091,456.89034453,0.26081721,0.00057085
337,0.00057158,1538762400,0.00057284,0.00056963,0.00057284,36.85877987,0.02100023,0.00056974
338,0.00057188,1538769600,0.00057226,0.00057188,0.00057226,0.60868618,0.00034819,0.00057204
339,0.00057427,1538776800,0.00057427,0.00057271,0.00057271,304.30181262,0.17427786,0.00057271
340,0.00057418,1538784000,0.00057491,0.00057273,0.00057491,417.64935115,0.23930641,0.00057298
341,0.00057188,1538791200,0.00057409,0.00057188,0.00057409,35.78160099,0.02046459,0.00057193
342,0.00057348,1538798400,0.00057348,0.00057348,0.00057348,34.99043102,0.02006631,0.00057348
343,0.0005767,1538805600,0.0005767,0.00057391,0.00057669,613.124811,0.35354483,0.00057662
344,0.00058,1538812800,0.00058001,0.00057673,0.00057673,3307.89220204,1.91521919,0.00057898
345,0.00057297,1538820000,0.0005761,0.00057297,0.00057493,403.20672749,0.23160182,0.00057439
346,0.00057281,1538827200,0.00057321,0.00057281,0.00057321,416.30281772,0.23862886,0.0005732
347,0.00056802,1538834400,0.00056802,0.00056802,0.00056802,0.21290057,0.00012093,0.00056802
348,0.00057379,1538841600,0.00057459,0.00056861,0.0005737,244.30299737,0.13946139,0.00057085
349,0.00056881,1538848800,0.00056881,0.00056881,0.00056881,206.47458498,0.1174448,0.00056881
350,0.00057275,1538856000,0.00057275,0.00057275,0.00057275,87.29812309,0.04999999,0.00057275
351,0.00057626,1538863200,0.00057626,0.00057074,0.0005715,223.84707869,0.12832408,0.00057326
352,0.00057429,1538870400,0.00057469,0.00057429,0.00057469,0.6970874,0.00040039,0.00057438
353,0.00057429,1538877600,0.00057429,0.00057429,0.00057429,0.0,0.0,0.00057429
354,0.00057579,1538884800,0.00057609,0.00057152,0.00057261,264.84566069,0.15176629,0.00057303
355,0.00057459,1538892000,0.00057459,0.00056914,0.00057037,19.400916,0.01104409,0.00056925
356,0.00056762,1538899200,0.00056762,0.00056762,0.00056762,6.67763202,0.00379035,0.00056762
357,0.00057209,1538906400,0.00057218,0.00056891,0.00057218,13.98017669,0.00797092,0.00057015
358,0.00057649,1538913600,0.00057649,0.00057209,0.00057209,62.52265735,0.03590091,0.0005742
359,0.00057726,1538920800,0.00057779,0.0005731,0.00057779,469.9154468,0.26948809,0.00057348
360,0.00057767,1538928000,0.00057809,0.00057421,0.0005778,142.15736957,0.08207423,0.00057734
361,0.0005749,1538935200,0.00057959,0.0005749,0.00057959,94.78447765,0.05492471,0.00057946
362,0.00057982,1538942400,0.00057982,0.00057982,0.00057982,9.15873892,0.00531042,0.00057982
363,0.00058209,1538949600,0.00058209,0.00058209,0.00058209,2.06155406,0.00120001,0.00058209
364,0.00058521,1538956800,0.0005903,0.00058393,0.00058394,1556.62115367,0.91670524,0.0005889
365,0.00058393,1538964000,0.00058538,0.00058393,0.00058412,595.60998224,0.3479983,0.00058427
366,0.000584,1538971200,0.00058509,0.00057991,0.000584,368.18865141,0.21487121,0.00058358
367,0.00057893,1538978400,0.00058349,0.00057844,0.00058268,948.72039673,0.55064314,0.0005804
368,0.00057911,1538985600,0.00058239,0.0005791,0.00057911,490.56760424,0.28410861,0.00057914
369,0.00057919,1538992800,0.00058399,0.00057919,0.00058249,98.55923735,0.05712296,0.00057957
370,0.00058091,1539000000,0.00058556,0.00058091,0.00058391,514.2566105,0.30025711,0.00058386
371,0.00058866,1539007200,0.00058866,0.000584,0.000584,56.71173548,0.03314032,0.00058436
372,0.00058779,1539014400,0.00058889,0.000585,0.00058889,130.43864509,0.07665029,0.00058763
373,0.00058842,1539021600,0.00058842,0.00058754,0.00058754,62.82553017,0.03694963,0.00058813
374,0.00059039,1539028800,0.00059039,0.00058691,0.00058855,63.72339687,0.03751966,0.00058878
375,0.00058809,1539036000,0.00058919,0.00058341,0.00058402,47.14983909,0.02767824,0.00058702
376,0.00058231,1539043200,0.00058231,0.00058231,0.00058231,15.06848786,0.00877453,0.00058231
377,0.00058011,1539050400,0.00058519,0.00058011,0.00058519,37.76440876,0.02193791,0.00058091
378,0.00058669,1539057600,0.00058669,0.00058669,0.00058669,17.3,0.01014973,0.00058669
379,0.000581,1539064800,0.00058689,0.000581,0.00058689,212.96725884,0.12375601,0.0005811
380,0.00057909,1539072000,0.0005825,0.0005765,0.0005825,2052.94167111,1.1856877,0.00057755
381,0.000577,1539079200,0.00057909,0.00057541,0.00057906,504.09959572,0.2901653,0.00057561
382,0.00057586,1539086400,0.000578,0.00057464,0.000578,307.04437007,0.17682003,0.00057587
383,0.00057481,1539093600,0.0005773,0.00057481,0.00057679,573.55574604,0.33075016,0.00057666
384,0.0005791,1539100800,0.0005791,0.00057721,0.00057909,409.31083416,0.23701955,0.00057906
385,0.0005774,1539108000,0.0005791,0.0005774,0.0005791,206.15247923,0.11931164,0.00057875
386,0.00058418,1539115200,0.00058418,0.00057862,0.00057862,4.79507595,0.0027912,0.00058209
387,0.00058238,1539122400,0.00058239,0.00057762,0.00057762,92.9530538,0.05376081,0.00057836
388,0.00057574,1539129600,0.00057661,0.00057574,0.00057661,1549.62346862,0.89247277,0.00057592
389,0.00057826,1539136800,0.00058088,0.0005732,0.00057574,298.88146502,0.17155672,0.00057399
390,0.00057826,1539144000,0.00057826,0.00057826,0.00057826,0.0,0.0,0.00057826
391,0.00058018,1539151200,0.00058018,0.00057966,0.00057966,20.51390316,0.01190073,0.00058013
392,0.00057662,1539158400,0.00057662,0.00057662,0.00057662,16.96153911,0.00978036,0.00057662
393,0.00058028,1539165600,0.00058028,0.00057761,0.00057761,0.46878512,0.00027143,0.00057902
394,0.00059931,1539172800,0.00061348,0.00057977,0.00057977,10256.01141236,6.10995729,0.00059574
395,0.0006005,1539180000,0.00060466,0.00059387,0.00059941,454.60074947,0.27311378,0.00060077
396,0.00061101,1539187200,0.000625,0.00059251,0.00059323,7587.40739564,4.62529864,0.0006096
397,0.00061111,1539194400,0.00062,0.00061111,0.00061597,302.32704621,0.18704406,0.00061868
398,0.00060281,1539201600,0.00061357,0.00060281,0.00061357,392.68078821,0.23911017,0.00060891
399,0.0006064,1539208800,0.00060739,0.0006032,0.0006032,227.90894628,0.13840473,0.00060728
400,0.0005824,1539216000,0.00060311,0.00057462,0.00060311,1135.14832989,0.66760168,0.00058811
401,0.00057965,1539223200,0.00058245,0.00057275,0.00058,283.89568215,0.16443963,0.00057922
402,0.00057654,1539230400,0.00058181,0.00057536,0.00057536,3034.44417003,1.76195162,0.00058065
403,0.00055985,1539237600,0.00057453,0.00055195,0.00057073,2695.95187897,1.51798273,0.00056306
404,0.000565,1539244800,0.00056697,0.000559,0.00056407,806.81970509,0.45502176,0.00056396
405,0.00056487,1539252000,0.00056487,0.00055991,0.00056328,838.49976576,0.47235235,0.00056333
406,0.00055921,1539259200,0.00056402,0.00055575,0.00056259,1049.64261869,0.59081936,0.00056287
407,0.00056476,1539266400,0.00056863,0.000564,0.00056528,48.1724792,0.02735987,0.00056795
408,0.000563,1539273600,0.000563,0.000563,0.000563,30.00000001,0.01689,0.000563
409,0.00056499,1539280800,0.000565,0.00056222,0.00056222,12.42891988,0.00700065,0.00056325
410,0.0005622,1539288000,0.00056739,0.0005622,0.000565,140.3149262,0.07905156,0.00056338
411,0.00054439,1539295200,0.00056112,0.00054439,0.00056112,1431.23091021,0.78672543,0.00054968
412,0.00054703,1539302400,0.00054706,0.00054439,0.00054439,35.86257965,0.01957969,0.00054596
413,0.00054687,1539309600,0.00054835,0.00054211,0.00054835,156.34158381,0.08501975,0.0005438
414,0.00054741,1539316800,0.00054741,0.00054741,0.00054741,50.90523906,0.02786603,0.00054741
415,0.00056069,1539324000,0.00056069,0.00054965,0.00054965,306.90163696,0.17102225,0.00055725
416,0.00055676,1539331200,0.00055709,0.00055018,0.0005555,95.14452916,0.05289183,0.00055591
417,0.00055237,1539338400,0.00055506,0.00054731,0.00054901,536.1475311,0.2954203,0.000551
418,0.00055237,1539345600,0.00055237,0.00055237,0.00055237,0.0,0.0,0.00055237
419,0.00055237,1539352800,0.00055237,0.00055237,0.00055237,0.0,0.0,0.00055237
420,0.00055306,1539360000,0.00055746,0.00055306,0.00055746,85.12395115,0.0471474,0.00055386
421,0.00055585,1539367200,0.00055585,0.00055306,0.00055306,200.74028366,0.1110256,0.00055308
422,0.00055585,1539374400,0.00055585,0.00055585,0.00055585,0.0,0.0,0.00055585
423,0.00055545,1539381600,0.00055545,0.00054932,0.00054932,11.50447293,0.00637533,0.00055416
424,0.00056175,1539388800,0.00056175,0.0005506,0.0005506,5.32078179,0.00296572,0.00055738
425,0.00055552,1539396000,0.00055552,0.00055552,0.00055552,539.69614772,0.299812,0.00055552
426,0.00055552,1539403200,0.00055552,0.00055552,0.00055552,0.0,0.0,0.00055552
427,0.0005512,1539410400,0.0005653,0.0005512,0.0005653,479.94638577,0.2674903,0.00055733
428,0.00055609,1539417600,0.00055609,0.00055609,0.00055609,0.39700408,0.00022076,0.00055609
429,0.00055678,1539424800,0.00055679,0.0005532,0.0005532,116.36772854,0.06478965,0.00055676
430,0.00055221,1539432000,0.00055966,0.00055221,0.00055678,58.67942281,0.03261961,0.00055589
431,0.00055465,1539439200,0.00055546,0.00055,0.00055,322.87294937,0.17770901,0.00055039
432,0.00055479,1539446400,0.00055479,0.00055479,0.00055479,1.0,0.00055479,0.00055479
433,0.00055022,1539453600,0.00055161,0.00055022,0.00055141,525.65730744,0.28973974,0.00055119
434,0.00055011,1539460800,0.00055519,0.00055011,0.00055519,29.17527623,0.01605422,0.00055026
435,0.00055458,1539468000,0.00055458,0.00055458,0.00055458,0.90248475,0.00050049,0.00055458
436,0.00055458,1539475200,0.00055676,0.00055458,0.00055458,319.75296564,0.17736456,0.00055469
437,0.00055654,1539482400,0.00055661,0.00055552,0.00055552,0.53988825,0.00030029,0.00055622
438,0.00055594,1539489600,0.00055859,0.00055594,0.00055859,49.35260199,0.02756583,0.00055854
439,0.00055414,1539496800,0.00055515,0.00055215,0.00055515,100.93232166,0.05582042,0.00055304
440,0.0005531,1539504000,0.00055509,0.00055141,0.00055414,31.85367819,0.01759803,0.00055246
441,0.00055209,1539511200,0.00055209,0.00055144,0.00055144,298.17661394,0.16445889,0.00055154
442,0.00055209,1539518400,0.00055209,0.00055209,0.00055209,0.0,0.0,0.00055209
443,0.00055796,1539525600,0.00055796,0.00055521,0.00055521,11.38346155,0.00635101,0.00055791
444,0.00055796,1539532800,0.00055796,0.00055796,0.00055796,0.0,0.0,0.00055796
445,0.0005534,1539540000,0.000559,0.0005534,0.00055551,1516.78994567,0.84259189,0.0005555
446,0.00055412,1539547200,0.00055893,0.00055412,0.00055878,95.29438363,0.0529149,0.00055527
447,0.00055021,1539554400,0.00055412,0.00055021,0.00055412,254.57816279,0.14106613,0.00055411
448,0.00054634,1539561600,0.00054964,0.00054,0.00054964,14.18387816,0.00767966,0.00054143
449,0.00054315,1539568800,0.00054986,0.00054315,0.00054985,1.17573161,0.00064448,0.00054816
450,0.00055168,1539576000,0.00055734,0.00054197,0.000542,209.18593997,0.11489757,0.00054926
451,0.00053307,1539583200,0.00055169,0.0005243,0.00055169,1638.43468136,0.88119626,0.00053782
452,0.00054321,1539590400,0.00054413,0.00053742,0.00053742,21.90855609,0.01186138,0.0005414
453,0.00054108,1539597600,0.00055024,0.00053732,0.00053732,297.77891532,0.16313165,0.00054782
454,0.00054557,1539604800,0.00054674,0.00054014,0.0005462,45.28026824,0.02474748,0.00054654
455,0.00055096,1539612000,0.00055096,0.00053901,0.00053902,314.41806028,0.17123345,0.0005446
456,0.00054501,1539619200,0.00054501,0.00054501,0.00054501,278.4,0.15173078,0.00054501
457,0.00054539,1539626400,0.0005454,0.00054501,0.0005453,10.61295568,0.00578743,0.00054531
458,0.00054551,1539633600,0.00055028,0.00054411,0.00054539,13.5384303,0.00741264,0.00054752
459,0.00055223,1539640800,0.00055223,0.00055029,0.00055029,4.67384693,0.00257471,0.00055087
460,0.00055245,1539648000,0.00055501,0.00055,0.00055231,160.89193493,0.08860439,0.0005507
461,0.00055377,1539655200,0.00055411,0.00055375,0.00055411,16.27010382,0.00901008,0.00055378
462,0.00055357,1539662400,0.00055411,0.00055357,0.00055378,34.38561651,0.0190421,0.00055378
463,0.00055559,1539669600,0.00055579,0.00055357,0.00055357,7.53461667,0.00418552,0.0005555
464,0.00055,1539676800,0.0005546,0.00054517,0.00055458,1700.14016953,0.94256241,0.0005544
465,0.00055321,1539684000,0.00055321,0.00055,0.00055,2.20143981,0.00121236,0.00055071
466,0.00055321,1539691200,0.00055321,0.00055321,0.00055321,0.18529581,0.0001025,0.00055321
467,0.00055008,1539698400,0.00055008,0.00054801,0.00054801,292.98421966,0.16055966,0.00054801
468,0.00055071,1539705600,0.00055072,0.00054978,0.00054978,13.26399728,0.00729274,0.00054981
469,0.00055469,1539712800,0.00055469,0.00054893,0.00055071,180.94182418,0.09933202,0.00054897
470,0.00054951,1539720000,0.00055055,0.00054951,0.00055055,38.72355147,0.02128397,0.00054963
471,0.0005516,1539727200,0.00055279,0.0005516,0.00055275,50.39117078,0.02780062,0.00055169
472,0.00055559,1539734400,0.00055559,0.000555,0.000555,20.09092057,0.01115599,0.00055527
473,0.00055275,1539741600,0.0005545,0.00055053,0.00055053,431.40707438,0.23918863,0.00055443
474,0.00056,1539748800,0.00056,0.00055496,0.00055496,673.5675208,0.37507419,0.00055684
475,0.0005563,1539756000,0.00056,0.0005563,0.00055999,183.8686205,0.10290065,0.00055964
476,0.00055999,1539763200,0.00055999,0.000555,0.00055631,111.14598833,0.0622342,0.00055993
477,0.00055459,1539770400,0.00055759,0.00055311,0.0005551,485.36955235,0.26949365,0.00055523
478,0.00057571,1539777600,0.00059086,0.00055421,0.00055459,1077.50146602,0.61808807,0.00057363
479,0.00061507,1539784800,0.00064159,0.00059032,0.00059322,15647.61771793,9.66935534,0.00061794
480,0.00061305,1539792000,0.00062225,0.00060264,0.00061507,2598.59677113,1.58214543,0.00060884
481,0.00061721,1539799200,0.00062959,0.00060874,0.00060875,6049.00770994,3.72544292,0.00061587
482,0.00061,1539806400,0.0006198,0.00060923,0.00061585,1492.0683947,0.91978959,0.00061645
483,0.00060593,1539813600,0.00061244,0.000604,0.00060733,840.01664144,0.50857565,0.00060543
484,0.00059111,1539820800,0.00061246,0.00059002,0.00061243,368.79389463,0.22160134,0.00060088
485,0.0005936,1539828000,0.00060388,0.0005936,0.00059601,1128.01836889,0.67353982,0.0005971
486,0.00059522,1539835200,0.00059899,0.0005936,0.00059556,1038.59939833,0.62166665,0.00059856
487,0.00059598,1539842400,0.00059657,0.00059,0.00059522,173.93676533,0.10345978,0.00059481
488,0.00061649,1539849600,0.0006165,0.0005878,0.00059416,1291.85840394,0.78139477,0.00060486
489,0.00060161,1539856800,0.00062727,0.000599,0.00061651,2049.17505806,1.23899736,0.00060463
490,0.00060499,1539864000,0.0006075,0.00060162,0.00060162,781.28025302,0.47206527,0.00060422
491,0.00059366,1539871200,0.0006044,0.00059,0.00060161,1679.40542149,1.01177232,0.00060245
492,0.00058636,1539878400,0.00059195,0.00058636,0.00059181,497.87394725,0.29323667,0.00058897
493,0.00059216,1539885600,0.00059216,0.000583,0.0005865,3589.98178381,2.11562369,0.00058931
494,0.00058559,1539892800,0.00059209,0.00058559,0.00059171,1077.86297995,0.63716907,0.00059114
495,0.00058799,1539900000,0.00059007,0.00058547,0.00059007,129.41914279,0.07581803,0.00058583
496,0.00059196,1539907200,0.00059196,0.00058799,0.00058799,342.40902799,0.2018499,0.00058949
497,0.00059216,1539914400,0.00059216,0.00059189,0.00059189,48.66284187,0.02880472,0.00059192
498,0.00059062,1539921600,0.00059258,0.00059062,0.00059258,154.95010881,0.09162342,0.0005913
499,0.00058724,1539928800,0.00059095,0.00058044,0.00059062,2464.67245678,1.44146742,0.00058485
500,0.000588,1539936000,0.0005932,0.00058048,0.00058719,8757.19925575,5.15201604,0.00058831
501,0.00058801,1539943200,0.00058801,0.00058801,0.00058801,323.17863752,0.19003227,0.00058801
502,0.0005923,1539950400,0.00059235,0.00058802,0.00058802,512.73506468,0.30221493,0.00058941
503,0.00059533,1539957600,0.00059533,0.00059201,0.0005923,967.73523206,0.57368723,0.00059281
504,0.00060818,1539964800,0.00061121,0.00059371,0.00059533,1860.69012917,1.12662004,0.00060548
505,0.00060468,1539972000,0.00060897,0.00060468,0.00060774,43.62536604,0.02651651,0.00060782
506,0.00060237,1539979200,0.00060437,0.00060237,0.00060437,2.01025636,0.00121177,0.00060279
507,0.00060117,1539986400,0.00060117,0.00060011,0.00060011,156.4285771,0.09398035,0.00060078
508,0.00059929,1539993600,0.00060241,0.00059929,0.00060241,12.01742881,0.00723884,0.00060236
509,0.00060194,1540000800,0.00060194,0.00059941,0.00060186,449.7171,0.27069497,0.00060192
510,0.00060469,1540008000,0.00060469,0.00060011,0.00060194,70.93255237,0.042645,0.0006012
511,0.0006145,1540015200,0.0006145,0.00060469,0.00060469,171.43056812,0.10528152,0.00061413
512,0.00061215,1540022400,0.00061606,0.00060941,0.00061606,63.62119353,0.03892035,0.00061175
513,0.00062679,1540029600,0.00062959,0.00061215,0.00061215,803.50558183,0.50070308,0.00062314
514,0.0006221,1540036800,0.00062452,0.00061395,0.00062452,690.10329619,0.42884167,0.00062141
515,0.00061689,1540044000,0.000625,0.0006139,0.00062452,516.34461303,0.32105466,0.00062178
516,0.00061404,1540051200,0.00061689,0.00061381,0.00061689,11.14317572,0.00684348,0.00061414
517,0.00062058,1540058400,0.00062058,0.0006168,0.0006168,616.65282449,0.38234144,0.00062002
518,0.00062058,1540065600,0.00062058,0.00062058,0.00062058,0.0,0.0,0.00062058
519,0.00062135,1540072800,0.00062211,0.00061785,0.00062058,23.61959596,0.01463947,0.0006198
520,0.00061819,1540080000,0.00062298,0.00061819,0.00062001,632.95886309,0.3926132,0.00062028
521,0.00062297,1540087200,0.00062297,0.00062134,0.00062134,257.05950527,0.16007998,0.00062273
522,0.00062299,1540094400,0.00062299,0.00061831,0.00061831,47.68715749,0.02966701,0.00062211
523,0.0006324,1540101600,0.00063604,0.00062299,0.00062299,131.69294941,0.08282074,0.00062889
524,0.000627,1540108800,0.00063399,0.000627,0.00062912,239.02880441,0.15038411,0.00062914
525,0.00063442,1540116000,0.00063442,0.00062988,0.00062988,116.98758732,0.07409744,0.00063337
526,0.00065611,1540123200,0.00066697,0.00063399,0.00063442,1549.04405247,1.00115948,0.0006463
527,0.00067033,1540130400,0.00068295,0.00065674,0.0006573,2743.10208777,1.83991211,0.00067074
528,0.00065781,1540137600,0.00067741,0.00065781,0.00067033,437.7616977,0.2924156,0.00066797
529,0.00066,1540144800,0.00066807,0.00065786,0.00065859,2246.52775749,1.48772547,0.00066223
530,0.00065722,1540152000,0.000673,0.00065665,0.00066021,302.49995398,0.20268005,0.00067001
531,0.00064976,1540159200,0.00065725,0.000646,0.00065665,717.6743992,0.46607502,0.00064942
532,0.00069359,1540166400,0.00069359,0.00064998,0.00064998,801.47399921,0.54092475,0.00067491
533,0.0006833,1540173600,0.00070433,0.00068261,0.00069359,3262.46106266,2.28597458,0.00070069
534,0.00069324,1540180800,0.00071856,0.00068268,0.00068268,1863.39372936,1.31918352,0.00070794
535,0.00069169,1540188000,0.00070167,0.00068713,0.00069324,1553.22734242,1.07435199,0.00069169
536,0.00068262,1540195200,0.00069599,0.00067801,0.00068741,1064.31154757,0.73063917,0.00068648
537,0.00068438,1540202400,0.00068927,0.00066901,0.00068311,2229.10453144,1.50696916,0.00067604
538,0.0006646,1540209600,0.00068239,0.0006646,0.000681,457.00880983,0.30883322,0.00067577
539,0.00068665,1540216800,0.00068665,0.00066264,0.0006646,1583.46882825,1.07190862,0.00067693
540,0.00067675,1540224000,0.00068261,0.00066881,0.00068261,565.84853862,0.38247667,0.00067593
541,0.00066312,1540231200,0.00067331,0.00066238,0.00067331,2303.37839625,1.52762461,0.00066321
542,0.0006609,1540238400,0.00066729,0.0006609,0.00066312,1466.95157416,0.9730455,0.00066331
543,0.00067444,1540245600,0.00067444,0.00066361,0.00066361,30.21099069,0.02030956,0.00067225
544,0.00066709,1540252800,0.00067444,0.00066709,0.00067444,97.62197885,0.06538405,0.00066976
545,0.00065121,1540260000,0.00066709,0.00065049,0.00066709,3081.06286981,2.02076155,0.00065586
546,0.00065719,1540267200,0.00066267,0.00065051,0.00065122,422.4962478,0.27541434,0.00065187
547,0.00064889,1540274400,0.0006547,0.00064351,0.0006547,695.38187221,0.45197969,0.00064997
548,0.00065219,1540281600,0.00065352,0.00064436,0.00064875,156.40976625,0.10089976,0.00064509
549,0.000653,1540288800,0.00066326,0.00065219,0.00065219,266.12878859,0.175274,0.0006586
550,0.00065607,1540296000,0.00066394,0.00064661,0.00065291,836.88567516,0.54716697,0.00065381
551,0.00064071,1540303200,0.00065754,0.00064071,0.00065754,904.38074288,0.58555276,0.00064746
552,0.00063638,1540310400,0.000646,0.00063638,0.0006412,424.60953876,0.2724767,0.00064171
553,0.00063915,1540317600,0.00064539,0.00063436,0.0006364,1167.12469955,0.74649393,0.0006396
554,0.0006402,1540324800,0.00064235,0.00063721,0.00063912,721.7801608,0.46289461,0.00064132
555,0.00064436,1540332000,0.00064436,0.00064046,0.00064235,69.96150787,0.0449153,0.000642
556,0.000646,1540339200,0.0006463,0.00063892,0.00064349,362.80407912,0.23294116,0.00064205
557,0.00065459,1540346400,0.0006561,0.00064539,0.00064539,200.03195475,0.13015217,0.00065065
558,0.00065349,1540353600,0.00065649,0.00065204,0.00065459,6180.44929081,4.04498417,0.00065448
559,0.0006437,1540360800,0.00065239,0.0006437,0.00065204,307.4274757,0.19831959,0.00064509
560,0.00064624,1540368000,0.00064625,0.00064381,0.00064381,1386.8903889,0.89620691,0.00064619
561,0.00065351,1540375200,0.00065351,0.00064381,0.00064624,84.45191367,0.05483023,0.00064924
562,0.0006469,1540382400,0.000657,0.0006469,0.00065452,1106.27456499,0.72542111,0.00065573
563,0.0006465,1540389600,0.00065043,0.00064563,0.00064899,613.40434247,0.39797759,0.0006488
564,0.00064421,1540396800,0.00064902,0.00064421,0.00064806,84.85139531,0.05494234,0.00064751
565,0.0006437,1540404000,0.00064839,0.0006437,0.00064738,507.69867301,0.32878791,0.0006476
566,0.0006425,1540411200,0.00064704,0.0006413,0.0006448,756.76454423,0.48763695,0.00064437
567,0.00063921,1540418400,0.00064368,0.00063921,0.0006425,804.64710108,0.51719885,0.00064276
568,0.0006271,1540425600,0.00063965,0.0006271,0.00063921,1946.70873693,1.22267678,0.00062807
569,0.00062349,1540432800,0.00062885,0.00061851,0.00062604,1871.91620052,1.1706349,0.00062536
570,0.00062377,1540440000,0.00062377,0.00062111,0.00062377,2234.86388537,1.38853071,0.0006213
571,0.00062551,1540447200,0.0006269,0.00062377,0.00062377,67.36812918,0.04218381,0.00062616
572,0.00062627,1540454400,0.0006286,0.00062376,0.00062573,3592.93313072,2.25163119,0.00062668
573,0.0006266,1540461600,0.000628,0.00062376,0.00062605,1413.23860577,0.88160324,0.00062381
574,0.00062865,1540468800,0.00063369,0.00062641,0.00062641,1952.38415781,1.23426464,0.00063218
575,0.00062849,1540476000,0.00062849,0.0006256,0.00062771,543.22387415,0.33999918,0.00062589
576,0.00062779,1540483200,0.00062779,0.00062779,0.00062779,306.98029596,0.19271916,0.00062779
577,0.000625,1540490400,0.00062799,0.00062271,0.00062618,29.86386261,0.01866312,0.00062494
578,0.00062907,1540497600,0.0006295,0.0006266,0.0006266,20.55889576,0.01293266,0.00062905
579,0.00063016,1540504800,0.00063016,0.00062907,0.00062907,78.3078088,0.04934455,0.00063013
580,0.00062808,1540512000,0.0006303,0.00062708,0.00062995,1797.84123048,1.12957225,0.00062829
581,0.000626,1540519200,0.00063049,0.000626,0.00063049,782.79954446,0.49106716,0.00062732
582,0.00061466,1540526400,0.000626,0.00061466,0.0006252,386.84340542,0.23983364,0.00061997
583,0.00061139,1540533600,0.00061889,0.000605,0.0006175,717.33555119,0.43830831,0.00061102
584,0.00062,1540540800,0.00062,0.00061129,0.00061129,50.07214904,0.0307926,0.00061496
585,0.00061925,1540548000,0.00062,0.00061651,0.00062,171.20202556,0.10556668,0.00061662
586,0.00061725,1540555200,0.0006217,0.0006162,0.00061925,72.29879207,0.04468276,0.00061802
587,0.00061462,1540562400,0.00061831,0.000613,0.00061831,34.98439079,0.0215212,0.00061516
588,0.00061561,1540569600,0.00061561,0.00061499,0.00061499,88.2,0.05428527,0.00061547
589,0.00061561,1540576800,0.00061561,0.00061561,0.00061561,0.0,0.0,0.00061561
590,0.0006189,1540584000,0.0006189,0.00061665,0.00061665,38.70035476,0.02394643,0.00061876
591,0.00061925,1540591200,0.00061925,0.0006189,0.0006189,25.32762467,0.01567532,0.0006189
592,0.00062282,1540598400,0.00062629,0.00062096,0.00062096,512.29798765,0.31881059,0.00062231
593,0.00062511,1540605600,0.00062668,0.0006227,0.00062282,403.29844485,0.25126881,0.00062303
594,0.0006275,1540612800,0.000636,0.00062668,0.00062668,471.60909466,0.29846689,0.00063286
595,0.00063616,1540620000,0.00063629,0.0006275,0.0006275,208.34445221,0.13163957,0.00063183
596,0.00063282,1540627200,0.00063291,0.0006275,0.00063291,36.39742389,0.02293727,0.00063018
597,0.00063021,1540634400,0.00063169,0.0006287,0.00063046,60.73184786,0.03819629,0.00062893
598,0.00062798,1540641600,0.00063125,0.00062798,0.00063125,320.2081329,0.20210308,0.00063116
599,0.00062001,1540648800,0.00062959,0.00062,0.00062798,328.66623071,0.20491077,0.00062346
600,0.00062111,1540656000,0.00062269,0.00061851,0.00062269,1043.50144045,0.649139,0.00062207
601,0.0006207,1540663200,0.00062111,0.0006165,0.00062111,8.74039609,0.00541297,0.0006193
602,0.00061754,1540670400,0.00061754,0.00061451,0.00061741,263.71565723,0.16277883,0.00061725
603,0.0006207,1540677600,0.0006207,0.00061754,0.00061754,29.05159685,0.01797447,0.0006187
604,0.00062218,1540684800,0.00062218,0.0006207,0.0006207,9.6528334,0.00599247,0.00062079
605,0.00062269,1540692000,0.00062269,0.00062269,0.00062269,0.17729865,0.0001104,0.00062269
606,0.00062272,1540699200,0.00062272,0.00062271,0.00062271,5.43059813,0.00338172,0.00062271
607,0.00062133,1540706400,0.00062272,0.00062133,0.00062272,40.0,0.02486672,0.00062166
608,0.00061951,1540713600,0.00062251,0.00061921,0.00062251,18.44222494,0.01142662,0.00061959
609,0.00062022,1540720800,0.00062466,0.00062022,0.00062218,12.64866959,0.00789849,0.00062445
610,0.00062266,1540728000,0.00062266,0.00061999,0.00061999,64.38879755,0.04008767,0.00062258
611,0.00062559,1540735200,0.00062559,0.00062001,0.00062002,280.50383013,0.17493092,0.00062363
612,0.00062021,1540742400,0.00062273,0.00062021,0.00062273,2.79237111,0.00173285,0.00062056
613,0.00062333,1540749600,0.00062604,0.00062269,0.00062269,45.55784134,0.02838518,0.00062305
614,0.00062362,1540756800,0.00062604,0.00062362,0.0006255,24.21658266,0.01514082,0.00062522
615,0.00062274,1540764000,0.00062274,0.00062274,0.00062274,1.86366689,0.00116057,0.00062274
616,0.00062639,1540771200,0.00062639,0.00062276,0.00062276,10.51434966,0.00657332,0.00062517
617,0.000618,1540778400,0.00062329,0.000618,0.00062275,249.27867929,0.15503311,0.00062192
618,0.00061806,1540785600,0.00061868,0.000618,0.000618,5.15053209,0.00318316,0.00061802
619,0.00061665,1540792800,0.00061785,0.0006134,0.00061785,59.03948362,0.03628614,0.0006146
620,0.00061405,1540800000,0.00061405,0.00061374,0.00061405,6002.6277307,3.68590356,0.00061404
621,0.000606,1540807200,0.00061405,0.000606,0.00061405,6635.59088631,4.07136866,0.00061356
622,0.00059507,1540814400,0.000606,0.00059034,0.00060599,5291.28864223,3.18639966,0.00060219
623,0.00059999,1540821600,0.0006,0.00059597,0.00059597,163.4207236,0.09798966,0.00059961
624,0.00059738,1540828800,0.00059753,0.00059738,0.00059753,6.79,0.00405635,0.0005974
625,0.00059391,1540836000,0.0005995,0.00059391,0.00059738,56.80209216,0.03402118,0.00059894
626,0.00059463,1540843200,0.0005967,0.00059265,0.0005967,251.92304961,0.15020875,0.00059624
627,0.00059845,1540850400,0.00059845,0.00059597,0.00059597,0.37033668,0.00022116,0.0005972
628,0.00059585,1540857600,0.00059845,0.00059585,0.00059845,336.15421862,0.20113624,0.00059834
629,0.0005945,1540864800,0.00059554,0.0005945,0.00059554,0.74502764,0.00044311,0.00059475
630,0.00059609,1540872000,0.0005965,0.0005901,0.0005965,1668.80923194,0.98754252,0.00059176
631,0.00059515,1540879200,0.00059577,0.00059111,0.00059577,264.03504745,0.15728989,0.00059571
632,0.00059107,1540886400,0.000595,0.00059107,0.000595,131.24703108,0.0776975,0.00059199
633,0.00059186,1540893600,0.00059189,0.00058801,0.00059189,45.44834791,0.02682731,0.00059028
634,0.00059239,1540900800,0.00059279,0.00059239,0.00059276,4.90643707,0.00290781,0.00059265
635,0.00059519,1540908000,0.00059519,0.00059285,0.00059285,16.84917711,0.01002727,0.00059511
636,0.00059331,1540915200,0.0005962,0.00059331,0.0005962,96.21328435,0.05732834,0.00059584
637,0.00059598,1540922400,0.00059598,0.00059331,0.00059331,10.76889762,0.00640993,0.00059522
638,0.00059628,1540929600,0.00059628,0.00059301,0.00059301,116.02499196,0.06880586,0.00059302
639,0.00059958,1540936800,0.00059958,0.00059401,0.00059628,148.20723152,0.08860412,0.00059783
640,0.0005996,1540944000,0.0005996,0.00059919,0.00059926,128.26928467,0.07688462,0.0005994
641,0.00060596,1540951200,0.00060719,0.00059986,0.00059986,222.44403483,0.13484474,0.00060619
642,0.00060596,1540958400,0.00060596,0.00060596,0.00060596,0.0,0.0,0.00060596
643,0.00060147,1540965600,0.00060409,0.00060144,0.00060409,45.34556639,0.02738507,0.00060391
644,0.00060029,1540972800,0.00060139,0.0005987,0.00060139,1588.13191851,0.95092237,0.00059876
645,0.00059501,1540980000,0.00059766,0.00059501,0.00059766,18.28299311,0.01088399,0.0005953
646,0.00059753,1540987200,0.00059806,0.00059753,0.00059788,69.3452741,0.04147213,0.00059805
647,0.00060008,1540994400,0.00060008,0.00059301,0.00059585,543.81453084,0.32352974,0.00059492
648,0.00060885,1541001600,0.00060885,0.00060169,0.00060169,364.09366007,0.22119234,0.00060751
649,0.00060909,1541008800,0.00060943,0.00060885,0.00060892,110.48666675,0.06732814,0.00060937
650,0.0006044,1541016000,0.00060787,0.0006044,0.00060787,349.65043894,0.21233651,0.00060728
651,0.00060611,1541023200,0.00060875,0.00060611,0.00060692,55.37344494,0.03370715,0.00060872
652,0.00060435,1541030400,0.00060458,0.00060435,0.00060458,0.66182619,0.00040008,0.00060451
653,0.0006039,1541037600,0.0006039,0.0006039,0.0006039,0.18226592,0.00011007,0.0006039
654,0.00060704,1541044800,0.00060759,0.00060321,0.00060644,358.69646397,0.21790853,0.0006075
655,0.00060704,1541052000,0.00060704,0.00060704,0.00060704,0.0,0.0,0.00060704
656,0.00060939,1541059200,0.00060939,0.00060829,0.00060829,49.05860872,0.02986095,0.00060867
657,0.00060899,1541066400,0.00060899,0.00060899,0.00060899,25.0,0.01522475,0.00060899
658,0.0006082,1541073600,0.00060859,0.0006044,0.00060658,171.36664561,0.10359684,0.00060453
659,0.0006012,1541080800,0.00060569,0.0006012,0.00060569,485.95047199,0.29217871,0.00060125
660,0.00060293,1541088000,0.00060523,0.00060171,0.00060398,154.63946874,0.09313429,0.00060226
661,0.00060704,1541095200,0.00060704,0.00060644,0.00060644,6.95531835,0.00422085,0.00060685
662,0.00060541,1541102400,0.00060541,0.00060441,0.00060497,155.34400817,0.09398988,0.00060504
663,0.0006084,1541109600,0.0006084,0.00060704,0.00060704,26.48695666,0.0161063,0.00060808
664,0.00061051,1541116800,0.00061112,0.00060729,0.00060859,683.35187293,0.41699675,0.00061022
665,0.00061302,1541124000,0.00061339,0.00061011,0.00061011,32.33446962,0.01975436,0.00061093
666,0.00060987,1541131200,0.00061239,0.0006077,0.00061239,1.68234637,0.00102596,0.00060983
667,0.00061053,1541138400,0.00061053,0.00060861,0.00060861,63.31913429,0.03853727,0.00060861
668,0.00061115,1541145600,0.00061115,0.00061115,0.00061115,2.26260329,0.00138279,0.00061115
669,0.00061053,1541152800,0.00061053,0.00061053,0.00061053,0.16543003,0.00010099,0.00061053
670,0.00062,1541160000,0.00062,0.00061123,0.0006124,228.73089646,0.1414171,0.00061826
671,0.00061671,1541167200,0.00061789,0.00061671,0.00061749,32.53605646,0.02009364,0.00061758
672,0.0006148,1541174400,0.00061569,0.0006148,0.00061569,1.6330893,0.00100453,0.00061511
673,0.00061551,1541181600,0.000618,0.00061551,0.00061671,16.53249268,0.01019822,0.00061685
674,0.00061559,1541188800,0.0006188,0.000613,0.00061529,143.99847308,0.08890759,0.00061742
675,0.00061559,1541196000,0.00061559,0.00061559,0.00061559,0.0,0.0,0.00061559
676,0.00061665,1541203200,0.00061665,0.00061665,0.00061665,0.16548365,0.00010204,0.00061665
677,0.00061369,1541210400,0.00061499,0.00061245,0.00061499,2.81466383,0.00172961,0.0006145
678,0.00061139,1541217600,0.00061169,0.00060771,0.00061151,138.01340586,0.08391968,0.00060805
679,0.000609,1541224800,0.00061159,0.000609,0.00061159,2.66011577,0.00162572,0.00061114
680,0.00061015,1541232000,0.0006117,0.00060741,0.0006117,214.33752898,0.13105584,0.00061144
681,0.0006101,1541239200,0.00061015,0.00060729,0.00061015,17.09051404,0.01041334,0.0006093
682,0.00061015,1541246400,0.00061015,0.00060611,0.00060729,108.83552991,0.06619496,0.00060821
683,0.00060881,1541253600,0.00060881,0.00060881,0.00060881,3.8161635,0.00232331,0.00060881
684,0.00061015,1541260800,0.00061015,0.00061015,0.00061015,51.78729821,0.03159802,0.00061015
685,0.00060821,1541268000,0.00060881,0.00060481,0.00060881,204.25521525,0.1235438,0.00060485
686,0.00060821,1541275200,0.00060821,0.00060821,0.00060821,0.0,0.0,0.00060821
687,0.0006099,1541282400,0.0006099,0.00060881,0.00060881,21.64188374,0.01319918,0.00060989
688,0.00060831,1541289600,0.00061083,0.00060831,0.00061018,13.50822911,0.00823725,0.00060979
689,0.00061083,1541296800,0.00061083,0.00061083,0.00061083,37.87333628,0.02313416,0.00061083
690,0.00060867,1541304000,0.00060867,0.00060867,0.00060867,0.18081966,0.00011005,0.00060867
691,0.00061145,1541311200,0.00061145,0.00061083,0.00061083,0.54125736,0.00033083,0.00061124
692,0.00061456,1541318400,0.00061456,0.00061282,0.00061282,1.60366398,0.0009832,0.0006131
693,0.0006151,1541325600,0.0006151,0.00061456,0.00061456,12.6415527,0.00777581,0.00061509
694,0.00061456,1541332800,0.00061456,0.00061456,0.00061456,42.8,0.02630316,0.00061456
695,0.00061156,1541340000,0.00061665,0.00061156,0.0006154,126.53971085,0.07786259,0.00061532
696,0.00062133,1541347200,0.00062133,0.00061091,0.00061151,656.41857499,0.40238134,0.00061299
697,0.00062379,1541354400,0.00063,0.00062047,0.00062218,12.08210736,0.00756273,0.00062594
698,0.00062129,1541361600,0.00062292,0.00061731,0.00062292,31.31212409,0.01943312,0.00062062
699,0.00061947,1541368800,0.00062205,0.00061947,0.00062205,100.51597973,0.0624995,0.00062178
700,0.00061307,1541376000,0.00061825,0.00061307,0.00061825,1673.21330963,1.03077988,0.00061604
701,0.0006124,1541383200,0.00061293,0.0006124,0.00061293,0.35526052,0.00021765,0.00061267
702,0.00061049,1541390400,0.00061445,0.00061049,0.00061445,26.72065702,0.01641238,0.00061422
703,0.00061134,1541397600,0.00061134,0.00060593,0.00060929,22.98710596,0.01394063,0.00060645
704,0.00060819,1541404800,0.00060929,0.00060774,0.00060929,143.21502639,0.0871731,0.00060868
705,0.00060799,1541412000,0.00060929,0.00060605,0.00060819,40.49454629,0.02462347,0.00060806
706,0.00060435,1541419200,0.00060669,0.00060434,0.00060669,519.93868108,0.31442712,0.00060473
707,0.0006081,1541426400,0.0006081,0.00060481,0.00060481,252.31642615,0.1529315,0.0006061
708,0.00060435,1541433600,0.00060703,0.00060435,0.00060703,47.28432024,0.02860108,0.00060487
709,0.00060237,1541440800,0.00060779,0.00060237,0.0006064,73.39004014,0.04453971,0.00060689
710,0.00060595,1541448000,0.00060595,0.00060595,0.00060595,0.36691878,0.00022233,0.00060595
711,0.0006064,1541455200,0.0006064,0.00060595,0.00060595,75.1200483,0.04552032,0.00060596
712,0.00060703,1541462400,0.00060703,0.00060703,0.00060703,0.1922247,0.00011668,0.00060703
713,0.00060595,1541469600,0.00060595,0.00060595,0.00060595,0.0880905,5.337e-05,0.00060595
714,0.00060347,1541476800,0.00060492,0.00060021,0.00060492,49.50206823,0.02986497,0.0006033
715,0.000607,1541484000,0.0006081,0.00060349,0.00060349,45.12141921,0.02741972,0.00060768
716,0.00061709,1541491200,0.00061922,0.00060711,0.00060711,259.33655746,0.15837392,0.00061068
717,0.00061779,1541498400,0.0006192,0.00061587,0.00061709,373.07072052,0.23098661,0.00061914
718,0.000617,1541505600,0.000617,0.00061071,0.00061554,454.79674354,0.27956614,0.0006147
719,0.00061879,1541512800,0.00061879,0.00061361,0.000617,93.94810718,0.05799558,0.00061731
720,0.000613,1541520000,0.00061682,0.000613,0.00061682,2.19163606,0.00134594,0.00061412
721,0.000613,1541527200,0.000613,0.00061299,0.000613,61.53361807,0.03771994,0.00061299
722,0.00061151,1541534400,0.00061445,0.00061151,0.000613,502.34543387,0.30768069,0.00061248
723,0.0006231,1541541600,0.0006231,0.00061356,0.00061356,135.76589774,0.08419568,0.00062015
724,0.00064434,1541548800,0.00066122,0.00062081,0.00062081,5638.18870113,3.65150177,0.00064763
725,0.00064201,1541556000,0.00064695,0.00063861,0.00064694,174.42654783,0.11184199,0.00064119
726,0.00063681,1541563200,0.000656,0.00063677,0.00064434,790.82639364,0.5161529,0.00065267
727,0.0006365,1541570400,0.00064129,0.0006365,0.00063872,5.51218172,0.00351022,0.00063681
728,0.00063001,1541577600,0.00063872,0.00063001,0.00063872,827.13414552,0.52502059,0.00063474
729,0.00062863,1541584800,0.00063294,0.00062863,0.00063058,13.94109097,0.00877135,0.00062917
730,0.000634,1541592000,0.00063489,0.00063116,0.00063208,3196.28595363,2.02644221,0.00063399
731,0.00062406,1541599200,0.00063431,0.00062,0.00063431,404.16253832,0.25304969,0.0006261
732,0.0006254,1541606400,0.0006254,0.0006254,0.0006254,7.02557995,0.00439379,0.0006254
733,0.00063097,1541613600,0.00063097,0.00062594,0.00062594,20.30189508,0.01272536,0.0006268
734,0.00062839,1541620800,0.00062839,0.00062669,0.00062669,113.73842285,0.07147178,0.00062838
735,0.000625,1541628000,0.00062623,0.000625,0.00062623,10.58397489,0.0066152,0.00062502
736,0.00062534,1541635200,0.0006257,0.00062534,0.0006257,202.60512609,0.12673434,0.00062552
737,0.00061291,1541642400,0.00062595,0.00061291,0.00062595,777.81027312,0.47935777,0.00061629
738,0.00061728,1541649600,0.00061728,0.00061644,0.00061644,171.11108948,0.10561663,0.00061724
739,0.00061449,1541656800,0.00061699,0.00061449,0.00061699,76.21402366,0.04685289,0.00061475
740,0.00061859,1541664000,0.00061859,0.00061644,0.00061644,6.20982615,0.00384042,0.00061844
741,0.00061889,1541671200,0.00061889,0.00061648,0.00061648,96.86813647,0.05988841,0.00061824
742,0.00061671,1541678400,0.00062019,0.00061671,0.00061671,208.27891477,0.12871894,0.00061801
743,0.0006205,1541685600,0.0006205,0.00061751,0.00061751,157.3519391,0.09762787,0.00062044
744,0.0006205,1541692800,0.00062052,0.00061545,0.00062052,389.88817981,0.2402701,0.00061625
745,0.00062,1541700000,0.00062102,0.00062,0.00062052,148.30043405,0.09203327,0.00062058
746,0.00062169,1541707200,0.00062169,0.00061733,0.00062,86.76483466,0.05374296,0.0006194
747,0.00061746,1541714400,0.00062185,0.00061746,0.00062185,47.89425994,0.02964399,0.00061894
748,0.000615,1541721600,0.00061739,0.000615,0.00061739,151.97278081,0.09372986,0.00061675
749,0.00061892,1541728800,0.00061892,0.000614,0.00061449,695.66992312,0.42895036,0.0006166
750,0.000614,1541736000,0.00061892,0.000614,0.00061892,37.47604067,0.0231906,0.00061881
751,0.000613,1541743200,0.00061673,0.000613,0.00061673,64.52108958,0.03955279,0.00061302
752,0.00061635,1541750400,0.0006211,0.00061635,0.00061673,520.42199556,0.32282937,0.00062032
753,0.00061449,1541757600,0.00061604,0.00061449,0.00061604,159.07942602,0.09799888,0.00061603
754,0.000607,1541764800,0.00061309,0.000607,0.00061309,1545.68208198,0.94049248,0.00060846
755,0.0006075,1541772000,0.00061014,0.00060644,0.000608,22.80237644,0.01384478,0.00060716
756,0.00060605,1541779200,0.00060605,0.00060605,0.00060605,0.1841151,0.00011158,0.00060605
757,0.00060949,1541786400,0.0006101,0.00060829,0.00060829,603.13442739,0.36796848,0.00061009
758,0.0006087,1541793600,0.00060927,0.00060869,0.00060915,262.9205719,0.16013901,0.00060907
759,0.00060396,1541800800,0.00060629,0.00060396,0.00060605,136.49154309,0.08262182,0.00060532
760,0.0006039,1541808000,0.0006041,0.0006039,0.0006041,59.82877235,0.03614235,0.00060409
761,0.00060826,1541815200,0.00060826,0.00060309,0.00060396,23.50549402,0.01419108,0.00060373
762,0.00060797,1541822400,0.00060797,0.00060797,0.00060797,4.28958391,0.00260793,0.00060797
763,0.00060715,1541829600,0.00060719,0.00060676,0.00060676,3.67987008,0.00223417,0.00060713
764,0.00060144,1541836800,0.00060539,0.00060144,0.0006039,889.22452084,0.53569759,0.00060243
765,0.00060368,1541844000,0.00060368,0.00060368,0.00060368,0.30459166,0.00018387,0.00060368
766,0.00060468,1541851200,0.00060468,0.00060468,0.00060468,5.16046504,0.00312043,0.00060468
767,0.00060468,1541858400,0.00060468,0.00060468,0.00060468,0.0,0.0,0.00060468
768,0.00060829,1541865600,0.00060829,0.00060491,0.00060614,94.35494675,0.05731816,0.00060747
769,0.00060701,1541872800,0.00060964,0.00060701,0.00060964,55.95830292,0.03410964,0.00060955
770,0.00061,1541880000,0.00061179,0.000608,0.000608,246.67514921,0.15049361,0.00061008
771,0.00061051,1541887200,0.00061051,0.00061051,0.00061051,0.2,0.0001221,0.00061051
772,0.0006082,1541894400,0.00061051,0.0006082,0.00061051,119.1451347,0.07267554,0.00060997
773,0.0006082,1541901600,0.0006082,0.0006082,0.0006082,17.04567052,0.01036717,0.0006082
774,0.00060301,1541908800,0.00060756,0.00060301,0.00060756,5.75748002,0.00347945,0.00060433
775,0.00060758,1541916000,0.00060758,0.00060648,0.00060648,0.59123768,0.00035887,0.00060698
776,0.0006082,1541923200,0.0006082,0.0006082,0.0006082,16.99432948,0.01033595,0.0006082
777,0.0006036,1541930400,0.00060859,0.00060301,0.00060859,3.22529468,0.00195451,0.00060599
778,0.00060647,1541937600,0.00060647,0.00060647,0.00060647,541.00368923,0.3281025,0.00060647
779,0.0006006,1541944800,0.00060423,0.0006,0.00060423,4141.01459914,2.4869354,0.00060056
780,0.00059619,1541952000,0.0006,0.00059471,0.0006,59.07119977,0.03522333,0.00059628
781,0.0005982,1541959200,0.00059838,0.0005937,0.00059655,21.04206482,0.01252907,0.00059542
782,0.00059692,1541966400,0.00059793,0.0005937,0.00059793,24.92597702,0.01489041,0.00059738
783,0.00060206,1541973600,0.00060206,0.00059839,0.00059839,18.8835659,0.01134121,0.00060058
784,0.00059948,1541980800,0.00060399,0.00059948,0.00060399,0.57635763,0.00034727,0.00060253
785,0.00059948,1541988000,0.00059948,0.00059948,0.00059948,8.1274567,0.00487224,0.00059948
786,0.00059787,1541995200,0.00060166,0.00059787,0.00060166,566.22003777,0.33974854,0.00060002
787,0.0005937,1542002400,0.00059669,0.0005937,0.00059585,249.29228179,0.14844022,0.00059544
788,0.00059266,1542009600,0.00059316,0.000588,0.00059298,772.13976262,0.45619904,0.00059082
789,0.00059415,1542016800,0.00059842,0.00059266,0.0005927,9105.52550399,5.43700249,0.00059711
790,0.00059718,1542024000,0.0005973,0.00059415,0.00059415,699.26035867,0.41678028,0.00059603
791,0.00059948,1542031200,0.00060435,0.00059843,0.00059843,377.91742049,0.22672066,0.00059992
792,0.000601,1542038400,0.00060206,0.00059947,0.00060206,153.09098453,0.09183863,0.00059989
793,0.00060069,1542045600,0.00060389,0.00059866,0.00060389,322.49099656,0.19472252,0.0006038
794,0.00060059,1542052800,0.00060059,0.00060059,0.00060059,3.90897819,0.00234769,0.00060059
795,0.00060059,1542060000,0.00060059,0.00060059,0.00060059,0.0,0.0,0.00060059
796,0.00059121,1542067200,0.00059585,0.00059121,0.00059585,1984.88476151,1.17586446,0.0005924
797,0.00059543,1542074400,0.00059543,0.00059,0.00059064,304.73988724,0.18025944,0.00059151
798,0.00059489,1542081600,0.00059489,0.00059486,0.00059486,8.96653973,0.00533392,0.00059487
799,0.00059489,1542088800,0.00059489,0.00059489,0.00059489,0.0,0.0,0.00059489
800,0.00059029,1542096000,0.00059586,0.0005882,0.00059586,256.94278608,0.15144056,0.00058939
801,0.00059087,1542103200,0.00059088,0.00058821,0.0005906,31.6170958,0.01865279,0.00058995
802,0.00059064,1542110400,0.00059309,0.00058821,0.00058821,115.8606664,0.06834714,0.0005899
803,0.00059065,1542117600,0.00059379,0.00058781,0.00059064,75.61069278,0.04462405,0.00059018
804,0.0005884,1542124800,0.00058931,0.0005884,0.00058931,25.09760696,0.01478455,0.00058908
805,0.00058601,1542132000,0.00058839,0.00058601,0.00058839,189.73684627,0.11147549,0.00058752
806,0.00058451,1542139200,0.0005898,0.00058272,0.00058979,427.86911552,0.25189582,0.00058872
807,0.0005898,1542146400,0.0005898,0.00058545,0.00058545,172.94353803,0.10197547,0.00058964
808,0.0005898,1542153600,0.0005898,0.0005898,0.0005898,0.0,0.0,0.0005898
809,0.00059025,1542160800,0.00059047,0.00058763,0.0005888,1375.01178037,0.80839919,0.00058792
810,0.00058312,1542168000,0.00058547,0.000583,0.00058547,125.93169497,0.07344427,0.0005832
811,0.0005825,1542175200,0.00058312,0.0005825,0.00058312,69.64293618,0.04059834,0.00058294
812,0.000576,1542182400,0.0005853,0.000576,0.0005853,967.54770677,0.56111662,0.00057993
813,0.00056821,1542189600,0.000576,0.00056821,0.000576,1997.66793166,1.13885878,0.00057009
814,0.000569,1542196800,0.00057299,0.000569,0.00057299,61.98456945,0.03551206,0.00057291
815,0.00056,1542204000,0.00056669,0.00056,0.00056631,1081.45122936,0.60714317,0.00056141
816,0.00055579,1542211200,0.00056261,0.00052043,0.00056,15284.29491469,8.24866528,0.00053968
817,0.00055905,1542218400,0.00055905,0.00054872,0.00055607,319.83254395,0.17622689,0.00055099
818,0.00056832,1542225600,0.0005709,0.00055368,0.0005602,1030.45963487,0.57847199,0.00056137
819,0.00056581,1542232800,0.00056693,0.00056581,0.00056693,1001.61411952,0.56672663,0.00056581
820,0.00056832,1542240000,0.00057454,0.00056832,0.00057077,548.774543,0.31251873,0.00056948
821,0.00055011,1542247200,0.00056786,0.00055011,0.00056786,94.09377254,0.052192,0.00055468
822,0.00055619,1542254400,0.00055619,0.00055352,0.00055352,5.36206569,0.00296858,0.00055362
