,close,date,high,low,open,quoteVolume,volume,weightedAverage,avg_vol_3,avg_vol_13,avg_vol_34,avg_close_3,avg_close_13,avg_close_34
0,1.136e-05,1539360000,1.272e-05,1.103e-05,1.159e-05,323055.20673979,3.68095473,1.139e-05,0.0,0.0,0.0,0.0,0.0,0.0
1,1.113e-05,1539367200,1.127e-05,1.07e-05,1.107e-05,36847.20526384,0.40643947,1.103e-05,0.0,0.0,0.0,0.0,0.0,0.0
2,1.103e-05,1539374400,1.129e-05,1.1e-05,1.112e-05,19289.89464,0.21652034,1.122e-05,1.43463818,0.0,0.0,1.1173333333333332e-05,0.0,0.0
3,1.098e-05,1539381600,1.199e-05,1.076e-05,1.14e-05,57245.2760733,0.64949099,1.134e-05,0.42415026666666683,0.0,0.0,1.1046666666666665e-05,0.0,0.0
4,1.125e-05,1539388800,1.187e-05,1.082e-05,1.085e-05,28546.76927391,0.32852376,1.15e-05,0.3981783633333335,0.0,0.0,1.1086666666666668e-05,0.0,0.0
5,1.093e-05,1539396000,1.14e-05,1.081e-05,1.14e-05,13031.88673935,0.14264423,1.094e-05,0.37355299333333347,0.0,0.0,1.1053333333333333e-05,0.0,0.0
6,1.1e-05,1539403200,1.103e-05,1.096e-05,1.1e-05,2808.45431734,0.03094478,1.101e-05,0.16737092333333348,0.0,0.0,1.1059999999999999e-05,0.0,0.0
7,1.091e-05,1539410400,1.185e-05,1.091e-05,1.107e-05,67538.75365551,0.76240841,1.128e-05,0.3119991400000002,0.0,0.0,1.0946666666666666e-05,0.0,0.0
8,1.1e-05,1539417600,1.115e-05,1.096e-05,1.115e-05,7471.93685368,0.08207634,1.098e-05,0.2918098433333335,0.0,0.0,1.097e-05,0.0,0.0
9,1.122e-05,1539424800,1.13e-05,1.1e-05,1.109e-05,18215.30906396,0.20183947,1.108e-05,0.34877474000000014,0.0,0.0,1.1043333333333335e-05,0.0,0.0
10,1.103e-05,1539432000,1.143e-05,1.1e-05,1.12e-05,37367.76755058,0.41287425,1.104e-05,0.23226335333333348,0.0,0.0,1.1083333333333335e-05,0.0,0.0
11,1.103e-05,1539439200,1.116e-05,1.086e-05,1.106e-05,67828.37580553,0.74599532,1.099e-05,0.4535696800000002,0.0,0.0,1.1093333333333336e-05,0.0,0.0
12,1.096e-05,1539446400,1.131e-05,1.092e-05,1.104e-05,42693.41972518,0.47951769,1.123e-05,0.5461290866666669,0.6261715215384616,0.0,1.100666666666667e-05,1.1063846153846152e-05,0.0
13,1.094e-05,1539453600,1.105e-05,1.086e-05,1.096e-05,7290.98439646,0.07992298,1.096e-05,0.4351453300000003,0.34916907923076923,0.0,1.0976666666666671e-05,1.103153846153846e-05,0.0
14,1.086e-05,1539460800,1.123e-05,1.085e-05,1.11e-05,5535.19225217,0.0607606,1.097e-05,0.20673375666666693,0.3225783969230769,0.0,1.0920000000000004e-05,1.1010769230769227e-05,0.0
15,1.09e-05,1539468000,1.091e-05,1.081e-05,1.086e-05,2757.8705,0.02995626,1.086e-05,0.056879946666666924,0.30822731384615376,0.0,1.0900000000000002e-05,1.1000769230769227e-05,0.0
16,1.098e-05,1539475200,1.102e-05,1.091e-05,1.094e-05,1587.27509158,0.01737136,1.094e-05,0.03602940666666692,0.2596027269230769,0.0,1.0913333333333336e-05,1.1000769230769227e-05,0.0
17,1.096e-05,1539482400,1.1e-05,1.082e-05,1.098e-05,2518.78554975,0.02741014,1.088e-05,0.02491258666666692,0.23644014076923076,0.0,1.0946666666666668e-05,1.0978461538461533e-05,0.0
18,1.09e-05,1539489600,1.107e-05,1.089e-05,1.098e-05,32467.40322264,0.35716746,1.1e-05,0.13398298666666691,0.25294192769230767,0.0,1.0946666666666668e-05,1.097615384615384e-05,0.0
19,1.083e-05,1539496800,1.093e-05,1.083e-05,1.093e-05,9608.1435409,0.10411871,1.083e-05,0.16289877000000025,0.25857069153846146,0.0,1.0896666666666668e-05,1.0963076923076917e-05,0.0
20,1.09e-05,1539504000,1.09e-05,1.088e-05,1.088e-05,5561.95740218,0.0606211,1.089e-05,0.17396909000000027,0.20458705230769228,0.0,1.0876666666666669e-05,1.0962307692307688e-05,0.0
21,1.089e-05,1539511200,1.094e-05,1.084e-05,1.084e-05,6227.8086675,0.06786399,1.089e-05,0.07753460000000027,0.20349379461538458,0.0,1.0873333333333335e-05,1.095384615384615e-05,0.0
22,1.101e-05,1539518400,1.113e-05,1.089e-05,1.092e-05,4200.6612744,0.04622793,1.1e-05,0.05823767333333361,0.19152367615384616,0.0,1.0933333333333333e-05,1.0937692307692303e-05,0.0
23,1.098e-05,1539525600,1.112e-05,1.097e-05,1.109e-05,1898.48203766,0.02096661,1.104e-05,0.04501951000000028,0.16137693461538463,0.0,1.0959999999999998e-05,1.093384615384615e-05,0.0
24,1.117e-05,1539532800,1.117e-05,1.102e-05,1.104e-05,7029.5296763,0.07784599,1.107e-05,0.04834684333333361,0.10998083230769232,0.0,1.1053333333333333e-05,1.0944615384615379e-05,0.0
25,1.109e-05,1539540000,1.12e-05,1.104e-05,1.115e-05,2617.46791539,0.02915132,1.113e-05,0.04265464000000028,0.0753372653846154,0.0,1.1080000000000002e-05,1.0954615384615379e-05,0.0
26,1.125e-05,1539547200,1.13e-05,1.079e-05,1.108e-05,58077.57979598,0.64544563,1.111e-05,0.25081431333333365,0.1188390076923077,0.0,1.1170000000000003e-05,1.0978461538461533e-05,0.0
27,1.075e-05,1539554400,1.097e-05,1.075e-05,1.097e-05,14459.13989198,0.15659284,1.083e-05,0.2770632633333336,0.12621071846153847,0.0,1.1030000000000003e-05,1.0969999999999995e-05,0.0
28,1.097e-05,1539561600,1.129e-05,1.065e-05,1.097e-05,34571.72432304,0.3805562,1.1e-05,0.3941982233333336,0.15317994461538462,0.0,1.0990000000000002e-05,1.0975384615384611e-05,0.0
29,1.097e-05,1539568800,1.097e-05,1.097e-05,1.097e-05,0.0,0.0,1.097e-05,0.17904968000000024,0.15184368615384616,0.0,1.0896666666666667e-05,1.0974615384615382e-05,0.0
30,1.115e-05,1539576000,1.129e-05,1.066e-05,1.089e-05,37058.31815164,0.40603504,1.095e-05,0.26219708000000025,0.18096867846153847,0.0,1.103e-05,1.0989230769230767e-05,0.0
31,1.058e-05,1539583200,1.13e-05,1.036e-05,1.112e-05,199348.38418478,2.17038559,1.088e-05,0.8588068766666669,0.32044699615384614,0.0,1.0899999999999999e-05,1.0964615384615382e-05,0.0
32,1.083e-05,1539590400,1.086e-05,1.059e-05,1.086e-05,1118.396403,0.01191624,1.065e-05,0.8627789566666669,0.31335449846153846,0.0,1.0853333333333333e-05,1.0964615384615382e-05,0.0
33,1.074e-05,1539597600,1.085e-05,1.06e-05,1.081e-05,8448.19140994,0.09128326,1.08e-05,0.757861696666667,0.31571312615384617,0.381818500882353,1.0716666666666667e-05,1.0952307692307691e-05,1.0984705882352943e-05
34,1.052e-05,1539604800,1.069e-05,1.029e-05,1.069e-05,129632.78562627,1.35716957,1.046e-05,0.48678969000000033,0.4148904784615385,0.31347187852941183,1.0696666666666667e-05,1.0923846153846152e-05,1.0960000000000002e-05
35,1.087e-05,1539612000,1.091e-05,1.05e-05,1.05e-05,5710.44368473,0.06130715,1.073e-05,0.503253326666667,0.4160504184615385,0.3033209279411765,1.0709999999999997e-05,1.0913076923076922e-05,1.0952352941176472e-05
36,1.072e-05,1539619200,1.081e-05,1.038e-05,1.072e-05,4828.59834247,0.05096705,1.055e-05,0.4898145900000003,0.4183581446153846,0.2984517135294118,1.070333333333333e-05,1.0893076923076923e-05,1.0943235294117649e-05
37,1.07e-05,1539626400,1.07e-05,1.04e-05,1.056e-05,27706.75410403,0.28989484,1.046e-05,0.13405634666666696,0.43466959461538457,0.28787535617647064,1.076333333333333e-05,1.0856923076923076e-05,1.0935000000000001e-05
38,1.051e-05,1539633600,1.073e-05,1.048e-05,1.059e-05,36673.91151618,0.38968517,1.062e-05,0.24351568666666698,0.4624029676923076,0.2896742211764706,1.0643333333333329e-05,1.0812307692307693e-05,1.0913235294117649e-05
39,1.05e-05,1539640800,1.051e-05,1.05e-05,1.05e-05,4855.16820076,0.05097958,1.05e-05,0.24351986333333364,0.4166748099999999,0.2869782020588236,1.0569999999999995e-05,1.0754615384615386e-05,1.0900588235294119e-05
40,1.065e-05,1539648000,1.076e-05,1.044e-05,1.05e-05,6713.74218125,0.07118931,1.06e-05,0.1706180200000003,0.4101053076923076,0.28816186470588234,1.0553333333333331e-05,1.0746923076923077e-05,1.089029411764706e-05
41,1.063e-05,1539655200,1.077e-05,1.063e-05,1.065e-05,75146.91996491,0.8042337,1.07e-05,0.3088008633333336,0.4426958846153845,0.2893920202941176,1.059333333333333e-05,1.072076923076923e-05,1.0882058823529415e-05
42,1.064e-05,1539662400,1.064e-05,1.063e-05,1.063e-05,14818.34089417,0.1575362,1.063e-05,0.344319736666667,0.45481405384615375,0.2916114279411764,1.0639999999999998e-05,1.0695384615384614e-05,1.0871470588235299e-05
43,1.065e-05,1539669600,1.065e-05,1.062e-05,1.064e-05,26446.80216732,0.28105113,1.062e-05,0.414273676666667,0.4451999069230768,0.29394118264705876,1.0639999999999998e-05,1.0656923076923074e-05,1.0854705882352945e-05
44,1.052e-05,1539676800,1.065e-05,1.052e-05,1.065e-05,70718.29295268,0.74949893,1.059e-05,0.3960287533333336,0.3359009330769229,0.3038419085294117,1.0603333333333332e-05,1.0652307692307689e-05,1.0839705882352945e-05
45,1.079e-05,1539684000,1.089e-05,1.052e-05,1.065e-05,9749.51429837,0.10499715,1.076e-05,0.37851573666666694,0.34306100307692294,0.2849890211764705,1.065333333333333e-05,1.0649230769230765e-05,1.0832647058823535e-05
46,1.069e-05,1539691200,1.086e-05,1.057e-05,1.065e-05,11953.60867656,0.12896427,1.078e-05,0.32782011666666694,0.34595954230769216,0.27467862647058816,1.0666666666666664e-05,1.0645384615384613e-05,1.0824705882352946e-05
47,1.066e-05,1539698400,1.066e-05,1.06e-05,1.066e-05,404.78029456,0.00430495,1.063e-05,0.07942212333333358,0.24189303307692295,0.2724545667647058,1.071333333333333e-05,1.0656153846153843e-05,1.08164705882353e-05
48,1.073e-05,1539705600,1.08e-05,1.06e-05,1.064e-05,3701.98111935,0.03957871,1.069e-05,0.05761597666666692,0.24022161461538444,0.27183156999999997,1.069333333333333e-05,1.0645384615384613e-05,1.0812647058823535e-05
49,1.063e-05,1539712800,1.086e-05,1.058e-05,1.073e-05,9611.13915216,0.10300489,1.071e-05,0.04896285000000026,0.2442245253846152,0.273980059117647,1.067333333333333e-05,1.0638461538461535e-05,1.0804705882352948e-05
50,1.071e-05,1539720000,1.074e-05,1.057e-05,1.063e-05,17950.66622981,0.19058239,1.061e-05,0.11105533000000027,0.23658510615384595,0.2790745011764705,1.069e-05,1.0639230769230767e-05,1.0796764705882358e-05
51,1.064e-05,1539727200,1.064e-05,1.053e-05,1.056e-05,4307.62911358,0.04537447,1.053e-05,0.11298725000000026,0.2100996676923075,0.2796028638235293,1.0659999999999998e-05,1.0649230769230765e-05,1.0787352941176476e-05
52,1.061e-05,1539734400,1.061e-05,1.061e-05,1.061e-05,9.42507069,0.0001,1.061e-05,0.07868562000000025,0.20618585384615368,0.26910087970588226,1.0653333333333334e-05,1.0657692307692304e-05,1.077882352941177e-05
53,1.071e-05,1539741600,1.086e-05,1.06e-05,1.06e-05,5539.34808029,0.05948347,1.073e-05,0.03498598000000025,0.20528540461538444,0.26778807852941167,1.0653333333333334e-05,1.066230769230769e-05,1.0775294117647064e-05
54,1.07e-05,1539748800,1.076e-05,1.065e-05,1.076e-05,24160.53607914,0.2586589,1.07e-05,0.10608079000000026,0.16331811230769214,0.27361271970588225,1.0673333333333333e-05,1.0667692307692305e-05,1.0769411764705887e-05
55,1.07e-05,1539756000,1.079e-05,1.07e-05,1.07e-05,13021.11729563,0.13971464,1.072e-05,0.15261900333333359,0.1619472230769229,0.275725974117647,1.0703333333333331e-05,1.0672307692307689e-05,1.076382352941177e-05
56,1.078e-05,1539763200,1.085e-05,1.07e-05,1.075e-05,24291.89466898,0.26164125,1.077e-05,0.2200049300000003,0.16045415538461522,0.2820616599999999,1.0726666666666665e-05,1.068230769230769e-05,1.0757058823529417e-05
57,1.071e-05,1539770400,1.085e-05,1.071e-05,1.078e-05,19667.59286375,0.21145684,1.075e-05,0.20427091000000028,0.11906630230769212,0.2876643138235293,1.0729999999999996e-05,1.0696923076923076e-05,1.074911764705883e-05
58,1.07e-05,1539777600,1.083e-05,1.07e-05,1.071e-05,31586.09996527,0.33858317,1.071e-05,0.27056042000000025,0.13703445769230752,0.2953330544117646,1.0729999999999996e-05,1.0689999999999998e-05,1.0735294117647063e-05
59,1.062e-05,1539784800,1.07e-05,1.062e-05,1.07e-05,11798.65662673,0.12615594,1.069e-05,0.22539865000000026,0.13681843230769214,0.2981861314705881,1.0676666666666664e-05,1.0684615384615383e-05,1.0721470588235298e-05
60,1.076e-05,1539792000,1.082e-05,1.064e-05,1.066e-05,19423.85097475,0.20720975,1.066e-05,0.2239829533333336,0.15242649384615367,0.28529684088235285,1.069333333333333e-05,1.0692307692307692e-05,1.0707058823529416e-05
61,1.072e-05,1539799200,1.081e-05,1.072e-05,1.08e-05,14925.94873127,0.16120005,1.079e-05,0.16485524666666693,0.16178198153846138,0.2854323470588234,1.0699999999999998e-05,1.0691538461538461e-05,1.070617647058824e-05
62,1.072e-05,1539806400,1.072e-05,1.072e-05,1.072e-05,2197.5042402,0.02355724,1.072e-05,0.13065568000000027,0.1556706238461537,0.27493237764705875,1.0733333333333333e-05,1.0698461538461539e-05,1.0698823529411767e-05
63,1.081e-05,1539813600,1.081e-05,1.068e-05,1.072e-05,2946.10617713,0.03177057,1.078e-05,0.07217595333333361,0.14345432999999985,0.2758668061764706,1.0749999999999999e-05,1.0706153846153846e-05,1.0694117647058826e-05
64,1.079e-05,1539820800,1.08e-05,1.077e-05,1.08e-05,1803.02090708,0.0194514,1.078e-05,0.024926403333333607,0.14146024769230753,0.264496699117647,1.0773333333333332e-05,1.0717692307692308e-05,1.0683529411764706e-05
65,1.079e-05,1539828000,1.079e-05,1.079e-05,1.079e-05,0.0,0.0,1.079e-05,0.01707399000000027,0.14145255538461524,0.20066182882352934,1.0796666666666666e-05,1.073153846153846e-05,1.0689705882352941e-05
66,1.084e-05,1539835200,1.084e-05,1.079e-05,1.079e-05,3364.15516088,0.03637486,1.081e-05,0.018608753333333606,0.13967496999999984,0.20138119999999993,1.0806666666666666e-05,1.074153846153846e-05,1.0690000000000003e-05
67,1.081e-05,1539842400,1.088e-05,1.081e-05,1.084e-05,1243.65883465,0.01349829,1.085e-05,0.016624383333333607,0.1208164615384614,0.1990934067647058,1.0813333333333332e-05,1.075e-05,1.0692058823529413e-05
68,1.074e-05,1539849600,1.076e-05,1.074e-05,1.076e-05,462.0,0.00496363,1.074e-05,0.01827892666666694,0.11045099923076909,0.15932264382352934,1.0796666666666664e-05,1.0753076923076924e-05,1.0698529411764708e-05
69,1.08e-05,1539856800,1.08e-05,1.08e-05,1.08e-05,401.96039465,0.00434117,1.08e-05,0.007601030000000272,0.09065868538461525,0.15764717382352933,1.078333333333333e-05,1.0754615384615386e-05,1.0696470588235296e-05
70,1.08e-05,1539864000,1.08e-05,1.067e-05,1.075e-05,3865.84951599,0.04131585,1.068e-05,0.016873550000000275,0.07757091692307677,0.15736331499999992,1.0779999999999997e-05,1.076153846153846e-05,1.0698823529411767e-05
71,1.061e-05,1539871200,1.076e-05,1.058e-05,1.07e-05,12203.06337591,0.13030785,1.067e-05,0.058654956666666945,0.06154973846153832,0.15266957999999994,1.0736666666666663e-05,1.0754615384615386e-05,1.0696176470588238e-05
72,1.068e-05,1539878400,1.075e-05,1.05e-05,1.066e-05,8778.59781218,0.09335672,1.063e-05,0.08832680666666694,0.059026721538461405,0.14395403735294113,1.0696666666666664e-05,1.075923076923077e-05,1.0701176470588239e-05
73,1.05e-05,1539885600,1.066e-05,1.05e-05,1.066e-05,1423.84330429,0.01497503,1.051e-05,0.07954653333333361,0.04423943538461525,0.14289507999999995,1.0596666666666665e-05,1.073923076923077e-05,1.0701176470588239e-05
74,1.042e-05,1539892800,1.051e-05,1.034e-05,1.051e-05,15232.87329632,0.15809614,1.037e-05,0.08880929666666694,0.044000673076922944,0.14545116323529403,1.053333333333333e-05,1.0716153846153846e-05,1.0694411764705885e-05
75,1.033e-05,1539900000,1.039e-05,1.033e-05,1.039e-05,693.71429682,0.0071695,1.033e-05,0.060080223333333606,0.04274007769230756,0.12200809852941168,1.0416666666666663e-05,1.0686153846153845e-05,1.068558823529412e-05
76,1.048e-05,1539907200,1.048e-05,1.038e-05,1.038e-05,7430.14842396,0.07776686,1.046e-05,0.0810108333333336,0.04627825384615371,0.11966194147058813,1.0409999999999997e-05,1.0660769230769227e-05,1.0680882352941179e-05
77,1.048e-05,1539914400,1.048e-05,1.048e-05,1.048e-05,2073.17849323,0.02172691,1.048e-05,0.035554423333333605,0.04645329307692295,0.11203475852941167,1.0429999999999998e-05,1.0636923076923073e-05,1.0675882352941178e-05
78,1.048e-05,1539921600,1.049e-05,1.048e-05,1.048e-05,57.66427388,0.00060446,1.048e-05,0.03336607666666694,0.04649978999999987,0.09000845058823519,1.048e-05,1.061307692307692e-05,1.0674705882352944e-05
79,1.05e-05,1539928800,1.05e-05,1.049e-05,1.049e-05,345.47146647,0.00362499,1.049e-05,0.008652120000000272,0.0439805692307691,0.08702691647058813,1.0486666666666664e-05,1.0586923076923075e-05,1.0666176470588236e-05
80,1.05e-05,1539936000,1.05e-05,1.049e-05,1.049e-05,958.26301574,0.01005341,1.049e-05,0.004760953333333606,0.04371557846153833,0.083529538235294,1.049333333333333e-05,1.056307692307692e-05,1.066058823529412e-05
81,1.068e-05,1539943200,1.07e-05,1.049e-05,1.05e-05,8655.17126945,0.09170866,1.059e-05,0.03512902000000027,0.05038827307692295,0.0861002355882352,1.0559999999999995e-05,1.0558461538461535e-05,1.0661176470588236e-05
82,1.087e-05,1539950400,1.087e-05,1.054e-05,1.054e-05,16390.32566915,0.17471188,1.065e-05,0.0921579833333336,0.06349371230769218,0.0900747405882352,1.0683333333333332e-05,1.0563846153846153e-05,1.066529411764706e-05
83,1.076e-05,1539957600,1.085e-05,1.059e-05,1.071e-05,4299.986666,0.04572883,1.063e-05,0.10404979000000027,0.06383317230769218,0.0883901505882352,1.0769999999999999e-05,1.0560769230769231e-05,1.0669117647058823e-05
84,1.048e-05,1539964800,1.067e-05,1.048e-05,1.066e-05,10040.89079937,0.10566372,1.052e-05,0.10870147666666695,0.061937469999999877,0.08589254264705873,1.0703333333333331e-05,1.055076923076923e-05,1.0662352941176472e-05
85,1.066e-05,1539972000,1.066e-05,1.057e-05,1.057e-05,2307.33643541,0.02453383,1.063e-05,0.05864212666666693,0.05664340153846142,0.08527958264705873,1.0633333333333334e-05,1.054923076923077e-05,1.0662941176470588e-05
86,1.067e-05,1539979200,1.067e-05,1.067e-05,1.067e-05,1357.19157516,0.01448123,1.067e-05,0.04822626000000027,0.05660541692307681,0.0857025599999999,1.0603333333333334e-05,1.0562307692307692e-05,1.0664705882352942e-05
87,1.069e-05,1539986400,1.074e-05,1.069e-05,1.073e-05,4015.84016309,0.04306289,1.072e-05,0.027359316666666935,0.04775670538461526,0.08521960176470578,1.0673333333333333e-05,1.0583076923076922e-05,1.0664117647058824e-05
88,1.069e-05,1539993600,1.069e-05,1.069e-05,1.069e-05,0.0,0.0,1.069e-05,0.019181373333333602,0.047205205384615256,0.07761198705882343,1.0683333333333335e-05,1.0610769230769231e-05,1.0663823529411766e-05
89,1.081e-05,1540000800,1.081e-05,1.074e-05,1.074e-05,200.0,0.00215535,1.077e-05,0.015072746666666935,0.04138893538461526,0.07356612558823518,1.0730000000000002e-05,1.0636153846153847e-05,1.0667058823529413e-05
90,1.084e-05,1540008000,1.084e-05,1.081e-05,1.081e-05,2534.31231257,0.02745489,1.083e-05,0.009870080000000269,0.0418295492307691,0.06667829147058812,1.0780000000000002e-05,1.0663846153846156e-05,1.0668823529411767e-05
91,1.079e-05,1540015200,1.079e-05,1.078e-05,1.078e-05,1726.48570073,0.01861301,1.078e-05,0.016074416666666935,0.04321482230769218,0.06100641411764696,1.0813333333333334e-05,1.068769230769231e-05,1.0671176470588237e-05
92,1.07e-05,1540022400,1.082e-05,1.07e-05,1.082e-05,1211.42826291,0.01310633,1.081e-05,0.019724743333333603,0.043944156153846024,0.05143356588235284,1.0776666666666666e-05,1.0703076923076923e-05,1.0671176470588237e-05
93,1.084e-05,1540029600,1.109e-05,1.076e-05,1.076e-05,99565.52810952,1.08447085,1.089e-05,0.37206339666666693,0.1265916515384614,0.07961929852941166,1.0776666666666666e-05,1.0729230769230768e-05,1.0677647058823534e-05
94,1.083e-05,1540036800,1.091e-05,1.072e-05,1.086e-05,13029.63094725,0.14122525,1.083e-05,0.4129341433333336,0.13040061999999988,0.07767857794117637,1.0790000000000002e-05,1.074076923076923e-05,1.0679705882352945e-05
95,1.101e-05,1540044000,1.101e-05,1.074e-05,1.087e-05,1454.55501793,0.01581815,1.087e-05,0.41383808333333366,0.11817802538461526,0.07340263970588225,1.0893333333333335e-05,1.0751538461538459e-05,1.068823529411765e-05
96,1.103e-05,1540051200,1.103e-05,1.103e-05,1.103e-05,102.0,0.00112506,1.103e-05,0.05272282000000028,0.11474696615384603,0.07274286970588224,1.095666666666667e-05,1.077230769230769e-05,1.0697352941176474e-05
97,1.099e-05,1540058400,1.101e-05,1.072e-05,1.1e-05,6279.85572898,0.06885928,1.096e-05,0.02860083000000028,0.11191585538461526,0.07383371411764694,1.1010000000000005e-05,1.081153846153846e-05,1.0702647058823533e-05
98,1.076e-05,1540065600,1.086e-05,1.076e-05,1.084e-05,11390.53153388,0.12285862,1.078e-05,0.06428098666666694,0.11947930076923065,0.07687510294117637,1.0926666666666672e-05,1.0819230769230767e-05,1.0701764705882357e-05
99,1.076e-05,1540072800,1.076e-05,1.076e-05,1.076e-05,0.0,0.0,1.076e-05,0.06390596666666694,0.11836535999999988,0.07687510294117637,1.083666666666667e-05,1.0826153846153845e-05,1.070088235294118e-05
100,1.091e-05,1540080000,1.112e-05,1.078e-05,1.098e-05,16328.60885047,0.17956612,1.099e-05,0.10080824666666695,0.12886560846153833,0.08108661058823519,1.0810000000000005e-05,1.0843076923076921e-05,1.0702941176470591e-05
101,1.104e-05,1540087200,1.107e-05,1.094e-05,1.107e-05,6154.37770641,0.06768142,1.099e-05,0.08241584666666694,0.13407187153846142,0.08268023205882344,1.090333333333334e-05,1.087e-05,1.0709705882352944e-05
102,1.097e-05,1540094400,1.11e-05,1.097e-05,1.1e-05,3658.61184002,0.04038012,1.103e-05,0.09587588666666695,0.13701223846153834,0.08372189352941166,1.0973333333333339e-05,1.0882307692307692e-05,1.0716470588235298e-05
103,1.095e-05,1540101600,1.111e-05,1.095e-05,1.106e-05,281.96357282,0.00312594,1.108e-05,0.03706249333333361,0.13514078076923067,0.08368615147058812,1.0986666666666673e-05,1.089076923076923e-05,1.072088235294118e-05
104,1.114e-05,1540108800,1.114e-05,1.095e-05,1.096e-05,14256.26740442,0.15700524,1.101e-05,0.06683710000000027,0.1457863369230768,0.08708878058823519,1.1020000000000005e-05,1.0917692307692308e-05,1.073088235294118e-05
105,1.109e-05,1540116000,1.114e-05,1.102e-05,1.11e-05,327.8485,0.00363581,1.108e-05,0.054588996666666945,0.14505783538461528,0.08336313235294107,1.1060000000000006e-05,1.0947692307692308e-05,1.0745000000000005e-05
106,1.11e-05,1540123200,1.114e-05,1.11e-05,1.114e-05,31.88283849,0.00035479,1.112e-05,0.05366528000000028,0.0616642923076922,0.08062778147058813,1.1110000000000005e-05,1.0967692307692309e-05,1.0757352941176475e-05
107,1.124e-05,1540130400,1.136e-05,1.113e-05,1.113e-05,9625.09264034,0.10819531,1.124e-05,0.03739530333333361,0.05912352769230759,0.08336955441176461,1.1143333333333339e-05,1.099923076923077e-05,1.0779117647058827e-05
108,1.133e-05,1540137600,1.145e-05,1.133e-05,1.133e-05,3017.65831967,0.03443975,1.141e-05,0.04766328333333361,0.060555958461538356,0.07973260176470578,1.122333333333334e-05,1.1023846153846154e-05,1.0805882352941179e-05
109,1.139e-05,1540144800,1.145e-05,1.133e-05,1.137e-05,3582.11014426,0.04081123,1.139e-05,0.06114876333333361,0.06360874076923066,0.08072206441176462,1.1320000000000007e-05,1.1051538461538463e-05,1.0837058823529414e-05
110,1.123e-05,1540152000,1.133e-05,1.123e-05,1.133e-05,1110.04749007,0.01255005,1.13e-05,0.029267010000000284,0.05927726153846143,0.07880392294117639,1.1316666666666673e-05,1.1070000000000002e-05,1.0859117647058827e-05
111,1.125e-05,1540159200,1.125e-05,1.107e-05,1.123e-05,6899.26621206,0.07714075,1.118e-05,0.04350067666666695,0.0557605023076922,0.08043374176470579,1.1290000000000007e-05,1.110769230769231e-05,1.0881764705882355e-05
112,1.117e-05,1540166400,1.125e-05,1.109e-05,1.125e-05,2772.91649349,0.0307824,1.11e-05,0.04015773333333362,0.05812837923076912,0.08132132823529403,1.1216666666666672e-05,1.113923076923077e-05,1.0902058823529415e-05
113,1.112e-05,1540173600,1.117e-05,1.104e-05,1.117e-05,1445.76496215,0.01601057,1.107e-05,0.041311240000000284,0.04554718307692296,0.08168560999999992,1.1180000000000006e-05,1.1155384615384615e-05,1.0920294117647062e-05
114,1.107e-05,1540180800,1.111e-05,1.101e-05,1.104e-05,18673.65670678,0.20563961,1.101e-05,0.08414419333333363,0.05615935153846142,0.08743814529411757,1.1120000000000007e-05,1.1157692307692307e-05,1.0937058823529415e-05
115,1.085e-05,1540188000,1.112e-05,1.085e-05,1.112e-05,30131.90168299,0.32766317,1.087e-05,0.1831044500000003,0.07825804769230758,0.09437798382352934,1.101333333333334e-05,1.1148461538461536e-05,1.0942058823529416e-05
116,1.096e-05,1540195200,1.108e-05,1.092e-05,1.099e-05,19637.27390668,0.21598318,1.099e-05,0.24976198666666702,0.09463168153846142,0.09559184558823522,1.0960000000000009e-05,1.1149230769230767e-05,1.0944705882352945e-05
117,1.105e-05,1540202400,1.107e-05,1.085e-05,1.086e-05,3011.31103833,0.03291606,1.093e-05,0.19218747000000036,0.08508635999999989,0.09521499941176463,1.095333333333334e-05,1.114230769230769e-05,1.0953235294117652e-05
118,1.089e-05,1540209600,1.109e-05,1.089e-05,1.109e-05,258.94512694,0.00283711,1.095e-05,0.08391211666666702,0.08502492153846143,0.09219068735294111,1.0966666666666673e-05,1.1126923076923075e-05,1.0965294117647064e-05
119,1.098e-05,1540216800,1.098e-05,1.086e-05,1.089e-05,723.02771592,0.00788395,1.09e-05,0.01454570666666701,0.08560408769230758,0.09170098499999993,1.0973333333333339e-05,1.1117692307692306e-05,1.0974705882352946e-05
120,1.104e-05,1540224000,1.104e-05,1.089e-05,1.094e-05,2877.07081508,0.03142986,1.092e-05,0.014050306666667012,0.07969905307692297,0.09219947411764698,1.0970000000000007e-05,1.110230769230769e-05,1.0985588235294122e-05
121,1.121e-05,1540231200,1.121e-05,1.104e-05,1.104e-05,1713.34284301,0.01899814,1.108e-05,0.019437316666667013,0.07851123692307684,0.09149168735294111,1.1076666666666674e-05,1.109307692307692e-05,1.1000882352941181e-05
122,1.115e-05,1540238400,1.115e-05,1.088e-05,1.088e-05,429.92883877,0.00471394,1.096e-05,0.01838064666666701,0.07573452230769222,0.09163033264705875,1.1133333333333339e-05,1.1074615384615383e-05,1.1014411764705887e-05
123,1.123e-05,1540245600,1.123e-05,1.115e-05,1.115e-05,875.50437443,0.00981401,1.12e-05,0.011175363333333676,0.0755240576923076,0.0918555873529411,1.1196666666666674e-05,1.1074615384615384e-05,1.1026764705882358e-05
124,1.143e-05,1540252800,1.143e-05,1.122e-05,1.123e-05,62369.97577787,0.70910513,1.136e-05,0.24121102666666702,0.12413670230769222,0.11190412382352932,1.127000000000001e-05,1.1088461538461537e-05,1.1044117647058827e-05
125,1.14e-05,1540260000,1.145e-05,1.122e-05,1.145e-05,36666.03883742,0.41777955,1.139e-05,0.37889956333333363,0.15390571384615373,0.12364431617647051,1.1353333333333344e-05,1.1106153846153846e-05,1.1062058823529417e-05
126,1.184e-05,1540267200,1.199e-05,1.142e-05,1.142e-05,12346.96070294,0.14409185,1.167e-05,0.42365884333333365,0.1637581199999999,0.12749683147058813,1.1556666666666677e-05,1.1161538461538462e-05,1.1095588235294121e-05
127,1.119e-05,1540274400,1.184e-05,1.106e-05,1.171e-05,53411.88078534,0.61645809,1.154e-05,0.392776496666667,0.19535954153846144,0.11373175029411756,1.1476666666666678e-05,1.117076923076923e-05,1.1105882352941181e-05
128,1.112e-05,1540281600,1.136e-05,1.085e-05,1.125e-05,40589.83542408,0.44672902,1.1e-05,0.4024263200000003,0.20451845307692296,0.12271715529411757,1.1383333333333345e-05,1.1191538461538461e-05,1.1114411764705887e-05
129,1.116e-05,1540288800,1.118e-05,1.087e-05,1.098e-05,32141.82379016,0.35055156,1.09e-05,0.47124622333333366,0.2148698669230768,0.13256225558823523,1.115666666666668e-05,1.1206923076923076e-05,1.111882352941177e-05
130,1.142e-05,1540296000,1.155e-05,1.112e-05,1.112e-05,31086.18889159,0.35223767,1.133e-05,0.3831727500000004,0.2394330676923076,0.14288909705882347,1.1233333333333347e-05,1.1235384615384615e-05,1.1130294117647063e-05
131,1.164e-05,1540303200,1.172e-05,1.121e-05,1.121e-05,121831.68457259,1.41063822,1.157e-05,0.7044758166666671,0.3477254607692307,0.1823531835294117,1.1406666666666679e-05,1.1293076923076922e-05,1.1149411764705887e-05
132,1.152e-05,1540310400,1.155e-05,1.123e-05,1.15e-05,79676.4276862,0.90757174,1.139e-05,0.8901492100000005,0.4169322138461538,0.20543298117647055,1.1526666666666678e-05,1.1334615384615384e-05,1.1171764705882357e-05
133,1.139e-05,1540317600,1.145e-05,1.134e-05,1.144e-05,27884.76063123,0.31648618,1.134e-05,0.8782320466666671,0.438859623076923,0.21474139823529406,1.1516666666666676e-05,1.136153846153846e-05,1.1190294117647063e-05
134,1.13e-05,1540324800,1.145e-05,1.123e-05,1.145e-05,1706.70044444,0.01928951,1.13e-05,0.41444914333333377,0.4388820361538461,0.2100273802941176,1.1403333333333342e-05,1.1368461538461538e-05,1.1201764705882359e-05
135,1.144e-05,1540332000,1.145e-05,1.133e-05,1.133e-05,32637.607079,0.37063983,1.135e-05,0.23547184000000046,0.4670301815384615,0.21893792176470583,1.1376666666666676e-05,1.1390769230769232e-05,1.1213529411764711e-05
136,1.13e-05,1540339200,1.134e-05,1.119e-05,1.134e-05,413.64575164,0.00466912,1.128e-05,0.13153282000000047,0.4666344207692307,0.21788759823529408,1.1346666666666678e-05,1.1396153846153847e-05,1.1223235294117653e-05
137,1.141e-05,1540346400,1.141e-05,1.14e-05,1.14e-05,702.22425004,0.00801183,1.14e-05,0.1277735933333338,0.4127041669230768,0.2180313008823529,1.1383333333333343e-05,1.1394615384615385e-05,1.1236764705882358e-05
138,1.132e-05,1540353600,1.14e-05,1.132e-05,1.14e-05,1164.12195677,0.01320925,1.134e-05,0.008630066666667121,0.38158337461538455,0.21380200705882346,1.1343333333333344e-05,1.1388461538461538e-05,1.1242058823529416e-05
139,1.129e-05,1540360800,1.129e-05,1.126e-05,1.126e-05,273.39236738,0.00308041,1.126e-05,0.008100496666667121,0.3707363407692307,0.21378567176470584,1.134000000000001e-05,1.1346153846153847e-05,1.1247941176470593e-05
140,1.126e-05,1540368000,1.132e-05,1.121e-05,1.132e-05,2605.69458634,0.02924137,1.122e-05,0.015177010000000454,0.3255658238461538,0.2146352770588235,1.1290000000000009e-05,1.1351538461538462e-05,1.1252647058823534e-05
141,1.125e-05,1540375200,1.125e-05,1.122e-05,1.125e-05,2096.6438236,0.02357964,1.124e-05,0.01863380666666712,0.29301587153846154,0.2121465808823529,1.1266666666666677e-05,1.1361538461538463e-05,1.1252941176470594e-05
142,1.126e-05,1540382400,1.126e-05,1.12e-05,1.124e-05,3165.34009606,0.0355239,1.122e-05,0.029448303333333786,0.2687829746153846,0.2121784676470588,1.1256666666666677e-05,1.136923076923077e-05,1.1250882352941184e-05
143,1.126e-05,1540389600,1.126e-05,1.126e-05,1.126e-05,8.88987567,0.0001001,1.126e-05,0.01973454666666712,0.2416954692307692,0.2109810814705882,1.1256666666666679e-05,1.1356923076923078e-05,1.1247058823529419e-05
144,1.115e-05,1540396800,1.125e-05,1.114e-05,1.122e-05,1584.35510979,0.01769828,1.117e-05,0.017774093333333785,0.13454624307692303,0.21113249999999997,1.1223333333333345e-05,1.131923076923077e-05,1.1244705882352949e-05
145,1.129e-05,1540404000,1.137e-05,1.114e-05,1.124e-05,8885.81509753,0.10046832,1.13e-05,0.039422233333333785,0.07246136461538458,0.211818605,1.1233333333333345e-05,1.1301538461538464e-05,1.1245882352941185e-05
146,1.12e-05,1540411200,1.12e-05,1.12e-05,1.12e-05,26.78571428,0.00029999,1.12e-05,0.03948886333333378,0.04813934999999998,0.21092206352941179,1.1213333333333345e-05,1.1286923076923078e-05,1.124676470588236e-05
147,1.12e-05,1540418400,1.136e-05,1.12e-05,1.127e-05,586.42181369,0.00661692,1.128e-05,0.035795076666667126,0.04716453538461536,0.21064577970588236,1.1230000000000013e-05,1.1279230769230771e-05,1.1249117647058831e-05
148,1.138e-05,1540425600,1.138e-05,1.133e-05,1.133e-05,1201.30190667,0.01363823,1.135e-05,0.006851713333333791,0.01970287384615382,0.20499868029411764,1.1260000000000012e-05,1.1274615384615384e-05,1.1258235294117655e-05
149,1.123e-05,1540432800,1.133e-05,1.122e-05,1.132e-05,3182.54760755,0.03575448,1.123e-05,0.018669876666667123,0.022094055384615355,0.19641313058823529,1.1270000000000012e-05,1.1269230769230768e-05,1.126941176470589e-05
150,1.123e-05,1540440000,1.123e-05,1.122e-05,1.122e-05,1585.68166482,0.01780318,1.122e-05,0.022398630000000457,0.02284723615384612,0.19058430705882348,1.1280000000000012e-05,1.1255384615384614e-05,1.1277352941176477e-05
151,1.123e-05,1540447200,1.123e-05,1.123e-05,1.123e-05,0.0,0.0,1.123e-05,0.017852553333333788,0.021831139999999968,0.1896161876470588,1.1230000000000013e-05,1.1248461538461536e-05,1.1282647058823534e-05
152,1.122e-05,1540454400,1.123e-05,1.117e-05,1.123e-05,1347.31539609,0.01507609,1.118e-05,0.010959756666667124,0.022753884615384582,0.1899761576470588,1.1226666666666679e-05,1.124307692307692e-05,1.1292352941176474e-05
153,1.122e-05,1540461600,1.122e-05,1.122e-05,1.122e-05,0.0,0.0,1.122e-05,0.00502536333333379,0.02050454846153843,0.18974427676470584,1.1223333333333345e-05,1.1239999999999996e-05,1.1299411764705886e-05
154,1.131e-05,1540468800,1.135e-05,1.12e-05,1.123e-05,7225.20838895,0.08157763,1.129e-05,0.03221790666666712,0.024965932307692278,0.19121921117647056,1.1250000000000011e-05,1.124461538461538e-05,1.1307352941176475e-05
155,1.125e-05,1540476000,1.131e-05,1.125e-05,1.131e-05,669.79632891,0.00756037,1.128e-05,0.029712666666667123,0.022814891538461505,0.19088280617647055,1.1260000000000012e-05,1.1243846153846148e-05,1.130852941176471e-05
156,1.125e-05,1540483200,1.125e-05,1.125e-05,1.125e-05,5.37345888,6.045e-05,1.125e-05,0.029732816666667123,0.022811841538461504,0.1907459388235294,1.1270000000000014e-05,1.124307692307692e-05,1.1311470588235296e-05
157,1.133e-05,1540490400,1.148e-05,1.122e-05,1.131e-05,3402.09614861,0.03893837,1.144e-05,0.015519730000000459,0.02444569461538458,0.19160253764705878,1.1276666666666682e-05,1.1256923076923072e-05,1.1314411764705885e-05
158,1.138e-05,1540497600,1.138e-05,1.133e-05,1.133e-05,756.6875,0.00857986,1.133e-05,0.015859560000000456,0.017377351538461504,0.1709988532352941,1.1320000000000015e-05,1.1263846153846147e-05,1.1312941176470592e-05
159,1.145e-05,1540504800,1.145e-05,1.128e-05,1.128e-05,2536.40684099,0.02901633,1.143e-05,0.025511520000000457,0.019586300769230736,0.15956464088235292,1.1386666666666682e-05,1.1283076923076917e-05,1.1314411764705885e-05
160,1.135e-05,1540512000,1.135e-05,1.135e-05,1.135e-05,756.45584342,0.00858577,1.135e-05,0.015393986666667128,0.019737750769230733,0.15557916794117646,1.1393333333333347e-05,1.1294615384615379e-05,1.1300000000000002e-05
161,1.128e-05,1540519200,1.143e-05,1.127e-05,1.143e-05,1508.89453144,0.0170245,1.128e-05,0.018208866666667125,0.01999823307692304,0.1379487682352941,1.1360000000000013e-05,1.1286923076923073e-05,1.1302647058823532e-05
162,1.12e-05,1540526400,1.127e-05,1.12e-05,1.127e-05,1828.37150268,0.0205485,1.123e-05,0.015386256666667127,0.018828542307692275,0.1254140470588235,1.127666666666668e-05,1.1284615384615379e-05,1.1305000000000003e-05
163,1.12e-05,1540533600,1.12e-05,1.12e-05,1.12e-05,0.0,0.0,1.12e-05,0.012524333333333795,0.01745906692307689,0.11510370705882352,1.122666666666668e-05,1.1282307692307688e-05,1.1306176470588237e-05
164,1.124e-05,1540540800,1.124e-05,1.124e-05,1.124e-05,25.0,0.000281,1.124e-05,0.006943166666667128,0.017480682307692275,0.10475204029411764,1.1213333333333349e-05,1.1283076923076919e-05,1.1300882352941178e-05
165,1.124e-05,1540548000,1.124e-05,1.124e-05,1.124e-05,0.0,0.0,1.124e-05,9.36666666671281e-05,0.01632098307692304,0.06326268088235293,1.122666666666668e-05,1.1284615384615382e-05,1.1289117647058824e-05
166,1.124e-05,1540555200,1.124e-05,1.124e-05,1.124e-05,0.0,0.0,1.124e-05,9.36666666671281e-05,0.01632098307692304,0.0365693944117647,1.1240000000000014e-05,1.1286153846153844e-05,1.1280882352941177e-05
167,1.173e-05,1540562400,1.173e-05,1.125e-05,1.125e-05,4382.02548984,0.05075203,1.158e-05,0.016917343333333792,0.013949783076923043,0.028753684117647043,1.1403333333333347e-05,1.1318461538461537e-05,1.1290882352941177e-05
168,1.113e-05,1540569600,1.175e-05,1.113e-05,1.172e-05,18030.59640363,0.20862722,1.157e-05,0.08645975000000046,0.029416463846153814,0.03432244029411763,1.136666666666668e-05,1.1309230769230768e-05,1.1285882352941176e-05
169,1.144e-05,1540576800,1.144e-05,1.116e-05,1.123e-05,4217.08903786,0.04735183,1.122e-05,0.10224369333333379,0.033054262307692275,0.024813969705882337,1.1433333333333345e-05,1.1323846153846153e-05,1.1285882352941176e-05
170,1.136e-05,1540584000,1.149e-05,1.135e-05,1.149e-05,724.03821742,0.0082388,1.137e-05,0.08807261666666712,0.030692756923076887,0.024918960294117633,1.1310000000000012e-05,1.1326153846153847e-05,1.128764705882353e-05
171,1.149e-05,1540591200,1.149e-05,1.147e-05,1.147e-05,590.92545428,0.00678552,1.148e-05,0.02079205000000045,0.030554730769230733,0.02488289235294116,1.1430000000000013e-05,1.1334615384615385e-05,1.129e-05
172,1.149e-05,1540598400,1.149e-05,1.149e-05,1.149e-05,12.47725196,0.00014336,1.149e-05,0.005055893333333783,0.028333733076923044,0.02449860147058822,1.144666666666668e-05,1.1337692307692307e-05,1.1295000000000001e-05
173,1.149e-05,1540605600,1.149e-05,1.149e-05,1.149e-05,0.0,0.0,1.149e-05,0.0023096266666671164,0.027673289230769196,0.024408001176470573,1.1490000000000014e-05,1.1348461538461536e-05,1.1300882352941178e-05
174,1.169e-05,1540612800,1.169e-05,1.156e-05,1.156e-05,521.36610811,0.00603386,1.157e-05,0.0020590733333337836,0.02682785538461535,0.02372542735294116,1.1556666666666679e-05,1.1379999999999996e-05,1.1313529411764707e-05
175,1.164e-05,1540620000,1.17e-05,1.156e-05,1.156e-05,8522.9931966,0.09929362,1.165e-05,0.03510916000000045,0.03288517230769227,0.025952309117647038,1.1606666666666679e-05,1.1413846153846149e-05,1.1325000000000003e-05
176,1.176e-05,1540627200,1.176e-05,1.166e-05,1.166e-05,393.39557155,0.00462383,1.175e-05,0.03665043666666711,0.033240851538461506,0.025043483529411742,1.1696666666666678e-05,1.1456923076923072e-05,1.1339705882352942e-05
177,1.179e-05,1540634400,1.184e-05,1.169e-05,1.173e-05,5019.92660334,0.05918121,1.178e-05,0.054366220000000444,0.03777163692307689,0.026781163235294093,1.1730000000000011e-05,1.1499230769230764e-05,1.1355294117647059e-05
178,1.185e-05,1540641600,1.185e-05,1.179e-05,1.183e-05,436.51240122,0.00516644,1.183e-05,0.022990493333333778,0.038169055384615354,0.02641257970588233,1.180000000000001e-05,1.1546153846153838e-05,1.1375882352941177e-05
179,1.157e-05,1540648800,1.186e-05,1.155e-05,1.184e-05,5360.29196473,0.06314334,1.177e-05,0.04249699666666712,0.043026235384615356,0.025314786176470566,1.1736666666666679e-05,1.1571538461538454e-05,1.1384117647058824e-05
180,1.171e-05,1540656000,1.195e-05,1.156e-05,1.156e-05,7475.80835962,0.08727568,1.167e-05,0.05186182000000045,0.045835746923076896,0.027872894705882327,1.1710000000000013e-05,1.1569999999999993e-05,1.1399117647058823e-05
181,1.176e-05,1540663200,1.184e-05,1.173e-05,1.184e-05,2260.06905935,0.02652233,1.173e-05,0.058980450000000455,0.03182767846153844,0.028458347941176444,1.168000000000001e-05,1.1618461538461532e-05,1.1415588235294118e-05
182,1.198e-05,1540670400,1.248e-05,1.166e-05,1.182e-05,24346.96641959,0.29410385,1.207e-05,0.13596728666666713,0.050808603076923045,0.03670733676470586,1.1816666666666678e-05,1.1659999999999992e-05,1.1433235294117646e-05
183,1.196e-05,1540677600,1.209e-05,1.178e-05,1.209e-05,8742.53008946,0.1040739,1.19e-05,0.14156669333333383,0.05818053384615381,0.03871673147058821,1.1900000000000011e-05,1.1706153846153837e-05,1.145470588235294e-05
184,1.193e-05,1540684800,1.202e-05,1.193e-05,1.196e-05,698.30362287,0.00835239,1.196e-05,0.13551004666666716,0.058301062307692275,0.0384387670588235,1.1956666666666679e-05,1.1739999999999993e-05,1.1475294117647058e-05
185,1.211e-05,1540692000,1.219e-05,1.192e-05,1.192e-05,13281.44479677,0.16138797,1.215e-05,0.09127142000000049,0.07070449384615382,0.043185472058823504,1.2000000000000012e-05,1.1787692307692301e-05,1.1501176470588234e-05
186,1.219e-05,1540699200,1.253e-05,1.219e-05,1.22e-05,8777.78480435,0.1086356,1.237e-05,0.09279198666666716,0.07906107846153843,0.04593722235294115,1.207666666666668e-05,1.1841538461538455e-05,1.152970588235294e-05
187,1.238e-05,1540706400,1.238e-05,1.221e-05,1.23e-05,10311.30571092,0.12651342,1.226e-05,0.13217899666666716,0.08832873692307688,0.04965820529411762,1.2226666666666678e-05,1.1894615384615378e-05,1.1563823529411764e-05
188,1.205e-05,1540713600,1.24e-05,1.205e-05,1.24e-05,29308.19764558,0.36180049,1.234e-05,0.19898317000000051,0.10852157307692303,0.05790005411764703,1.220666666666668e-05,1.192615384615384e-05,1.1585588235294116e-05
189,1.207e-05,1540720800,1.213e-05,1.207e-05,1.208e-05,4158.55178866,0.05030102,1.209e-05,0.17953831000000053,0.11203520307692302,0.059157132058823496,1.2166666666666678e-05,1.1949999999999994e-05,1.160970588235294e-05
190,1.223e-05,1540728000,1.227e-05,1.208e-05,1.227e-05,18965.08660192,0.23187639,1.222e-05,0.21465930000000055,0.12531944769230766,0.06597524794117644,1.2116666666666677e-05,1.198384615384615e-05,1.1638529411764706e-05
191,1.205e-05,1540735200,1.211e-05,1.205e-05,1.21e-05,9257.48837607,0.11164709,1.206e-05,0.13127483333333387,0.13351026692307688,0.06811373970588232,1.2116666666666677e-05,1.1999230769230766e-05,1.1659705882352942e-05
192,1.18e-05,1540742400,1.206e-05,1.18e-05,1.206e-05,6260.16745778,0.07527896,1.202e-05,0.13960081333333388,0.1344437761538461,0.07007547794117643,1.2026666666666678e-05,1.2016923076923071e-05,1.1672058823529412e-05
193,1.188e-05,1540749600,1.2e-05,1.185e-05,1.19e-05,4729.30787149,0.05631104,1.19e-05,0.08107903000000055,0.1320618807692307,0.07087826352941173,1.1910000000000013e-05,1.2029999999999995e-05,1.1684705882352941e-05
194,1.199e-05,1540756800,1.208e-05,1.194e-05,1.204e-05,3771.02559709,0.04541599,1.204e-05,0.05900199666666722,0.13351523923076916,0.07196150529411761,1.1890000000000012e-05,1.2047692307692302e-05,1.1703529411764708e-05
195,1.199e-05,1540764000,1.2e-05,1.197e-05,1.197e-05,25.962218,0.0003112,1.198e-05,0.03401274333333389,0.11091580461538456,0.07146993764705878,1.1953333333333345e-05,1.2048461538461531e-05,1.1724411764705884e-05
196,1.185e-05,1540771200,1.198e-05,1.185e-05,1.198e-05,17146.54555681,0.20434505,1.191e-05,0.08335741333333391,0.11862896999999993,0.07687571852941173,1.1943333333333343e-05,1.2039999999999991e-05,1.1743529411764708e-05
197,1.189e-05,1540778400,1.19e-05,1.178e-05,1.188e-05,1554.31663312,0.01834207,1.18e-05,0.07433277333333389,0.11939740692307686,0.07741519117647055,1.1910000000000008e-05,1.2036923076923068e-05,1.1763823529411767e-05
198,1.194e-05,1540785600,1.195e-05,1.19e-05,1.195e-05,58.93783895,0.00070378,1.194e-05,0.07446363333333389,0.10703708461538455,0.0774276258823529,1.1893333333333342e-05,1.2023846153846146e-05,1.1784411764705885e-05
199,1.203e-05,1540792800,1.203e-05,1.192e-05,1.194e-05,1102.19367176,0.01316538,1.194e-05,0.010737076666667225,0.09969322153846148,0.07781484294117642,1.1953333333333341e-05,1.2011538461538454e-05,1.1807647058823533e-05
200,1.217e-05,1540800000,1.217e-05,1.205e-05,1.207e-05,268.9554185,0.00325049,1.208e-05,0.005706550000000559,0.09021145769230765,0.07791044558823525,1.2046666666666676e-05,1.199538461538461e-05,1.1835000000000004e-05
201,1.166e-05,1540807200,1.213e-05,1.152e-05,1.203e-05,20890.67989944,0.24514812,1.173e-05,0.08718799666666723,0.08123819846153843,0.08362797764705879,1.1953333333333345e-05,1.196538461538461e-05,1.1832941176470592e-05
202,1.148e-05,1540814400,1.191e-05,1.128e-05,1.186e-05,19222.48480189,0.22422403,1.166e-05,0.15754088000000055,0.0946168915384615,0.08408670735294113,1.1770000000000011e-05,1.1919999999999993e-05,1.1843235294117652e-05
203,1.152e-05,1540821600,1.152e-05,1.152e-05,1.152e-05,2000.0,0.02304,1.152e-05,0.16413738333333389,0.0785525538461538,0.08337165352941171,1.1553333333333344e-05,1.1865384615384608e-05,1.1845588235294122e-05
204,1.154e-05,1540828800,1.167e-05,1.154e-05,1.163e-05,882.43648088,0.01021871,1.158e-05,0.08582758000000057,0.07075037076923073,0.08342988617647054,1.1513333333333344e-05,1.1826153846153837e-05,1.185088235294118e-05
205,1.149e-05,1540836000,1.158e-05,1.145e-05,1.158e-05,3387.02232684,0.03903104,1.152e-05,0.02409658333333391,0.06796206923076918,0.08437828382352935,1.1516666666666678e-05,1.1802307692307685e-05,1.185088235294118e-05
206,1.151e-05,1540843200,1.157e-05,1.136e-05,1.157e-05,2875.17529609,0.03289554,1.144e-05,0.02738176333333391,0.06616087692307689,0.08534158323529406,1.1513333333333344e-05,1.1773846153846145e-05,1.1851470588235298e-05
207,1.145e-05,1540850400,1.155e-05,1.135e-05,1.155e-05,616.6733059,0.00707931,1.147e-05,0.026335296666667243,0.0632119015384615,0.08554979823529407,1.1483333333333344e-05,1.1732307692307685e-05,1.1850294117647062e-05
208,1.145e-05,1540857600,1.145e-05,1.145e-05,1.145e-05,0.0,0.0,1.145e-05,0.013324950000000576,0.06318796307692304,0.08537233176470582,1.147000000000001e-05,1.1690769230769224e-05,1.1843235294117649e-05
209,1.144e-05,1540864800,1.144e-05,1.136e-05,1.141e-05,635.5850692,0.00724869,1.14e-05,0.004776000000000576,0.04802670461538457,0.08266512794117642,1.1446666666666675e-05,1.1659230769230764e-05,1.1837352941176472e-05
210,1.144e-05,1540872000,1.144e-05,1.144e-05,1.144e-05,0.0,0.0,1.144e-05,0.002416230000000576,0.046615776153846114,0.08252913294117642,1.1443333333333341e-05,1.162461538461538e-05,1.182794117647059e-05
211,1.144e-05,1540879200,1.144e-05,1.144e-05,1.144e-05,0.0,0.0,1.144e-05,0.002416230000000576,0.04656163923076918,0.080788509117647,1.1440000000000007e-05,1.1586153846153843e-05,1.181764705882353e-05
212,1.145e-05,1540886400,1.147e-05,1.144e-05,1.147e-05,735.17311942,0.00841187,1.144e-05,0.0028039566666672425,0.04619598461538457,0.08088396294117642,1.1443333333333341e-05,1.154153846153846e-05,1.1805882352941176e-05
213,1.13e-05,1540893600,1.144e-05,1.13e-05,1.144e-05,1753.37085737,0.01990141,1.135e-05,0.009437760000000578,0.04747682461538457,0.07961214147058819,1.1396666666666674e-05,1.147461538461538e-05,1.1797941176470588e-05
214,1.159e-05,1540900800,1.175e-05,1.136e-05,1.136e-05,11287.48612066,0.13206976,1.17e-05,0.05346101333333392,0.038778489230769195,0.08092961441176466,1.1446666666666675e-05,1.1469230769230764e-05,1.1794411764705882e-05
215,1.159e-05,1540908000,1.159e-05,1.159e-05,1.159e-05,0.0,0.0,1.159e-05,0.050657056666667255,0.021530486923076884,0.08014954588235289,1.1493333333333342e-05,1.1477692307692302e-05,1.1789411764705883e-05
216,1.162e-05,1540915200,1.174e-05,1.155e-05,1.165e-05,5135.28222319,0.05974322,1.163e-05,0.06393766000000058,0.024353811538461497,0.07325658617647055,1.1600000000000011e-05,1.1485384615384611e-05,1.1778823529411766e-05
217,1.176e-05,1540922400,1.176e-05,1.16e-05,1.171e-05,6986.57999511,0.08204155,1.174e-05,0.04726159000000058,0.029878645384615342,0.0726085758823529,1.1656666666666675e-05,1.150230769230769e-05,1.177294117647059e-05
218,1.18e-05,1540929600,1.181e-05,1.175e-05,1.176e-05,5106.8903973,0.06006347,1.176e-05,0.06728274666666725,0.031496524615384575,0.07412948999999994,1.1726666666666676e-05,1.1526153846153842e-05,1.1769117647058825e-05
219,1.178e-05,1540936800,1.178e-05,1.165e-05,1.175e-05,5464.02377513,0.06370556,1.165e-05,0.06860352666666725,0.03386652615384611,0.07125647794117641,1.1780000000000007e-05,1.1546923076923071e-05,1.1759411764705885e-05
220,1.174e-05,1540944000,1.186e-05,1.174e-05,1.186e-05,98.96422488,0.00117096,1.183e-05,0.04164666333333391,0.03341203769230765,0.06809575323529406,1.177333333333334e-05,1.1569230769230763e-05,1.1746176470588238e-05
221,1.174e-05,1540951200,1.174e-05,1.174e-05,1.174e-05,0.0,0.0,1.174e-05,0.02162550666666725,0.03341203769230765,0.0643747702941176,1.175333333333334e-05,1.1591538461538454e-05,1.1727352941176473e-05
222,1.174e-05,1540958400,1.174e-05,1.174e-05,1.174e-05,0.0,0.0,1.174e-05,0.0003903200000005824,0.03285444615384611,0.053733579411764654,1.1740000000000006e-05,1.1614615384615376e-05,1.1718235294117649e-05
223,1.174e-05,1540965600,1.174e-05,1.174e-05,1.174e-05,0.0,0.0,1.174e-05,5.82433407059213e-16,0.03285444615384611,0.052254137647058774,1.1740000000000006e-05,1.1637692307692298e-05,1.1708529411764709e-05
224,1.146e-05,1540972800,1.174e-05,1.146e-05,1.174e-05,1227.99643782,0.01419616,1.156e-05,0.004732053333333915,0.03394645846153842,0.04585177794117642,1.1646666666666673e-05,1.1639230769230758e-05,1.1685882352941179e-05
225,1.161e-05,1540980000,1.165e-05,1.154e-05,1.165e-05,82.19502576,0.00095295,1.159e-05,0.005049703333333915,0.03337269538461534,0.04259606794117642,1.160333333333334e-05,1.165153846153845e-05,1.167294117647059e-05
226,1.164e-05,1540987200,1.164e-05,1.164e-05,1.164e-05,2500.0,0.0291,1.164e-05,0.014749703333333914,0.034080279230769187,0.04123786323529406,1.1570000000000006e-05,1.1677692307692295e-05,1.1668235294117648e-05
227,1.169e-05,1540994400,1.169e-05,1.169e-05,1.169e-05,532.41820713,0.00622396,1.169e-05,0.012092303333333915,0.024399833076923037,0.03976471382352936,1.1646666666666671e-05,1.1685384615384603e-05,1.1662647058823532e-05
228,1.186e-05,1541001600,1.186e-05,1.176e-05,1.176e-05,2307.11507444,0.02735253,1.185e-05,0.020892163333333918,0.026503873846153804,0.03923343558823524,1.1730000000000005e-05,1.1706153846153835e-05,1.1658823529411766e-05
229,1.193e-05,1541008800,1.193e-05,1.188e-05,1.188e-05,6027.26592514,0.07190363,1.192e-05,0.03516004000000058,0.027439289999999956,0.04133909529411759,1.1826666666666668e-05,1.172999999999999e-05,1.1657058823529412e-05
230,1.19e-05,1541016000,1.19e-05,1.19e-05,1.19e-05,25.0,0.0002975,1.19e-05,0.033184553333333915,0.02115128615384611,0.03533769676470583,1.1896666666666669e-05,1.1740769230769218e-05,1.1658529411764708e-05
231,1.181e-05,1541023200,1.191e-05,1.181e-05,1.191e-05,29.96999996,0.00035544,1.186e-05,0.024185523333333916,0.016558360769230725,0.034808678235294065,1.1880000000000001e-05,1.1741538461538451e-05,1.1656176470588235e-05
232,1.181e-05,1541030400,1.181e-05,1.181e-05,1.181e-05,0.0,0.0,1.181e-05,0.00021764666666725108,0.011657933076923033,0.03478797882352936,1.184e-05,1.1743846153846144e-05,1.1652352941176472e-05
233,1.201e-05,1541037600,1.213e-05,1.191e-05,1.191e-05,57482.59912582,0.69204189,1.203e-05,0.2307991100000006,0.06480185076923073,0.05475493499999995,1.1876666666666668e-05,1.1764615384615374e-05,1.1651764705882354e-05
234,1.218e-05,1541044800,1.218e-05,1.204e-05,1.204e-05,2915.9354192,0.03549799,1.217e-05,0.24251329333333393,0.06753246538461534,0.05570339088235289,1.2000000000000002e-05,1.179846153846153e-05,1.1652058823529413e-05
235,1.19e-05,1541052000,1.206e-05,1.189e-05,1.206e-05,2028.89642041,0.02415687,1.19e-05,0.25056558333333395,0.06939068615384611,0.049203648235294065,1.203e-05,1.1810769230769223e-05,1.1659117647058826e-05
236,1.194e-05,1541059200,1.21e-05,1.194e-05,1.201e-05,6779.45989876,0.0814571,1.201e-05,0.04703732000000057,0.07565661692307687,0.04500462088235289,1.2006666666666666e-05,1.1826153846153837e-05,1.1672647058823532e-05
237,1.194e-05,1541066400,1.194e-05,1.194e-05,1.194e-05,0.0,0.0,1.194e-05,0.03520465666666723,0.07456460461538457,0.04432697382352936,1.1926666666666664e-05,1.1863076923076915e-05,1.1685000000000002e-05
238,1.211e-05,1541073600,1.211e-05,1.195e-05,1.202e-05,8157.3656406,0.0976108,1.196e-05,0.05968930000000056,0.0819998238461538,0.04689732941176466,1.1996666666666665e-05,1.1901538461538451e-05,1.1701764705882356e-05
239,1.211e-05,1541080800,1.211e-05,1.201e-05,1.207e-05,609.17320522,0.00737096,1.209e-05,0.03499392000000057,0.08032835923076918,0.04596615058823524,1.205333333333333e-05,1.1937692307692298e-05,1.1720000000000003e-05
240,1.213e-05,1541088000,1.213e-05,1.206e-05,1.209e-05,15474.83855436,0.18682205,1.207e-05,0.09726793666666722,0.09422051999999995,0.05049340088235289,1.2116666666666665e-05,1.1971538461538454e-05,1.173823529411765e-05
241,1.22e-05,1541095200,1.221e-05,1.22e-05,1.22e-05,238.32459012,0.00290905,1.22e-05,0.06570068666666723,0.09234025230769226,0.05037074617647054,1.2146666666666665e-05,1.1997692307692297e-05,1.1760294117647062e-05
242,1.23e-05,1541102400,1.23e-05,1.217e-05,1.218e-05,1364.84806747,0.01674271,1.226e-05,0.06882460333333389,0.08809710461538457,0.050863178823529365,1.221e-05,1.2026153846153837e-05,1.1785294117647063e-05
243,1.232e-05,1541109600,1.26e-05,1.228e-05,1.228e-05,44259.65813905,0.55223242,1.247e-05,0.19062806000000054,0.13055363692307687,0.06689211205882348,1.2273333333333332e-05,1.205846153846153e-05,1.181117647058824e-05
244,1.23e-05,1541116800,1.247e-05,1.23e-05,1.232e-05,11665.21177158,0.14401399,1.234e-05,0.23766304000000057,0.14160429461538454,0.07112781764705878,1.2306666666666667e-05,1.2096153846153836e-05,1.1836470588235299e-05
245,1.237e-05,1541124000,1.237e-05,1.23e-05,1.23e-05,22.02244479,0.00027218,1.235e-05,0.23217286333333387,0.14162523153846146,0.07113582294117642,1.2329999999999999e-05,1.2139230769230758e-05,1.186382352941177e-05
246,1.246e-05,1541131200,1.246e-05,1.246e-05,1.246e-05,1008.41790826,0.01256488,1.246e-05,0.052283683333333886,0.08935776923076916,0.07125797029411758,1.2376666666666664e-05,1.2173846153846143e-05,1.1893529411764711e-05
247,1.229e-05,1541138400,1.26e-05,1.229e-05,1.247e-05,6071.05390465,0.07556113,1.244e-05,0.029466063333333885,0.09243954923076916,0.07289502088235288,1.237333333333333e-05,1.2182307692307681e-05,1.1922647058823535e-05
248,1.229e-05,1541145600,1.229e-05,1.229e-05,1.229e-05,0.0,0.0,1.229e-05,0.02937533666666722,0.09058132846153838,0.06901061617647053,1.2346666666666663e-05,1.2212307692307682e-05,1.1943235294117651e-05
249,1.227e-05,1541152800,1.247e-05,1.227e-05,1.233e-05,8543.17359677,0.10645644,1.246e-05,0.06067252333333389,0.09250435461538455,0.07214168794117641,1.228333333333333e-05,1.2237692307692297e-05,1.196323529411765e-05
250,1.258e-05,1541160000,1.269e-05,1.249e-05,1.249e-05,22189.07703715,0.28072445,1.265e-05,0.1290602966666672,0.114098543076923,0.07864113588235289,1.2379999999999995e-05,1.2286923076923065e-05,1.1991470588235296e-05
251,1.273e-05,1541167200,1.275e-05,1.254e-05,1.261e-05,7231.12942513,0.09150198,1.265e-05,0.15956095666666723,0.11362863384615378,0.07891938382352935,1.2526666666666663e-05,1.2334615384615374e-05,1.2020000000000004e-05
252,1.266e-05,1541174400,1.273e-05,1.252e-05,1.273e-05,32349.19095318,0.40801929,1.261e-05,0.2600819066666672,0.14444773615384607,0.08915337852941171,1.2656666666666664e-05,1.2376923076923066e-05,1.2045294117647062e-05
253,1.262e-05,1541181600,1.282e-05,1.247e-05,1.274e-05,51794.03131208,0.6586097,1.271e-05,0.3860436566666672,0.18073909384615378,0.10665055911764701,1.2669999999999997e-05,1.2414615384615373e-05,1.2070000000000003e-05
254,1.267e-05,1541188800,1.28e-05,1.263e-05,1.271e-05,296.58458551,0.00375025,1.264e-05,0.3567930800000005,0.18080380153846146,0.10672642058823524,1.2649999999999996e-05,1.245076923076922e-05,1.2097352941176474e-05
255,1.262e-05,1541196000,1.271e-05,1.253e-05,1.254e-05,4284.23943225,0.05400101,1.26e-05,0.23878698666666712,0.18366982461538453,0.10831468558823523,1.263666666666666e-05,1.2475384615384605e-05,1.2123235294117651e-05
256,1.238e-05,1541203200,1.254e-05,1.236e-05,1.254e-05,12878.16389924,0.15943607,1.238e-05,0.07239577666666715,0.1534547207692307,0.11300398176470583,1.2556666666666661e-05,1.247999999999999e-05,1.2142058823529416e-05
257,1.238e-05,1541210400,1.238e-05,1.238e-05,1.238e-05,593.31791315,0.00734527,1.238e-05,0.07359411666666714,0.14294174230769222,0.11322001911764701,1.2459999999999994e-05,1.2486153846153838e-05,1.216088235294118e-05
258,1.247e-05,1541217600,1.247e-05,1.247e-05,1.247e-05,398.28548516,0.00496661,1.247e-05,0.05724931666666714,0.1433028523076922,0.11294856176470582,1.2409999999999996e-05,1.2493846153846147e-05,1.2190588235294123e-05
259,1.248e-05,1541224800,1.248e-05,1.235e-05,1.246e-05,1561.50944,0.01945978,1.246e-05,0.010590553333333808,0.14383322923076916,0.1134928802941176,1.244333333333333e-05,1.2495384615384607e-05,1.221617647058824e-05
260,1.229e-05,1541232000,1.24e-05,1.229e-05,1.24e-05,998.00000002,0.01230952,1.233e-05,0.012245303333333806,0.1389677207692307,0.11299904264705876,1.241333333333333e-05,1.2495384615384607e-05,1.2235294117647062e-05
261,1.229e-05,1541239200,1.229e-05,1.229e-05,1.229e-05,0.0,0.0,1.229e-05,0.010589766666667139,0.1389677207692307,0.11281598499999995,1.2353333333333329e-05,1.2495384615384607e-05,1.2252941176470591e-05
262,1.23e-05,1541246400,1.231e-05,1.23e-05,1.231e-05,1590.43824701,0.01956257,1.23e-05,0.010624030000000473,0.13228357692307682,0.11258686852941172,1.2293333333333328e-05,1.24976923076923e-05,1.2265882352941178e-05
263,1.228e-05,1541253600,1.233e-05,1.228e-05,1.229e-05,3647.51429958,0.04494303,1.232e-05,0.021501866666667143,0.11414654461538451,0.11179390970588232,1.2289999999999994e-05,1.2474615384615378e-05,1.2276176470588238e-05
264,1.23e-05,1541260800,1.23e-05,1.225e-05,1.225e-05,194.60122554,0.00239256,1.229e-05,0.022299386666667143,0.10729197384615374,0.11185552911764703,1.2293333333333328e-05,1.2441538461538456e-05,1.2287941176470589e-05
265,1.21e-05,1541268000,1.23e-05,1.209e-05,1.23e-05,9245.10984693,0.11222624,1.213e-05,0.053187276666667144,0.08453866230769222,0.11514584676470585,1.2226666666666661e-05,1.2398461538461531e-05,1.2296470588235296e-05
266,1.218e-05,1541275200,1.23e-05,1.217e-05,1.224e-05,1585.43850919,0.01942159,1.224e-05,0.04468013000000048,0.03537034615384607,0.11571706999999998,1.2193333333333329e-05,1.2364615384615379e-05,1.230735294117647e-05
267,1.215e-05,1541282400,1.225e-05,1.211e-05,1.218e-05,5837.09634374,0.07121613,1.22e-05,0.06762132000000048,0.04056002923076915,0.09745748882352939,1.214333333333333e-05,1.232461538461538e-05,1.2311470588235293e-05
268,1.224e-05,1541289600,1.224e-05,1.218e-05,1.218e-05,1481.12605186,0.01804182,1.218e-05,0.036226513333333814,0.037793937692307614,0.09694407205882351,1.2189999999999995e-05,1.229538461538461e-05,1.2313235294117647e-05
269,1.224e-05,1541296800,1.224e-05,1.224e-05,1.224e-05,0.0,0.0,1.224e-05,0.029752650000000477,0.025529624615384532,0.09623357588235291,1.2209999999999993e-05,1.228461538461538e-05,1.2323235294117647e-05
270,1.229e-05,1541304000,1.236e-05,1.229e-05,1.236e-05,235.86875725,0.00290081,1.229e-05,0.006980876666667145,0.02518774307692299,0.09392309676470585,1.2256666666666659e-05,1.2277692307692302e-05,1.2333529411764705e-05
271,1.215e-05,1541311200,1.231e-05,1.215e-05,1.228e-05,5585.39348235,0.06855655,1.227e-05,0.023819120000000474,0.03007927692307684,0.0959394658823529,1.2226666666666657e-05,1.2253076923076916e-05,1.233970588235294e-05
272,1.206e-05,1541318400,1.217e-05,1.206e-05,1.217e-05,699.44106633,0.00846158,1.209e-05,0.02663964666666714,0.029233261538461456,0.09331742999999997,1.2166666666666658e-05,1.2220769230769224e-05,1.2338235294117646e-05
273,1.199e-05,1541325600,1.21e-05,1.199e-05,1.207e-05,1065.47292562,0.01280894,1.202e-05,0.02994235666666714,0.02927167846153838,0.09347737058823527,1.2066666666666657e-05,1.21976923076923e-05,1.233470588235294e-05
274,1.197e-05,1541332800,1.2e-05,1.197e-05,1.2e-05,198.9005,0.00238431,1.198e-05,0.00788494333333381,0.02945508692307684,0.08805273117647057,1.2006666666666656e-05,1.2173076923076917e-05,1.2329999999999999e-05
275,1.2e-05,1541340000,1.211e-05,1.2e-05,1.201e-05,7774.05800993,0.09378439,1.206e-05,0.03632588000000048,0.03516445769230761,0.09072553529411763,1.1986666666666658e-05,1.2149999999999994e-05,1.2324117647058822e-05
276,1.212e-05,1541347200,1.212e-05,1.181e-05,1.2e-05,1537.54927986,0.01829652,1.189e-05,0.03815507333333381,0.03311472615384607,0.09077123558823527,1.2029999999999992e-05,1.2137692307692301e-05,1.2318823529411765e-05
277,1.212e-05,1541354400,1.224e-05,1.212e-05,1.223e-05,599.84380103,0.00728325,1.214e-05,0.039788053333333816,0.033490933076922996,0.0747433188235294,1.2079999999999991e-05,1.2123846153846145e-05,1.2312941176470588e-05
278,1.194e-05,1541361600,1.2e-05,1.194e-05,1.2e-05,159.9293793,0.00191128,1.195e-05,0.009163683333333816,0.025005166923076843,0.07056382735294116,1.205999999999999e-05,1.2111538461538454e-05,1.2302352941176468e-05
279,1.212e-05,1541368800,1.212e-05,1.212e-05,1.212e-05,28.58258388,0.00034642,1.212e-05,0.003180316666667149,0.023537846153846076,0.07056601088235293,1.205999999999999e-05,1.2106923076923069e-05,1.2294999999999998e-05
280,1.212e-05,1541376000,1.212e-05,1.212e-05,1.212e-05,0.0,0.0,1.212e-05,0.0007525666666671488,0.01805968230769223,0.07019645558823528,1.205999999999999e-05,1.2104615384615376e-05,1.2284999999999998e-05
281,1.201e-05,1541383200,1.219e-05,1.201e-05,1.219e-05,406.33955756,0.00491128,1.208e-05,0.0017525666666671485,0.01704964076923069,0.0681185188235294,1.2083333333333325e-05,1.2086923076923067e-05,1.2276764705882353e-05
282,1.203e-05,1541390400,1.203e-05,1.202e-05,1.202e-05,125.12681834,0.00150472,1.202e-05,0.0021386666666671486,0.01716538846153838,0.06816277529411763,1.2053333333333324e-05,1.207076923076922e-05,1.2269117647058825e-05
283,1.2e-05,1541397600,1.203e-05,1.2e-05,1.203e-05,300.13697113,0.00360509,1.201e-05,0.0033403633333338157,0.017219563846153765,0.06513773558823528,1.2013333333333324e-05,1.2048461538461528e-05,1.2261176470588237e-05
284,1.176e-05,1541404800,1.2e-05,1.176e-05,1.2e-05,5078.06233394,0.05996798,1.18e-05,0.021692596666667147,0.016558904615384538,0.058644898235294105,1.1929999999999989e-05,1.2018461538461528e-05,1.2237058823529413e-05
285,1.182e-05,1541412000,1.193e-05,1.176e-05,1.181e-05,37345.2272993,0.44137931,1.181e-05,0.16831746000000047,0.04986026846153839,0.06893540794117646,1.185999999999999e-05,1.1999999999999992e-05,1.221029411764706e-05
286,1.173e-05,1541419200,1.178e-05,1.161e-05,1.178e-05,1535.02372598,0.01787946,1.164e-05,0.1730755833333338,0.05025030846153839,0.057460707058823515,1.1769999999999989e-05,1.1979999999999992e-05,1.2182941176470589e-05
287,1.178e-05,1541426400,1.178e-05,1.172e-05,1.173e-05,278.19630324,0.00327031,1.175e-05,0.15417636000000048,0.05031846230769224,0.038186019117647046,1.1776666666666653e-05,1.1965384615384607e-05,1.2158235294117648e-05
288,1.175e-05,1541433600,1.175e-05,1.157e-05,1.17e-05,2803.03184803,0.03272259,1.167e-05,0.0179574533333338,0.045621400769230706,0.03903814676470588,1.1753333333333321e-05,1.1946153846153836e-05,1.2131176470588235e-05
289,1.2e-05,1541440800,1.212e-05,1.187e-05,1.187e-05,2892.96790007,0.03456064,1.194e-05,0.023517846666667133,0.046872486923076856,0.03846637117647059,1.1843333333333322e-05,1.1936923076923067e-05,1.211294117647059e-05
290,1.222e-05,1541448000,1.222e-05,1.212e-05,1.212e-05,1568.58002029,0.01911381,1.218e-05,0.0287990133333338,0.04778252999999994,0.03433924588235294,1.198999999999999e-05,1.1944615384615376e-05,1.2108235294117649e-05
291,1.217e-05,1541455200,1.217e-05,1.205e-05,1.205e-05,4239.73702655,0.05157742,1.216e-05,0.03508395666666714,0.05160300230769225,0.03564019147058823,1.2129999999999989e-05,1.1962307692307683e-05,1.2102058823529413e-05
292,1.21e-05,1541462400,1.235e-05,1.195e-05,1.222e-05,3746.59989359,0.04590248,1.225e-05,0.038864570000000466,0.05510731461538455,0.036844187647058824,1.216333333333332e-05,1.1960769230769221e-05,1.2091176470588237e-05
293,1.222e-05,1541469600,1.223e-05,1.222e-05,1.222e-05,12342.9707468,0.15084095,1.222e-05,0.08277361666666712,0.06671046461538456,0.04070833970588235,1.216333333333332e-05,1.196846153846153e-05,1.208352941176471e-05
294,1.216e-05,1541476800,1.232e-05,1.202e-05,1.223e-05,41420.39011706,0.50636928,1.222e-05,0.2343709033333338,0.10528415692307688,0.05523950911764706,1.2159999999999987e-05,1.1979999999999992e-05,1.2079705882352945e-05
295,1.202e-05,1541484000,1.234e-05,1.202e-05,1.206e-05,5024.33199823,0.06067347,1.207e-05,0.23929456666666715,0.10983559923076919,0.05702402294117647,1.2133333333333321e-05,1.1979230769230761e-05,1.2071764705882357e-05
296,1.211e-05,1541491200,1.232e-05,1.202e-05,1.222e-05,1644.5487417,0.01994356,1.212e-05,0.1956621033333338,0.11109240461538457,0.057035228529411765,1.2096666666666654e-05,1.19876923076923e-05,1.206617647058824e-05
297,1.174e-05,1541498400,1.202e-05,1.174e-05,1.202e-05,2402.14562626,0.02839052,1.181e-05,0.03633585000000047,0.10866336923076919,0.056548390000000004,1.1956666666666653e-05,1.1986153846153836e-05,1.2050294117647063e-05
298,1.173e-05,1541505600,1.191e-05,1.133e-05,1.174e-05,12408.75071776,0.14429593,1.162e-05,0.06421000333333378,0.08581080153846149,0.06072201852941177,1.1859999999999985e-05,1.197923076923076e-05,1.203352941176471e-05
299,1.204e-05,1541512800,1.219e-05,1.131e-05,1.192e-05,23583.63809619,0.27883531,1.182e-05,0.15050725333333378,0.10588432846153842,0.06562228529411764,1.1836666666666653e-05,1.2003076923076914e-05,1.2031764705882356e-05
300,1.208e-05,1541520000,1.21e-05,1.189e-05,1.203e-05,13078.34462687,0.15723049,1.202e-05,0.19345391000000045,0.1177274192307692,0.06967548823529411,1.1949999999999986e-05,1.2026153846153837e-05,1.2028823529411767e-05
301,1.239e-05,1541527200,1.239e-05,1.204e-05,1.208e-05,10642.15108347,0.12992555,1.22e-05,0.18866378333333378,0.12520456999999996,0.07140223588235294,1.2169999999999987e-05,1.2075384615384607e-05,1.2035882352941179e-05
302,1.219e-05,1541534400,1.32e-05,1.199e-05,1.226e-05,29898.9823087,0.37431138,1.251e-05,0.22048914000000042,0.15133924230769227,0.08188075235294116,1.2219999999999988e-05,1.2089999999999993e-05,1.2034411764705883e-05
303,1.209e-05,1541541600,1.216e-05,1.209e-05,1.216e-05,1125.55394286,0.01363765,1.211e-05,0.1726248600000004,0.1509179992307692,0.08228185970588235,1.2223333333333322e-05,1.2079999999999994e-05,1.203e-05
304,1.187e-05,1541548800,1.213e-05,1.187e-05,1.209e-05,1385.30435067,0.01670058,1.205e-05,0.13488320333333373,0.14823516538461534,0.08268773529411766,1.2049999999999988e-05,1.2056923076923073e-05,1.201764705882353e-05
305,1.198e-05,1541556000,1.219e-05,1.18e-05,1.188e-05,19909.76826429,0.2379419,1.195e-05,0.08942671000000037,0.16300742846153843,0.08766965735294119,1.1979999999999985e-05,1.2047692307692304e-05,1.2012647058823529e-05
306,1.199e-05,1541563200,1.231e-05,1.196e-05,1.198e-05,20180.44036273,0.24304736,1.204e-05,0.1658966133333337,0.17010022923076917,0.09456923911764706,1.1946666666666652e-05,1.2029999999999997e-05,1.2010588235294118e-05
307,1.196e-05,1541570400,1.211e-05,1.196e-05,1.211e-05,510.71560212,0.00611885,1.198e-05,0.16236937000000035,0.13161942692307688,0.09437247176470588,1.1976666666666651e-05,1.201461538461538e-05,1.200970588235294e-05
308,1.212e-05,1541577600,1.212e-05,1.191e-05,1.199e-05,16920.30477372,0.2045547,1.208e-05,0.1512403033333337,0.1426872138461538,0.10031865970588236,1.2023333333333319e-05,1.202230769230769e-05,1.2014117647058825e-05
309,1.199e-05,1541584800,1.213e-05,1.199e-05,1.213e-05,28367.14094646,0.34359694,1.211e-05,0.18475683000000034,0.16758362769230764,0.10766608764705882,1.2023333333333319e-05,1.201307692307692e-05,1.2013823529411765e-05
310,1.211e-05,1541592000,1.216e-05,1.173e-05,1.2e-05,4805.0956076,0.05769563,1.2e-05,0.20194909000000036,0.16983786692307687,0.108824885,1.2073333333333318e-05,1.2041538461538458e-05,1.2013529411764707e-05
311,1.196e-05,1541599200,1.199e-05,1.164e-05,1.199e-05,7092.78437294,0.08390701,1.182e-05,0.1617331933333337,0.16519256538461533,0.111078525,1.2019999999999985e-05,1.2059230769230767e-05,1.2008823529411764e-05
312,1.207e-05,1541606400,1.207e-05,1.18e-05,1.187e-05,3981.37312384,0.04758883,1.195e-05,0.0630638233333337,0.14740437461538455,0.11242198235294118,1.2046666666666652e-05,1.2061538461538462e-05,1.2012647058823529e-05
313,1.186e-05,1541613600,1.206e-05,1.186e-05,1.206e-05,2613.99752362,0.03119846,1.193e-05,0.054231433333333696,0.137709603076923,0.11332939529411765,1.196333333333332e-05,1.2044615384615384e-05,1.2005e-05
314,1.199e-05,1541620800,1.199e-05,1.196e-05,1.197e-05,1938.58480427,0.02322036,1.197e-05,0.03400255000000036,0.12950151153846148,0.11401234705882353,1.1973333333333318e-05,1.2013846153846153e-05,1.2001176470588235e-05
315,1.222e-05,1541628000,1.222e-05,1.198e-05,1.198e-05,7184.03691058,0.08672462,1.207e-05,0.047047813333333695,0.10737945307692301,0.11641862176470588,1.2023333333333319e-05,1.2016153846153844e-05,1.200735294117647e-05
316,1.203e-05,1541635200,1.227e-05,1.203e-05,1.222e-05,7911.73662699,0.0960619,1.214e-05,0.06866896000000036,0.11371977999999995,0.11919971529411764,1.2079999999999986e-05,1.201153846153846e-05,1.200735294117647e-05
317,1.262e-05,1541642400,1.262e-05,1.2e-05,1.222e-05,15644.48971616,0.19043721,1.217e-05,0.12440791000000036,0.12708413615384612,0.12469477764705882,1.2289999999999986e-05,1.2069230769230767e-05,1.2025588235294117e-05
318,1.286e-05,1541649600,1.286e-05,1.247e-05,1.251e-05,10472.31431235,0.13207321,1.261e-05,0.13952410666666704,0.11894039076923071,0.12681551970588234,1.250333333333332e-05,1.2136923076923075e-05,1.2057941176470589e-05
319,1.259e-05,1541656800,1.284e-05,1.259e-05,1.279e-05,3581.1425543,0.04554226,1.271e-05,0.12268422666666705,0.10374769076923071,0.11517325352941177,1.2689999999999987e-05,1.2183076923076922e-05,1.2080588235294118e-05
320,1.288e-05,1541664000,1.329e-05,1.284e-05,1.284e-05,23715.45503509,0.30987346,1.306e-05,0.1624963100000004,0.12711342999999992,0.12376131235294119,1.2776666666666654e-05,1.225384615384615e-05,1.2114411764705882e-05
321,1.321e-05,1541671200,1.34e-05,1.297e-05,1.297e-05,19439.64612326,0.25842764,1.329e-05,0.20461445333333375,0.13125750230769223,0.13126593970588235,1.2893333333333319e-05,1.2337692307692304e-05,1.2156470588235292e-05
322,1.309e-05,1541678400,1.333e-05,1.297e-05,1.319e-05,18125.75071617,0.23761078,1.31e-05,0.2686372933333338,0.1231047207692307,0.13729206294117646,1.3059999999999985e-05,1.2422307692307689e-05,1.2195882352941175e-05
323,1.334e-05,1541685600,1.339e-05,1.303e-05,1.309e-05,36308.78515462,0.4760744,1.311e-05,0.3240376066666671,0.155287703076923,0.1502777617647059,1.3213333333333318e-05,1.2516923076923073e-05,1.2235294117647057e-05
324,1.424e-05,1541692800,1.451e-05,1.319e-05,1.319e-05,162839.92714183,2.29770584,1.411e-05,1.003797006666667,0.3255799207692307,0.2172951744117647,1.355666666666665e-05,1.2692307692307688e-05,1.2294705882352938e-05
325,1.377e-05,1541700000,1.451e-05,1.37e-05,1.451e-05,47169.77947428,0.65703877,1.392e-05,1.1436063366666671,0.37246068538461535,0.2351028611764706,1.3783333333333315e-05,1.2823076923076918e-05,1.2341764705882351e-05
326,1.361e-05,1541707200,1.407e-05,1.359e-05,1.366e-05,12835.60733725,0.17693801,1.378e-05,1.0438942066666672,0.38367142,0.23895684735294118,1.3873333333333316e-05,1.2957692307692302e-05,1.2386176470588234e-05
327,1.371e-05,1541714400,1.405e-05,1.322e-05,1.36e-05,17864.63229175,0.24064022,1.347e-05,0.35820566666666726,0.40039602461538465,0.24159800235294118,1.3696666666666648e-05,1.3089999999999995e-05,1.2429999999999998e-05
328,1.32e-05,1541721600,1.341e-05,1.32e-05,1.33e-05,5617.50423898,0.07504383,1.335e-05,0.16420735333333392,0.3994975023076923,0.22891195970588235,1.350666666666665e-05,1.316538461538461e-05,1.2460588235294116e-05
329,1.343e-05,1541728800,1.343e-05,1.32e-05,1.335e-05,1617.64881888,0.02162528,1.336e-05,0.11243644333333391,0.3937716084615385,0.22776348352941178,1.344666666666665e-05,1.3273076923076918e-05,1.2502058823529408e-05
330,1.4e-05,1541736000,1.429e-05,1.356e-05,1.356e-05,10307.95778541,0.1423212,1.38e-05,0.07966343666666727,0.390070376923077,0.23136282588235293,1.3543333333333318e-05,1.3379230769230763e-05,1.2557647058823526e-05
331,1.405e-05,1541743200,1.406e-05,1.379e-05,1.389e-05,13391.04653303,0.18747593,1.4e-05,0.11714080333333392,0.3943321246153847,0.23604180852941176,1.3826666666666652e-05,1.3470769230769224e-05,1.2625588235294115e-05
332,1.364e-05,1541750400,1.42e-05,1.364e-05,1.415e-05,6551.66407236,0.09199265,1.404e-05,0.1405965933333339,0.3979052315384616,0.23450347676470584,1.3896666666666652e-05,1.3551538461538454e-05,1.268176470588235e-05
333,1.355e-05,1541757600,1.38e-05,1.328e-05,1.358e-05,65136.27179572,0.87671468,1.345e-05,0.38539442000000057,0.44150840230769234,0.252088164117647,1.374666666666665e-05,1.3603076923076917e-05,1.272617647058823e-05
334,1.343e-05,1541764800,1.355e-05,1.303e-05,1.355e-05,24483.93815038,0.32458608,1.325e-05,0.4310978033333339,0.44659751307692314,0.2570103873529411,1.3539999999999982e-05,1.3619999999999995e-05,1.2765882352941172e-05
335,1.375e-05,1541772000,1.376e-05,1.343e-05,1.343e-05,64219.16370388,0.86874119,1.352e-05,0.690013983333334,0.4951460061538462,0.278740259117647,1.357666666666665e-05,1.3670769230769227e-05,1.2805882352941171e-05
336,1.34e-05,1541779200,1.389e-05,1.327e-05,1.368e-05,17145.10415714,0.23303954,1.359e-05,0.475455603333334,0.476451016923077,0.27458520499999994,1.3526666666666652e-05,1.367538461538461e-05,1.284147058823529e-05
337,1.349e-05,1541786400,1.353e-05,1.348e-05,1.348e-05,1508.01440227,0.02037495,1.351e-05,0.37405189333333394,0.30127171769230776,0.27478336088235294,1.3546666666666652e-05,1.3617692307692304e-05,1.2882647058823527e-05
338,1.339e-05,1541793600,1.361e-05,1.339e-05,1.356e-05,8199.67764721,0.1111768,1.355e-05,0.12153043000000059,0.2592823353846155,0.27756207323529414,1.3426666666666651e-05,1.3588461538461535e-05,1.2927352941176468e-05
339,1.339e-05,1541800800,1.34e-05,1.336e-05,1.336e-05,6224.36206458,0.08327623,1.337e-05,0.07160932666666726,0.25207758307692313,0.2730130829411765,1.3423333333333317e-05,1.3571538461538459e-05,1.2968823529411763e-05
340,1.347e-05,1541808000,1.361e-05,1.325e-05,1.339e-05,4368.78630564,0.05857699,1.34e-05,0.0843433400000006,0.2380727192307693,0.2675874838235294,1.341666666666665e-05,1.355307692307692e-05,1.301235294117647e-05
341,1.354e-05,1541815200,1.354e-05,1.327e-05,1.343e-05,2680.80987498,0.03588055,1.338e-05,0.059244590000000596,0.2350601592307693,0.2684628279411765,1.346666666666665e-05,1.3579230769230766e-05,1.3058823529411763e-05
342,1.378e-05,1541822400,1.378e-05,1.36e-05,1.364e-05,1942.61311859,0.02645,1.361e-05,0.04030251333333393,0.23543129153846165,0.2632244544117648,1.3596666666666651e-05,1.3606153846153842e-05,1.3107647058823528e-05
343,1.405e-05,1541829600,1.425e-05,1.374e-05,1.378e-05,28198.88617643,0.39578681,1.403e-05,0.15270578666666726,0.25492864615384625,0.26475945058823536,1.3789999999999987e-05,1.3609999999999997e-05,1.3168235294117645e-05
344,1.393e-05,1541836800,1.431e-05,1.393e-05,1.404e-05,1054.06138361,0.01470422,1.395e-05,0.14564701000000058,0.24163851461538471,0.2634949973529413,1.3919999999999987e-05,1.3600769230769228e-05,1.322176470588235e-05
345,1.391e-05,1541844000,1.417e-05,1.388e-05,1.417e-05,17304.15884184,0.24090953,1.392e-05,0.2171335200000006,0.2530936592307694,0.2681127185294119,1.396333333333332e-05,1.3621538461538458e-05,1.3279117647058822e-05
346,1.428e-05,1541851200,1.448e-05,1.412e-05,1.42e-05,34390.60013887,0.48983144,1.424e-05,0.24848173000000062,0.22333341000000012,0.2811198541176471,1.4039999999999986e-05,1.3677692307692303e-05,1.334411764705882e-05
347,1.41e-05,1541858400,1.45e-05,1.41e-05,1.43e-05,24243.50180254,0.34956224,1.441e-05,0.36010107000000063,0.22525465307692322,0.2904834947058824,1.4096666666666655e-05,1.3729230769230765e-05,1.3409999999999999e-05
348,1.406e-05,1541865600,1.429e-05,1.406e-05,1.422e-05,10082.91054438,0.14350513,1.423e-05,0.3276329366666673,0.16946726384615396,0.2940212820588236,1.4146666666666653e-05,1.3753076923076917e-05,1.3470882352941174e-05
349,1.487e-05,1541872800,1.487e-05,1.419e-05,1.419e-05,37295.96723492,0.54060852,1.449e-05,0.3445586300000006,0.19312641615384626,0.3073708085294118,1.434333333333332e-05,1.3866153846153841e-05,1.3548823529411761e-05
350,1.515e-05,1541880000,1.525e-05,1.45e-05,1.45e-05,50473.05752559,0.7571839,1.5e-05,0.48043251666666725,0.2498040276923078,0.32681557323529414,1.4693333333333319e-05,1.3993846153846148e-05,1.3640588235294115e-05
351,1.553e-05,1541887200,1.588e-05,1.474e-05,1.517e-05,113109.97260952,1.70655372,1.508e-05,1.001448713333334,0.3725253292307693,0.3714072352941176,1.5183333333333319e-05,1.4158461538461531e-05,1.3726176470588231e-05
352,1.478e-05,1541894400,1.6e-05,1.475e-05,1.547e-05,25201.95558129,0.38333374,1.521e-05,0.9490237866666673,0.39560667615384626,0.37879725088235294,1.5153333333333321e-05,1.4265384615384608e-05,1.3782647058823525e-05
353,1.504e-05,1541901600,1.52e-05,1.454e-05,1.481e-05,20451.02091397,0.30567911,1.494e-05,0.7985221900000005,0.4146145315384616,0.38644833470588236,1.5116666666666652e-05,1.4386153846153838e-05,1.3854705882352937e-05
354,1.474e-05,1541908800,1.515e-05,1.45e-05,1.498e-05,32465.14598095,0.48253853,1.486e-05,0.3905171266666672,0.44897283769230784,0.391526719117647,1.4853333333333317e-05,1.4478461538461532e-05,1.390941176470588e-05
355,1.497e-05,1541916000,1.528e-05,1.45e-05,1.49e-05,30503.37622477,0.45413399,1.488e-05,0.41411721000000057,0.4818716061538463,0.39728278823529406,1.491666666666665e-05,1.4569999999999993e-05,1.3961176470588233e-05
356,1.526e-05,1541923200,1.527e-05,1.489e-05,1.496e-05,15633.52463862,0.23507872,1.503e-05,0.39058374666666723,0.46950944538461553,0.3972083158823529,1.4989999999999984e-05,1.4663076923076915e-05,1.4024999999999997e-05
357,1.527e-05,1541930400,1.546e-05,1.503e-05,1.516e-05,19764.69359984,0.30039268,1.519e-05,0.3298684633333339,0.49148548076923093,0.3920412064705882,1.5166666666666651e-05,1.476615384615384e-05,1.408176470588235e-05
358,1.527e-05,1541937600,1.527e-05,1.489e-05,1.527e-05,35598.29216839,0.53615057,1.506e-05,0.3572073233333339,0.5141963300000002,0.34023075735294117,1.526666666666665e-05,1.4870769230769224e-05,1.411205882352941e-05
359,1.486e-05,1541944800,1.56e-05,1.462e-05,1.531e-05,47601.11147103,0.71924487,1.51e-05,0.5185960400000006,0.5318435169230772,0.3420603485294118,1.5133333333333318e-05,1.4915384615384609e-05,1.414411764705882e-05
360,1.471e-05,1541952000,1.499e-05,1.471e-05,1.486e-05,1565.03036372,0.02321702,1.483e-05,0.42620415333333384,0.5067400384615387,0.3375391429411765,1.494666666666665e-05,1.4962307692307687e-05,1.417647058823529e-05
361,1.474e-05,1541959200,1.5e-05,1.464e-05,1.464e-05,6798.51586518,0.10094174,1.484e-05,0.2811345433333339,0.5034659315384616,0.3334303641176471,1.4769999999999982e-05,1.5014615384615379e-05,1.420676470588235e-05
362,1.47e-05,1541966400,1.478e-05,1.47e-05,1.478e-05,3907.57907142,0.05760315,1.474e-05,0.060587303333333876,0.46631167230769244,0.3329174029411765,1.4716666666666649e-05,1.5001538461538457e-05,1.4250882352941172e-05
363,1.457e-05,1541973600,1.464e-05,1.435e-05,1.464e-05,12255.94337188,0.17786007,1.451e-05,0.11213498666666723,0.4217483007692309,0.3375125438235294,1.4669999999999982e-05,1.4956923076923072e-05,1.4284411764705878e-05
364,1.487e-05,1541980800,1.487e-05,1.44e-05,1.442e-05,15002.13402232,0.22099825,1.473e-05,0.1521538233333339,0.30747480307692326,0.33982657470588234,1.4713333333333315e-05,1.490615384615384e-05,1.4309999999999995e-05
365,1.497e-05,1541988000,1.512e-05,1.485e-05,1.491e-05,25944.49942914,0.38939418,1.5e-05,0.2627508333333339,0.30794099076923087,0.3457653467647059,1.4803333333333316e-05,1.4920769230769225e-05,1.4337058823529406e-05
366,1.495e-05,1541995200,1.495e-05,1.495e-05,1.495e-05,1000.0,0.01495,1.495e-05,0.2084474766666672,0.2855772130769232,0.34349938647058825,1.4929999999999982e-05,1.491384615384615e-05,1.4375588235294112e-05
367,1.493e-05,1542002400,1.528e-05,1.493e-05,1.509e-05,18188.57623031,0.27412324,1.507e-05,0.2261558066666672,0.26954526769230774,0.3257761088235295,1.4949999999999984e-05,1.4928461538461534e-05,1.4416176470588231e-05
368,1.517e-05,1542009600,1.517e-05,1.485e-05,1.486e-05,3505.70520593,0.05218935,1.488e-05,0.11375419666666721,0.2386264492307693,0.3177644402941177,1.501666666666665e-05,1.4943846153846149e-05,1.4467352941176465e-05
369,1.546e-05,1542016800,1.551e-05,1.504e-05,1.529e-05,148825.21080422,2.25902419,1.517e-05,0.8617789266666672,0.3943145623076924,0.35865511676470596,1.518666666666665e-05,1.4959230769230763e-05,1.4517647058823524e-05
370,1.559e-05,1542024000,1.559e-05,1.521e-05,1.546e-05,46767.73603189,0.72074058,1.541e-05,1.010651373333334,0.42664901615384626,0.3729992650000001,1.5406666666666652e-05,1.4983846153846147e-05,1.4582058823529408e-05
371,1.533e-05,1542031200,1.559e-05,1.507e-05,1.559e-05,13323.18757669,0.20363251,1.528e-05,1.0611324266666673,0.40107070384615395,0.3783891932352942,1.5459999999999984e-05,1.4988461538461532e-05,1.4636176470588232e-05
372,1.61e-05,1542038400,1.619e-05,1.533e-05,1.535e-05,35164.04435009,0.5570463,1.584e-05,0.49380646333333394,0.3885938907692309,0.39150300205882355,1.5673333333333318e-05,1.5083846153846146e-05,1.4715882352941175e-05
373,1.579e-05,1542045600,1.608e-05,1.579e-05,1.593e-05,16549.21478525,0.26229516,1.584e-05,0.340991323333334,0.406984516923077,0.3967682647058824,1.573999999999998e-05,1.516692307692307e-05,1.4786470588235294e-05
374,1.63e-05,1542052800,1.631e-05,1.59e-05,1.607e-05,56631.39370577,0.91722921,1.619e-05,0.5788568900000006,0.46977586076923095,0.42202274176470594,1.6063333333333316e-05,1.5286923076923067e-05,1.4869705882352942e-05
375,1.595e-05,1542060000,1.65e-05,1.578e-05,1.631e-05,35721.63173637,0.57881159,1.62e-05,0.5861119866666673,0.5098688176923079,0.43799130176470596,1.6013333333333314e-05,1.5383076923076915e-05,1.4940588235294117e-05
376,1.588e-05,1542067200,1.656e-05,1.588e-05,1.615e-05,28680.79258315,0.46555106,1.623e-05,0.653863953333334,0.531998893846154,0.4509060388235295,1.6043333333333316e-05,1.5483846153846145e-05,1.500235294117647e-05
377,1.561e-05,1542074400,1.601e-05,1.561e-05,1.588e-05,2705.8169016,0.0428453,1.583e-05,0.36240265000000066,0.5182948207692308,0.4405254061764706,1.5813333333333316e-05,1.554076923076922e-05,1.5048235294117646e-05
378,1.612e-05,1542081600,1.612e-05,1.551e-05,1.552e-05,10852.68386764,0.17055242,1.571e-05,0.22631626000000063,0.5014608392307693,0.4451091767647059,1.5869999999999985e-05,1.562923076923076e-05,1.5112647058823528e-05
379,1.601e-05,1542088800,1.627e-05,1.598e-05,1.616e-05,29088.71714729,0.46999961,1.615e-05,0.22779911000000064,0.5364646553846155,0.45184712029411767,1.5913333333333315e-05,1.571076923076922e-05,1.5174411764705882e-05
380,1.668e-05,1542096000,1.668e-05,1.607e-05,1.613e-05,19779.91346407,0.32466713,1.641e-05,0.3217397200000007,0.540352646923077,0.44698934647058824,1.626999999999998e-05,1.5845384615384607e-05,1.5245e-05
381,1.688e-05,1542103200,1.689e-05,1.647e-05,1.668e-05,26647.10510699,0.44629325,1.674e-05,0.4136533300000007,0.5706683315384617,0.4498343761764706,1.6523333333333315e-05,1.597692307692307e-05,1.5326764705882356e-05
382,1.655e-05,1542110400,1.709e-05,1.655e-05,1.689e-05,27285.10527207,0.45867571,1.681e-05,0.40987869666666743,0.4321799869230771,0.45910409911764705,1.6703333333333313e-05,1.6060769230769223e-05,1.5400000000000005e-05
383,1.735e-05,1542117600,1.756e-05,1.661e-05,1.668e-05,88127.14079992,1.51700954,1.721e-05,0.8073261666666675,0.49343144538461553,0.4878217761764706,1.6926666666666648e-05,1.6196153846153836e-05,1.547294117647059e-05
384,1.684e-05,1542124800,1.76e-05,1.684e-05,1.732e-05,61575.71523867,1.05482928,1.713e-05,1.0101715100000008,0.5589081200000001,0.49657605205882355,1.6913333333333316e-05,1.6312307692307684e-05,1.552264705882353e-05
385,1.64e-05,1542132000,1.7e-05,1.64e-05,1.685e-05,121609.72446921,2.00818736,1.651e-05,1.5266753933333341,0.6705343553846155,0.5054476297058824,1.686333333333332e-05,1.6335384615384604e-05,1.5548235294117646e-05
386,1.614e-05,1542139200,1.649e-05,1.602e-05,1.648e-05,9008.21723671,0.14527921,1.612e-05,1.069431950000001,0.6615331284615386,0.4984460258823529,1.6459999999999988e-05,1.6362307692307682e-05,1.5588235294117642e-05
387,1.62e-05,1542146400,1.627e-05,1.533e-05,1.611e-05,25101.63435929,0.39634288,1.578e-05,0.8499364833333342,0.6214649492307693,0.5011126073529412,1.6246666666666655e-05,1.6354615384615376e-05,1.5622352941176465e-05
388,1.549e-05,1542153600,1.626e-05,1.549e-05,1.613e-05,12513.65971395,0.19995998,1.597e-05,0.24719402333333415,0.5923225176923077,0.4928014735294117,1.594333333333332e-05,1.631923076923076e-05,1.5644411764705877e-05
389,1.551e-05,1542160800,1.572e-05,1.548e-05,1.553e-05,3675.75069911,0.05710585,1.553e-05,0.21780290333333416,0.5609036553846154,0.4811241752941176,1.5733333333333317e-05,1.6290769230769222e-05,1.5660294117647056e-05
390,1.565e-05,1542168000,1.57e-05,1.56e-05,1.569e-05,1316.71627975,0.02064944,1.568e-05,0.09257175666666749,0.5591962815384616,0.4748174317647058,1.5549999999999985e-05,1.6293846153846146e-05,1.5671764705882346e-05
391,1.563e-05,1542175200,1.579e-05,1.563e-05,1.567e-05,5481.45770051,0.08585327,1.566e-05,0.05453618666666748,0.5526809623076924,0.468507449117647,1.559666666666665e-05,1.625615384615384e-05,1.5682352941176464e-05
392,1.524e-05,1542182400,1.566e-05,1.507e-05,1.566e-05,18079.20801188,0.27790066,1.537e-05,0.12813445666666748,0.5379041200000001,0.46091186352941166,1.5506666666666648e-05,1.6196923076923067e-05,1.568147058823529e-05
393,1.473e-05,1542189600,1.52e-05,1.447e-05,1.52e-05,31335.9788503,0.46156716,1.472e-05,0.2751070300000008,0.5484348915384616,0.4533331073529411,1.5199999999999982e-05,1.6046923076923067e-05,1.5677647058823527e-05
394,1.507e-05,1542196800,1.554e-05,1.488e-05,1.488e-05,58103.76567821,0.88296588,1.519e-05,0.540811233333334,0.5820250938461539,0.4786198385294117,1.5013333333333316e-05,1.59076923076923e-05,1.568823529411764e-05
395,1.46e-05,1542204000,1.514e-05,1.44e-05,1.489e-05,29776.44705947,0.43903497,1.474e-05,0.5945226700000007,0.5805142676923077,0.4885637570588235,1.4799999999999985e-05,1.57576923076923e-05,1.568411764705882e-05
396,1.518e-05,1542211200,1.518e-05,1.36e-05,1.455e-05,86629.46481367,1.22456474,1.413e-05,0.8488551966666674,0.5580185138461539,0.5228861567647058,1.4949999999999984e-05,1.5590769230769222e-05,1.5698235294117643e-05
397,1.475e-05,1542218400,1.535e-05,1.427e-05,1.503e-05,37813.28600658,0.56560197,1.495e-05,0.7430672266666675,0.5203856438461539,0.5342903302941175,1.4843333333333319e-05,1.5429999999999993e-05,1.5703529411764704e-05
398,1.555e-05,1542225600,1.555e-05,1.461e-05,1.483e-05,68771.30324006,1.02215037,1.486e-05,0.9374390266666675,0.4445366446153847,0.5578536279411763,1.5159999999999984e-05,1.5364615384615377e-05,1.5723529411764703e-05
399,1.499e-05,1542232800,1.568e-05,1.499e-05,1.563e-05,2884.49081001,0.04422949,1.533e-05,0.5439939433333342,0.43676358923076936,0.5477017252941174,1.5096666666666652e-05,1.5276153846153838e-05,1.572411764705882e-05
400,1.544e-05,1542240000,1.566e-05,1.503e-05,1.525e-05,18280.66340053,0.28016009,1.532e-05,0.44884665000000085,0.42782645153846166,0.5555020220588234,1.5326666666666653e-05,1.52176923076923e-05,1.5738529411764702e-05
401,1.529e-05,1542247200,1.555e-05,1.502e-05,1.54e-05,9450.93231497,0.14315135,1.514e-05,0.15584697666666755,0.42345655692307704,0.5516499076470586,1.5239999999999988e-05,1.5202307692307686e-05,1.574911764705882e-05
402,1.511e-05,1542254400,1.517e-05,1.494e-05,1.516e-05,1130.13120954,0.01707846,1.511e-05,0.14679663333333423,0.420377526923077,0.5506172344117646,1.5279999999999986e-05,1.5171538461538455e-05,1.5747352941176468e-05
403,1.608e-05,1542261600,1.613e-05,1.511e-05,1.511e-05,16119.1600239,0.25173559,1.561e-05,0.1373218000000009,0.4381533846153847,0.49157933441176443,1.5493333333333316e-05,1.5204615384615379e-05,1.5765588235294115e-05
404,1.582e-05,1542268800,1.591e-05,1.56e-05,1.591e-05,2077.36388013,0.03277489,1.577e-05,0.10052964666666757,0.4340704323076924,0.47134504941176436,1.566999999999998e-05,1.5219230769230762e-05,1.5772352941176472e-05
405,1.627e-05,1542276000,1.628e-05,1.566e-05,1.601e-05,13000.20012853,0.20945615,1.611e-05,0.16465554333333424,0.4288054700000001,0.47151633294117623,1.605666666666665e-05,1.529846153846153e-05,1.5799999999999998e-05
406,1.596e-05,1542283200,1.631e-05,1.567e-05,1.631e-05,11751.56585107,0.18600638,1.582e-05,0.14274580666666759,0.40760848692307705,0.4606033941176468,1.6016666666666655e-05,1.5393076923076917e-05,1.5795882352941173e-05
407,1.588e-05,1542290400,1.591e-05,1.57e-05,1.591e-05,1571.9615512,0.02499968,1.59e-05,0.14015407000000094,0.34161108692307707,0.4536241152941174,1.6036666666666655e-05,1.545538461538461e-05,1.5798529411764702e-05
408,1.591e-05,1542297600,1.619e-05,1.573e-05,1.586e-05,16401.97475659,0.2626919,1.601e-05,0.1578993200000009,0.3280462353846155,0.43437301794117616,1.5916666666666653e-05,1.555615384615384e-05,1.5787058823529408e-05
409,1.605e-05,1542304800,1.605e-05,1.59e-05,1.59e-05,7331.58474577,0.11746568,1.602e-05,0.13505242000000087,0.24288476923076938,0.420804020588235,1.5946666666666654e-05,1.5623076923076916e-05,1.5789999999999993e-05
410,1.625e-05,1542312000,1.635e-05,1.594e-05,1.605e-05,91639.40832686,1.4862617,1.621e-05,0.6221397600000008,0.31370474846153856,0.4508249217647056,1.6069999999999987e-05,1.573846153846153e-05,1.580088235294117e-05
411,1.651e-05,1542319200,1.653e-05,1.61e-05,1.618e-05,9118.09505075,0.14791278,1.622e-05,0.5838800533333343,0.2464557030769232,0.4539151417647056,1.6269999999999988e-05,1.5812307692307685e-05,1.5827352941176464e-05
412,1.635e-05,1542326400,1.67e-05,1.61e-05,1.638e-05,5167.07867318,0.08460014,1.637e-05,0.5729248733333342,0.2495611376923078,0.4513871335294115,1.636999999999999e-05,1.591692307692307e-05,1.5834117647058817e-05
413,1.636e-05,1542333600,1.654e-05,1.61e-05,1.64e-05,60758.26715291,0.99122777,1.631e-05,0.40791356333333423,0.30425865153846166,0.46671737352941145,1.6406666666666656e-05,1.59876923076923e-05,1.5844411764705875e-05
414,1.611e-05,1542340800,1.643e-05,1.61e-05,1.641e-05,9262.72612326,0.1509615,1.629e-05,0.40892980333333423,0.3048594323076924,0.4616083844117644,1.6273333333333322e-05,1.6050769230769225e-05,1.582764705882352e-05
415,1.58e-05,1542348000,1.643e-05,1.58e-05,1.642e-05,18797.69004726,0.30342566,1.614e-05,0.48187164333333427,0.32688614000000016,0.45740639647058795,1.608999999999999e-05,1.6103846153846146e-05,1.5795882352941163e-05
416,1.518e-05,1542355200,1.591e-05,1.512e-05,1.58e-05,44971.51896578,0.68182147,1.516e-05,0.3787362100000009,0.3599696692307694,0.4639695070588232,1.5696666666666658e-05,1.603461538461538e-05,1.5755588235294107e-05
417,1.509e-05,1542362400,1.518e-05,1.498e-05,1.518e-05,1813.23113472,0.02747639,1.515e-05,0.33757450666666755,0.35956209230769254,0.4201597085294115,1.5356666666666658e-05,1.597846153846153e-05,1.5689117647058814e-05
418,1.529e-05,1542369600,1.529e-05,1.48e-05,1.516e-05,45430.72239863,0.6833711,1.504e-05,0.46422298666666756,0.3960170884615387,0.4092344679411762,1.518666666666666e-05,1.5903076923076917e-05,1.5643529411764697e-05
419,1.53e-05,1542376800,1.535e-05,1.513e-05,1.525e-05,12206.93105772,0.18634024,1.526e-05,0.2990625766666675,0.3960427700000002,0.3556507291176467,1.522666666666666e-05,1.5852307692307685e-05,1.561117647058823e-05
420,1.532e-05,1542384000,1.629e-05,1.518e-05,1.535e-05,12862.65034211,0.19871585,1.544e-05,0.3561423966666675,0.40940555230769254,0.35722239499999964,1.5303333333333326e-05,1.5809230769230762e-05,1.5587058823529406e-05
421,1.524e-05,1542391200,1.531e-05,1.524e-05,1.531e-05,1175.83160791,0.01793435,1.525e-05,0.13433014666666754,0.3905780484615387,0.34609273235294086,1.528666666666666e-05,1.5757692307692302e-05,1.555882352941176e-05
422,1.541e-05,1542398400,1.541e-05,1.541e-05,1.541e-05,199.32821101,0.00307164,1.541e-05,0.0732406133333342,0.3817785069230772,0.3403018988235291,1.532333333333333e-05,1.570846153846153e-05,1.5556470588235292e-05
423,1.57e-05,1542405600,1.58e-05,1.544e-05,1.544e-05,4977.57908788,0.07715706,1.55e-05,0.03272101666666754,0.2733858423076926,0.34089164029411734,1.5449999999999996e-05,1.566615384615384e-05,1.5562058823529406e-05
424,1.53e-05,1542412800,1.579e-05,1.53e-05,1.565e-05,14739.09098685,0.22737614,1.542e-05,0.10253494666666756,0.2794984084615387,0.3469718373529409,1.5469999999999996e-05,1.5573076923076915e-05,1.5551764705882348e-05
425,1.49e-05,1542420000,1.529e-05,1.479e-05,1.529e-05,24707.04151713,0.37215855,1.506e-05,0.22556391666666753,0.30161828615384645,0.35539258088235265,1.5299999999999992e-05,1.5461538461538456e-05,1.5530294117647055e-05
426,1.486e-05,1542427200,1.491e-05,1.486e-05,1.491e-05,1583.31331645,0.02352863,1.486e-05,0.2076877733333342,0.22717989076923104,0.347911050588235,1.5019999999999993e-05,1.534615384615384e-05,1.5519117647058817e-05
427,1.522e-05,1542434400,1.522e-05,1.481e-05,1.481e-05,5134.36817905,0.07738181,1.507e-05,0.1576896633333342,0.22151991461538487,0.33661148147058795,1.4993333333333326e-05,1.52776923076923e-05,1.55335294117647e-05
428,1.493e-05,1542441600,1.504e-05,1.485e-05,1.497e-05,259.82404528,0.00389126,1.497e-05,0.034933900000000885,0.1984788069230772,0.310756345588235,1.5003333333333326e-05,1.5210769230769224e-05,1.552941176470588e-05
429,1.496e-05,1542448800,1.497e-05,1.485e-05,1.489e-05,208.75529839,0.00310784,1.488e-05,0.02812697000000089,0.14627006615384644,0.2979349594117644,1.503666666666666e-05,1.5193846153846146e-05,1.5539999999999997e-05
430,1.499e-05,1542456000,1.499e-05,1.481e-05,1.496e-05,3655.61765143,0.05419505,1.482e-05,0.02039805000000089,0.14832534769230798,0.26351232147058795,1.4959999999999994e-05,1.5186153846153839e-05,1.553441176470588e-05
431,1.482e-05,1542463200,1.497e-05,1.482e-05,1.497e-05,1012.56791231,0.01504786,1.486e-05,0.024116916666667557,0.09691586769230796,0.24731955352941148,1.4923333333333328e-05,1.5149999999999992e-05,1.5536470588235292e-05
432,1.47e-05,1542470400,1.507e-05,1.47e-05,1.482e-05,102113.47834147,1.51462407,1.483e-05,0.5279556600000009,0.1990915469230772,0.2618040741176468,1.4836666666666661e-05,1.5103846153846147e-05,1.551147058823529e-05
433,1.472e-05,1542477600,1.514e-05,1.459e-05,1.505e-05,2049.04768638,0.03002626,1.465e-05,0.5198993966666676,0.1861154246153849,0.2613863320588233,1.474666666666666e-05,1.50576923076923e-05,1.5503529411764702e-05
434,1.461e-05,1542484800,1.482e-05,1.458e-05,1.466e-05,3763.25407316,0.05508044,1.463e-05,0.533243590000001,0.18897281615384642,0.2547663423529409,1.4676666666666661e-05,1.5009230769230763e-05,1.5479117647058818e-05
435,1.482e-05,1542492000,1.483e-05,1.452e-05,1.461e-05,4178.06411263,0.06121379,1.465e-05,0.04877349666666767,0.1934452892307695,0.25235641411764675,1.471666666666666e-05,1.4963846153846147e-05,1.546529411764705e-05
436,1.5e-05,1542499200,1.5e-05,1.489e-05,1.49e-05,2916.22260879,0.04365144,1.496e-05,0.053315223333334334,0.19086793384615414,0.25313797235294083,1.4809999999999994e-05,1.4909999999999994e-05,1.5462058823529403e-05
437,1.463e-05,1542506400,1.476e-05,1.463e-05,1.476e-05,133.15543696,0.00195454,1.467e-05,0.035606590000001,0.17352781076923104,0.24579147088235262,1.4816666666666661e-05,1.4858461538461535e-05,1.5419411764705875e-05
438,1.484e-05,1542513600,1.517e-05,1.484e-05,1.499e-05,248.16845426,0.00373861,1.506e-05,0.01644819666666767,0.14518781538461567,0.24493746264705846,1.482333333333333e-05,1.485384615384615e-05,1.5390588235294106e-05
439,1.53e-05,1542520800,1.54e-05,1.505e-05,1.505e-05,21376.36835377,0.3251717,1.521e-05,0.11028828333333435,0.16839112846153875,0.24834086117647025,1.4923333333333328e-05,1.4887692307692304e-05,1.53620588235294e-05
440,1.543e-05,1542528000,1.55e-05,1.511e-05,1.524e-05,15979.76384379,0.24521762,1.534e-05,0.1913759766666677,0.1813015753846157,0.2500823682352938,1.5189999999999995e-05,1.4903846153846149e-05,1.5346470588235285e-05
441,1.54e-05,1542535200,1.549e-05,1.527e-05,1.542e-05,5644.89884374,0.08682521,1.538e-05,0.21907151000000102,0.18768111000000032,0.2519007661764703,1.537666666666666e-05,1.4939999999999996e-05,1.5332352941176463e-05
442,1.575e-05,1542542400,1.6e-05,1.521e-05,1.521e-05,15345.65581216,0.23934736,1.559e-05,0.1904633966666677,0.20585338076923107,0.2512141620588232,1.552666666666666e-05,1.5000769230769226e-05,1.5327647058823525e-05
443,1.541e-05,1542549600,1.584e-05,1.535e-05,1.575e-05,6845.5250751,0.10702,1.563e-05,0.14439752333333436,0.20991683846153875,0.25090693617647025,1.5519999999999994e-05,1.5033076923076919e-05,1.5308823529411758e-05
444,1.594e-05,1542556800,1.594e-05,1.562e-05,1.562e-05,4667.24545011,0.07341027,1.572e-05,0.1399258766666677,0.2144062546153849,0.20935248235294085,1.5699999999999992e-05,1.5119230769230765e-05,1.5299705882352936e-05
445,1.594e-05,1542564000,1.594e-05,1.594e-05,1.594e-05,0.0,0.0,1.594e-05,0.06014342333333437,0.09789671076923104,0.2050021064705879,1.5763333333333322e-05,1.5214615384615382e-05,1.5282941176470585e-05
446,1.54e-05,1542571200,1.551e-05,1.518e-05,1.551e-05,3875.16399758,0.0594025,1.532e-05,0.04427092333333437,0.10015642153846181,0.20426099941176434,1.5759999999999985e-05,1.5266923076923074e-05,1.5254999999999995e-05
447,1.54e-05,1542578400,1.54e-05,1.54e-05,1.54e-05,0.0,0.0,1.54e-05,0.019800833333334367,0.09591946461538489,0.17510724147058787,1.5579999999999986e-05,1.5327692307692305e-05,1.522676470588235e-05
448,1.551e-05,1542585600,1.551e-05,1.528e-05,1.533e-05,3775.55952671,0.05796391,1.535e-05,0.0391221366666677,0.09566947384615411,0.17237201823529374,1.5436666666666657e-05,1.5380769230769226e-05,1.5209117647058824e-05
449,1.588e-05,1542592800,1.608e-05,1.551e-05,1.551e-05,21456.60946141,0.33908171,1.58e-05,0.13234854000000104,0.11839487923076948,0.17342072558823493,1.5596666666666656e-05,1.5448461538461534e-05,1.5211470588235296e-05
450,1.559e-05,1542600000,1.607e-05,1.559e-05,1.6e-05,32298.61720137,0.51154634,1.583e-05,0.3028639866666677,0.15759424846153872,0.16841263352941138,1.565999999999999e-05,1.5522307692307686e-05,1.5223529411764707e-05
451,1.525e-05,1542607200,1.55e-05,1.502e-05,1.55e-05,6549.41543739,0.09944092,1.518e-05,0.3166896566666677,0.16495596461538486,0.1705292373529408,1.5573333333333322e-05,1.555384615384615e-05,1.5228235294117644e-05
452,1.435e-05,1542614400,1.525e-05,1.407e-05,1.525e-05,80231.57350195,1.16393473,1.45e-05,0.5916406633333344,0.22947619769230798,0.18466346176470552,1.5063333333333322e-05,1.5480769230769225e-05,1.5200588235294113e-05
453,1.435e-05,1542621600,1.435e-05,1.413e-05,1.413e-05,2364.02056357,0.03382637,1.43e-05,0.4324006733333345,0.21321533230769257,0.180177759705882,1.4649999999999985e-05,1.5397692307692302e-05,1.5172647058823526e-05
454,1.436e-05,1542628800,1.453e-05,1.432e-05,1.435e-05,1335.52893945,0.0192494,1.441e-05,0.40567016666666783,0.20801719307692335,0.17489933470588198,1.4353333333333318e-05,1.5317692307692303e-05,1.514441176470588e-05
455,1.432e-05,1542636000,1.436e-05,1.392e-05,1.436e-05,14267.46187829,0.20186011,1.414e-05,0.08497862666666782,0.20513355846153875,0.18030891588235257,1.434333333333332e-05,1.5207692307692302e-05,1.5117352941176467e-05
456,1.432e-05,1542643200,1.455e-05,1.412e-05,1.433e-05,7307.85772626,0.10514345,1.438e-05,0.10875098666666783,0.20498920846153873,0.1833110279411761,1.433333333333332e-05,1.512384615384615e-05,1.5085294117647054e-05
457,1.432e-05,1542650400,1.441e-05,1.413e-05,1.434e-05,1638.51233779,0.02338522,1.427e-05,0.1101295933333345,0.20114112769230796,0.18172950323529374,1.4319999999999987e-05,1.4999230769230768e-05,1.5044705882352936e-05
