,date,open,high,low,close,volume,avg_vol_3,avg_vol_13,avg_vol_34,avg_close_3,avg_close_13,avg_close_34
0,1545649200000,0.05220000,0.05274000,0.05188000,0.05259000,720424.30000000,-99999.0,-99999.0,-99999.0,-99999.0,-99999.0,-99999.0
1,1545651000000,0.05280000,0.05341000,0.05267000,0.05279000,591364.70000000,-99999.0,-99999.0,-99999.0,-99999.0,-99999.0,-99999.0
2,1545652800000,0.05263000,0.05291000,0.05230000,0.05265000,1866362.60000000,1059383.8666666667,-99999.0,-99999.0,0.05267666666666667,-99999.0,-99999.0
3,1545654600000,0.05267000,0.05281000,0.05256000,0.05270000,423484.30000000,960403.8666666666,-99999.0,-99999.0,0.052713333333333334,-99999.0,-99999.0
4,1545656400000,0.05270000,0.05320000,0.05265000,0.05279000,490256.50000000,926701.1333333332,-99999.0,-99999.0,0.052713333333333334,-99999.0,-99999.0
5,1545658200000,0.05272000,0.05310000,0.01001000,0.05278000,2400646.00000000,1104795.5999999999,-99999.0,-99999.0,0.05275666666666667,-99999.0,-99999.0
6,1545660000000,0.05274000,0.05310000,0.05259000,0.05291000,408360.90000000,1099754.4666666666,-99999.0,-99999.0,0.05282666666666666,-99999.0,-99999.0
7,1545661800000,0.05289000,0.05300000,0.05255000,0.05255000,1006785.40000000,1271930.7666666666,-99999.0,-99999.0,0.052746666666666664,-99999.0,-99999.0
8,1545663600000,0.05255000,0.05361000,0.05255000,0.05352000,851060.60000000,755402.2999999998,-99999.0,-99999.0,0.05299333333333334,-99999.0,-99999.0
9,1545665400000,0.05352000,0.05390000,0.05316000,0.05348000,1319908.20000000,1059251.4,-99999.0,-99999.0,0.05318333333333334,-99999.0,-99999.0
10,1545667200000,0.05370000,0.05416000,0.05272000,0.05315000,3980914.90000000,2050627.8999999997,-99999.0,-99999.0,0.05338333333333334,-99999.0,-99999.0
11,1545669000000,0.05332000,0.05334000,0.05215000,0.05257000,266742.70000000,1855855.2666666666,-99999.0,-99999.0,0.05306666666666667,-99999.0,-99999.0
12,1545670800000,0.05262000,0.05312000,0.05262000,0.05287000,814492.30000000,1687383.2999999998,1164677.1846153846,-99999.0,0.05286333333333334,0.052873076923076925,-99999.0
13,1545672600000,0.05277000,0.05277000,0.05232000,0.05244000,340119.80000000,473784.9333333331,1135422.9923076923,-99999.0,0.05262666666666666,0.05286153846153847,-99999.0
14,1545674400000,0.05249000,0.05262000,0.05217000,0.05222000,632310.70000000,595640.9333333331,1138572.6846153846,-99999.0,0.05251,0.052817692307692315,-99999.0
15,1545676200000,0.05222000,0.05225000,0.05113000,0.05135000,1733210.30000000,901880.2666666666,1128330.2000000002,-99999.0,0.05200333333333334,0.05271769230769231,-99999.0
16,1545678000000,0.05145000,0.05222000,0.05118000,0.05118000,1655383.40000000,1340301.4666666666,1223091.6692307694,-99999.0,0.051583333333333335,0.05260076923076924,-99999.0
17,1545679800000,0.05154000,0.05192000,0.05118000,0.05173000,1157789.00000000,1515460.8999999997,1274440.3230769234,-99999.0,0.05142,0.052519230769230776,-99999.0
18,1545681600000,0.05170000,0.05246000,0.05146000,0.05246000,703467.00000000,1172213.133333333,1143888.0923076926,-99999.0,0.05179,0.05249461538461538,-99999.0
19,1545683400000,0.05246000,0.05246000,0.05186000,0.05186000,789994.50000000,883750.1666666665,1173244.5230769233,-99999.0,0.052016666666666676,0.05241384615384615,-99999.0
20,1545685200000,0.05186000,0.05256000,0.05085000,0.05117000,1229574.20000000,907678.5666666664,1190382.1230769232,-99999.0,0.05183000000000001,0.05230769230769231,-99999.0
21,1545687000000,0.05139000,0.05203000,0.05102000,0.05202000,1700783.90000000,1240117.5333333332,1255745.4538461538,-99999.0,0.05168333333333334,0.05219230769230769,-99999.0
22,1545688800000,0.05193000,0.05195000,0.05100000,0.05152000,197343.20000000,1042567.1,1169394.3,-99999.0,0.051570000000000005,0.052041538461538465,-99999.0
23,1545690600000,0.05147000,0.05151000,0.05097000,0.05097000,555279.30000000,817802.1333333332,905883.8692307693,-99999.0,0.051503333333333345,0.05187384615384615,-99999.0
24,1545692400000,0.05095000,0.05148000,0.05092000,0.05140000,556390.10000000,436337.5333333332,928164.4384615385,-99999.0,0.05129666666666668,0.05178384615384615,-99999.0
25,1545694200000,0.05145000,0.05164000,0.05114000,0.05164000,486977.80000000,532882.3999999999,902971.0153846155,-99999.0,0.05133666666666667,0.05168923076923077,-99999.0
26,1545696000000,0.05153000,0.05154000,0.04924000,0.04984000,4326318.30000000,1789895.4000000001,1209601.6692307692,-99999.0,0.050960000000000005,0.051489230769230766,-99999.0
27,1545697800000,0.04984000,0.05063000,0.04950000,0.05034000,1894371.60000000,2235889.233333334,1306683.276923077,-99999.0,0.05060666666666667,0.051344615384615384,-99999.0
28,1545699600000,0.05034000,0.05095000,0.05033000,0.05062000,1173253.10000000,2464647.666666667,1263609.6461538463,-99999.0,0.050266666666666675,0.05128846153846153,-99999.0
29,1545701400000,0.05088000,0.05115000,0.05084000,0.05114000,684556.00000000,1250726.9000000004,1188930.6153846155,-99999.0,0.0507,0.05128538461538461,-99999.0
30,1545703200000,0.05135000,0.05165000,0.05064000,0.05125000,1492140.60000000,1116649.9000000001,1214649.9692307694,-99999.0,0.05100333333333334,0.05124846153846153,-99999.0
31,1545705000000,0.05124000,0.05124000,0.05040000,0.05052000,413075.70000000,863257.4333333336,1192312.176923077,-99999.0,0.05097000000000001,0.051099230769230765,-99999.0
32,1545706800000,0.05105000,0.05112000,0.05078000,0.05085000,411493.20000000,772236.5000000003,1163196.6923076923,-99999.0,0.05087333333333335,0.05102153846153845,-99999.0
33,1545708600000,0.05067000,0.05110000,0.05033000,0.05033000,1097352.30000000,640640.4000000003,1153025.776923077,1128587.8647058825,0.050566666666666676,0.05095692307692306,0.051888235294117645
34,1545710400000,0.05034000,0.05127000,0.05013000,0.05120000,212806.20000000,573883.9000000003,1038565.9538461539,1113657.9205882356,0.050793333333333336,0.050893846153846144,0.05184735294117647
35,1545712200000,0.05108000,0.05152000,0.05096000,0.05102000,276408.80000000,528855.766666667,1044647.9230769232,1104394.511764706,0.050850000000000006,0.0508553846153846,0.051795294117647064
36,1545714000000,0.05101000,0.05210000,0.05096000,0.05206000,1152480.10000000,547231.7000000004,1090586.446153846,1083397.967647059,0.051426666666666676,0.05093923076923076,0.05177794117647059
37,1545715800000,0.05206000,0.05206000,0.05128000,0.05157000,924800.90000000,784563.2666666671,1118925.7384615387,1098142.573529412,0.05155000000000001,0.05095230769230768,0.05174470588235294
38,1545717600000,0.05156000,0.05177000,0.05154000,0.05161000,440713.30000000,839331.4333333337,1115366.930769231,1096685.4205882354,0.051746666666666684,0.05094999999999999,0.05171
39,1545719400000,0.05161000,0.05162000,0.05103000,0.05112000,113168.70000000,492894.30000000045,791278.5,1029406.6764705884,0.05143333333333335,0.05104846153846153,0.05166117647058824
40,1545721200000,0.05130000,0.05130000,0.05079000,0.05079000,178860.50000000,244247.50000000044,659316.1076923077,1022656.6647058827,0.05117333333333335,0.051083076923076905,0.05159882352941176
41,1545723000000,0.05085000,0.05111000,0.05016000,0.05102000,1072172.50000000,454733.90000000043,651540.676923077,1024579.8147058827,0.05097666666666669,0.051113846153846135,0.05155382352941176
42,1545724800000,0.05110000,0.05159000,0.05110000,0.05156000,478448.50000000,576493.8333333338,635686.2538461538,1013620.635294118,0.051123333333333354,0.051146153846153834,0.05149617647058823
43,1545726600000,0.05176000,0.05176000,0.05130000,0.05159000,1585471.00000000,1045364.0000000005,642865.5153846155,1021431.3058823531,0.05139000000000002,0.05117230769230768,0.05144058823529412
44,1545728400000,0.05159000,0.05181000,0.05144000,0.05156000,403943.70000000,822621.0666666672,642163.0538461539,916226.2705882356,0.05157000000000001,0.05125230769230768,0.05139382352941176
45,1545730200000,0.05156000,0.05234000,0.05145000,0.05228000,315377.40000000,768264.0333333338,634769.5307692307,917656.7029411767,0.051810000000000016,0.051362307692307686,0.051385294117647064
46,1545732000000,0.05235000,0.05237000,0.05196000,0.05214000,105497.50000000,274939.53333333385,558473.0076923077,896803.9147058827,0.05199333333333334,0.05150153846153845,0.05136382352941177
47,1545733800000,0.05227000,0.05227000,0.05192000,0.05225000,144236.30000000,188370.40000000052,553198.3999999999,891042.635294118,0.052223333333333344,0.051582307692307684,0.05135823529411765
48,1545735600000,0.05226000,0.05327000,0.05226000,0.05294000,564810.10000000,271514.6333333339,575383.1153846153,889057.323529412,0.05244333333333334,0.05172999999999999,0.05137941176470589
49,1545737400000,0.05286000,0.05320000,0.05175000,0.05197000,2529612.20000000,1079552.8666666674,681316.3538461538,912480.9088235297,0.052386666666666686,0.05172307692307691,0.051397647058823534
50,1545739200000,0.05199000,0.05199000,0.05184000,0.05185000,46739.20000000,1047053.8333333341,613773.146153846,865167.8441176474,0.05225333333333335,0.051744615384615375,0.05141735294117648
51,1545741000000,0.05185000,0.05230000,0.05185000,0.05230000,53636.90000000,876662.7666666674,583998.0384615384,832692.7823529415,0.05204000000000003,0.051797692307692295,0.051434117647058825
52,1545742800000,0.05199000,0.05220000,0.05185000,0.05207000,47869.70000000,49415.26666666738,578975.0384615384,813410.5088235297,0.05207333333333336,0.05187076923076921,0.05142264705882354
53,1545744600000,0.05185000,0.05191000,0.05159000,0.05171000,203387.20000000,101631.26666666738,580861.7076923077,796157.3529411767,0.05202666666666669,0.05194153846153845,0.051418235294117653
54,1545746400000,0.05185000,0.05205000,0.05150000,0.05201000,415971.20000000,222409.36666666737,530384.6846153846,772227.8529411767,0.05193000000000003,0.0520176923076923,0.05144294117647059
55,1545748200000,0.05186000,0.05186000,0.05124000,0.05130000,444646.30000000,354668.23333333404,527784.5153846153,735282.629411765,0.05167333333333337,0.05199769230769229,0.051421764705882354
56,1545750000000,0.05140000,0.05143000,0.05039000,0.05089000,990969.90000000,617195.8000000006,482053.6615384615,758624.5911764709,0.05140000000000003,0.05194384615384614,0.05140323529411765
57,1545751800000,0.05089000,0.05131000,0.05055000,0.05111000,201628.30000000,545748.1666666673,466490.9384615384,748223.0911764709,0.051100000000000034,0.05190923076923075,0.051407352941176473
58,1545753600000,0.05138000,0.05197000,0.05102000,0.05168000,1135850.80000000,776149.6666666674,529604.2769230768,765266.0529411767,0.0512266666666667,0.0518630769230769,0.05141558823529412
59,1545755400000,0.05163000,0.05197000,0.05145000,0.05145000,296899.40000000,544792.8333333341,544327.4999999999,759675.5117647061,0.051413333333333366,0.05180999999999998,0.05141000000000001
60,1545757200000,0.05145000,0.05150000,0.05099000,0.05128000,523857.50000000,652202.5666666675,573529.1307692307,647838.4294117648,0.05147000000000004,0.05173538461538459,0.05145235294117648
61,1545759000000,0.05128000,0.05143000,0.05104000,0.05138000,492481.00000000,437745.9666666673,567965.3538461538,606606.3529411766,0.051370000000000034,0.05161538461538459,0.05148294117647059
62,1545760800000,0.05135000,0.05188000,0.05133000,0.05183000,352404.80000000,456247.76666666736,400487.86153846147,582463.755882353,0.05149666666666671,0.05160461538461537,0.051518529411764706
63,1545762600000,0.05156000,0.05180000,0.05127000,0.05127000,600647.10000000,481844.30000000075,443096.16153846146,579995.8470588237,0.051493333333333384,0.05155999999999999,0.05152235294117647
64,1545764400000,0.05132000,0.05162000,0.05131000,0.05162000,109552.20000000,354201.3666666674,447397.33846153837,539331.4823529413,0.05157333333333338,0.051507692307692296,0.051533235294117644
65,1545766200000,0.05140000,0.05182000,0.05130000,0.05159000,460325.20000000,390174.833333334,479124.6846153845,540721.1735294118,0.05149333333333337,0.05147076923076922,0.05156470588235294
66,1545768000000,0.05159000,0.05167000,0.05130000,0.05144000,503945.70000000,357941.03333333397,502244.5692307691,543440.3647058824,0.05155000000000003,0.051449999999999996,0.05158205882352941
67,1545769800000,0.05125000,0.05149000,0.05111000,0.05131000,254934.90000000,406401.933333334,489857.16153846146,518663.3823529412,0.051446666666666696,0.05139615384615384,0.05161088235294117
68,1545771600000,0.05122000,0.05141000,0.05111000,0.05132000,332869.40000000,363916.6666666674,481258.9384615384,522194.65294117643,0.051356666666666696,0.051397692307692304,0.05161441176470588
69,1545773400000,0.05132000,0.05148000,0.05119000,0.05143000,400217.40000000,329340.5666666674,435816.4384615384,525836.082352941,0.05135333333333336,0.051439230769230765,0.051626470588235295
70,1545775200000,0.05129000,0.05143000,0.05073000,0.05104000,808620.30000000,513902.36666666745,482508.1307692307,515722.5588235293,0.05126333333333336,0.05143384615384615,0.0515964705882353
71,1545777000000,0.05104000,0.05178000,0.05072000,0.05169000,1815191.80000000,1008009.8333333341,534765.1307692307,541910.5264705882,0.0513866666666667,0.051434615384615384,0.05160000000000001
72,1545778800000,0.05162000,0.05191000,0.05140000,0.05176000,688151.00000000,1103987.700000001,564861.4076923076,549188.1058823529,0.0514966666666667,0.051458461538461536,0.05160441176470589
73,1545780600000,0.05171000,0.05238000,0.05161000,0.05238000,224915.80000000,909419.5333333341,541865.8923076922,552474.7852941176,0.05194333333333337,0.05154307692307692,0.0516414705882353
74,1545782400000,0.05237000,0.05254000,0.05212000,0.05254000,651832.80000000,521633.2000000007,554123.7230769229,566385.7352941176,0.0522266666666667,0.05163230769230769,0.051692941176470594
75,1545784200000,0.05246000,0.05346000,0.05243000,0.05318000,2011239.90000000,962662.833333334,681726.4230769229,594005.3647058823,0.05270000000000003,0.05173615384615385,0.0517564705882353
76,1545786000000,0.05348000,0.05392000,0.05296000,0.05296000,2618544.70000000,1760539.133333334,836949.3153846153,656949.3705882352,0.05289333333333337,0.05186615384615385,0.05179764705882353
77,1545787800000,0.05303000,0.05329000,0.05302000,0.05312000,527611.50000000,1719132.0333333341,869107.723076923,625835.8558823529,0.0530866666666667,0.051981538461538454,0.05184264705882353
78,1545789600000,0.05312000,0.05333000,0.05290000,0.05305000,644734.50000000,1263630.233333334,883293.0538461539,632917.9382352941,0.053043333333333366,0.05209384615384615,0.0518864705882353
79,1545791400000,0.05293000,0.05330000,0.05293000,0.05324000,450847.40000000,541064.4666666674,879208.5692307694,636902.35,0.0531366666666667,0.05223230769230768,0.05191470588235294
80,1545793200000,0.05326000,0.05326000,0.05295000,0.05321000,196530.30000000,430704.0666666674,874715.9076923078,639579.7852941176,0.0531666666666667,0.052378461538461527,0.05194617647058823
81,1545795000000,0.05296000,0.05384000,0.05296000,0.05363000,857166.40000000,501514.7000000008,915046.4461538463,660548.3176470587,0.05336000000000004,0.05255615384615383,0.05198676470588235
82,1545796800000,0.05366000,0.05375000,0.05195000,0.05358000,704470.20000000,586055.6333333342,938450.5076923078,664655.9676470587,0.05347333333333337,0.052721538461538445,0.052005588235294116
83,1545798600000,0.05349000,0.05358000,0.05337000,0.05337000,350309.00000000,637315.2000000009,903195.7923076923,600558.8147058822,0.0535266666666667,0.052900769230769217,0.05204676470588235
84,1545800400000,0.05325000,0.05329000,0.05312000,0.05323000,31987.50000000,362255.5666666675,766026.2307692308,600124.9411764705,0.05339333333333337,0.053019230769230756,0.05208735294117646
85,1545802200000,0.05323000,0.05358000,0.05312000,0.05335000,103289.00000000,161861.8333333342,721036.8461538461,601585.2970588235,0.0533166666666667,0.05314153846153845,0.05211823529411764
86,1545804000000,0.05335000,0.05344000,0.05329000,0.05329000,221461.90000000,118912.80000000086,720771.1615384615,606690.95,0.05329000000000003,0.05321153846153844,0.052154117647058816
87,1545805800000,0.05325000,0.05349000,0.05325000,0.05349000,144327.30000000,156359.40000000087,681732.276923077,604953.894117647,0.053376666666666704,0.05328461538461537,0.05220647058823529
88,1545807600000,0.05350000,0.05352000,0.05310000,0.05335000,873068.00000000,412952.40000000084,594180.5923076923,618397.9176470588,0.053376666666666704,0.05329769230769229,0.05224588235294118
89,1545809400000,0.05333000,0.05334000,0.05302000,0.05320000,250332.10000000,422575.8000000009,412010.3923076922,612682.7941176471,0.0533466666666667,0.05331615384615383,0.05230176470588235
90,1545811200000,0.05320000,0.05347000,0.05313000,0.05315000,928019.50000000,683806.5333333343,442811.0076923076,610831.3117647059,0.05323333333333336,0.05331846153846153,0.052368235294117646
91,1545813000000,0.05323000,0.05353000,0.05302000,0.05353000,304972.10000000,494441.23333333415,416675.43846153835,613870.8352941177,0.05329333333333336,0.053355384615384596,0.05243941176470588
92,1545814800000,0.05350000,0.05372000,0.05306000,0.05306000,902201.90000000,711731.1666666674,451395.0153846153,606998.8088235294,0.05324666666666669,0.05334153846153845,0.052480000000000006
93,1545816600000,0.05305000,0.05321000,0.05286000,0.05286000,666231.20000000,624468.4000000007,487525.85384615377,617861.5088235295,0.053150000000000024,0.05331461538461538,0.052521470588235294
94,1545818400000,0.05282000,0.05282000,0.05236000,0.05275000,1042251.60000000,870228.233333334,501763.17692307674,633108.3941176471,0.05289000000000002,0.05324692307692307,0.052564705882352944
95,1545820200000,0.05269000,0.05293000,0.05250000,0.05283000,267377.50000000,658620.1000000007,468140.66153846134,626487.7029411765,0.05281333333333336,0.053189230769230766,0.05260735294117647
96,1545822000000,0.05283000,0.05283000,0.05249000,0.05283000,361736.70000000,557121.9333333342,469019.71538461524,626762.1705882354,0.05280333333333336,0.053147692307692306,0.052636764705882355
97,1545823800000,0.05283000,0.05314000,0.05283000,0.05314000,383602.10000000,337572.10000000073,496066.9923076921,620378.4941176471,0.05293333333333336,0.05314076923076923,0.052691764705882355
98,1545825600000,0.05314000,0.05341000,0.05314000,0.05316000,1358667.10000000,701335.3000000007,592634.5384615383,657117.167647059,0.053043333333333366,0.05312615384615384,0.052737058823529415
99,1545827400000,0.05324000,0.05350000,0.05309000,0.05350000,96033.20000000,612767.4666666675,582986.1769230767,646402.6970588237,0.053266666666666705,0.05314230769230769,0.052793235294117655
100,1545829200000,0.05329000,0.05350000,0.05307000,0.05333000,329954.60000000,594884.9666666674,597265.1999999998,641285.311764706,0.05333000000000004,0.05313,0.052848823529411774
101,1545831000000,0.05346000,0.05357000,0.05343000,0.05351000,245519.40000000,223835.733333334,548992.2307692306,641008.3852941178,0.0534466666666667,0.05314230769230769,0.05291352941176471
102,1545832800000,0.05348000,0.05348000,0.05284000,0.05314000,100738.00000000,225404.0000000007,537484.9923076922,634180.9911764708,0.053326666666666696,0.0531376923076923,0.05296705882352942
103,1545834600000,0.05305000,0.05389000,0.05285000,0.05360000,3677170.20000000,1341142.533333334,748958.123076923,730561.9558823531,0.0534166666666667,0.05317230769230768,0.053030882352941185
104,1545836400000,0.05369000,0.05369000,0.05300000,0.05369000,447870.10000000,1408592.7666666673,759950.2769230767,719951.6558823532,0.05347666666666671,0.05318461538461538,0.05310882352941177
105,1545838200000,0.05368000,0.05371000,0.05307000,0.05350000,112632.60000000,1412557.6333333338,699214.1769230767,669876.385294118,0.05359666666666671,0.053218461538461534,0.05316205882352942
106,1545840000000,0.05333000,0.05370000,0.05328000,0.05370000,260957.40000000,273820.03333333385,668039.2692307691,657311.867647059,0.05363000000000004,0.05328307692307691,0.05321911764705883
107,1545841800000,0.05370000,0.05388000,0.05363000,0.05388000,351244.90000000,241611.6333333338,614884.9076923076,661027.4294117648,0.05369333333333337,0.053369999999999994,0.05326323529411765
108,1545843600000,0.05384000,0.05399000,0.05365000,0.05388000,670965.30000000,427722.53333333385,645930.1230769231,661590.1500000001,0.053820000000000034,0.053450769230769225,0.05330264705882354
109,1545845400000,0.05380000,0.05383000,0.05358000,0.05383000,525467.20000000,515892.4666666672,658524.776923077,617890.9529411766,0.05386333333333337,0.053527692307692304,0.05332176470588236
110,1545847200000,0.05359000,0.05380000,0.05356000,0.05364000,151286.50000000,449239.66666666715,640654.3461538461,545324.5352941179,0.05378333333333337,0.05356615384615385,0.05334176470588236
111,1545849000000,0.05377000,0.05387000,0.05347000,0.05373000,221672.40000000,299475.3666666671,553193.2153846155,536326.3264705883,0.053733333333333376,0.05361,0.05335970588235295
112,1545850800000,0.05373000,0.05387000,0.05272000,0.05349000,926025.40000000,432994.7666666671,617038.7692307692,544599.5882352942,0.053620000000000036,0.05360923076923077,0.05337264705882354
113,1545852600000,0.05358000,0.05377000,0.05351000,0.05351000,251074.80000000,466257.53333333385,610971.0923076924,538723.9235294119,0.05357666666666671,0.05362307692307692,0.053380588235294124
114,1545854400000,0.05367000,0.05387000,0.05367000,0.05380000,697739.50000000,624946.5666666672,645757.2538461538,553465.3705882354,0.053600000000000037,0.05364538461538461,0.0533979411764706
115,1545856200000,0.05380000,0.05387000,0.05327000,0.05347000,838367.10000000,595727.1333333339,702497.9538461539,552912.4500000002,0.05359333333333336,0.05367076923076923,0.05339323529411765
116,1545858000000,0.05341000,0.05347000,0.05311000,0.05339000,396783.20000000,644296.6000000007,450160.49230769224,543862.8323529414,0.05355333333333336,0.05365461538461539,0.05338764705882354
117,1545859800000,0.05347000,0.05363000,0.05325000,0.05350000,947376.50000000,727508.9333333339,488584.06153846154,561423.6411764708,0.05345333333333335,0.05364000000000001,0.053391470588235304
118,1545861600000,0.05361000,0.05397000,0.05355000,0.05376000,1681759.40000000,1008639.7000000005,609286.1230769231,609946.3441176473,0.05355000000000002,0.053660000000000006,0.053407058823529426
119,1545863400000,0.05380000,0.05397000,0.05357000,0.05384000,320025.40000000,983053.7666666671,613829.8153846153,616320.9441176472,0.053700000000000025,0.05367076923076924,0.05342147058823531
120,1545865200000,0.05355000,0.05378000,0.05337000,0.05337000,58689.50000000,686824.7666666671,591325.5538461538,611533.5205882355,0.05365666666666669,0.05363153846153847,0.05342382352941178
121,1545867000000,0.05352000,0.05386000,0.05334000,0.05386000,423292.00000000,267335.63333333377,572273.7615384615,619738.3647058825,0.05369000000000002,0.053630000000000004,0.053434705882352954
122,1545868800000,0.05379000,0.05386000,0.05354000,0.05357000,205813.80000000,229265.10000000044,547685.0384615384,600113.2411764708,0.05360000000000003,0.053610000000000005,0.05344117647058825
123,1545870600000,0.05354000,0.05383000,0.05338000,0.05371000,178570.30000000,269225.3666666671,549783.7923076922,598002.6000000002,0.05371333333333336,0.05361538461538462,0.05345617647058825
124,1545872400000,0.05371000,0.05384000,0.05276000,0.05381000,465796.00000000,283393.3666666671,568562.5307692307,584407.7911764708,0.0536966666666667,0.05362153846153847,0.05347558823529413
125,1545874200000,0.05367000,0.05380000,0.05352000,0.05352000,86305.20000000,243557.16666666706,503968.6692307691,577976.411764706,0.053680000000000026,0.05362384615384616,0.053475294117647065
126,1545876000000,0.05354000,0.05371000,0.05342000,0.05369000,80479.40000000,210860.20000000042,490845.94615384605,553808.1029411766,0.05367333333333336,0.053637692307692324,0.05349382352941177
127,1545877800000,0.05351000,0.05376000,0.05351000,0.05373000,71208.00000000,79330.86666666709,442651.2153846153,536307.4205882354,0.0536466666666667,0.053632307692307715,0.05351941176470589
128,1545879600000,0.05373000,0.05386000,0.05353000,0.05386000,260405.30000000,137364.23333333374,398192.6153846153,513311.9411764707,0.05376000000000003,0.05366230769230772,0.05355205882352942
129,1545881400000,0.05386000,0.05386000,0.05375000,0.05385000,230719.50000000,187444.26666666707,385418.48461538454,512233.76470588247,0.05381333333333336,0.05369769230769232,0.05358205882352942
130,1545883200000,0.05376000,0.05388000,0.05376000,0.05386000,88706.50000000,193277.1000000004,319366.94615384605,504203.4647058825,0.05385666666666669,0.05372538461538463,0.05361235294117648
131,1545885000000,0.05374000,0.05388000,0.05371000,0.05371000,71040.30000000,130155.43333333376,195465.47692307684,495010.4705882354,0.0538066666666667,0.05372153846153848,0.053629117647058834
132,1545886800000,0.05363000,0.05363000,0.05347000,0.05347000,163637.00000000,107794.6000000004,183435.59999999992,459862.52647058835,0.053680000000000026,0.05369307692307694,0.05363823529411765
133,1545888600000,0.05380000,0.05383000,0.05342000,0.05347000,516213.70000000,250297.00000000038,218629.76923076916,472220.77647058835,0.05355000000000002,0.053700769230769246,0.05363735294117647
134,1545890400000,0.05382000,0.05397000,0.05380000,0.05396000,416090.50000000,365313.7333333337,218075.80769230763,474754.1852941178,0.05363333333333336,0.05370846153846155,0.05365588235294117
135,1545892200000,0.05396000,0.05399000,0.05373000,0.05373000,672262.60000000,534855.6000000004,253956.48461538457,487305.4558823531,0.053720000000000025,0.05372076923076925,0.05366235294117647
136,1545894000000,0.05392000,0.05424000,0.05392000,0.05424000,467005.50000000,518452.8666666671,276143.80769230763,498078.02941176493,0.0539766666666667,0.05376153846153848,0.05369470588235294
137,1545895800000,0.05420000,0.05428000,0.05412000,0.05428000,214622.40000000,451296.8333333337,256822.7615384615,396238.3882352943,0.054083333333333365,0.05379769230769232,0.05371470588235294
138,1545897600000,0.05429000,0.05468000,0.05429000,0.05444000,313915.30000000,331847.73333333374,274331.2307692307,392298.5411764708,0.054320000000000035,0.05386846153846155,0.05373676470588235
139,1545899400000,0.05444000,0.05444000,0.05422000,0.05423000,917455.90000000,481997.8666666671,338714.0384615384,415969.8147058826,0.0543166666666667,0.05391000000000001,0.05375823529411765
140,1545901200000,0.05410000,0.05439000,0.05405000,0.05434000,663288.50000000,631553.2333333339,384258.69230769225,427803.0823529414,0.0543366666666667,0.05395692307692308,0.05377705882352941
141,1545903000000,0.05421000,0.05439000,0.05400000,0.05400000,477222.00000000,685988.8000000005,400936.89999999997,431508.2911764708,0.05419000000000004,0.053967692307692314,0.05378058823529412
142,1545904800000,0.05390000,0.05413000,0.05364000,0.05413000,114835.40000000,418448.63333333394,392022.73846153845,415151.52941176493,0.05415666666666671,0.05398923076923078,0.053787941176470594
143,1545906600000,0.05397000,0.05416000,0.05397000,0.05400000,129724.70000000,240594.0333333339,395177.9846153846,403512.0441176473,0.05404333333333337,0.05400000000000001,0.05379294117647059
144,1545908400000,0.05400000,0.05434000,0.05400000,0.05431000,44051.80000000,96203.96666666726,393101.94615384616,400358.0823529414,0.054146666666666704,0.054046153846153855,0.05381264705882354
145,1545910200000,0.05431000,0.05431000,0.05388000,0.05388000,111298.80000000,95025.1000000006,389075.93076923076,397111.8000000003,0.05406333333333337,0.05407769230769232,0.05381705882352942
146,1545912000000,0.05395000,0.05426000,0.05395000,0.05419000,295916.80000000,150422.46666666723,372130.01538461534,378579.1941176473,0.05412666666666671,0.05413307692307693,0.05383764705882353
147,1545913800000,0.05434000,0.05434000,0.05423000,0.05424000,20334.70000000,142516.76666666724,341687.2615384615,371792.72058823553,0.054103333333333385,0.054154615384615384,0.05385911764705883
148,1545915600000,0.05440000,0.05500000,0.05439000,0.05500000,447677.70000000,254643.06666666723,324411.5,364437.96176470607,0.05447666666666671,0.054252307692307704,0.053894411764705885
149,1545917400000,0.05510000,0.05521000,0.05463000,0.05485000,305792.70000000,257935.0333333339,312010.5153846154,348774.0088235296,0.054696666666666706,0.05429923076923078,0.05393500000000001
150,1545919200000,0.05485000,0.05494000,0.05480000,0.05480000,97294.40000000,283588.26666666724,302985.28461538465,339965.5147058826,0.054883333333333374,0.05433923076923078,0.0539764705882353
151,1545921000000,0.05480000,0.05488000,0.05478000,0.05488000,87231.20000000,163439.4333333339,285548.0461538462,314667.12352941197,0.054843333333333376,0.05437307692307693,0.05401705882352942
152,1545922800000,0.05491000,0.05491000,0.05452000,0.05479000,926532.20000000,370352.60000000056,286246.22307692317,292454.5588235296,0.05482333333333337,0.05441615384615385,0.05404735294117647
153,1545924600000,0.05479000,0.05488000,0.05471000,0.05471000,73465.90000000,362409.76666666724,240875.2538461539,285202.8088235296,0.05479333333333338,0.05444461538461539,0.054072941176470594
154,1545926400000,0.05471000,0.05486000,0.05455000,0.05455000,362862.20000000,454286.76666666724,232078.3461538462,294149.0647058825,0.05468333333333338,0.05448692307692308,0.05410764705882354
155,1545928200000,0.05478000,0.05487000,0.05451000,0.05460000,990442.00000000,475590.0333333339,299432.70000000007,310829.94705882366,0.05462000000000005,0.054523076923076924,0.05412941176470589
156,1545930000000,0.05449000,0.05476000,0.05430000,0.05436000,629584.30000000,660962.833333334,337883.4384615385,323293.7852941178,0.054503333333333376,0.05455076923076922,0.05415264705882354
157,1545931800000,0.05449000,0.05449000,0.05435000,0.05446000,367200.60000000,662408.9666666674,362741.03846153856,328841.73529411777,0.054473333333333374,0.05456230769230768,0.05417470588235295
158,1545933600000,0.05446000,0.05468000,0.05428000,0.05468000,736248.60000000,577677.833333334,410814.10000000003,336796.2235294119,0.05450000000000004,0.05462384615384614,0.054200294117647076
159,1545935400000,0.05452000,0.05473000,0.05451000,0.05454000,416562.00000000,506670.4000000006,420094.50000000006,346509.65882352955,0.054560000000000046,0.05465076923076922,0.05423029411764707
160,1545937200000,0.05477000,0.05500000,0.05370000,0.05371000,3732407.80000000,1628406.133333334,705638.5846153847,453919.3176470589,0.054310000000000046,0.05461,0.05423088235294119
161,1545939000000,0.05379000,0.05423000,0.05355000,0.05380000,1067863.80000000,1738944.5333333341,753345.2076923079,483232.7235294119,0.05401666666666671,0.054517692307692295,0.0542329411764706
162,1545940800000,0.05380000,0.05414000,0.05321000,0.05375000,1666046.10000000,2155439.2333333343,857980.0846153849,524575.1000000001,0.053753333333333375,0.05443307692307691,0.05422970588235295
163,1545942600000,0.05384000,0.05390000,0.05331000,0.05347000,347426.30000000,1027112.0666666677,877221.0000000002,528007.6529411766,0.05367333333333337,0.054330769230769224,0.054218529411764714
164,1545944400000,0.05334000,0.05381000,0.05332000,0.05352000,654892.40000000,889454.9333333342,920887.2461538465,544660.1794117647,0.05358000000000004,0.05422615384615384,0.05420852941176472
165,1545946200000,0.05358000,0.05358000,0.05332000,0.05332000,86814.80000000,363044.50000000076,856293.6000000004,545124.1352941177,0.05343666666666671,0.054113076923076917,0.054197058823529425
166,1545948000000,0.05366000,0.05370000,0.05343000,0.05366000,103591.80000000,281766.3333333341,858610.9769230775,543358.1000000001,0.05350000000000004,0.054032307692307685,0.05420264705882355
167,1545949800000,0.05370000,0.05432000,0.05370000,0.05397000,511421.70000000,233942.76666666742,870038.6307692312,543217.1588235295,0.05365000000000003,0.0539876923076923,0.054217352941176494
168,1545951600000,0.05398000,0.05475000,0.05398000,0.05448000,691589.90000000,435534.46666666743,847050.0076923083,551320.0823529412,0.0540366666666667,0.05397846153846153,0.05423264705882355
169,1545953400000,0.05440000,0.05441000,0.05380000,0.05380000,762236.20000000,655082.6000000007,857254.0000000005,553966.3647058823,0.05408333333333337,0.05393538461538461,0.05423470588235296
170,1545955200000,0.05380000,0.05469000,0.05370000,0.05424000,669946.30000000,707924.1333333341,880542.1307692312,559935.2117647058,0.05417333333333338,0.05391846153846153,0.05423470588235296
171,1545957000000,0.05455000,0.05477000,0.05417000,0.05425000,439183.40000000,623788.6333333341,857690.9615384621,566539.9470588235,0.05409666666666671,0.05388538461538461,0.054233823529411786
172,1545958800000,0.05426000,0.05436000,0.05401000,0.05434000,214413.80000000,441181.16666666744,842141.1000000007,563613.4323529411,0.054276666666666716,0.05387,0.0542308823529412
173,1545960600000,0.05417000,0.05417000,0.05302000,0.05329000,1240374.00000000,631323.7333333341,650446.1923076928,573111.0235294118,0.05396000000000004,0.0538376923076923,0.05420323529411767
174,1545962400000,0.05329000,0.05385000,0.05329000,0.05351000,504914.00000000,653233.933333334,607142.3615384621,568452.9500000001,0.053713333333333384,0.053815384615384605,0.05417882352941178
175,1545964200000,0.05346000,0.05408000,0.05340000,0.05379000,299096.30000000,681461.4333333339,501992.3769230775,563213.9588235294,0.05353000000000005,0.05381846153846153,0.05417264705882355
176,1545966000000,0.05379000,0.05385000,0.05341000,0.05341000,221999.40000000,342003.23333333404,492344.1538461545,566365.8411764706,0.05357000000000004,0.05381384615384614,0.05415147058823531
177,1545967800000,0.05343000,0.05367000,0.05341000,0.05341000,132282.50000000,217792.733333334,452143.3923076929,566441.0705882354,0.05353666666666671,0.0538053846153846,0.05413411764705883
178,1545969600000,0.05332000,0.05334000,0.05309000,0.05333000,247619.50000000,200633.80000000066,464512.98461538524,572428.355882353,0.05338333333333337,0.05380615384615383,0.05410529411764707
179,1545971400000,0.05322000,0.05334000,0.05322000,0.05334000,12744.00000000,130882.00000000065,457524.69230769295,569529.6852941177,0.05336000000000004,0.05378153846153844,0.05408941176470589
180,1545973200000,0.05343000,0.05353000,0.05336000,0.05336000,30186.20000000,96849.90000000066,420506.5769230776,561714.0794117646,0.053343333333333375,0.05373461538461537,0.054065000000000016
181,1545975000000,0.05330000,0.05336000,0.05290000,0.05336000,313422.90000000,118784.36666666732,391416.8076923083,570334.3205882353,0.053353333333333364,0.05364846153846152,0.05403911764705884
182,1545976800000,0.05337000,0.05337000,0.05325000,0.05330000,31106.40000000,124905.16666666733,335176.0538461545,558082.2235294117,0.05334000000000003,0.053609999999999984,0.05398911764705884
183,1545978600000,0.05350000,0.05356000,0.05313000,0.05326000,58749.00000000,134426.10000000065,288160.8769230776,550816.2323529412,0.053306666666666704,0.053534615384615375,0.05394235294117649
184,1545980400000,0.05330000,0.05357000,0.05330000,0.05357000,1521087.90000000,536981.1000000006,371384.3000000006,592692.5117647059,0.05337666666666671,0.053482307692307676,0.05390617647058825
185,1545982200000,0.05357000,0.05364000,0.05328000,0.05352000,46075.20000000,541970.7000000005,358435.17692307755,591482.0411764706,0.05345000000000003,0.053419230769230754,0.05386617647058825
186,1545984000000,0.05352000,0.05352000,0.05337000,0.05342000,39456.10000000,535539.733333334,266056.8769230775,565391.5676470589,0.05350333333333337,0.05342923076923076,0.053825882352941196
187,1545985800000,0.05337000,0.05374000,0.05337000,0.05369000,141348.50000000,75626.60000000063,238090.3000000006,567388.1147058824,0.053543333333333366,0.05344307692307691,0.05379588235294119
188,1545987600000,0.05373000,0.05394000,0.05353000,0.05394000,534994.20000000,238599.60000000065,256236.29230769293,572450.8205882354,0.05368333333333336,0.05345461538461537,0.053777941176470605
189,1545989400000,0.05394000,0.05441000,0.05394000,0.05441000,439846.60000000,372063.10000000056,272993.7692307699,556256.8382352942,0.054013333333333365,0.05353153846153845,0.05377235294117649
190,1545991200000,0.05440000,0.05476000,0.05440000,0.05476000,869248.80000000,614696.5333333339,329683.48461538524,563305.7941176472,0.05437000000000003,0.053635384615384606,0.05378411764705884
191,1545993000000,0.05476000,0.05476000,0.05440000,0.05447000,87146.70000000,465414.0333333339,317339.4230769237,555068.9147058824,0.05454666666666669,0.053723076923076915,0.0537844117647059
192,1545994800000,0.05430000,0.05430000,0.05369000,0.05386000,854426.40000000,603607.3000000006,382084.22307692375,558544.7323529412,0.054363333333333354,0.05376307692307692,0.05376029411764708
193,1545996600000,0.05386000,0.05420000,0.05367000,0.05411000,573640.60000000,505071.2333333339,423888.4076923083,563164.6911764706,0.05414666666666668,0.053820769230769235,0.05374764705882355
194,1545998400000,0.05435000,0.05435000,0.05361000,0.05370000,343185.60000000,590417.5333333339,426177.8461538467,463481.68529411766,0.05389000000000002,0.05384692307692308,0.053747352941176496
195,1546000200000,0.05366000,0.05410000,0.05366000,0.05371000,286990.70000000,401272.30000000057,445861.25384615443,440514.8294117647,0.05384000000000003,0.05387846153846154,0.053744705882352965
196,1546002000000,0.05403000,0.05437000,0.05398000,0.05429000,271144.60000000,300440.3000000006,462199.37692307745,399488.31470588234,0.05390000000000003,0.05395769230769231,0.053760588235294136
197,1546003800000,0.05433000,0.05433000,0.05380000,0.05380000,560527.50000000,372887.60000000056,388310.11538461596,405755.9970588235,0.05393333333333336,0.05397538461538461,0.05377029411764708
198,1546005600000,0.05399000,0.05435000,0.05399000,0.05435000,307218.70000000,379630.26666666724,408398.0769230775,395530.29999999993,0.0541466666666667,0.05403923076923077,0.05379470588235297
199,1546007400000,0.05435000,0.05435000,0.05401000,0.05402000,145971.60000000,337905.93333333393,416591.5769230775,397270.20588235284,0.0540566666666667,0.054085384615384605,0.05381529411764708
200,1546009200000,0.05431000,0.05451000,0.05413000,0.05450000,237478.40000000,230222.9000000006,423986.1846153852,401208.0470588234,0.054290000000000026,0.0541476923076923,0.05384000000000002
201,1546011000000,0.05445000,0.05491000,0.05391000,0.05490000,2555870.30000000,979773.4333333339,579438.1923076928,461338.88823529397,0.05447333333333335,0.054221538461538446,0.053867352941176484
202,1546012800000,0.05489000,0.05497000,0.05350000,0.05433000,1886334.90000000,1559894.533333334,690706.5230769237,496478.4470588234,0.05457666666666668,0.0542153846153846,0.0538629411764706
203,1546014600000,0.05446000,0.05485000,0.05431000,0.05458000,2041672.80000000,2161292.666666667,780892.9846153853,534108.9352941175,0.054603333333333344,0.05420153846153845,0.053885882352941186
204,1546016400000,0.05452000,0.05501000,0.05332000,0.05449000,389481.30000000,1439163.0000000002,804149.492307693,525859.9647058822,0.054466666666666684,0.05420307692307691,0.05389323529411766
205,1546018200000,0.05450000,0.05469000,0.05432000,0.05459000,43488.80000000,824880.9666666669,741769.6769230777,514221.8882352941,0.05455333333333334,0.054259230769230754,0.053903235294117655
206,1546020000000,0.05459000,0.05470000,0.05428000,0.05443000,100404.30000000,177791.46666666688,705366.8846153854,510868.6676470588,0.05450333333333335,0.05428384615384614,0.053905882352941185
207,1546021800000,0.05467000,0.05472000,0.05388000,0.05461000,383035.30000000,175642.8000000002,708432.2461538471,485652.82352941175,0.05454333333333335,0.05435384615384615,0.05394470588235295
208,1546023600000,0.05449000,0.05500000,0.05426000,0.05500000,466567.20000000,316668.9333333335,722245.8230769241,484524.97647058824,0.05468000000000001,0.05445307692307692,0.05398852941176471
209,1546025400000,0.05499000,0.05507000,0.05430000,0.05498000,928034.60000000,592545.7000000001,772775.8230769241,503023.1617647059,0.05486333333333335,0.05450615384615384,0.05402352941176471
210,1546027200000,0.05498000,0.05500000,0.05464000,0.05464000,316499.20000000,570367.0000000001,754004.4153846162,505802.56764705887,0.05487333333333335,0.054570769230769235,0.05405970588235295
211,1546029000000,0.05498000,0.05550000,0.05450000,0.05549000,1076083.30000000,773539.0333333333,813147.8461538472,533561.4147058824,0.05503666666666668,0.054658461538461545,0.054120882352941185
212,1546030800000,0.05549000,0.05550000,0.05528000,0.05528000,338675.00000000,577085.8333333334,827971.1846153856,536239.5176470588,0.055136666666666674,0.05475538461538462,0.05417823529411765
213,1546032600000,0.05529000,0.05531000,0.05496000,0.05509000,341259.50000000,585339.2666666667,835954.3461538472,545901.7382352941,0.05528666666666668,0.054800769230769236,0.05422970588235295
214,1546034400000,0.05511000,0.05528000,0.05509000,0.05525000,374685.80000000,351540.10000000003,668170.9230769242,556034.0794117647,0.05520666666666668,0.05482769230769232,0.05428529411764707
215,1546036200000,0.05525000,0.05537000,0.05502000,0.05502000,309106.70000000,341684.0,546845.676923078,555907.1323529413,0.05512000000000002,0.05488076923076924,0.05433411764705883
216,1546038000000,0.05503000,0.05532000,0.05502000,0.05502000,175440.90000000,286411.1333333333,403289.37692307803,560152.2647058824,0.05509666666666669,0.054914615384615395,0.05438470588235295
217,1546039800000,0.05503000,0.05503000,0.05477000,0.05477000,221976.90000000,235508.1666666666,390404.4230769242,564953.0852941177,0.054936666666666696,0.05493615384615385,0.054429117647058836
218,1546041600000,0.05477000,0.05499000,0.05454000,0.05498000,422974.40000000,273464.06666666665,419595.62307692424,532655.6294117648,0.05492333333333336,0.05496615384615385,0.05447058823529413
219,1546043400000,0.05503000,0.05510000,0.05485000,0.05500000,326737.30000000,323896.2,437005.85384615505,540910.3970588236,0.05491666666666669,0.05501000000000001,0.05451411764705884
220,1546045200000,0.05500000,0.05502000,0.05466000,0.05466000,217883.70000000,322531.8,424301.88461538585,546158.2676470588,0.05488000000000002,0.05501384615384616,0.05455058823529413
221,1546047000000,0.05477000,0.05477000,0.05450000,0.05460000,1117281.20000000,553967.4,474356.8076923089,574862.1705882354,0.054753333333333355,0.054983076923076926,0.05457735294117648
222,1546048800000,0.05476000,0.05477000,0.05433000,0.05438000,297389.60000000,544184.8333333334,425845.65384615504,567873.8,0.05454666666666669,0.05493692307692308,0.05459029411764707
223,1546050600000,0.05442000,0.05442000,0.05407000,0.05407000,188372.60000000,534347.8000000002,415989.7615384627,560477.505882353,0.05435000000000003,0.05489307692307692,0.05458029411764707
224,1546052400000,0.05420000,0.05443000,0.05400000,0.05440000,165018.20000000,216926.80000000013,345907.83076923195,539764.8411764706,0.05428333333333336,0.05480923076923076,0.05456970588235295
225,1546054200000,0.05417000,0.05417000,0.05402000,0.05412000,150249.40000000,167880.0666666668,331413.55384615506,541620.8029411765,0.05419666666666669,0.05472,0.05455941176470589
226,1546056000000,0.05412000,0.05491000,0.05412000,0.05460000,140062.90000000,151776.8333333335,315936.89230769355,520610.1117647059,0.05437333333333336,0.05468230769230769,0.054581176470588244
227,1546057800000,0.05450000,0.05486000,0.05441000,0.05473000,95780.50000000,128697.60000000015,294482.63846153975,506555.40294117643,0.054483333333333356,0.0546423076923077,0.05459941176470589
228,1546059600000,0.05460000,0.05465000,0.05452000,0.05458000,360805.20000000,198882.8666666668,298459.44615384744,507073.62647058815,0.05463666666666669,0.05460846153846154,0.054625294117647064
229,1546061400000,0.05458000,0.05458000,0.05427000,0.05437000,322232.10000000,259605.93333333347,309751.07692307816,508110.1382352941,0.05456000000000002,0.05455846153846155,0.05464470588235295
230,1546063200000,0.05426000,0.05447000,0.05426000,0.05441000,144086.50000000,275707.93333333347,303759.507692309,504373.13529411756,0.054453333333333354,0.05453076923076924,0.05464823529411766
231,1546065000000,0.05436000,0.05445000,0.05434000,0.05438000,72102.50000000,179473.7000000001,276769.3615384628,490007.694117647,0.05438666666666669,0.05448461538461539,0.05466529411764707
232,1546066800000,0.05446000,0.05450000,0.05420000,0.05420000,62991.60000000,93060.20000000011,256481.23076923206,482824.544117647,0.05433000000000002,0.05442307692307692,0.05466088235294119
233,1546068600000,0.05420000,0.05420000,0.05322000,0.05367000,722908.50000000,286000.86666666676,295329.29230769357,499793.2764705882,0.05408333333333335,0.05434692307692308,0.05465058823529414
234,1546070400000,0.05366000,0.05397000,0.05365000,0.05397000,252050.40000000,345983.50000000006,228773.07692307822,500221.8647058823,0.05394666666666668,0.05429846153846153,0.054635000000000024
235,1546072200000,0.05388000,0.05420000,0.05364000,0.05419000,176598.80000000,383852.5666666667,219481.47692307818,430243.2911764705,0.05394333333333335,0.05428384615384615,0.05461411764705885
236,1546074000000,0.05409000,0.05427000,0.05384000,0.05427000,210323.90000000,212991.03333333335,221170.03846153972,380948.85,0.054143333333333356,0.05429923076923077,0.054612352941176494
237,1546075800000,0.05430000,0.05436000,0.05419000,0.05427000,67819.00000000,151580.56666666668,213693.17692307816,322894.32647058816,0.05424333333333336,0.05428923076923077,0.05460323529411767
238,1546077600000,0.05427000,0.05449000,0.05378000,0.05415000,565329.00000000,281157.30000000005,245622.37692307818,328066.31764705875,0.05423000000000002,0.054291538461538474,0.05459323529411767
239,1546079400000,0.05438000,0.05449000,0.05380000,0.05407000,812523.80000000,481890.6000000001,297350.1384615397,350684.99411764694,0.05416333333333336,0.05425076923076924,0.054577941176470614
240,1546081200000,0.05425000,0.05449000,0.05413000,0.05433000,649235.80000000,675696.2000000001,339923.62307692436,366827.09705882345,0.05418333333333336,0.054220000000000004,0.054575000000000026
241,1546083000000,0.05422000,0.05456000,0.05422000,0.05456000,30071.40000000,497277.00000000006,314482.5615384628,356445.80588235287,0.05432000000000003,0.05421846153846154,0.05457352941176473
242,1546084800000,0.05458000,0.05469000,0.05456000,0.05464000,61586.90000000,246964.70000000004,294432.93076923204,344534.6205882352,0.054510000000000024,0.05423923076923077,0.05456294117647061
243,1546086600000,0.05464000,0.05482000,0.05446000,0.05460000,130062.40000000,73906.90000000002,293354.1538461551,321064.85,0.05460000000000002,0.05425384615384616,0.054551764705882376
244,1546088400000,0.05446000,0.05446000,0.05446000,0.05446000,8190.90000000,66613.40000000002,288437.87692307815,311996.9588235294,0.05456666666666669,0.05426,0.054546470588235314
245,1546090200000,0.05462000,0.05479000,0.05448000,0.05448000,423941.20000000,187398.16666666672,316203.23076923203,292816.30882352934,0.05451333333333336,0.05428153846153846,0.054516764705882376
246,1546092000000,0.05464000,0.05468000,0.05443000,0.05458000,509331.30000000,313821.13333333336,299774.21538461663,297835.61176470586,0.05450666666666668,0.05435153846153846,0.05449617647058826
247,1546093800000,0.05458000,0.05458000,0.05449000,0.05449000,109774.30000000,347682.26666666666,288829.90000000125,291027.22352941177,0.05451666666666668,0.05439153846153846,0.05447852941176473
248,1546095600000,0.05473000,0.05473000,0.05422000,0.05430000,546543.60000000,388549.73333333334,317287.1923076936,296081.8647058823,0.05445666666666668,0.054400000000000004,0.05445058823529414
249,1546097400000,0.05442000,0.05454000,0.05430000,0.05430000,13116.90000000,223144.93333333326,302117.42307692434,287376.28235294117,0.05436333333333335,0.054402307692307694,0.0544294117647059
250,1546099200000,0.05445000,0.05455000,0.05420000,0.05426000,1143348.50000000,567669.6666666666,384850.46153846284,315844.15294117643,0.054286666666666684,0.05440153846153846,0.054407058823529426
251,1546101000000,0.05435000,0.05450000,0.05410000,0.05423000,118533.70000000,424999.6999999999,350481.5923076936,312801.7058823529,0.05426333333333335,0.0544076923076923,0.054391176470588255
252,1546102800000,0.05423000,0.05440000,0.05423000,0.05437000,423946.40000000,561942.8666666666,320591.02307692444,312830.294117647,0.054286666666666684,0.054430769230769234,0.05437323529411767
253,1546104600000,0.05437000,0.05437000,0.05417000,0.05417000,393969.90000000,312149.9999999998,300955.184615386,314807.7235294117,0.05425666666666668,0.05441846153846154,0.05434882352941178
254,1546106400000,0.05429000,0.05461000,0.05428000,0.05430000,110455.10000000,309457.1333333332,307138.54615384754,311648.05882352934,0.054280000000000016,0.05439846153846155,0.05433823529411767
255,1546108200000,0.05430000,0.05437000,0.05402000,0.05403000,177139.00000000,227187.9999999998,316027.16923077067,283996.8176470588,0.054166666666666675,0.05435153846153847,0.05432147058823532
256,1546110000000,0.05405000,0.05415000,0.05391000,0.05415000,182974.30000000,156856.1333333331,320097.31538461684,280631.6617647059,0.054160000000000014,0.05431692307692309,0.05431470588235296
257,1546111800000,0.05417000,0.05427000,0.05409000,0.05409000,420801.80000000,260305.0333333331,351836.61538461683,287467.8147058824,0.054090000000000006,0.054288461538461556,0.05431529411764707
258,1546113600000,0.05412000,0.05421000,0.05400000,0.05400000,224710.40000000,276162.16666666645,336511.16923077067,289223.4676470589,0.05408000000000001,0.05425153846153848,0.05430352941176472
259,1546115400000,0.05421000,0.05427000,0.05407000,0.05407000,414468.20000000,353326.79999999976,329214.00769230915,296994.60882352944,0.05405333333333334,0.05421230769230771,0.05430205882352943
260,1546117200000,0.05400000,0.05441000,0.05380000,0.05404000,984588.00000000,541255.5333333331,396507.36923077074,321833.5823529412,0.05403666666666668,0.05417769230769232,0.05428558823529414
261,1546119000000,0.05422000,0.05429000,0.05395000,0.05428000,460310.50000000,619788.8999999998,389874.05384615535,332555.0529411765,0.05413000000000001,0.05417615384615386,0.0542723529411765
262,1546120800000,0.05428000,0.05449000,0.05428000,0.05429000,700125.70000000,715008.0666666664,442720.88461538614,342535.06764705887,0.054203333333333346,0.054175384615384625,0.05426382352941179
263,1546122600000,0.05443000,0.05457000,0.05432000,0.05433000,239283.00000000,466573.0666666664,373177.38461538614,340095.38823529414,0.05430000000000001,0.05418076923076924,0.054262647058823554
264,1546124400000,0.05451000,0.05457000,0.05443000,0.05457000,45812.70000000,328407.13333333307,367583.461538463,337204.9823529412,0.054396666666666676,0.05420692307692309,0.054267352941176496
265,1546126200000,0.05433000,0.05488000,0.05412000,0.05446000,1903479.40000000,729525.0333333329,481393.69230769377,391069.0088235294,0.05445333333333335,0.05421384615384616,0.05426970588235296
266,1546128000000,0.05446000,0.05467000,0.05417000,0.05419000,512611.10000000,820634.3999999996,490519.93846153986,404293.1117647059,0.05440666666666668,0.05421538461538462,0.0542694117647059
267,1546129800000,0.05406000,0.05421000,0.05406000,0.05411000,53555.20000000,823215.2333333329,486143.0230769245,384606.25,0.05425333333333334,0.054200769230769226,0.05428235294117649
268,1546131600000,0.05407000,0.05429000,0.05386000,0.05429000,311815.60000000,292660.633333333,496502.76153846295,386364.05,0.05419666666666667,0.054220769230769225,0.054291764705882366
269,1546133400000,0.05432000,0.05459000,0.05422000,0.05433000,102462.20000000,155944.333333333,490309.5230769245,384183.5617647058,0.05424333333333333,0.054234615384615374,0.054295882352941194
270,1546135200000,0.05428000,0.05475000,0.05428000,0.05446000,121699.70000000,178659.1666666663,467301.66923077067,381576.9676470587,0.05436,0.05426307692307691,0.054301470588235305
271,1546137000000,0.05442000,0.05456000,0.05427000,0.05427000,372007.70000000,198723.1999999997,478632.2307692322,390523.69411764696,0.05435333333333333,0.05428384615384614,0.054301470588235305
272,1546138800000,0.05427000,0.05436000,0.05427000,0.05436000,117548.60000000,203751.99999999968,455792.26153846295,377353.682352941,0.05436333333333332,0.05430615384615383,0.054307647058823544
273,1546140600000,0.05436000,0.05436000,0.05410000,0.05431000,18377.70000000,169311.333333333,381468.3923076937,353996.4441176469,0.05431333333333332,0.054326923076923064,0.05431470588235295
274,1546142400000,0.05431000,0.05433000,0.05427000,0.05427000,27957.80000000,54628.033333333,348210.4923076937,335723.5617647057,0.054313333333333325,0.054326153846153837,0.054312941176470605
275,1546144200000,0.05416000,0.05448000,0.05416000,0.05433000,92793.00000000,46376.16666666633,301492.5923076937,337568.31470588216,0.05430333333333332,0.05432923076923076,0.054306176470588254
276,1546146000000,0.05428000,0.05428000,0.05428000,0.05428000,3713.40000000,41488.066666666324,283371.8538461552,335866.15294117626,0.054293333333333325,0.05432538461538461,0.05429558823529414
277,1546147800000,0.05418000,0.05428000,0.05418000,0.05428000,7116.20000000,34540.86666666633,280395.20000000135,332250.0882352939,0.05429666666666666,0.05430307692307691,0.054286176470588254
278,1546149600000,0.05428000,0.05441000,0.05419000,0.05438000,300670.90000000,103833.49999999967,157102.23846153982,340852.44117647037,0.054313333333333325,0.05429692307692307,0.054283823529411794
279,1546151400000,0.05427000,0.05440000,0.05427000,0.05432000,6688.80000000,104825.29999999965,118185.13846153984,328580.3117647057,0.05432666666666666,0.05430692307692308,0.054279117647058846
280,1546153200000,0.05444000,0.05468000,0.05443000,0.05468000,637555.30000000,314971.66666666634,163108.22307692448,332351.60588235274,0.05446,0.05435076923076923,0.05428205882352943
281,1546155000000,0.05468000,0.05468000,0.05463000,0.05466000,244324.50000000,296189.53333333303,157916.60000000137,336308.9647058821,0.05455333333333334,0.05437923076923078,0.05428705882352943
282,1546156800000,0.05466000,0.05466000,0.05451000,0.05466000,38483.70000000,306787.83333333296,152995.1769230783,321366.02647058805,0.05466666666666667,0.05440461538461539,0.05429764705882355
283,1546158600000,0.05466000,0.05500000,0.05466000,0.05493000,1428450.40000000,570419.533333333,253514.4615384629,362993.48235294095,0.05475,0.054440769230769244,0.05431617647058825
284,1546160400000,0.05500000,0.05500000,0.05451000,0.05451000,656186.30000000,707706.7999999997,275374.35384615517,348665.182352941,0.054700000000000006,0.05445923076923079,0.05432352941176472
285,1546162200000,0.05488000,0.05488000,0.05488000,0.05488000,107908.20000000,730848.2999999997,274632.7846153859,348352.6676470586,0.05477333333333334,0.05449923076923079,0.05434264705882355
286,1546164000000,0.05480000,0.05500000,0.05480000,0.05495000,176469.40000000,313521.29999999964,286793.68461538595,341073.932352941,0.05478,0.054548461538461566,0.05435970588235296
287,1546165800000,0.05495000,0.05500000,0.05480000,0.05500000,280828.60000000,188402.06666666633,306245.2846153859,337746.2470588233,0.05494333333333334,0.05460461538461541,0.05438411764705884
288,1546167600000,0.05494000,0.05494000,0.05480000,0.05483000,24714.50000000,160670.833333333,301008.47692307824,335224.4647058821,0.05492666666666666,0.054643076923076954,0.054399705882352954
289,1546169400000,0.05483000,0.05494000,0.05451000,0.05463000,359070.30000000,221537.79999999967,328343.6230769244,340575.3852941175,0.05482,0.05467000000000003,0.054417352941176486
290,1546171200000,0.05476000,0.05500000,0.05451000,0.05500000,208765.60000000,197516.79999999967,343855.11538461666,341333.95294117625,0.05482,0.05472538461538465,0.05444235294117648
291,1546173000000,0.05474000,0.05480000,0.05474000,0.05479000,11260.00000000,193031.96666666633,321592.73846153973,329288.6058823527,0.05480666666666667,0.05475692307692311,0.0544629411764706
292,1546174800000,0.05470000,0.05500000,0.05470000,0.05500000,376271.30000000,198765.63333333298,350022.16153846285,333746.27941176447,0.05493,0.054809230769230805,0.05449235294117648
293,1546176600000,0.05500000,0.05507000,0.05479000,0.05479000,157139.60000000,181556.96666666633,313067.107692309,326177.7911764704,0.05486,0.05481769230769235,0.05451352941176471
294,1546178400000,0.05499000,0.05499000,0.05463000,0.05463000,81336.90000000,204915.933333333,300529.6000000013,299611.582352941,0.05480666666666667,0.05481538461538465,0.05453088235294118
295,1546180200000,0.05463000,0.05471000,0.05451000,0.05470000,317917.40000000,185464.63333333298,322024.5000000013,295423.5499999998,0.054706666666666674,0.054818461538461566,0.05454323529411764
296,1546182000000,0.05451000,0.05453000,0.05451000,0.05453000,8421.60000000,135891.96666666633,212791.51538461665,275079.3117647057,0.05462,0.05478769230769233,0.05455029411764706
297,1546183800000,0.05471000,0.05477000,0.05453000,0.05453000,9430.40000000,111923.133333333,163041.06153846282,268318.9411764704,0.05458666666666667,0.0547892307692308,0.05455617647058823
298,1546185600000,0.05453000,0.05471000,0.05445000,0.05445000,274077.30000000,97309.76666666633,175823.30000000124,275032.6058823528,0.05450333333333334,0.05475615384615387,0.054552647058823525
299,1546187400000,0.05445000,0.05451000,0.05420000,0.05449000,714046.20000000,332517.9666666663,217175.3615384628,240049.27647058808,0.05449000000000001,0.05472076923076925,0.0545535294117647
300,1546189200000,0.05440000,0.05453000,0.05430000,0.05430000,151897.70000000,380007.06666666636,207257.6000000013,229440.05882352928,0.05441333333333334,0.0546669230769231,0.05455676470588235
301,1546191000000,0.05430000,0.05464000,0.05430000,0.05464000,34713.70000000,300219.19999999966,208026.76923077053,228885.89705882338,0.05447666666666667,0.05465230769230771,0.05457235294117647
302,1546192800000,0.05460000,0.05466000,0.05440000,0.05466000,62234.90000000,82948.76666666633,185193.27692307823,221545.288235294,0.05453333333333334,0.054654615384615406,0.05458323529411764
303,1546194600000,0.05450000,0.05452000,0.05440000,0.05443000,40484.90000000,45811.16666666634,172248.607692309,219722.42647058814,0.05457666666666668,0.05461076923076925,0.05458617647058823
304,1546196400000,0.05430000,0.05449000,0.05430000,0.05430000,98273.50000000,66997.76666666633,178941.95384615514,219033.42058823517,0.05446333333333336,0.05457307692307694,0.054581470588235294
305,1546198200000,0.05430000,0.05454000,0.05407000,0.05454000,488174.40000000,208977.59999999966,187549.8846153859,222450.088235294,0.05442333333333336,0.05453769230769233,0.05458941176470588
306,1546200000000,0.05445000,0.05445000,0.05393000,0.05393000,735758.70000000,440735.53333333303,232059.04615384745,240632.73823529403,0.054256666666666696,0.05447153846153848,0.05457676470588235
307,1546201800000,0.05393000,0.05413000,0.05388000,0.05413000,266144.40000000,496692.4999999997,246275.00769230898,247919.99411764697,0.054200000000000026,0.054433076923076945,0.05457147058823529
308,1546203600000,0.05408000,0.05408000,0.05408000,0.05408000,4500.00000000,335467.69999999966,222165.97692307824,247230.0588235293,0.054046666666666694,0.05438538461538464,0.05456588235294117
309,1546205400000,0.05390000,0.05405000,0.05385000,0.05390000,60324.10000000,110322.83333333302,226158.47692307824,246275.09117647048,0.0540366666666667,0.05433692307692311,0.054553235294117645
310,1546207200000,0.05390000,0.05403000,0.05382000,0.05382000,193308.20000000,86044.09999999969,240302.9230769244,251851.40882352926,0.05393333333333337,0.05428230769230773,0.054539705882352935
311,1546209000000,0.05382000,0.05400000,0.05382000,0.05400000,10338.50000000,87990.26666666636,220015.32307692443,251946.18235294105,0.05390666666666669,0.054247692307692344,0.054531470588235285
312,1546210800000,0.05398000,0.05401000,0.05398000,0.05401000,32903.10000000,78849.93333333301,167619.70000000132,244070.65882352926,0.053943333333333364,0.05421076923076927,0.0545205882352941
313,1546212600000,0.05401000,0.05410000,0.05375000,0.05375000,21937.10000000,21726.233333333006,157622.73076923212,244519.13823529397,0.05392000000000002,0.05416846153846157,0.05450382352941175
314,1546214400000,0.05384000,0.05384000,0.05325000,0.05380000,968047.50000000,340962.56666666636,229417.6384615398,254239.49705882338,0.053853333333333364,0.05410384615384618,0.054477941176470576
315,1546216200000,0.05372000,0.05403000,0.05370000,0.05399000,972196.10000000,654060.2333333329,299414.6538461552,275647.4852941175,0.0538466666666667,0.05405230769230772,0.054458235294117634
316,1546218000000,0.05390000,0.05408000,0.05370000,0.05379000,206527.30000000,715590.2999999995,312187.1461538475,280589.94411764696,0.05386000000000004,0.054003076923076945,0.054432647058823516
317,1546219800000,0.05389000,0.05422000,0.05374000,0.05395000,97682.30000000,425468.5666666661,312141.66923077055,241449.70588235284,0.053910000000000034,0.053976153846153875,0.054403823529411754
318,1546221600000,0.05392000,0.05392000,0.05380000,0.05389000,52002.30000000,118737.29999999946,278589.96923077054,223679.588235294,0.05387666666666669,0.053926153846153874,0.0543855882352941
319,1546223400000,0.05389000,0.05434000,0.05389000,0.05434000,460056.60000000,203247.0666666661,257382.11538461674,234036.89411764694,0.054060000000000025,0.05395769230769233,0.05436970588235293
320,1546225200000,0.05438000,0.05468000,0.05417000,0.05417000,180631.10000000,230896.66666666607,250804.1692307706,234159.29705882337,0.05413333333333336,0.053960769230769264,0.054346764705882344
321,1546227000000,0.05448000,0.05463000,0.05443000,0.05457000,45677.80000000,228788.49999999942,253971.69230769368,227243.0970588234,0.054360000000000026,0.053998461538461565,0.05433411764705881
322,1546228800000,0.05462000,0.05485000,0.05453000,0.05468000,512022.40000000,246110.43333333277,288717.71538461675,241575.68235294105,0.05447333333333337,0.05405846153846156,0.05432970588235293
323,1546230600000,0.05468000,0.05483000,0.05455000,0.05455000,233100.00000000,263600.0666666661,291778.6230769244,237870.67352941164,0.05460000000000004,0.05411461538461541,0.054327352941176466
324,1546232400000,0.05458000,0.05489000,0.05445000,0.05445000,1306481.50000000,683867.9666666661,391481.9307692321,270156.4352941175,0.05456000000000003,0.05414923076923079,0.05431117647058824
325,1546234200000,0.05446000,0.05465000,0.05445000,0.05445000,6003.30000000,515194.9333333328,389412.71538461675,270001.8264705881,0.05448333333333336,0.05418307692307694,0.05430117647058824
326,1546236000000,0.05440000,0.05440000,0.05422000,0.05435000,580965.80000000,631150.1999999996,432414.92307692446,276022.25294117635,0.0544166666666667,0.05422923076923079,0.05428205882352941
327,1546237800000,0.05429000,0.05429000,0.05417000,0.05419000,268930.70000000,285299.93333333294,378636.70769230905,279310.2264705881,0.054330000000000045,0.05425923076923079,0.05426441176470589
328,1546239600000,0.05415000,0.05415000,0.05412000,0.05412000,280003.60000000,376633.3666666663,325391.1307692322,285153.3647058822,0.054220000000000046,0.054269230769230785,0.054249411764705886
329,1546241400000,0.05413000,0.05427000,0.05413000,0.05427000,21372.40000000,190102.23333333293,311148.44615384756,276431.4529411763,0.05419333333333337,0.054306153846153865,0.05423676470588236
330,1546243200000,0.05415000,0.05418000,0.05400000,0.05400000,284354.10000000,195243.36666666623,325507.8153846168,284547.1147058822,0.05413000000000003,0.05431000000000003,0.054221176470588245
331,1546245000000,0.05400000,0.05401000,0.05394000,0.05396000,100141.90000000,135289.46666666624,329210.861538463,287215.09999999986,0.054076666666666696,0.05431538461538465,0.05420441176470589
332,1546246800000,0.05399000,0.05427000,0.05399000,0.05407000,355018.90000000,246504.96666666624,321131.03846153995,289595.7352941175,0.05401000000000004,0.05429461538461541,0.05419323529411765
333,1546248600000,0.05405000,0.05426000,0.05393000,0.05426000,338286.70000000,264482.4999999996,333258.3923076938,278543.9852941175,0.05409666666666671,0.054301538461538484,0.0541864705882353
334,1546250400000,0.05418000,0.05426000,0.05412000,0.05412000,6133.00000000,233146.19999999958,330216.4846153861,274256.788235294,0.05415000000000004,0.054266923076923095,0.05418117647058824
335,1546252200000,0.05398000,0.05398000,0.05379000,0.05379000,465639.40000000,270019.69999999955,326648.56153846305,286931.07352941163,0.054056666666666704,0.05419846153846156,0.05415617647058824
336,1546254000000,0.05389000,0.05445000,0.05389000,0.05418000,336546.90000000,269439.7666666662,334606.0153846169,294999.07352941163,0.05403000000000004,0.054170000000000024,0.05414205882352942
337,1546255800000,0.05399000,0.05409000,0.05399000,0.05400000,243695.90000000,348627.3999999995,252853.27692307846,300975.86764705874,0.05399000000000004,0.05413538461538465,0.05412941176470589
338,1546257600000,0.05398000,0.05401000,0.05384000,0.05399000,35469.70000000,205237.4999999995,255119.92307692466,299128.6970588234,0.054056666666666704,0.05410000000000003,0.054120294117647065
339,1546259400000,0.05390000,0.05418000,0.05383000,0.05417000,164202.60000000,147789.39999999947,223061.21538461695,289600.1147058822,0.05405333333333337,0.05408615384615388,0.05410941176470589
340,1546261200000,0.05418000,0.05426000,0.05410000,0.05426000,55156.10000000,84942.79999999948,206617.01538461694,269582.39117647044,0.05414000000000004,0.054091538461538496,0.05411911764705883
341,1546263000000,0.05428000,0.05440000,0.05421000,0.05429000,311348.40000000,176902.36666666614,209028.1538461554,270911.92058823514,0.05424000000000004,0.05410461538461542,0.054123823529411766
342,1546264800000,0.05435000,0.05449000,0.05419000,0.05419000,232514.10000000,199672.86666666614,225269.82307692463,277618.21764705866,0.0542466666666667,0.05409846153846157,0.05412705882352942
343,1546266600000,0.05438000,0.05455000,0.05410000,0.05455000,663280.80000000,402381.09999999945,254418.03076923234,295352.238235294,0.05434333333333336,0.054140769230769256,0.05414617647058824
344,1546268400000,0.05452000,0.05452000,0.05411000,0.05411000,98368.90000000,331387.93333333277,254281.64615384772,292559.90588235285,0.05428333333333336,0.054152307692307715,0.05415470588235295
345,1546270200000,0.05417000,0.05433000,0.05400000,0.05420000,164575.60000000,308741.7666666661,239632.16153846311,297096.29117647046,0.054286666666666684,0.05416230769230772,0.05416058823529413
346,1546272000000,0.05403000,0.05413000,0.05386000,0.05396000,1062643.50000000,441862.6666666661,295351.91538461694,327382.7735294117,0.05409000000000003,0.0541392307692308,0.05415911764705883
347,1546273800000,0.05396000,0.05410000,0.05380000,0.05410000,732894.00000000,653371.0333333329,351256.6076923093,348293.27058823523,0.0540866666666667,0.05413769230769234,0.05416941176470589
348,1546275600000,0.05408000,0.05412000,0.05349000,0.05349000,1025950.80000000,940496.0999999995,394357.4846153862,349996.30882352934,0.05385000000000004,0.054114615384615414,0.05416029411764706
349,1546277400000,0.05379000,0.05400000,0.05361000,0.05387000,626517.40000000,795120.7333333328,416662.90769230924,339829.2882352941,0.053820000000000034,0.05409076923076926,0.05415676470588236
350,1546279200000,0.05391000,0.05401000,0.05384000,0.05395000,487168.10000000,713212.0999999995,435391.53846153995,348083.42941176466,0.05377000000000003,0.054086923076923095,0.054161470588235304
351,1546281000000,0.05391000,0.05400000,0.05389000,0.05389000,634936.60000000,582874.0333333329,481504.3769230784,363885.0264705881,0.05390333333333336,0.05407923076923079,0.05415970588235295
352,1546282800000,0.05389000,0.05389000,0.05366000,0.05366000,101052.50000000,407719.0666666661,476646.6769230784,365327.6794117646,0.05383333333333335,0.05404000000000002,0.0541529411764706
353,1546284600000,0.05366000,0.05394000,0.05344000,0.05344000,571867.50000000,435952.19999999943,516393.7076923092,368616.23529411753,0.05366333333333336,0.0539769230769231,0.054126470588235304
354,1546286400000,0.05344000,0.05362000,0.05330000,0.05330000,198635.40000000,290518.46666666603,507723.4769230784,369145.7735294117,0.0534666666666667,0.05390076923076926,0.05410088235294118
355,1546288200000,0.05330000,0.05351000,0.05318000,0.05343000,613541.60000000,461348.16666666605,537033.2846153862,385847.6499999999,0.05339000000000003,0.053842307692307724,0.054067352941176476
356,1546290000000,0.05343000,0.05350000,0.05329000,0.05350000,131223.10000000,314466.69999999943,496105.76923077076,374647.67058823514,0.053410000000000034,0.05376153846153849,0.05403264705882354
357,1546291800000,0.05350000,0.05382000,0.05350000,0.05382000,509554.00000000,418106.23333333276,527735.3923076938,382778.67058823514,0.05358333333333337,0.0537392307692308,0.054011176470588236
358,1546293600000,0.05369000,0.05385000,0.05361000,0.05364000,14553.80000000,218443.6333333328,516195.25384615536,344780.7970588234,0.053653333333333365,0.05369615384615388,0.05398735294117647
359,1546295400000,0.05343000,0.05345000,0.05343000,0.05345000,19324.40000000,181144.06666666616,435939.93846154,345172.5941176469,0.0536366666666667,0.05365692307692311,0.0539579411764706
360,1546297200000,0.05345000,0.05358000,0.05331000,0.05331000,79896.40000000,37924.86666666615,385709.3538461554,330435.2588235293,0.0534666666666667,0.05359615384615387,0.05392735294117648
361,1546299000000,0.05333000,0.05357000,0.05333000,0.05335000,35861.20000000,45027.33333333283,309548.61538461695,323580.27352941164,0.053370000000000035,0.05358538461538464,0.05390264705882354
362,1546300800000,0.05354000,0.05354000,0.05331000,0.05331000,256174.30000000,123977.29999999948,281060.6846153862,322879.4117647058,0.05332333333333337,0.053542307692307715,0.05387882352941178
