,date,open,high,low,close,volume,avg_vol_3,avg_vol_13,avg_vol_34,avg_close_3,avg_close_13,avg_close_34
0,1545649200000,12.17300000,16.10400000,12.17300000,15.64400000,5779.56900000,-99999.0,-99999.0,-99999.0,-99999.0,-99999.0,-99999.0
1,1545651000000,15.77900000,16.33500000,15.77900000,16.14200000,3110.61200000,-99999.0,-99999.0,-99999.0,-99999.0,-99999.0,-99999.0
2,1545652800000,16.08200000,16.08200000,15.38000000,15.38000000,840.15900000,3243.4466666666667,-99999.0,-99999.0,15.722000000000001,-99999.0,-99999.0
3,1545654600000,15.45400000,15.45400000,15.29800000,15.30500000,180.45700000,1377.076,-99999.0,-99999.0,15.609000000000002,-99999.0,-99999.0
4,1545656400000,15.31100000,15.33300000,15.06400000,15.06400000,419.30800000,479.9746666666667,-99999.0,-99999.0,15.24966666666667,-99999.0,-99999.0
5,1545658200000,15.06400000,15.13000000,15.04000000,15.10300000,287.65100000,295.80533333333335,-99999.0,-99999.0,15.157333333333336,-99999.0,-99999.0
6,1545660000000,15.09600000,15.09700000,14.97700000,15.04400000,513.16800000,406.709,-99999.0,-99999.0,15.070333333333336,-99999.0,-99999.0
7,1545661800000,15.05300000,15.18900000,14.85300000,14.86800000,768.09400000,522.971,-99999.0,-99999.0,15.005000000000003,-99999.0,-99999.0
8,1545663600000,14.90400000,15.08900000,14.90400000,15.00000000,454.98000000,578.7473333333334,-99999.0,-99999.0,14.970666666666668,-99999.0,-99999.0
9,1545665400000,14.96400000,15.04700000,14.90700000,14.98600000,81.85000000,434.9746666666667,-99999.0,-99999.0,14.951333333333338,-99999.0,-99999.0
10,1545667200000,14.97500000,15.03000000,14.74100000,14.80500000,223.70100000,253.5103333333333,-99999.0,-99999.0,14.930333333333337,-99999.0,-99999.0
11,1545669000000,15.00000000,15.31100000,14.92600000,15.31100000,198.13100000,167.89399999999998,-99999.0,-99999.0,15.034000000000004,-99999.0,-99999.0
12,1545670800000,15.42100000,15.64200000,15.42100000,15.49900000,861.82800000,427.8866666666666,1055.346769230769,-99999.0,15.205000000000004,15.242384615384614,-99999.0
13,1545672600000,15.43900000,15.43900000,14.82000000,14.82000000,614.33800000,558.0989999999999,658.0213076923076,-99999.0,15.210000000000003,15.178999999999998,-99999.0
14,1545674400000,14.91300000,15.85000000,14.91100000,15.03000000,1218.12000000,898.0953333333332,512.4449999999998,-99999.0,15.116333333333337,15.093461538461536,-99999.0
15,1545676200000,15.06700000,15.58800000,15.06700000,15.58800000,269.78900000,700.7489999999999,468.5703846153844,-99999.0,15.146000000000003,15.109461538461536,-99999.0
16,1545678000000,15.60000000,16.36200000,15.19200000,15.28100000,4268.84600000,1918.918333333333,783.0618461538459,-99999.0,15.299666666666669,15.107615384615382,-99999.0
17,1545679800000,15.26100000,15.70700000,15.23900000,15.40800000,2156.66000000,2231.765,916.7043076923073,-99999.0,15.42566666666667,15.13407692307692,-99999.0
18,1545681600000,15.43900000,15.62700000,15.34600000,15.61800000,732.33700000,2385.9476666666665,950.9109230769227,-99999.0,15.43566666666667,15.173692307692304,-99999.0
19,1545683400000,15.63700000,15.84300000,15.63500000,15.84300000,1039.51500000,1309.5040000000001,991.3991538461535,-99999.0,15.623000000000003,15.23515384615384,-99999.0
20,1545685200000,15.80000000,16.15100000,15.55800000,15.64300000,1484.68700000,1085.5130000000001,1046.5216923076919,-99999.0,15.701333333333336,15.294769230769226,-99999.0
21,1545687000000,15.64100000,15.79000000,15.03400000,15.16500000,2636.85100000,1720.3510000000006,1214.3579230769228,-99999.0,15.550333333333334,15.307461538461533,-99999.0
22,1545688800000,15.33900000,15.52000000,15.09100000,15.51800000,1852.95800000,1991.4986666666673,1350.597,-99999.0,15.442000000000002,15.34838461538461,-99999.0
23,1545690600000,15.56900000,15.59500000,15.33400000,15.44300000,175.19900000,1555.0026666666672,1346.866076923077,-99999.0,15.375333333333336,15.397461538461535,-99999.0
24,1545692400000,15.46700000,16.10000000,15.46700000,15.49200000,1336.80000000,1121.652333333334,1434.4559999999997,-99999.0,15.484333333333337,15.411384615384609,-99999.0
25,1545694200000,15.48800000,15.53400000,15.25200000,15.49300000,1660.03500000,1057.3446666666673,1495.856538461538,-99999.0,15.476000000000004,15.410923076923071,-99999.0
26,1545696000000,15.39800000,15.41000000,15.00000000,15.11300000,771.50100000,1256.1120000000005,1507.9459999999997,-99999.0,15.366000000000005,15.433461538461533,-99999.0
27,1545697800000,15.27000000,15.65300000,15.21700000,15.25100000,1719.75500000,1383.7636666666674,1546.5333076923075,-99999.0,15.285666666666671,15.450461538461534,-99999.0
28,1545699600000,15.25000000,15.83100000,15.15500000,15.64900000,778.22400000,1089.8266666666675,1585.643692307692,-99999.0,15.33766666666667,15.455153846153841,-99999.0
29,1545701400000,15.60300000,15.64700000,15.51600000,15.57900000,234.52100000,910.8333333333343,1275.311,-99999.0,15.493000000000004,15.47807692307692,-99999.0
30,1545703200000,15.66400000,15.66400000,15.26400000,15.29300000,624.74400000,545.8296666666675,1157.4713076923074,-99999.0,15.507000000000005,15.469230769230766,-99999.0
31,1545705000000,15.28900000,15.28900000,15.12600000,15.27000000,331.04900000,396.7713333333342,1126.6029999999996,-99999.0,15.38066666666667,15.442461538461536,-99999.0
32,1545706800000,15.21800000,15.45900000,15.21800000,15.45900000,158.30600000,371.36633333333424,1058.8176923076921,-99999.0,15.340666666666671,15.412923076923077,-99999.0
33,1545708600000,15.49000000,15.69000000,15.45700000,15.45700000,427.68800000,305.68100000000084,977.5100769230768,1123.8656176470586,15.395333333333339,15.398615384615384,15.340117647058822
34,1545710400000,15.40200000,15.40200000,14.91800000,14.95800000,7090.90400000,2558.966000000001,1320.1295384615382,1162.4342941176467,15.291333333333336,15.382692307692308,15.319941176470586
35,1545712200000,14.91200000,14.91200000,14.82000000,14.82000000,528.78200000,2682.458000000001,1218.269846153846,1086.4981176470585,15.078333333333338,15.328999999999999,15.28105882352941
36,1545714000000,14.82000000,14.88400000,14.82000000,14.88400000,277.16700000,2632.2843333333344,1226.1135384615382,1069.9395294117644,14.887333333333338,15.286,15.266470588235293
37,1545715800000,14.92200000,14.92200000,14.84700000,14.84700000,167.55900000,324.5026666666675,1136.1719230769227,1069.560176470588,14.850333333333339,15.236384615384615,15.253
38,1545717600000,14.82700000,14.84500000,14.82700000,14.84500000,162.57800000,202.43466666666748,1020.9829230769227,1062.0092941176467,14.858666666666672,15.186538461538463,15.246558823529412
39,1545719400000,14.76700000,14.82200000,14.76700000,14.81500000,1449.89800000,593.3450000000008,1073.1673076923073,1096.1930294117647,14.83566666666667,15.163615384615385,15.238088235294121
40,1545721200000,14.87000000,14.87000000,14.60200000,14.60200000,1600.87400000,1071.1166666666675,1064.022615384615,1128.1843823529412,14.754000000000003,15.113692307692308,15.225088235294121
41,1545723000000,14.50000000,14.72900000,14.43400000,14.69600000,464.50100000,1171.7576666666675,1039.8900769230765,1119.2551764705881,14.704333333333336,15.040384615384616,15.22002941176471
42,1545724800000,14.61900000,14.61900000,14.54400000,14.57100000,88.27100000,717.8820000000009,1028.6400769230765,1108.4696176470588,14.623000000000003,14.962846153846154,15.207411764705887
43,1545726600000,14.57100000,14.69600000,14.57100000,14.69600000,187.91600000,246.89600000000087,995.0379230769225,1111.5892058823529,14.654333333333335,14.916923076923077,15.198882352941181
44,1545728400000,14.78000000,14.85700000,14.69400000,14.74400000,423.76300000,233.31666666666752,1002.1697692307688,1117.473382352941,14.670333333333337,14.876461538461538,15.197088235294125
45,1545730200000,14.69400000,14.79400000,14.69400000,14.76800000,62.36500000,224.6813333333342,994.7896923076919,1113.480264705882,14.736000000000004,14.82330769230769,15.18111764705883
46,1545732000000,14.69900000,14.69900000,14.69400000,14.69400000,577.77400000,354.63400000000087,1006.3347692307688,1105.1257352941172,14.735333333333339,14.764615384615382,15.157441176470593
47,1545733800000,14.54300000,14.62200000,14.54300000,14.56400000,161.88600000,267.34166666666755,473.3333846153841,1091.8183235294111,14.67533333333334,14.73430769230769,15.149911764705886
48,1545735600000,14.68500000,14.87600000,14.65600000,14.79200000,714.11600000,484.59200000000084,487.58984615384566,1076.9946764705876,14.683333333333339,14.732153846153844,15.142911764705886
49,1545737400000,14.79200000,14.79200000,14.60100000,14.67700000,1089.95500000,655.3190000000009,550.1119999999994,1101.1172058823524,14.677666666666672,14.716230769230767,15.116117647058829
50,1545739200000,14.70000000,14.92200000,14.69900000,14.92200000,405.34400000,736.4716666666676,568.4031538461533,987.4847941176466,14.797000000000004,14.721999999999998,15.105558823529421
51,1545741000000,14.98000000,14.99200000,14.88100000,14.88100000,202.47100000,565.9233333333342,571.4718461538455,930.008647058823,14.82666666666667,14.724769230769228,15.090058823529418
52,1545742800000,14.79200000,14.87000000,14.79200000,14.85000000,37.59100000,215.13533333333422,462.83284615384554,909.5749411764701,14.884333333333338,14.727461538461537,15.0674705882353
53,1545744600000,14.80000000,14.80000000,14.80000000,14.80000000,112.14800000,117.40333333333423,348.31546153846097,882.2994411764702,14.843666666666673,14.742692307692305,15.036794117647062
54,1545746400000,14.83300000,14.86700000,14.64400000,14.68100000,1093.12400000,414.2876666666676,396.6710769230763,870.7828823529408,14.777000000000006,14.741538461538461,15.008500000000003
55,1545748200000,14.71000000,14.83000000,14.71000000,14.71500000,263.70000000,489.6573333333343,410.1656153846148,800.9843235294114,14.732000000000006,14.752615384615384,14.995264705882356
56,1545750000000,14.75800000,14.80000000,14.74500000,14.74500000,113.86200000,490.2286666666677,404.46915384615323,749.8344411764704,14.713666666666674,14.756384615384615,14.972529411764707
57,1545751800000,14.72500000,14.72600000,14.67700000,14.72600000,484.40700000,287.323000000001,409.13407692307635,758.9287941176468,14.728666666666674,14.754999999999999,14.95144117647059
58,1545753600000,14.77300000,14.81300000,14.77200000,14.80500000,200.37000000,266.21300000000105,419.74984615384557,725.5043823529409,14.758666666666675,14.757846153846154,14.931235294117647
59,1545755400000,14.77500000,14.81200000,14.77500000,14.81200000,117.29500000,267.35733333333434,384.328384615384,680.1296764705879,14.781000000000008,14.76692307692308,14.91120588235294
60,1545757200000,14.72400000,14.80800000,14.72300000,14.80800000,890.78500000,402.81666666666774,440.3975384615378,683.6380294117644,14.808333333333342,14.78569230769231,14.902235294117647
61,1545759000000,14.80800000,14.80800000,14.80800000,14.80800000,0.00000000,336.0266666666677,385.4655384615378,633.0569999999997,14.809333333333342,14.786923076923078,14.889205882352943
62,1545760800000,14.72500000,14.77400000,14.72500000,14.77200000,142.43000000,344.40500000000105,312.5789999999994,614.3571764705879,14.796000000000008,14.79423076923077,14.863411764705885
63,1545762600000,14.70400000,14.72000000,14.61500000,14.70100000,234.27800000,125.56933333333438,299.4200769230763,614.3500294117644,14.760333333333342,14.777230769230771,14.83758823529412
64,1545764400000,14.64800000,14.67800000,14.54300000,14.65900000,333.70400000,236.80400000000108,309.51492307692246,605.7900294117644,14.710666666666675,14.760153846153846,14.818941176470593
65,1545766200000,14.65200000,14.65200000,14.63400000,14.63400000,16.49900000,194.82700000000105,307.8924615384609,596.5385588235291,14.664666666666676,14.743538461538463,14.800235294117654
66,1545768000000,14.55700000,14.57800000,14.55700000,14.56500000,17.34900000,122.5173333333344,300.6002307692301,592.392764705882,14.619333333333342,14.72546153846154,14.773941176470595
67,1545769800000,14.44000000,14.45100000,14.39600000,14.45100000,177.74400000,70.53066666666774,230.18638461538396,585.0414705882349,14.55000000000001,14.70776923076923,14.744352941176476
68,1545771600000,14.40600000,14.47300000,14.32700000,14.47300000,132.39700000,109.16333333333439,220.0861538461532,380.37949999999967,14.496333333333341,14.689153846153847,14.730088235294122
69,1545773400000,14.51000000,14.51000000,14.28300000,14.28300000,227.50200000,179.21433333333437,228.82769230769165,371.5183235294115,14.402333333333344,14.653615384615383,14.714294117647063
70,1545775200000,14.32400000,14.40200000,14.08400000,14.09200000,996.40000000,452.0996666666677,268.2117692307686,392.6722352941174,14.282666666666676,14.604846153846154,14.691000000000004
71,1545777000000,14.15000000,14.53900000,14.15000000,14.45500000,535.64900000,586.5170000000011,294.00246153846086,403.4984117647056,14.276666666666676,14.577923076923078,14.6794705882353
72,1545778800000,14.48100000,14.48100000,14.48100000,14.48100000,11.56300000,514.5373333333345,285.8692307692301,399.0567941176468,14.342666666666675,14.552461538461538,14.668764705882358
73,1545780600000,14.48400000,14.48600000,14.27500000,14.44800000,906.68500000,484.6323333333344,287.09230769230703,383.07994117647036,14.461333333333343,14.52476923076923,14.6579705882353
74,1545782400000,14.44800000,14.44800000,14.44800000,14.44800000,0.00000000,306.0826666666677,287.09230769230703,335.99541176470564,14.45900000000001,14.497076923076925,14.653441176470594
75,1545784200000,14.35800000,14.35800000,14.35800000,14.35800000,20.97900000,309.22133333333437,277.7499230769224,322.9506470588233,14.418000000000008,14.465230769230772,14.643500000000003
76,1545786000000,14.52500000,14.52500000,14.52000000,14.52000000,59.41400000,26.797666666667737,264.29884615384555,322.1019117647056,14.442000000000009,14.451307692307696,14.642000000000003
77,1545787800000,14.50000000,14.70100000,14.50000000,14.65100000,413.51500000,164.63600000000108,270.4381538461532,328.737176470588,14.509666666666677,14.450692307692313,14.640676470588236
78,1545789600000,14.74000000,14.78700000,14.61300000,14.62200000,170.08700000,214.3386666666677,282.2526153846148,321.2761176470585,14.597666666666678,14.449769230769233,14.637088235294115
79,1545791400000,14.63800000,14.71300000,14.63800000,14.71300000,99.91100000,227.8376666666677,288.6035384615378,322.38041176470557,14.662000000000011,14.461153846153849,14.635470588235291
80,1545793200000,14.71300000,14.71300000,14.71300000,14.71300000,0.00000000,89.99933333333438,274.93092307692245,305.3870588235291,14.682666666666677,14.481307692307695,14.636029411764701
81,1545795000000,14.75600000,14.75600000,14.75600000,14.75600000,20.13400000,40.015000000001045,266.29530769230706,301.2178823529409,14.727333333333343,14.503076923076925,14.64167647058823
82,1545796800000,14.83100000,14.86700000,14.83100000,14.86100000,3.58600000,7.9066666666677135,249.07099999999934,280.3199411764703,14.776666666666678,14.547538461538464,14.643705882352938
83,1545798600000,14.71300000,14.71300000,14.71300000,14.71300000,2.22200000,8.64733333333438,172.59576923076858,248.32779411764676,14.776666666666678,14.595307692307692,14.64476470588235
84,1545800400000,14.78900000,14.82700000,14.78900000,14.82700000,22.90400000,9.570666666667714,133.15384615384554,237.0795588235291,14.800333333333343,14.623923076923075,14.64197058823529
85,1545802200000,14.82700000,14.82700000,14.82700000,14.82700000,0.00000000,8.375333333334382,132.264384615384,231.1245294117644,14.78900000000001,14.650538461538462,14.640382352941174
86,1545804000000,14.86700000,14.91600000,14.73500000,14.79600000,521.02700000,181.3103333333344,102.59838461538399,245.34323529411733,14.816666666666677,14.677307692307691,14.638794117647057
87,1545805800000,14.74500000,14.74900000,14.74500000,14.74900000,13.61200000,178.21300000000107,103.64546153846092,242.4451176470585,14.790666666666679,14.700461538461536,14.637294117647057
88,1545807600000,14.85400000,14.94500000,14.85400000,14.94500000,0.71200000,178.45033333333438,102.08646153846091,210.31535294117614,14.830000000000013,14.74561538461538,14.64505882352941
89,1545809400000,14.94500000,14.94500000,14.71300000,14.71300000,3.81300000,6.045666666667709,97.80946153846092,202.6716176470585,14.802333333333346,14.760461538461534,14.645
90,1545811200000,14.71300000,14.71300000,14.71300000,14.71300000,7.44600000,3.990333333334375,66.57338461538399,199.54173529411733,14.790333333333345,14.765230769230763,14.644058823529413
91,1545813000000,14.87100000,14.98700000,14.78400000,14.78400000,446.04500000,152.4346666666677,87.80092307692244,198.41344117647026,14.736666666666679,14.7776923076923,14.645764705882353
92,1545814800000,14.81200000,14.93800000,14.80200000,14.85700000,675.08700000,376.1926666666677,132.04523076923013,212.37570588235263,14.784666666666679,14.788769230769223,14.647294117647059
93,1545816600000,14.80800000,14.81400000,14.67500000,14.81400000,348.50000000,489.87733333333443,158.85292307692242,219.17585294117615,14.818333333333344,14.796538461538454,14.64735294117647
94,1545818400000,14.79200000,14.79300000,14.79000000,14.79300000,103.34000000,375.64233333333436,165.25338461538396,196.01570588235265,14.821333333333344,14.799384615384609,14.646911764705882
95,1545820200000,14.75200000,14.75200000,14.46500000,14.50600000,3459.52200000,1303.7873333333343,431.0946153846147,297.76635294117614,14.704333333333345,14.772076923076916,14.638029411764705
96,1545822000000,14.52400000,14.67200000,14.52400000,14.56100000,342.10800000,1301.6566666666677,457.23969230769166,303.6392352941173,14.620000000000012,14.760384615384611,14.631823529411765
97,1545823800000,14.57400000,14.65000000,14.57400000,14.59300000,122.59300000,1308.0743333333342,464.90807692307624,300.3543823529409,14.553333333333343,14.74238461538461,14.62864705882353
98,1545825600000,14.55200000,14.55200000,14.53500000,14.53500000,11.29700000,158.66600000000093,465.7770769230762,290.8718235294115,14.563000000000011,14.71992307692307,14.625000000000002
99,1545827400000,14.43300000,14.48600000,14.18500000,14.48600000,2546.22300000,893.3710000000009,621.5613846153839,365.275470588235,14.538000000000013,14.696076923076918,14.62064705882353
100,1545829200000,14.48600000,14.51800000,14.48600000,14.48600000,129.71900000,895.7463333333343,630.4926923076915,368.580470588235,14.502333333333345,14.675846153846148,14.618323529411766
101,1545831000000,14.48600000,14.56700000,14.48600000,14.56700000,1195.00900000,1290.317000000001,722.3616923076916,398.5000294117644,14.51300000000001,14.646769230769225,14.621735294117647
102,1545832800000,14.48800000,14.48800000,14.48600000,14.48600000,454.50700000,593.0783333333342,757.0304615384607,407.9738529411761,14.51300000000001,14.629307692307687,14.622117647058824
103,1545834600000,14.48600000,14.66000000,14.48600000,14.66000000,1132.47600000,927.3306666666675,843.57123076923,434.5907352941173,14.571000000000007,14.625230769230765,14.633205882352941
104,1545836400000,14.62800000,14.62800000,14.62800000,14.62800000,17.15100000,534.7113333333341,810.5793846153839,405.7892941176467,14.59133333333334,14.613230769230764,14.648970588235295
105,1545838200000,14.66300000,14.66300000,14.58200000,14.58200000,16.34200000,388.6563333333341,759.9066923076916,390.5155588235291,14.62333333333334,14.592076923076917,14.652705882352944
106,1545840000000,14.58000000,14.71900000,14.58000000,14.67500000,55.72100000,29.73800000000074,737.38523076923,391.81432352941147,14.62833333333334,14.58138461538461,14.658411764705885
107,1545841800000,14.64300000,14.73500000,14.63300000,14.73500000,15.68700000,29.25000000000074,730.6426923076916,365.6084999999997,14.664000000000007,14.576923076923073,14.666852941176474
108,1545843600000,14.73500000,14.73500000,14.71200000,14.71200000,4.84700000,25.418333333334072,464.89846153846077,365.7510588235291,14.70733333333334,14.592769230769225,14.674617647058827
109,1545845400000,14.72600000,14.73500000,14.72600000,14.73300000,5.49300000,8.675666666667404,439.00499999999926,365.29558823529385,14.726666666666674,14.605999999999995,14.685647058823532
110,1545847200000,14.67600000,14.80400000,14.65700000,14.71800000,267.00300000,92.44766666666739,450.1134615384608,371.40114705882326,14.721000000000009,14.61561538461538,14.691470588235298
111,1545849000000,14.75500000,14.75500000,14.75400000,14.75400000,30.30800000,100.9346666666674,451.5758461538454,360.1303529411762,14.735000000000008,14.632461538461532,14.694500000000003
112,1545850800000,14.69200000,14.72400000,14.62700000,14.70200000,130.15300000,142.4880000000007,265.724307692307,358.95582352941153,14.724666666666673,14.649076923076917,14.696852941176475
113,1545852600000,14.70600000,14.74500000,14.70600000,14.73200000,29.34400000,63.268333333334056,258.00315384615317,356.8803235294115,14.729333333333338,14.667999999999996,14.697411764705887
114,1545854400000,14.74500000,14.74500000,14.66400000,14.66400000,20.31700000,59.93800000000073,167.64223076923008,357.4778823529409,14.69933333333334,14.675461538461532,14.6959705882353
115,1545856200000,14.66400000,14.66400000,14.66400000,14.66400000,0.00000000,16.553666666667397,132.68015384615316,356.8857058823527,14.686666666666675,14.68915384615384,14.69326470588236
116,1545858000000,14.60400000,14.60400000,14.60400000,14.60400000,48.62300000,22.98000000000073,49.306846153845456,358.2103235294115,14.644000000000007,14.684846153846149,14.68570588235295
117,1545859800000,14.68200000,14.68200000,14.58500000,14.58500000,100.56700000,49.73000000000072,55.723461538460846,361.10282352941147,14.617666666666674,14.681538461538459,14.681941176470598
118,1545861600000,14.52600000,14.52600000,14.49300000,14.49300000,20.01600000,56.40200000000072,56.00607692307623,361.0178823529409,14.560666666666675,14.674692307692304,14.672117647058833
119,1545863400000,14.44600000,14.44600000,14.44600000,14.44600000,2.18400000,40.92233333333405,51.88784615384546,361.0821176470585,14.508000000000008,14.657076923076918,14.660911764705892
120,1545865200000,14.44700000,14.53500000,14.44700000,14.47100000,214.97400000,79.05800000000072,67.21761538461469,352.0805588235291,14.470000000000006,14.636769230769229,14.651352941176482
121,1545867000000,14.47600000,14.47600000,14.44600000,14.44600000,55.29000000,90.81600000000071,71.09784615384545,353.3063823529409,14.454333333333338,14.61630769230769,14.642441176470598
122,1545868800000,14.44600000,14.44600000,14.44600000,14.44600000,0.00000000,90.0880000000007,70.67530769230699,353.28544117647033,14.454333333333338,14.594230769230766,14.627764705882363
123,1545870600000,14.53400000,14.53400000,14.53400000,14.53400000,2.30900000,19.199666666667383,50.31423076923007,353.24120588235263,14.475333333333339,14.58007692307692,14.62250000000001
124,1545872400000,14.53400000,14.53400000,14.53400000,14.53400000,9.39300000,3.9006666666673837,48.70538461538392,353.298470588235,14.504666666666672,14.563153846153844,14.617235294117656
125,1545874200000,14.56000000,14.57700000,14.45500000,14.45500000,459.35400000,157.01866666666737,74.02853846153776,353.6899117647056,14.507666666666672,14.544153846153845,14.60755882352942
126,1545876000000,14.60500000,14.60500000,14.52300000,14.52300000,147.92300000,205.55666666666738,83.14999999999931,338.18508823529385,14.504000000000007,14.528076923076922,14.597735294117657
127,1545877800000,14.46300000,14.57500000,14.46200000,14.56400000,224.05700000,277.111333333334,98.82230769230699,334.52499999999975,14.514000000000008,14.520384615384614,14.590382352941186
128,1545879600000,14.47200000,14.47200000,14.39600000,14.39600000,46.24500000,139.40833333333404,102.37961538461468,332.8457352941174,14.494333333333342,14.499769230769232,14.578705882352951
129,1545881400000,14.39600000,14.39600000,14.39600000,14.39600000,0.00000000,90.10066666666738,98.6393846153839,231.09508823529387,14.452000000000007,14.483769230769234,14.575470588235305
130,1545883200000,14.34000000,14.34000000,14.34000000,14.34000000,60.17000000,35.47166666666738,95.53192307692237,222.8027941176468,14.377333333333342,14.46492307692308,14.568970588235304
131,1545885000000,14.45800000,14.45800000,14.44700000,14.44700000,4.55000000,21.573333333334052,94.34223076923006,219.33094117647036,14.394333333333341,14.461384615384619,14.564676470588246
132,1545886800000,14.54200000,14.64900000,14.54200000,14.64900000,34.00900000,32.909666666667384,96.79030769230698,219.99894117647037,14.478666666666674,14.477000000000004,14.568029411764716
133,1545888600000,14.42200000,14.43100000,14.42200000,14.43100000,18.84700000,19.13533333333405,81.70361538461468,145.66435294117625,14.509000000000006,14.473923076923082,14.566411764705892
134,1545890400000,14.48700000,14.48700000,14.38900000,14.38900000,89.84800000,47.568000000000715,84.36192307692237,144.491676470588,14.48966666666667,14.469538461538466,14.563558823529421
135,1545892200000,14.38100000,14.38100000,14.31600000,14.31600000,106.01900000,71.57133333333405,92.51723076923007,112.46255882352919,14.37866666666667,14.459538461538468,14.556176470588245
136,1545894000000,14.35500000,14.38900000,14.35500000,14.36700000,49.68000000,81.84900000000071,96.16115384615316,100.55588235294096,14.357333333333338,14.446692307692313,14.552676470588246
137,1545895800000,14.38500000,14.38900000,14.38500000,14.38500000,12.20000000,55.966333333334056,96.37707692307623,67.60658823529388,14.356000000000003,14.435230769230774,14.544588235294126
138,1545897600000,14.40900000,14.55300000,14.37900000,14.40500000,1257.84200000,439.90733333333407,157.7992307692301,104.09749999999977,14.38566666666667,14.43138461538462,14.538029411764715
139,1545899400000,14.37900000,14.37900000,14.30700000,14.34600000,857.76100000,709.2676666666674,212.40215384615314,128.8451176470586,14.37866666666667,14.417769230769236,14.531088235294126
140,1545901200000,14.39900000,14.43700000,14.39800000,14.39800000,330.06200000,815.2216666666674,220.55638461538393,136.9139705882351,14.383000000000003,14.405000000000005,14.522941176470598
141,1545903000000,14.40300000,14.42000000,14.18400000,14.24700000,2336.69100000,1174.8380000000004,396.7445384615378,205.17879411764685,14.330333333333336,14.393538461538466,14.508588235294127
142,1545904800000,14.27900000,14.28100000,14.27900000,14.28100000,63.12700000,909.9600000000005,401.6004615384609,206.89291176470567,14.308666666666667,14.38469230769231,14.495911764705893
143,1545906600000,14.38200000,14.38200000,14.38200000,14.38200000,1.40000000,800.4060000000005,397.07969230769163,206.77252941176448,14.303333333333333,14.38792307692308,14.485588235294127
144,1545908400000,14.38200000,14.44400000,14.38200000,14.40600000,115.59200000,60.03966666666732,405.6213846153839,202.31926470588212,14.356333333333332,14.384769230769233,14.476411764705892
145,1545910200000,14.40600000,14.40600000,14.40600000,14.40600000,9.42200000,42.13800000000065,403.7300769230761,201.70497058823506,14.397999999999998,14.366076923076927,14.466176470588245
146,1545912000000,14.40600000,14.40600000,14.40600000,14.40600000,0.00000000,41.67133333333398,402.28030769230696,197.87694117647035,14.405999999999999,14.36415384615385,14.457470588235303
147,1545913800000,14.38100000,14.38100000,14.38100000,14.38100000,1.04100000,3.4876666666673137,395.4489999999993,197.04449999999974,14.397666666666666,14.363538461538464,14.44714705882354
148,1545915600000,14.38100000,14.38100000,14.38100000,14.38100000,0.00000000,0.34700000000064674,387.2936923076916,196.44694117647035,14.389333333333333,14.368538461538463,14.438823529411774
149,1545917400000,14.38100000,14.38100000,14.38100000,14.38100000,0.00000000,0.34700000000064674,383.47215384615305,196.44694117647035,14.381,14.369615384615388,14.43050000000001
150,1545919200000,14.36600000,14.41700000,14.36100000,14.41700000,23.05600000,7.68533333333398,384.30723076923,195.69497058823504,14.393,14.372076923076927,14.425000000000008
151,1545921000000,14.41700000,14.41700000,14.41700000,14.41700000,0.00000000,7.68533333333398,287.550153846153,192.73711764705857,14.405000000000001,14.373000000000003,14.42005882352942
152,1545922800000,14.47700000,14.47700000,14.47700000,14.47700000,31.62000000,18.22533333333398,224.00084615384534,193.07841176470563,14.437000000000003,14.383076923076926,14.419588235294125
153,1545924600000,14.47700000,14.49800000,14.38900000,14.49800000,847.42700000,293.0156666666673,263.79815384615307,217.93849999999975,14.464,14.390769230769234,14.42111764705883
154,1545926400000,14.49800000,14.50000000,14.49800000,14.50000000,390.54800000,423.198333333334,114.0948461538454,223.10244117647034,14.491666666666667,14.410230769230772,14.4219705882353
155,1545928200000,14.50000000,14.50000000,14.50000000,14.50000000,280.78300000,506.2526666666674,130.83761538461462,229.73458823529387,14.499333333333334,14.427076923076925,14.423558823529417
156,1545930000000,14.49900000,14.50000000,14.49400000,14.49400000,30.88100000,234.0706666666674,133.10538461538385,230.64285294117622,14.498000000000003,14.435692307692308,14.424970588235299
157,1545931800000,14.49600000,14.49600000,14.49300000,14.49300000,2.68100000,104.78166666666739,124.41992307692232,230.6537941176468,14.49566666666667,14.442384615384615,14.423764705882359
158,1545933600000,14.50000000,14.50000000,14.48500000,14.48500000,122.27200000,51.94466666666739,133.10069230769153,233.9737647058821,14.49066666666667,14.448461538461537,14.42232352941177
159,1545935400000,14.50000000,14.50000000,14.50000000,14.50000000,1534.41900000,553.1240000000007,251.1329230769223,265.5933235294115,14.49266666666667,14.455692307692306,14.423647058823535
160,1545937200000,14.50000000,14.50000000,14.18400000,14.30000000,869.58500000,842.0920000000007,317.9439999999992,286.81867647058795,14.428333333333335,14.449461538461538,14.417088235294123
161,1545939000000,14.43900000,14.51400000,14.43900000,14.51400000,540.54900000,981.5176666666674,359.5246923076915,296.12726470588206,14.438000000000002,14.459692307692308,14.415617647058829
162,1545940800000,14.58000000,14.58000000,14.35800000,14.49100000,278.74700000,562.960333333334,380.9667692307685,302.9655588235291,14.435000000000002,14.468153846153845,14.418411764705887
163,1545942600000,14.38900000,14.58500000,14.26000000,14.29100000,655.23500000,491.5103333333339,429.5959230769223,322.23717647058794,14.432000000000002,14.458461538461536,14.415323529411769
164,1545944400000,14.28100000,14.34300000,14.28100000,14.34300000,61.50300000,331.8283333333339,434.3269230769223,322.27638235294086,14.375000000000005,14.452769230769228,14.415411764705889
165,1545946200000,14.29000000,14.62100000,14.19400000,14.61500000,270.23600000,328.9913333333339,452.6819999999992,330.090676470588,14.41633333333334,14.463384615384614,14.420352941176477
166,1545948000000,14.61500000,14.61500000,14.45000000,14.45000000,14.85900000,115.53266666666725,388.63830769230697,329.52744117647035,14.469333333333338,14.459692307692306,14.414500000000006
167,1545949800000,14.61500000,14.61500000,14.61500000,14.61500000,16.26200000,100.45233333333393,359.8470769230762,329.45141176470565,14.560000000000008,14.46853846153846,14.419911764705889
168,1545951600000,14.61500000,14.71700000,14.53800000,14.53800000,499.96300000,177.0280000000006,376.70707692307616,341.5136176470586,14.534333333333338,14.471461538461538,14.424294117647065
169,1545953400000,14.56500000,14.56500000,14.44900000,14.44900000,119.53300000,211.91933333333392,383.52646153846075,341.91108823529385,14.534000000000006,14.468,14.428205882352948
170,1545955200000,14.42700000,14.46200000,14.37500000,14.37500000,136.71900000,252.07166666666726,393.8370769230762,344.4710588235291,14.454000000000006,14.458923076923078,14.428441176470596
171,1545957000000,14.37500000,14.47200000,14.32500000,14.32500000,23.66300000,93.30500000000058,386.25176923076845,344.80820588235264,14.383000000000004,14.446615384615383,14.426676470588243
172,1545958800000,14.36700000,14.36700000,14.34900000,14.34900000,16.76500000,59.04900000000057,269.50915384615314,308.30594117647024,14.349666666666673,14.434999999999999,14.425029411764713
173,1545960600000,14.36900000,14.51800000,14.30200000,14.51800000,249.86500000,96.76433333333391,221.83838461538386,290.42664705882316,14.397333333333341,14.451769230769228,14.430088235294125
174,1545962400000,14.51700000,14.51700000,14.51600000,14.51600000,7.35400000,91.32800000000056,180.82338461538387,280.9352352941173,14.461000000000007,14.451923076923073,14.43355882352942
175,1545964200000,14.51600000,14.51600000,14.45100000,14.45100000,107.55500000,121.5913333333339,167.65476923076847,215.37241176470553,14.49500000000001,14.448846153846148,14.43955882352942
176,1545966000000,14.34000000,14.38300000,14.34000000,14.38300000,45.96200000,53.623666666667226,120.78761538461461,214.86755882352907,14.450000000000008,14.455923076923073,14.442558823529419
177,1545967800000,14.42100000,14.42100000,14.20700000,14.26600000,380.13500000,177.88400000000055,145.29776923076847,226.00682352941143,14.366666666666674,14.449999999999996,14.439147058823536
178,1545969600000,14.32000000,14.32000000,14.32000000,14.32000000,30.68100000,152.2593333333339,126.87046153846079,223.50944117647026,14.323000000000008,14.427307692307686,14.436617647058831
179,1545971400000,14.23600000,14.23600000,14.19600000,14.21900000,296.83700000,235.88433333333387,148.56107692307617,231.96282352941145,14.26833333333334,14.409538461538457,14.43111764705883
180,1545973200000,14.22000000,14.22000000,14.22000000,14.22000000,7.98400000,111.83400000000056,147.92430769230694,232.1976470588232,14.253000000000007,14.379153846153839,14.425647058823538
181,1545975000000,14.18900000,14.22300000,14.18400000,14.22300000,138.43500000,147.75200000000055,120.1144615384608,236.23864705882323,14.220666666666673,14.35492307692307,14.421000000000008
182,1545976800000,14.18400000,14.18400000,14.10000000,14.10000000,251.18700000,132.5353333333339,130.2416923076916,243.6264999999997,14.181000000000006,14.328076923076916,14.412735294117658
183,1545978600000,14.10000000,14.14400000,14.06400000,14.06400000,518.88900000,302.83700000000056,159.6393846153839,258.8879411764703,14.129000000000007,14.304153846153838,14.403411764705893
184,1545980400000,14.05000000,14.05000000,14.05000000,14.05000000,2.12100000,257.39900000000057,157.982307692307,258.2722058823526,14.071333333333342,14.282999999999994,14.392617647058835
185,1545982200000,14.05000000,14.05000000,13.94900000,13.94900000,149.35700000,223.4556666666672,168.1816923076916,262.6650588235291,14.021000000000008,14.252230769230765,14.378852941176483
186,1545984000000,13.92100000,13.92100000,13.92100000,13.92100000,0.84200000,50.77333333333388,149.02607692307623,261.7598235294114,13.973333333333342,14.206307692307687,14.362500000000013
187,1545985800000,13.92100000,13.92100000,13.92100000,13.92100000,0.00000000,50.06633333333388,148.46038461538393,236.83549999999966,13.930333333333342,14.160538461538456,14.34552941176472
188,1545987600000,13.92100000,13.92100000,13.92100000,13.92100000,0.00000000,0.280666666667211,140.18692307692237,225.34879411764672,13.921000000000008,14.119769230769226,14.328500000000012
189,1545989400000,13.92100000,13.92100000,13.92100000,13.92100000,0.00000000,5.443423489737143e-13,136.65138461538393,217.09047058823495,13.921000000000008,14.084230769230762,14.311470588235307
190,1545991200000,14.11800000,14.19400000,14.11800000,14.19400000,3.42200000,1.140666666667211,107.67346153846084,216.2828529411761,14.01200000000001,14.0786923076923,14.302647058823542
191,1545993000000,14.20800000,14.28700000,14.20800000,14.28700000,30.90200000,11.441333333333878,107.69046153846085,217.11288235294083,14.13400000000001,14.07615384615384,14.296588235294129
192,1545994800000,14.28700000,14.28700000,14.28000000,14.28000000,15.13800000,16.487333333333876,86.02130769230699,213.96188235294082,14.253666666666676,14.08084615384615,14.290558823529423
193,1545996600000,14.28000000,14.30400000,14.28000000,14.30400000,70.25100000,38.76366666666721,90.81107692307623,170.89811764705848,14.290333333333344,14.087307692307688,14.284794117647069
194,1545998400000,14.30400000,14.30400000,14.30400000,14.30400000,186.98800000,90.79233333333389,94.54592307692239,150.8217352941173,14.296000000000012,14.093538461538456,14.28491176470589
195,1546000200000,14.32300000,14.34100000,14.32300000,14.34100000,5.61400000,87.61766666666722,75.65569230769162,135.0883529411761,14.316333333333345,14.112076923076918,14.279823529411773
196,1546002000000,14.34100000,14.43400000,14.34100000,14.43400000,45.63300000,79.41166666666722,39.25138461538393,128.23205882352906,14.359666666666676,14.140538461538457,14.278147058823539
197,1546003800000,14.43400000,14.43400000,14.43400000,14.43400000,0.00000000,17.082333333333878,39.08823076923008,108.96044117647023,14.403000000000008,14.170076923076918,14.282352941176482
198,1546005600000,14.43400000,14.52700000,14.43400000,14.52700000,27.04900000,24.227333333333878,29.67992307692239,107.94708823529375,14.465000000000009,14.214538461538455,14.287764705882363
199,1546007400000,14.52700000,14.52700000,14.52700000,14.52700000,0.00000000,9.016333333333877,29.61515384615316,99.99897058823493,14.49600000000001,14.261153846153839,14.285176470588244
200,1546009200000,14.50000000,14.50000000,14.50000000,14.50000000,0.75800000,9.269000000000544,29.673461538460852,99.58423529411728,14.51800000000001,14.3056923076923,14.286647058823538
201,1546011000000,14.54900000,14.57500000,14.54900000,14.57500000,161.11900000,53.95900000000054,42.06723076923008,103.84473529411727,14.534000000000011,14.355999999999993,14.285470588235302
202,1546012800000,14.17800000,14.17800000,14.03600000,14.03600000,24.87800000,62.25166666666721,43.980923076922394,89.87164705882316,14.370333333333344,14.364846153846146,14.27070588235295
203,1546014600000,14.30900000,14.57900000,14.30900000,14.47500000,173.74900000,119.91533333333388,57.082999999999316,91.46623529411727,14.36200000000001,14.386461538461532,14.271470588235303
204,1546016400000,14.47500000,14.63600000,14.08300000,14.20200000,28.88900000,75.83866666666721,56.92815384615316,88.29476470588197,14.237666666666678,14.37992307692307,14.266382352941186
205,1546018200000,14.20200000,14.20200000,14.20200000,14.20200000,0.00000000,67.54600000000055,55.76369230769161,87.59879411764668,14.293000000000012,14.37392307692307,14.262764705882361
206,1546020000000,14.20200000,14.20200000,14.20200000,14.20200000,0.00000000,9.62966666666721,50.35976923076854,87.10570588235257,14.20200000000001,14.366076923076916,14.258441176470598
207,1546021800000,14.13800000,14.13800000,14.03500000,14.03500000,3.27700000,1.0923333333338772,36.22815384615316,79.85311764705845,14.146333333333345,14.345384615384607,14.244235294117656
208,1546023600000,14.23500000,14.31200000,14.00100000,14.00100000,7.18300000,3.4866666666672104,36.34884615384547,79.84808823529376,14.079333333333345,14.31923076923076,14.229088235294126
209,1546025400000,14.30800000,14.40000000,13.85000000,14.40000000,1061.20500000,357.2216666666672,114.46976923076855,107.89661764705846,14.145333333333346,14.316615384615377,14.227588235294125
210,1546027200000,14.40100000,14.40100000,14.40100000,14.40100000,1.10700000,356.49833333333385,114.55492307692239,106.57735294117612,14.267333333333346,14.314076923076916,14.22811764705883
211,1546029000000,14.20200000,14.60000000,14.19800000,14.60000000,158.91300000,407.0750000000005,124.69830769230701,100.0708235294114,14.467000000000013,14.319692307692302,14.237941176470596
212,1546030800000,14.52500000,14.52500000,14.37300000,14.37300000,1170.26200000,443.4273333333338,214.71846153846084,133.58791176470552,14.458000000000013,14.307846153846148,14.239500000000007
213,1546032600000,14.40200000,14.49500000,14.40200000,14.46800000,142.40200000,490.5256666666672,225.6141538461532,129.04570588235256,14.480333333333348,14.30538461538461,14.246823529411772
214,1546034400000,14.35000000,14.35000000,14.35000000,14.35000000,138.59300000,483.75233333333387,223.88138461538392,132.88714705882313,14.397000000000014,14.288076923076916,14.250647058823537
215,1546036200000,14.35000000,14.35000000,14.35000000,14.35000000,0.00000000,93.66500000000057,221.9676923076916,128.81552941176432,14.389333333333349,14.312230769230762,14.254382352941185
216,1546038000000,14.47700000,14.49100000,14.47700000,14.49100000,86.00000000,74.8643333333339,215.21776923076854,123.95708823529372,14.397000000000014,14.313461538461532,14.265882352941183
217,1546039800000,14.42400000,14.49500000,14.42400000,14.49500000,32.59100000,39.530333333333914,215.50253846153777,109.65420588235256,14.445333333333346,14.335999999999993,14.27855882352942
218,1546041600000,14.50000000,14.54200000,14.49200000,14.49200000,577.76700000,232.1193333333339,259.94615384615315,126.5849705882349,14.49266666666668,14.358307692307685,14.291558823529419
219,1546043400000,14.43800000,14.83600000,14.43000000,14.80900000,1523.82000000,711.3926666666672,377.16307692307623,167.01035294117605,14.59866666666668,14.404999999999992,14.316852941176478
220,1546045200000,14.81300000,14.81300000,14.35200000,14.42000000,1376.91100000,1159.4993333333339,482.8272307692301,207.4829705882349,14.573666666666682,14.434615384615377,14.331529411764715
221,1546047000000,14.44200000,14.44200000,14.44200000,14.44200000,26.31600000,975.6823333333338,484.2989999999993,208.2569705882349,14.557000000000016,14.468538461538454,14.34685294117648
222,1546048800000,14.32900000,14.32900000,14.32900000,14.32900000,1.37300000,468.2000000000005,402.77346153846077,208.29735294117606,14.397000000000018,14.463076923076915,14.35885294117648
223,1546050600000,14.46400000,14.46400000,14.32900000,14.34100000,75.84200000,34.51033333333385,408.5223076923069,210.52799999999957,14.370666666666684,14.458461538461531,14.371205882352951
224,1546052400000,14.25700000,14.27800000,14.25700000,14.27800000,2.80400000,26.673000000000513,396.51392307692225,210.50982352941136,14.316000000000017,14.433692307692299,14.373676470588245
225,1546054200000,14.33500000,14.33500000,14.30400000,14.30400000,22.38300000,33.676333333333844,308.2155384615377,210.25926470588195,14.307666666666684,14.428384615384608,14.374176470588244
226,1546056000000,14.30400000,14.30400000,14.30400000,14.30400000,0.00000000,8.395666666667177,297.26153846153767,209.8140294117643,14.295333333333351,14.415769230769225,14.374882352941185
227,1546057800000,14.24300000,14.24300000,14.20800000,14.20800000,2.81000000,8.397666666667178,286.81669230769154,207.8304705882349,14.272000000000018,14.404846153846147,14.372058823529423
228,1546059600000,14.20800000,14.23100000,14.15300000,14.15400000,91.37200000,31.394000000000513,293.8453076923069,205.01823529411723,14.222000000000017,14.389769230769225,14.367647058823541
229,1546061400000,14.17600000,14.19600000,14.17600000,14.18700000,29.40000000,41.19400000000051,289.4914615384607,205.71782352941136,14.183000000000016,14.366384615384609,14.363117647058836
230,1546063200000,14.18700000,14.18700000,14.18700000,14.18700000,0.00000000,40.25733333333384,286.9844615384608,204.37567647058785,14.176000000000016,14.342692307692301,14.355852941176481
231,1546065000000,14.18700000,14.18700000,14.18700000,14.18700000,0.00000000,9.800000000000509,242.5408461538454,204.37567647058785,14.187000000000017,14.319230769230765,14.348588235294129
232,1546066800000,14.18700000,14.18700000,14.18700000,14.18700000,1.08000000,0.36000000000050864,125.40699999999923,203.61188235294077,14.187000000000017,14.271384615384612,14.338588235294129
233,1546068600000,14.18500000,14.28600000,14.05400000,14.05400000,703.64400000,234.9080000000005,73.61723076922999,224.30729411764668,14.142666666666685,14.243230769230767,14.324676470588246
234,1546070400000,14.07700000,14.07700000,14.02100000,14.02100000,60.17300000,254.96566666666718,76.22161538461461,226.05479411764668,14.087333333333353,14.210846153846152,14.31058823529413
235,1546072200000,14.02100000,14.02100000,14.02100000,14.02100000,0.00000000,254.60566666666716,76.11599999999922,221.3159999999996,14.03200000000002,14.187153846153846,14.294294117647071
236,1546074000000,14.14100000,14.14100000,14.14100000,14.14100000,23.41600000,27.86300000000051,72.08323076922998,221.27299999999963,14.06100000000002,14.171769230769229,14.29738235294119
237,1546075800000,14.14100000,14.14100000,14.14100000,14.14100000,0.00000000,7.805333333333844,71.86753846153769,216.16273529411728,14.101000000000019,14.161230769230768,14.287558823529425
238,1546077600000,14.20600000,14.35300000,14.20600000,14.35300000,51.54100000,24.985666666667175,74.11046153846077,216.82897058823494,14.211666666666686,14.165,14.292000000000014
239,1546079400000,14.36600000,14.43700000,14.36600000,14.43700000,299.39100000,116.97733333333385,97.14053846153769,225.63458823529373,14.310333333333352,14.175230769230769,14.298911764705895
240,1546081200000,14.37300000,14.37500000,14.37300000,14.37500000,71.86300000,140.93166666666718,102.45230769230693,227.74820588235258,14.388333333333351,14.188076923076922,14.304000000000014
241,1546083000000,14.34600000,14.34600000,14.26400000,14.26400000,71.54000000,147.59800000000052,100.92676923076846,229.75594117647023,14.358666666666686,14.196538461538463,14.310735294117661
242,1546084800000,14.35600000,14.39900000,14.35600000,14.37000000,78.34200000,73.91500000000052,104.69153846153769,231.8488529411761,14.336333333333352,14.210615384615384,14.321588235294131
243,1546086600000,14.40000000,14.62000000,14.40000000,14.40200000,868.39500000,339.42566666666715,171.49115384615308,226.1779705882349,14.345333333333352,14.227153846153843,14.321647058823544
244,1546088400000,14.39400000,14.39400000,14.39400000,14.39400000,1.00000000,315.91233333333383,171.56807692307618,226.17482352941138,14.388666666666685,14.24307692307692,14.321441176470602
245,1546090200000,14.49600000,14.49600000,14.49600000,14.49600000,4.31100000,291.2353333333338,171.81661538461464,221.62770588235253,14.430666666666687,14.266846153846151,14.318382352941189
246,1546092000000,14.51300000,15.29600000,14.51300000,14.95800000,1654.36500000,553.2253333333339,244.94899999999927,235.8660294117643,14.61600000000002,14.336384615384613,14.335588235294132
247,1546093800000,15.06400000,15.33300000,14.93000000,15.25600000,598.20400000,752.293333333334,286.3359999999993,249.2719705882349,14.903333333333352,14.431384615384612,14.358764705882367
248,1546095600000,15.18200000,15.50000000,15.18200000,15.46500000,461.98600000,904.8516666666673,321.8733846153839,258.78352941176433,15.22633333333335,14.542461538461536,14.391558823529424
249,1546097400000,15.35200000,15.35200000,14.96600000,15.15300000,583.61800000,547.9360000000005,364.9658461538454,275.94876470588196,15.29133333333335,14.620307692307689,14.415176470588248
250,1546099200000,15.13600000,15.13600000,14.80300000,15.01200000,238.83200000,428.1453333333339,383.33753846153775,280.4438235294114,15.210000000000017,14.68730769230769,14.430500000000013
251,1546101000000,15.05900000,15.05900000,14.85000000,14.85000000,19.10900000,280.5196666666672,380.84276923076857,280.0472941176467,15.005000000000019,14.72553846153846,14.440941176470602
252,1546102800000,14.95400000,15.22000000,14.78600000,14.78600000,442.96600000,233.63566666666722,391.8869999999994,276.08255882352904,14.882666666666687,14.752384615384612,14.449588235294131
253,1546104600000,15.01500000,15.01500000,14.97200000,14.99200000,56.20000000,172.7583333333339,390.6821538461532,232.91726470588202,14.876000000000019,14.799846153846149,14.454970588235307
254,1546106400000,14.98600000,15.08600000,14.98600000,15.06900000,71.10500000,190.0903333333339,390.6486923076916,194.5112058823526,14.94900000000002,14.861769230769225,14.474058823529425
255,1546108200000,15.14800000,15.14800000,15.14800000,15.14800000,18.61900000,48.6413333333339,386.0546153846147,194.28482352941143,15.069666666666686,14.921615384615377,14.494823529411779
256,1546110000000,15.17000000,15.17000000,15.00000000,15.14000000,1487.67800000,525.8006666666672,433.69176923076856,237.9996764705879,15.11900000000002,14.978384615384611,14.518676470588249
257,1546111800000,15.15000000,15.15000000,15.15000000,15.15000000,208.26200000,571.5196666666671,449.6349999999993,241.89438235294085,15.146000000000017,15.036538461538457,14.542470588235306
258,1546113600000,15.15000000,15.15000000,15.15000000,15.15000000,37.23500000,577.7250000000005,452.1676153846147,242.9070588235291,15.146666666666684,15.08684615384615,14.568117647058834
259,1546115400000,15.15000000,15.15000000,15.15000000,15.15000000,66.73000000,104.07566666666715,330.0418461538454,244.21138235294086,15.150000000000018,15.10161538461538,14.59300000000001
260,1546117200000,15.03300000,15.08600000,14.96300000,15.03500000,345.72100000,149.8953333333338,310.6200769230762,254.3796470588232,15.111666666666686,15.084615384615379,14.614500000000012
261,1546119000000,15.02300000,15.04300000,14.94100000,14.95900000,927.35800000,446.6030000000005,346.41792307692236,281.5722352941173,15.048000000000018,15.045692307692303,14.636588235294129
262,1546120800000,14.92400000,14.98600000,14.92400000,14.98600000,23.89600000,432.3250000000005,303.3623846153839,279.5876470588232,14.993333333333352,15.03284615384615,14.661058823529425
263,1546122600000,15.06800000,15.06800000,15.01900000,15.01900000,3.57900000,318.27766666666713,285.2659999999993,278.8282058823527,14.988000000000019,15.03338461538461,14.685529411764719
264,1546124400000,15.02700000,15.22400000,15.02700000,15.22400000,326.58200000,118.01900000000046,308.91776923076856,288.43355882352915,15.076333333333352,15.06215384615384,14.71602941176472
265,1546126200000,15.01900000,15.01900000,14.89400000,14.96000000,579.01700000,303.0593333333338,319.38323076923007,305.463470588235,15.067666666666687,15.075538461538457,14.738764705882367
266,1546128000000,14.93000000,14.94800000,14.91800000,14.94100000,145.78600000,350.4616666666672,326.27446153846086,309.7195294117644,15.041666666666687,15.07161538461538,14.760941176470604
267,1546129800000,14.92100000,15.09800000,14.92100000,15.09800000,91.25200000,272.0183333333338,327.82423076923016,291.70799999999974,14.99966666666669,15.073846153846151,14.791647058823544
268,1546131600000,15.02100000,15.02100000,14.97600000,14.97600000,39.30400000,92.11400000000049,329.415384615384,291.09420588235264,15.005000000000022,15.060615384615383,14.819735294117661
269,1546133400000,14.98600000,15.21400000,14.98600000,15.21200000,126.87600000,85.81066666666715,224.73830769230713,294.8258529411762,15.095333333333352,15.066153846153842,14.854764705882369
270,1546135200000,15.27300000,15.29200000,15.19800000,15.19800000,99.75300000,88.6443333333338,216.391461538461,297.0710588235292,15.128666666666687,15.06984615384615,14.885852941176486
271,1546137000000,15.08000000,15.23500000,15.08000000,15.23500000,92.06600000,106.23166666666714,220.60923076923018,299.77888235294097,15.21500000000002,15.076384615384613,14.91802941176472
272,1546138800000,15.21600000,16.30000000,15.21600000,15.88000000,1868.83100000,686.8833333333337,359.23238461538403,353.22858823529396,15.437666666666686,15.132538461538457,14.962941176470604
273,1546140600000,15.71300000,15.90700000,15.68500000,15.73300000,1286.30400000,1082.4003333333337,431.58492307692245,382.2554411764704,15.616000000000021,15.186230769230766,15.001058823529426
274,1546142400000,15.73300000,15.92800000,15.73300000,15.92800000,519.82600000,1224.9870000000003,400.2363076923071,395.4308235294116,15.847000000000023,15.260769230769228,15.046735294117662
275,1546144200000,16.03300000,16.03300000,15.49100000,15.58400000,428.43200000,744.8540000000003,431.3544615384609,405.92764705882337,15.748333333333356,15.306769230769229,15.085558823529425
276,1546146000000,15.62400000,15.62400000,15.39600000,15.39600000,542.82900000,497.02900000000017,472.8352307692302,419.58902941176456,15.636000000000024,15.335769230769227,15.115735294117659
277,1546147800000,15.48800000,15.48800000,15.48800000,15.48800000,6.02400000,325.76166666666677,448.17692307692244,394.22517647058805,15.489333333333358,15.35607692307692,15.147676470588248
278,1546149600000,15.62400000,15.62400000,15.60000000,15.60000000,4.76400000,184.5390000000001,404.0036153846148,394.335882352941,15.494666666666694,15.405307692307689,15.183147058823542
279,1546151400000,15.67900000,15.67900000,15.58300000,15.58300000,293.63000000,101.47266666666678,415.3762307692302,402.84526470588213,15.557000000000025,15.454692307692303,15.215117647058836
280,1546153200000,15.58300000,15.60900000,15.58300000,15.60900000,93.37800000,130.59066666666678,415.53976923076857,356.933882352941,15.59733333333336,15.493999999999996,15.234264705882367
281,1546155000000,15.54800000,15.59100000,15.50000000,15.50000000,152.14600000,179.7180000000001,424.2199230769224,343.8145294117645,15.564000000000027,15.534307692307689,15.241441176470603
282,1546156800000,15.46500000,15.66200000,15.46500000,15.64400000,685.56600000,310.3633333333334,467.19607692307625,350.39041176470573,15.58433333333336,15.567538461538458,15.246705882352956
283,1546158600000,15.64500000,15.64500000,15.58200000,15.58200000,378.97000000,405.5606666666668,488.674307692307,344.37135294117627,15.57533333333336,15.59707692307692,15.259323529411779
284,1546160400000,15.59900000,15.77100000,15.33800000,15.34300000,1059.50800000,708.0146666666668,563.0929230769224,368.50888235294093,15.523000000000025,15.605384615384612,15.269058823529422
285,1546162200000,15.34400000,15.39900000,15.33200000,15.39900000,119.51900000,519.3323333333334,428.5304615384609,371.4621176470586,15.44133333333336,15.568384615384613,15.285205882352951
286,1546164000000,15.45000000,15.58200000,15.43900000,15.58200000,16.48300000,398.50333333333333,330.85192307692245,358.91849999999977,15.44133333333336,15.556769230769227,15.308617647058835
287,1546165800000,15.61600000,15.69800000,15.61600000,15.69800000,151.07500000,95.69233333333334,302.4864615384609,361.7089411764704,15.559666666666692,15.53907692307692,15.329382352941188
288,1546167600000,15.61600000,15.61600000,15.58300000,15.58300000,134.19400000,100.58399999999999,279.85276923076856,363.5644999999998,15.621000000000024,15.538999999999996,15.344500000000012
289,1546169400000,15.60000000,15.60000000,15.58300000,15.58300000,919.05000000,401.43966666666665,308.7928461538455,390.04776470588206,15.621333333333355,15.553384615384612,15.35729411764707
290,1546171200000,15.58300000,15.69800000,15.33500000,15.49200000,1293.39600000,782.2133333333335,407.8214615384608,384.33358823529386,15.552666666666688,15.553692307692303,15.36764705882354
291,1546173000000,15.58900000,15.65900000,15.58900000,15.65900000,29.32600000,747.2573333333335,409.71084615384547,379.0707647058821,15.578000000000022,15.558230769230764,15.382617647058835
292,1546174800000,15.78200000,15.91900000,15.77800000,15.91900000,136.97000000,486.5640000000001,397.66007692307625,382.0041470588232,15.69000000000002,15.58407692307692,15.405235294117658
293,1546176600000,15.91900000,16.00000000,15.87100000,15.95400000,151.90400000,106.06666666666676,402.1620769230763,384.50926470588206,15.844000000000023,15.610615384615382,15.428882352941187
294,1546178400000,15.96000000,16.20000000,15.95400000,15.99400000,299.33600000,196.07000000000008,413.48438461538404,383.1449999999997,15.955666666666689,15.64861538461538,15.45708823529413
295,1546180200000,15.88300000,15.88300000,15.87700000,15.87700000,84.19100000,178.4770000000001,367.22476923076863,358.345970588235,15.941666666666691,15.666538461538458,15.484088235294129
296,1546182000000,15.76900000,15.76900000,15.60000000,15.71500000,85.26800000,156.2650000000001,344.6323076923071,360.1510294117644,15.862000000000025,15.676769230769228,15.50552941176472
297,1546183800000,15.75200000,15.87400000,15.75200000,15.75200000,20.23000000,63.229666666666766,264.6878461538455,360.640764705882,15.78133333333336,15.708230769230768,15.52708823529413
298,1546185600000,15.78800000,15.84600000,15.77000000,15.77000000,64.95800000,56.818666666666765,260.49084615384555,352.9459411764703,15.745666666666692,15.73676923076923,15.54314705882354
299,1546187400000,15.72700000,15.72700000,15.72700000,15.72700000,5.49200000,30.226666666666762,259.645384615384,336.0775588235291,15.74966666666669,15.747923076923078,15.56570588235295
300,1546189200000,15.68800000,15.91300000,15.68800000,15.89300000,1399.16700000,489.8723333333334,355.6524615384609,372.9417058823526,15.796666666666688,15.762923076923077,15.59370588235295
301,1546191000000,15.78500000,16.29900000,15.70300000,15.82800000,445.84000000,616.833,379.62523076923014,383.37076470588204,15.816000000000022,15.781769230769232,15.615176470588244
302,1546192800000,15.77200000,15.79900000,15.68300000,15.75000000,71.43300000,638.8133333333334,314.4239230769224,384.31573529411736,15.823666666666687,15.794615384615385,15.637941176470596
303,1546194600000,15.76000000,15.96900000,15.68000000,15.75500000,120.36100000,212.54466666666676,224.19046153846088,384.12411764705854,15.777666666666688,15.814846153846155,15.65391176470589
304,1546196400000,15.80000000,15.93600000,15.80000000,15.91600000,35.91300000,75.90233333333343,224.69715384615318,382.246470588235,15.807000000000022,15.834615384615386,15.675029411764717
305,1546198200000,15.91600000,15.91600000,15.75600000,15.89700000,169.94000000,108.7380000000001,227.23330769230705,384.5368823529409,15.856000000000021,15.832923076923077,15.694500000000012
306,1546200000000,15.81000000,15.81000000,15.81000000,15.81000000,115.88700000,107.24666666666677,224.4627692307686,332.9797058823527,15.874333333333354,15.821846153846154,15.692441176470599
307,1546201800000,15.70500000,15.80300000,15.70500000,15.80300000,9.52300000,98.4500000000001,202.16946153846095,295.42732352941147,15.836666666666687,15.807153846153845,15.694500000000012
308,1546203600000,15.80800000,15.93100000,15.73300000,15.93100000,240.49900000,121.96966666666675,214.19315384615325,287.2118235294115,15.84800000000002,15.811307692307691,15.69458823529413
309,1546205400000,15.93100000,15.93100000,15.93100000,15.93100000,0.00000000,83.34066666666676,207.63407692307632,274.61088235294085,15.888333333333351,15.827923076923078,15.704794117647074
310,1546207200000,15.93100000,15.93100000,15.93100000,15.93100000,0.00000000,80.16633333333343,206.07792307692247,258.6453235294115,15.931000000000017,15.841692307692309,15.720529411764725
311,1546209000000,15.66700000,15.66700000,15.65300000,15.65300000,4.21400000,1.4046666666667609,201.40530769230708,258.59208823529383,15.83833333333335,15.832692307692307,15.725382352941196
312,1546210800000,15.59900000,15.61800000,15.55700000,15.59000000,102.55500000,35.589666666666766,208.87169230769166,261.4682941176468,15.724666666666684,15.822153846153846,15.725088235294137
313,1546212600000,15.51800000,15.51800000,15.51800000,15.51800000,5.46000000,37.40966666666676,101.66346153846091,252.99270588235268,15.587000000000018,15.79330769230769,15.723176470588257
314,1546214400000,15.50000000,15.50000000,15.36900000,15.36900000,22.19000000,43.40166666666676,69.07499999999938,250.89894117647032,15.49233333333335,15.758,15.716117647058846
315,1546216200000,15.38300000,15.38300000,15.02900000,15.23000000,632.00700000,219.8856666666667,112.19607692307629,265.0124999999997,15.37233333333335,15.717999999999998,15.708176470588258
316,1546218000000,15.23000000,15.23000000,15.08400000,15.08500000,1546.76800000,733.6550000000001,221.9196923076917,290.341970588235,15.228000000000016,15.666461538461537,15.69173529411767
317,1546219800000,15.08500000,15.11800000,15.00000000,15.00000000,602.00200000,926.9256666666666,265.46499999999935,296.9017352941174,15.105000000000016,15.596,15.674617647058847
318,1546221600000,15.00000000,15.00300000,14.95100000,15.00300000,92.78700000,747.1856666666666,259.5301538461532,268.4687647058821,15.02933333333335,15.527230769230767,15.664617647058849
319,1546223400000,14.99800000,15.03300000,14.95900000,15.03300000,78.53300000,257.7739999999999,256.6567692307686,267.26329411764675,15.012000000000016,15.467461538461537,15.653852941176497
320,1546225200000,15.12200000,15.17500000,15.12200000,15.17500000,30.55300000,67.2909999999999,258.27446153846086,267.67711764705854,15.070333333333352,15.419153846153845,15.641882352941202
321,1546227000000,15.16500000,15.16700000,15.16500000,15.16700000,24.94900000,44.678333333333235,241.69369230769163,263.9675294117644,15.12500000000002,15.360384615384614,15.62626470588238
322,1546228800000,15.28400000,15.28400000,15.28400000,15.28400000,84.66000000,46.72066666666657,248.20599999999934,262.5106470588232,15.208666666666685,15.310615384615382,15.61747058823532
323,1546230600000,15.20200000,15.21000000,15.19100000,15.19100000,150.67800000,86.76233333333323,259.7966153846147,239.911470588235,15.214000000000018,15.253692307692303,15.605941176470617
324,1546232400000,15.19100000,15.32900000,15.19100000,15.32900000,35.91000000,90.41599999999988,262.23476923076856,202.92658823529385,15.268000000000017,15.228769230769228,15.601147058823559
325,1546234200000,15.32900000,15.32900000,15.19100000,15.19100000,93.60100000,93.3963333333332,261.5459999999993,204.81702941176442,15.237000000000018,15.19807692307692,15.587382352941207
326,1546236000000,15.14400000,15.19800000,15.07000000,15.07000000,362.97000000,164.16033333333323,289.0467692307685,211.46408823529384,15.196666666666685,15.163615384615381,15.562411764705914
327,1546237800000,15.08000000,15.08100000,14.93700000,15.08100000,195.54700000,217.37266666666656,302.38192307692236,212.74770588235265,15.114000000000017,15.141461538461535,15.536735294117682
328,1546239600000,15.18100000,15.24500000,15.18100000,15.24500000,12.78700000,190.43466666666657,254.74961538461469,204.31979411764675,15.132000000000014,15.14261538461538,15.514705882352974
329,1546241400000,15.24500000,15.24500000,15.24500000,15.24500000,0.00000000,69.44466666666658,135.76746153846082,201.84358823529382,15.190333333333347,15.154923076923073,15.496117647058858
330,1546243200000,15.24500000,15.24500000,15.24500000,15.24500000,0.00000000,4.262333333333241,89.45961538461468,199.33570588235264,15.245000000000013,15.173769230769228,15.482294117647093
331,1546245000000,15.17100000,15.17100000,15.17100000,15.17100000,1.06500000,0.3549999999999069,82.40407692307622,198.7720294117644,15.220333333333349,15.186692307692304,15.465205882352977
332,1546246800000,15.24000000,15.24000000,15.24000000,15.24000000,7.50000000,2.8549999999999067,76.93999999999929,197.08208823529384,15.218666666666683,15.202615384615383,15.449617647058862
333,1546248600000,15.24000000,15.24000000,15.24000000,15.24000000,22.41000000,10.324999999999907,76.31361538461468,197.57967647058794,15.217000000000018,15.207615384615384,15.435294117647098
334,1546250400000,15.24200000,15.24200000,15.16000000,15.16000000,115.24300000,48.38433333333324,83.25930769230698,159.81720588235268,15.21333333333335,15.207076923076922,15.413735294117684
335,1546252200000,15.16000000,15.16000000,15.12000000,15.12000000,11.94900000,49.86733333333324,77.66615384615315,147.05570588235264,15.173333333333348,15.194461538461537,15.39291176470592
336,1546254000000,15.10200000,15.32900000,15.10200000,15.31600000,95.86300000,74.35166666666657,73.44961538461467,147.77423529411737,15.198666666666682,15.204076923076922,15.380147058823567
337,1546255800000,15.25400000,15.27500000,15.25400000,15.27500000,55.07200000,54.29466666666658,74.92361538461468,145.85397058823503,15.237000000000014,15.199923076923076,15.366029411764744
338,1546257600000,15.34800000,15.34800000,15.27800000,15.27800000,116.69200000,89.2089999999999,76.69984615384544,148.2298235294115,15.289666666666681,15.206615384615382,15.34726470588239
339,1546259400000,15.16300000,15.16300000,15.16300000,15.16300000,20.60300000,64.12233333333324,50.36392307692236,143.83755882352918,15.23866666666668,15.21376923076923,15.325676470588272
340,1546261200000,15.18200000,15.18200000,15.12100000,15.15000000,103.33400000,80.20966666666658,43.27061538461467,143.46835294117622,15.197000000000012,15.219076923076925,15.30626470588239
341,1546263000000,15.17500000,15.17500000,15.00000000,15.00000000,203.69000000,109.2089999999999,57.955461538460824,149.17914705882328,15.104333333333345,15.20023076923077,15.282647058823567
342,1546264800000,15.00900000,15.00900000,15.00900000,15.00900000,4.27500000,103.76633333333324,58.284307692306975,142.23138235294093,15.053000000000011,15.182076923076924,15.255529411764742
343,1546266600000,15.01000000,15.03900000,15.01000000,15.03900000,12.64000000,73.5349999999999,59.25661538461467,142.60314705882328,15.016000000000012,15.166230769230769,15.229294117647093
344,1546268400000,15.01000000,15.01000000,14.86400000,14.86400000,182.40300000,66.43933333333324,73.20569230769159,147.96794117647033,14.970666666666679,15.142615384615386,15.197911764705918
345,1546270200000,14.86200000,14.86200000,14.86200000,14.86200000,288.14000000,161.0609999999999,94.7933846153839,156.3187058823527,14.92166666666668,15.113538461538461,15.174647058823563
346,1546272000000,14.86200000,14.86200000,14.86200000,14.86200000,0.00000000,156.84766666666658,93.06953846153775,153.30238235294092,14.862666666666678,15.084461538461538,15.153235294117678
347,1546273800000,14.86200000,15.17600000,14.86200000,14.93900000,29.23900000,105.79299999999989,86.45384615384545,154.0017647058821,14.88766666666668,15.067461538461536,15.13620588235297
348,1546275600000,14.93900000,14.93900000,14.93900000,14.93900000,0.00000000,9.746333333333231,85.53469230769159,153.3491176470586,14.913333333333346,15.053538461538459,15.12355882352944
349,1546277400000,14.86700000,14.86700000,14.84700000,14.86000000,136.06200000,55.10033333333323,88.62692307692237,138.76249999999976,14.912666666666679,15.018461538461537,15.112676470588262
350,1546279200000,14.86000000,14.93400000,14.86000000,14.87300000,88.47100000,74.84433333333324,91.19607692307622,95.87141176470563,14.890666666666677,14.98753846153846,15.106441176470616
351,1546281000000,14.96300000,14.96300000,14.92500000,14.92500000,23.04000000,82.52433333333323,83.99207692307621,78.84311764705858,14.886000000000012,14.960384615384614,15.104235294117673
352,1546282800000,14.92500000,14.92500000,14.92500000,14.92500000,0.00000000,37.170333333333225,82.40723076923005,76.11408823529388,14.90766666666668,14.942076923076922,15.101941176470612
353,1546284600000,14.92900000,14.92900000,14.81300000,14.81300000,18.24700000,13.762333333333231,75.86207692307622,74.34097058823505,14.887666666666682,14.916153846153843,15.095470588235317
354,1546286400000,14.81300000,14.81300000,14.81300000,14.81300000,0.00000000,6.0823333333332315,60.193615384614674,73.44235294117622,14.850333333333348,14.901769230769228,15.08482352941179
355,1546288200000,14.94300000,15.07600000,14.94300000,15.07600000,241.74600000,86.66433333333323,78.46061538461468,79.8187352941174,14.90066666666668,14.906923076923075,15.082147058823553
356,1546290000000,15.07600000,15.07600000,15.07600000,15.07600000,0.00000000,80.5819999999999,77.48830769230699,77.32873529411741,14.988333333333346,14.909769230769228,15.07602941176473
357,1546291800000,15.06800000,15.83700000,15.06800000,15.83700000,373.46100000,205.06899999999987,92.18507692307622,83.881176470588,15.329666666666677,14.984615384615381,15.09502941176473
358,1546293600000,15.73400000,15.73400000,15.29800000,15.58800000,367.22200000,246.8943333333332,98.26830769230698,93.62564705882329,15.500333333333344,15.040461538461535,15.102647058823553
359,1546295400000,15.58800000,15.58800000,15.58800000,15.58800000,0.00000000,246.8943333333332,98.26830769230698,90.87267647058799,15.671000000000012,15.096307692307688,15.114323529411786
360,1546297200000,15.24300000,15.24300000,15.17200000,15.17200000,182.41400000,183.21199999999988,110.05099999999928,85.5622058823527,15.449333333333342,15.114230769230765,15.117323529411786
361,1546299000000,15.11000000,15.11000000,14.99500000,15.04400000,37.01300000,73.14233333333323,112.89815384615312,80.89944117647033,15.268000000000008,15.12230769230769,15.116235294117667
362,1546300800000,15.06000000,15.14600000,15.01600000,15.02300000,192.20100000,137.20933333333323,117.21653846153774,86.17632352941152,15.079666666666675,15.134846153846153,15.109705882352962
