,close,date,high,low,open,quoteVolume,volume,weightedAverage,avg_vol_3,avg_vol_13,avg_vol_34,avg_close_3,avg_close_13,avg_close_34
0,0.0393,1553040817,0.0393,0.0393,0.0393,0.0,0.0,0.0393,-99999.0,-99999.0,-99999.0,-99999.0,-99999.0,-99999.0
1,0.03924,1553047200,0.03933499,0.039115,0.03929,85.21175003,3.33792256,0.03917209,-99999.0,-99999.0,-99999.0,-99999.0,-99999.0,-99999.0
2,0.03924,1553054400,0.03929999,0.03922,0.039225,36.28978338,1.4248111,0.03926204,1.5875778866666668,-99999.0,-99999.0,0.039259999999999996,-99999.0,-99999.0
3,0.039035,1553061600,0.039295,0.039035,0.03923,289.4170065,11.33539907,0.03916631,5.3660442433333335,-99999.0,-99999.0,0.03917166666666666,-99999.0,-99999.0
4,0.03903033,1553068800,0.03913,0.03872567,0.03902574,350.93931377,13.62235339,0.03881683,8.794187853333334,-99999.0,-99999.0,0.039101776666666664,-99999.0,-99999.0
5,0.039325,1553076000,0.03944501,0.03850001,0.03903033,410.60509923,16.04056939,0.03906568,13.666107283333334,-99999.0,-99999.0,0.039130109999999996,-99999.0,-99999.0
6,0.039485,1553083200,0.03965501,0.03932,0.03932,59.94332146,2.36718942,0.03949046,10.676704066666668,-99999.0,-99999.0,0.03928010999999999,-99999.0,-99999.0
7,0.0391542,1553090400,0.03952,0.03914,0.03948,85.97315412,3.37692534,0.03927883,7.261561383333334,-99999.0,-99999.0,0.039321399999999986,-99999.0,-99999.0
8,0.03901122,1553097600,0.03926,0.03897611,0.039185,201.35254952,7.87791045,0.03912496,4.540675070000002,-99999.0,-99999.0,0.03921680666666666,-99999.0,-99999.0
9,0.0389761,1553104800,0.039145,0.0389761,0.039075,20.90511414,0.81563439,0.03901602,4.023490060000001,-99999.0,-99999.0,0.03904717333333333,-99999.0,-99999.0
10,0.03912001,1553112000,0.039225,0.03907001,0.03907001,51.58116325,2.02112623,0.03918341,3.571557023333335,-99999.0,-99999.0,0.03903577666666666,-99999.0,-99999.0
11,0.03922503,1553119200,0.03922503,0.03896989,0.03912001,340.52025415,13.30997365,0.03908717,5.382244756666668,-99999.0,-99999.0,0.03910704666666666,-99999.0,-99999.0
12,0.03902142,1553126400,0.03923,0.03902142,0.03922262,83.53771487,3.27095786,0.03915546,6.200685913333334,6.0615979115384615,-99999.0,0.03912215333333332,0.03916640846153847,-99999.0
13,0.03918,1553133600,0.03920989,0.039095,0.03916358,52.24732834,2.04621236,0.03916396,6.2090479566666685,6.218998862307692,-99999.0,0.039142149999999994,0.03915717769230769,-99999.0
14,0.039085,1553140800,0.03928,0.03903,0.03918005,87.57783405,3.43050863,0.03917096,2.9158929500000013,6.226120867692308,-99999.0,0.039095473333333325,0.03914525461538462,-99999.0
15,0.03928,1553148000,0.039385,0.03909,0.03909002,100.62519259,3.94572637,0.03921211,3.1408157866666677,6.420037426923078,-99999.0,0.03918166666666666,0.03914833153846155,-99999.0
16,0.03913,1553155200,0.039265,0.03910001,0.039265,65.23223263,2.55644305,0.03918987,3.3108926833333343,5.744733117692309,-99999.0,0.039165,0.03915563923076924,-99999.0
17,0.03915499,1553162400,0.03923,0.039125,0.03915,149.96409103,5.87962786,0.0392069,4.127265760000001,5.149138846153847,-99999.0,0.03918832999999999,0.03916522846153847,-99999.0
18,0.03882459,1553169600,0.039355,0.038685,0.03922999,110.60998254,4.31271143,0.03899025,4.249594113333334,4.246995926153847,-99999.0,0.039036526666666654,0.039126735384615405,-99999.0
19,0.038085,1553176800,0.038825,0.03723215,0.03882439,1918.61332978,72.5681593,0.03782323,27.58683286333334,9.647070532307692,-99999.0,0.03868819333333332,0.039019043076923096,-99999.0
20,0.038395,1553184000,0.038395,0.037845,0.03796007,479.23757946,18.234341,0.03804864,31.70507057666667,10.78994866,-99999.0,0.038434863333333326,0.03896064307692309,-99999.0
21,0.03817643,1553191200,0.0384,0.03813999,0.0384,163.01701725,6.23574263,0.03825209,32.34608097666668,10.663628058461539,-99999.0,0.03821880999999999,0.03889642846153848,-99999.0
22,0.0383,1553198400,0.03841,0.03818499,0.03818499,2326.39889291,89.10456233,0.03830149,37.858215320000006,17.455084053846154,-99999.0,0.038290476666666656,0.03884442076923079,-99999.0
23,0.03831999,1553205600,0.03846503,0.03817548,0.0383,279.62850968,10.71158239,0.03830647,35.350629116666674,18.12358068153846,-99999.0,0.03826547333333332,0.03878288076923079,-99999.0
24,0.03821,1553212800,0.03836503,0.03814686,0.03836503,57.07394981,2.18070708,0.03820844,33.99895060000001,17.26748325307692,-99999.0,0.03827666333333333,0.03870480153846156,-99999.0
25,0.03839002,1553220000,0.03839002,0.038225,0.03822501,3.95481458,0.15143538,0.03829139,4.347908283333339,17.027519985384615,-99999.0,0.03830666999999999,0.03865623230769233,-99999.0
26,0.03821499,1553227200,0.03831,0.038175,0.03831,18.40397083,0.70329282,0.03821418,1.0118117600000058,16.92421848230769,-99999.0,0.03827166999999999,0.03858200076923079,-99999.0
27,0.03807999,1553234400,0.03821499,0.03807991,0.03821499,36.95451659,1.4086204,0.03811767,0.7544495333333393,16.768688618461535,-99999.0,0.03822833333333333,0.038504692307692316,-99999.0
28,0.03843,1553241600,0.0385,0.03813499,0.03813499,106.12657261,4.06816497,0.03833314,2.0600260633333396,16.77810697230769,-99999.0,0.03824165999999999,0.0384393076923077,-99999.0
29,0.03840999,1553248800,0.03861499,0.03840999,0.03843,206.0532213,7.93675898,0.038518,4.471181450000006,17.191977428461538,-99999.0,0.03830665999999999,0.03838392230769232,-99999.0
30,0.03937,1553256000,0.0396,0.03856313,0.03856313,296.64506502,11.63757955,0.03923065,7.880834500000006,17.63489678923077,-99999.0,0.03873666333333333,0.03840046153846155,-99999.0
31,0.039295,1553263200,0.03974501,0.03914744,0.03934001,285.09714213,11.25772585,0.03948733,10.27735479333334,18.169128667692306,-99999.0,0.039024996666666666,0.03843664692307693,-99999.0
32,0.03942,1553270400,0.03953,0.03913655,0.03921999,193.4986231,7.61609162,0.03935992,10.17046567333334,13.172815769230768,-99999.0,0.03936166666666666,0.038539339230769236,-99999.0
33,0.03935499,1553277600,0.03940499,0.03931,0.03940499,18.34629832,0.72155015,0.03932946,6.531789206666673,11.82567801153846,10.16200932352941,0.03935666333333333,0.03861318461538462,0.038890273235294114
34,0.03935,1553284800,0.03939498,0.03931503,0.03933337,8.53977799,0.33599109,0.03934424,2.89121095333334,11.371850969999999,10.171891414411764,0.03937499666666667,0.03870345923076923,0.038891743823529404
35,0.039245,1553292000,0.03942,0.039245,0.039315,21.05118486,0.82786917,0.03932648,0.6284701366666731,4.581336111538462,10.098066314705882,0.03931666333333334,0.03877615153846154,0.03889189088235294
36,0.03959,1553299200,0.03959,0.03913656,0.039245,88.81759615,3.49202784,0.03931684,1.5519627000000062,4.025985761538463,10.158866807058823,0.039395000000000006,0.038873844615384616,0.038902185
37,0.04064839,1553306400,0.04121447,0.03956,0.03956,2623.65524595,106.90462975,0.04074644,37.07484225333334,12.081672120769232,12.969726532941175,0.03982779666666667,0.03906141307692308,0.038949637647058825
38,0.04200445,1553313600,0.04212,0.04058,0.04058,732.67475311,30.33569025,0.04140403,46.91078261333334,14.40353788,13.461295264117645,0.04074761333333334,0.03933944615384615,0.03903711176470588
39,0.04159,1553320800,0.0423,0.04147001,0.04200445,295.75297966,12.35654474,0.04177995,49.86562158000001,15.299941873846155,13.352941597941173,0.04141428000000001,0.03959906230769231,0.03910372941176471
40,0.04157735,1553328000,0.04216946,0.0414,0.0415341,288.81207728,12.0840434,0.0418405,18.258759463333348,16.121128258461543,13.63873142088235,0.041723933333333345,0.03986809000000001,0.03916526911764706
41,0.04113683,1553335200,0.04165,0.04107,0.04165,225.28910947,9.30684144,0.04131065,11.249143193333348,16.524103371538466,13.813140717941172,0.04143472666666667,0.0400763076923077,0.03922358176470588
42,0.04113,1553342400,0.04152,0.040917,0.04113683,343.78179229,14.13125184,0.04110529,11.840712226666682,17.000602822307695,13.997062523529408,0.04128139333333334,0.04028553923076924,0.03928589882352941
43,0.04103715,1553349600,0.04119664,0.040855,0.041115,137.86521945,5.66171629,0.04106703,9.69993652333335,16.540921033076923,14.139594344117642,0.041101326666666674,0.04041378153846154,0.03934651794117647
44,0.040845,1553356800,0.041,0.04039259,0.041,264.1145693,10.74099117,0.04066792,10.17798643333335,16.501172211538464,14.396060959999994,0.04100405000000001,0.040533012307692316,0.03939725294117647
45,0.040895,1553364000,0.04111,0.04076725,0.04076725,73.53582281,3.01216252,0.04096183,6.471623326666683,16.147023819230775,14.093184162058819,0.040925716666666674,0.04064647384615386,0.03944636970588235
46,0.040895,1553371200,0.04101504,0.04078235,0.04080792,98.32812507,4.02121719,0.0408959,5.924790293333349,16.400844360769234,14.115250612941171,0.04087833333333334,0.04076493615384617,0.03950147499999999
47,0.041515,1553378400,0.04167999,0.0409,0.0409,152.68992798,6.31720535,0.04137277,4.4501950200000175,16.860937765384616,14.240868053823522,0.041101666666666675,0.04093147461538463,0.039570151470588226
48,0.040985,1553385600,0.04138107,0.04087,0.04138107,391.31615581,16.06487166,0.04105343,8.801098066666684,18.03301488,14.612466966470581,0.04113166666666667,0.041065320769230786,0.0396260338235294
49,0.04084001,1553392800,0.041095,0.04055001,0.04105,272.11041516,11.08353158,0.04073174,11.15520286333335,18.616976706153846,14.822402413823523,0.041113336666666674,0.041161475384615405,0.03967191647058822
50,0.04077004,1553400000,0.04112,0.04077004,0.040845,158.57718376,6.49238626,0.04094149,11.213596500000016,10.892957976153847,14.938165449411757,0.04086501666666667,0.04117083307692309,0.03972015294117646
51,0.04091499,1553407200,0.04119,0.04068582,0.04082,383.17172816,15.68967063,0.04094683,11.088529490000015,9.766341082307692,15.226696119117639,0.04084168000000001,0.04108702846153848,0.03977191764705881
52,0.04132356,1553414400,0.041335,0.0408,0.04091501,179.6708659,7.36471645,0.04099004,9.848924446666684,9.38235429076923,15.316460972647048,0.04100286333333334,0.041066533076923095,0.03984541676470587
53,0.04119498,1553421600,0.04145001,0.04106707,0.041305,131.7764687,5.43064842,0.04121106,9.495011833333349,8.870554676923076,13.341828299705872,0.04114451,0.041037120000000024,0.03993688676470587
54,0.04134999,1553428800,0.04138,0.04112501,0.04119665,63.4922242,2.6231765,0.04131492,5.139513790000016,8.356426604615384,12.882676402647048,0.04128951000000001,0.04105351692307694,0.04002379823529411
55,0.04095,1553436000,0.041225,0.04085502,0.041225,99.23225814,4.0662741,0.04097734,4.0400330066666825,7.582197547692307,12.81886850470587,0.041164990000000005,0.04103967076923079,0.040105373823529404
56,0.04096001,1553443200,0.041175,0.04082501,0.040965,122.44787796,5.0246285,0.04103483,3.9046930333333485,7.533190794615384,10.345929274411754,0.04108666666666667,0.04103373692307695,0.0401836094117647
57,0.04090062,1553450400,0.04101501,0.04081035,0.041,62.61644831,2.565785,0.04097621,3.885562533333349,6.904328781538462,10.106346998235283,0.04093687666666667,0.041038015384615406,0.04025951029411764
58,0.04106706,1553457600,0.04120286,0.04090061,0.04090061,96.68575875,3.96980907,0.04105888,3.853407523333349,6.97799390076923,10.15896764499999,0.04097589666666667,0.04105125076923079,0.040343541470588225
59,0.041155,1553464800,0.04137,0.04106706,0.04106706,40.14743397,1.65101104,0.0411237,2.7288683700000154,6.79567035076923,10.203072811470578,0.04104089333333335,0.04107125076923079,0.0404248644117647
60,0.04121,1553472000,0.04121,0.040895,0.041135,147.29429005,6.04362289,0.04103093,3.8881476666666823,6.774625546153846,10.360141342941166,0.04114402000000001,0.041047789230769245,0.04051295294117646
61,0.041275,1553479200,0.04139958,0.04110559,0.04121598,168.0304954,6.94022293,0.04130335,4.878285620000015,6.07272949,10.52283553499999,0.041213333333333345,0.041070096923076935,0.04060692382352941
62,0.041335,1553486400,0.04139999,0.04122708,0.04131566,48.8053581,2.0154154,0.04129496,4.999753740000014,5.375182091538462,10.462460547647048,0.04127333333333335,0.041108173076923084,0.040692364999999994
63,0.04093862,1553493600,0.04126,0.04093862,0.04122742,67.53972211,2.78219658,0.04119348,3.9126116366666817,5.089782885384616,10.310855771176461,0.04118287333333335,0.041121140769230784,0.040766736470588226
64,0.0411,1553500800,0.04120286,0.04094,0.04101998,58.87542206,2.42037922,0.04111018,2.4059970666666812,4.069068161538461,10.03976164382352,0.041124540000000015,0.041135372307692326,0.040817618823529404
65,0.04113253,1553508000,0.04113253,0.0408332,0.0411,40.86229985,1.67505677,0.04099271,2.2925441900000147,3.631402032307692,9.757918435588225,0.04105705000000002,0.04112067769230771,0.04087166382352941
66,0.04085,1553515200,0.0411264,0.04082001,0.04097504,258.44589038,10.57143858,0.04090387,4.8889581900000145,4.026847429230769,9.84484040499999,0.04102751000000002,0.041094140769230784,0.040913722647058816
67,0.03966,1553522400,0.04083499,0.03924998,0.04083499,708.34595646,28.23200788,0.03985624,13.492834410000015,5.996757535384615,10.653971514705873,0.040547510000000016,0.04096414153846155,0.040922693529411754
68,0.04002,1553529600,0.04005499,0.03956085,0.03966,259.06829802,10.33590056,0.03989643,16.379782340000016,6.479036493846153,10.94808649911764,0.04017666666666669,0.04089260307692308,0.040942399411764696
69,0.04002,1553536800,0.04002,0.04002,0.04002,0.0,0.0,0.04002,12.855969480000015,6.092526609230768,10.923737405882346,0.03990000000000002,0.04082029461538461,0.040965193529411754
70,0.04002,1553544000,0.04002,0.04002,0.04002,0.0,0.0,0.04002,3.4453001866666817,5.895158532307691,10.821030704705876,0.04002000000000002,0.040752554615384615,0.04097784058823528
71,0.04053069,1553551200,0.04089999,0.04007668,0.04007668,86.28431435,3.51722807,0.04076323,1.1724093566666813,5.8603446092307685,7.78022477294117,0.04019023000000002,0.040711295384615376,0.040974378823529396
72,0.04049605,1553558400,0.04070476,0.04042723,0.04052007,37.10200294,1.50466831,0.0405549,1.6739654600000147,5.849087476153845,6.932253539411758,0.040348913333333354,0.04066060692307691,0.04093001411764704
73,0.04010403,1553565600,0.0406466,0.03987131,0.0406466,197.60010144,7.91614413,0.04006143,4.312680170000014,5.993127571538461,6.801653521470581,0.04037692333333335,0.04057553230769229,0.04088630911764704
74,0.04021102,1553572800,0.04021102,0.03995505,0.040092,5.71413881,0.22892655,0.04006317,3.216579663333348,5.476874003846153,6.45297361411764,0.040270366666666675,0.040493687692307684,0.040846122941176455
75,0.03996828,1553580000,0.04021102,0.0398,0.04021102,161.68303888,6.46260594,0.03997083,4.8692255400000155,5.818965583846154,6.369319628823523,0.04009444333333334,0.040388555384615374,0.0408117538235294
76,0.03993509,1553587200,0.04021085,0.039925,0.04002921,54.27731496,2.17259979,0.04002776,2.9547107600000153,5.772073523076923,6.017594568529405,0.04003813000000001,0.040311360769230746,0.04077660941176469
77,0.03994503,1553594400,0.040145,0.03992999,0.03994707,113.89282551,4.56019904,0.04003938,4.398468256666682,5.936675047692308,5.985197002352934,0.039949466666666676,0.040222516923076906,0.0407444882352941
78,0.039395,1553601600,0.03994969,0.03924268,0.03992504,268.90030271,10.60081195,0.03942283,5.777870260000015,6.623271600000001,5.98107408411764,0.03975837333333335,0.04008886076923075,0.04070184117647057
79,0.04,1553608800,0.04,0.039325,0.03936,150.74438173,5.9942091,0.03976406,7.0517400300000155,6.271177024615385,6.068781336470582,0.03978001000000001,0.04002347615384613,0.04067551764705881
80,0.03985805,1553616000,0.04004499,0.039575,0.04002921,71.38809035,2.84255267,0.0398183,6.479191240000016,4.31814200846154,6.03411473294117,0.03975101666666669,0.04003871076923075,0.04064501911764705
81,0.03987001,1553623200,0.03991863,0.039795,0.03979501,45.16741115,1.80128373,0.03988016,3.5460151666666824,3.661633021538463,5.901293508823523,0.03990935333333335,0.04002717307692305,0.04059663705882352
82,0.03992,1553630400,0.03997278,0.03980502,0.03987001,76.38147334,3.04814627,0.03990687,2.563994223333349,3.8961058115384626,5.518448644411758,0.039882686666666674,0.040019480769230745,0.040565313529411756
83,0.04036395,1553637600,0.04061561,0.03981,0.03989501,179.94004009,7.23006436,0.0401804,4.026498120000016,4.452264608461539,5.405111373235288,0.04005132000000001,0.040045938461538436,0.040551311764705875
84,0.04138998,1553644800,0.04148612,0.040255,0.04036395,412.40199694,17.00374847,0.041231,9.093986366666682,5.489689254615386,5.714269085294112,0.040557976666666676,0.04011203769230767,0.04056954529411764
85,0.04107333,1553652000,0.04126086,0.04107005,0.04126086,47.18818263,1.94235749,0.04116194,8.725390106666682,5.523357653076925,5.309936345882347,0.040942420000000014,0.04015644384615383,0.04057420235294116
86,0.04114,1553659200,0.0413505,0.04107333,0.04107333,82.65363885,3.41216337,0.04128267,7.4527564433333495,5.176897594615387,5.1936847847058765,0.04120110333333334,0.04023613384615383,0.04056880352941175
87,0.04179895,1553666400,0.0419,0.04100501,0.04115998,136.69171775,5.64349776,0.04128631,3.666006206666682,5.593403072307694,5.199945059411759,0.04133742666666668,0.04035828230769229,0.04058656735294116
88,0.04191315,1553673600,0.04276998,0.04159023,0.04181619,520.25771533,21.91291633,0.04211934,10.322859153333349,6.781888486923079,5.767290348529406,0.04161736666666668,0.04050788769230767,0.04060313088235293
89,0.04184,1553680800,0.04214339,0.04156128,0.042,474.76116396,19.92879897,0.04197647,15.82840435333335,8.147749962307694,6.233835197647053,0.04185070000000002,0.04065441923076921,0.040629307352941166
90,0.04171,1553688000,0.041765,0.0414,0.041675,59.0764297,2.45704508,0.04159095,14.766253460000016,7.9859688884615405,6.158318038235288,0.04182105000000002,0.040790186153846136,0.04065136588235292
91,0.04167552,1553695200,0.04178,0.04159004,0.04174,60.51098318,2.52165932,0.04167275,8.302501123333348,7.3644956092307705,6.157020224117641,0.04174184000000001,0.04096561076923075,0.04067415705882352
92,0.04158539,1553702400,0.04172999,0.041356,0.04172999,48.43779884,2.01031112,0.04150294,2.329671840000015,7.058041918461539,6.099387931470583,0.04165697000000001,0.04108756384615383,0.040689402058823515
93,0.04204003,1553709600,0.04206201,0.04148186,0.041615,109.53480395,4.56622195,0.0416874,3.0327307966666814,7.190631863076923,6.185129428823524,0.04176698000000001,0.04125540846153845,0.04071543235294116
94,0.0416849,1553716800,0.04186563,0.041565,0.04186563,124.05641815,5.16956201,0.04167105,3.9153650266666813,7.449730192307693,6.159421755882348,0.041770106666666675,0.04139501538461537,0.04072939999999998
95,0.04234577,1553724000,0.04289833,0.04163501,0.04163501,218.0424909,9.25864622,0.04246257,6.33147672666668,7.9274609576923085,6.227610676176465,0.04202356666666668,0.04158161307692306,0.0407608932352941
96,0.04202,1553731200,0.04234576,0.0419897,0.04234576,179.78201977,7.57141299,0.0421144,7.333207073333347,7.953718544615385,6.391022369999995,0.04201689000000001,0.041709001538461514,0.04078104029411763
97,0.042,1553738400,0.04219497,0.04192335,0.04203999,26.78570911,1.12804126,0.04211354,5.986033490000014,6.732510297692309,6.3423707429411715,0.042121923333333346,0.04175592615384613,0.04081225735294117
98,0.04201174,1553745600,0.04201174,0.0418,0.04192948,52.03554545,2.17786687,0.04185344,3.62577370666668,6.750626403846154,6.335238026764701,0.04201058000000001,0.04182811153846151,0.04083907323529411
99,0.04159,1553752800,0.04199998,0.0415,0.04187152,97.59639002,4.07725927,0.04177674,2.4610558000000133,6.801787626923077,6.405891041470584,0.04186724666666667,0.0418627269230769,0.04085252823529411
100,0.04162,1553760000,0.04165774,0.04136,0.0415,36.201502,1.50562553,0.04159013,2.5869172233333466,6.483489763076923,6.139249481176466,0.04174058,0.041848961538461515,0.04087517529411763
101,0.04153499,1553767200,0.04161998,0.041385,0.04157006,16.63194175,0.68967316,0.04146678,2.090852653333347,4.850932596153846,5.329180812941172,0.04158166333333333,0.04181987230769229,0.040930322058823514
102,0.041825,1553774400,0.041925,0.04157667,0.04157667,25.33268145,1.05801443,0.0417648,1.0844377066666802,3.399333785384615,5.0563018091176435,0.041659996666666664,0.041818718461538444,0.04098341029411763
103,0.04177499,1553781600,0.04185677,0.04160002,0.04182499,61.22178381,2.55343338,0.04170792,1.4337069900000134,3.4067482699999996,5.131402790882349,0.041711660000000005,0.04182371769230767,0.04103502764705881
104,0.04177504,1553788800,0.04181502,0.04164002,0.04169502,51.85414374,2.16405672,0.04173353,1.92516817666668,3.3792403776923075,5.195051517941173,0.041791676666666666,0.041831373076923056,0.041086646470588226
105,0.04167489,1553796000,0.04193999,0.041674,0.041775,58.20027326,2.43292083,0.04180256,2.3834703100000136,3.411748816923077,5.163160128529408,0.041741639999999997,0.04183825769230767,0.0411202994117647
106,0.04174678,1553803200,0.04174678,0.041595,0.04167489,28.68176046,1.19638472,0.04171238,1.9311207566666801,3.1525305684615383,5.154092964117644,0.041732236666666665,0.041815699999999976,0.04115708558823528
107,0.041765,1553810400,0.04182798,0.04172502,0.04175,6.73119415,0.28095572,0.04173935,1.3034204233333466,2.776483930769231,4.929528599117644,0.04172889,0.041821861538461506,0.041205937647058814
108,0.04175999,1553817600,0.04248577,0.04171999,0.04171999,165.83142192,6.99331723,0.04217124,2.8235525566666797,2.602227854615385,5.128481266176467,0.041757256666666666,0.041776801538461514,0.041251495588235286
109,0.04168999,1553824800,0.04180999,0.04163832,0.041805,21.35553774,0.89136957,0.0417395,2.721880840000013,2.0883783607692314,4.964621372941173,0.04173832666666668,0.04175141615384613,0.04130213411764705
110,0.04179498,1553832000,0.04189,0.041695,0.04173999,50.00276576,2.08807265,0.04175914,3.324253150000013,2.16222692923077,4.962135280588232,0.04174832000000001,0.041735645384615355,0.04135683676470587
111,0.0415498,1553839200,0.04183901,0.0414,0.04170499,69.42597388,2.89314083,0.04167231,1.9575276833333464,2.217248003076924,4.913104156764702,0.041678256666666684,0.04170011153846151,0.04140403588235293
112,0.04170501,1553846400,0.041935,0.041625,0.04162999,160.22019003,6.69926885,0.04181288,3.893494110000013,2.418941047692309,4.798352889117644,0.04168326333333335,0.04170895846153844,0.04147197735294117
113,0.041,1553853600,0.04188496,0.041,0.04172,217.81955248,8.99396119,0.04129088,6.195456956666679,2.9949668676923085,4.886580891764702,0.041418270000000014,0.04166126615384613,0.04150138911764705
114,0.041225,1553860800,0.04133995,0.041,0.041,109.06095211,4.49308494,0.04119792,6.728771660000013,3.287537004615386,4.935125958529407,0.04131000333333335,0.04163742076923074,0.04154159352941175
115,0.0413149,1553868000,0.0414968,0.04121146,0.04131,307.1619429,12.70715778,0.04136957,8.731401303333346,4.183624954615386,5.255886959999995,0.04117996666666669,0.041598182307692286,0.04158409029411764
116,0.04150013,1553875200,0.04153545,0.04124001,0.04133426,53.93775121,2.22979132,0.04134008,6.476678013333346,4.158729411538462,5.231817696764701,0.04134667666666669,0.041577039230769205,0.04163056470588234
117,0.04146999,1553882400,0.0416,0.04139999,0.04146116,76.16576621,3.16780144,0.04159088,6.034916846666679,4.235940543846154,5.112339375588231,0.04142834000000003,0.04155357384615382,0.04166309529411764
118,0.04161,1553889600,0.04161,0.04149148,0.04157003,1.32398693,0.05496888,0.04151769,1.8175205466666793,4.053021163076924,4.6138458582352895,0.0415267066666667,0.04154858230769228,0.041669566470588226
119,0.04148,1553896800,0.04161499,0.04143344,0.04154929,44.92294515,1.86233018,0.0414561,1.6950335000000127,4.104247736923077,4.611492113823524,0.0415199966666667,0.04152806076923074,0.041681527352941165
120,0.04113497,1553904000,0.0416401,0.041,0.0416401,206.50237214,8.48655293,0.04109663,3.467950663333346,4.735447522307693,4.76073886558823,0.041408323333333365,0.04147959692307689,0.041681379411764696
121,0.04095111,1553911200,0.0412341,0.04085555,0.0412341,35.32322612,1.44742366,0.04097654,3.9321022566666795,4.308840324615385,4.637324921470583,0.04118869333333336,0.04141737538461535,0.041656442941176465
122,0.0411081,1553918400,0.04112867,0.04094322,0.04095994,12.99748028,0.53357958,0.04105254,3.4891853900000123,4.281318017692308,4.008520899411759,0.0410647266666667,0.041372614615384586,0.04163276499999999
123,0.04102025,1553925600,0.04108753,0.0409609,0.04108753,5.66316681,0.23221739,0.04100486,0.7377402100000126,4.138559920769231,3.4292096764705824,0.041026486666666695,0.041313019999999964,0.04160865470588234
124,0.04112865,1553932800,0.04112866,0.041,0.04105999,19.51025203,0.80079695,0.04104493,0.5221979733333459,3.977610391538462,3.380496496176465,0.041085666666666694,0.041280623846153816,0.04159155617647058
125,0.04105995,1553940000,0.04108753,0.04100001,0.04108753,46.4558785,1.90569808,0.04102167,0.9795708066666792,3.6088741784615386,3.3623799891176414,0.04106961666666669,0.04123100384615381,0.04157345117647058
126,0.04087047,1553947200,0.04104353,0.04063327,0.04100001,249.42801653,10.17792801,0.04080507,4.294807680000012,3.6999485492307693,3.602604015294112,0.04101969000000002,0.04122103999999996,0.04155242411764705
127,0.04044799,1553954400,0.04103495,0.04044799,0.04090024,27.73370998,1.13015992,0.0407504,4.404595336666679,3.441262009230769,3.5015433673529355,0.04079280333333334,0.04116126999999996,0.0415055994117647
128,0.04070499,1553961600,0.04073753,0.04044739,0.04050498,31.97803692,1.29607834,0.04053026,4.201388756666678,2.563486667692308,3.3876173770588176,0.04067448333333335,0.041114353846153806,0.04147677852941176
129,0.04068326,1553968800,0.04068326,0.04034811,0.04067999,126.40223454,5.11780118,0.04048821,2.5146798133333452,2.785641272307693,3.2658278170588173,0.040612080000000016,0.04105151769230765,0.04142788117647059
130,0.04061995,1553976000,0.04063,0.04042062,0.04063,9.87901112,0.40059621,0.04055023,2.271491910000012,2.5727793315384626,3.0549214411764645,0.040669400000000015,0.04098612999999996,0.041386703235294114
131,0.04065999,1553983200,0.04073757,0.04049314,0.04049314,35.1414915,1.43066069,0.04071143,2.316352693333345,2.67860177846154,3.063822012647053,0.040654400000000014,0.040913052307692266,0.04134729117647058
132,0.04046,1553990400,0.04068499,0.04043009,0.0405623,23.04462887,0.93368926,0.04051656,0.9216487200000119,2.6071678615384632,3.0272285535294055,0.040579980000000015,0.04083459076923073,0.04130165176470588
133,0.04055999,1553997600,0.04055999,0.04031003,0.0404269,13.1138457,0.5294627,0.04037432,0.9646042166666785,1.9950839976923094,2.922881595588229,0.04055999333333334,0.0407903615384615,0.04127135735294117
134,0.04059111,1554004800,0.04059111,0.0404533,0.04052499,25.52597198,1.03303742,0.04047005,0.8320631266666787,1.9632081330769249,2.9089819452941112,0.04053703333333334,0.040762669230769204,0.04124109588235294
135,0.04043196,1554012000,0.04055,0.04043187,0.04045328,13.44702052,0.54494557,0.04052537,0.7024818966666787,1.9640824400000017,2.9047252514705817,0.040527686666666674,0.040710658461538436,0.04120865382352941
136,0.04073922,1554019200,0.04073922,0.0404312,0.0404312,43.69783539,1.77608419,0.04064467,1.1180223933333453,2.082841424615386,2.925844950294111,0.04058743000000001,0.040689040769230744,0.04117671911764706
137,0.04104999,1554026400,0.04108278,0.04079707,0.04079707,37.20801454,1.52405032,0.04096027,1.2816933600000118,2.138476299230771,2.89556897794117,0.04074039000000001,0.040682989999999974,0.0411553955882353
138,0.04096,1554033600,0.04098999,0.04083132,0.04093999,12.12493347,0.49601958,0.04090905,1.2653846966666784,2.030039491538463,2.846509062058817,0.040916403333333344,0.040675301538461515,0.04113142382352942
139,0.04092354,1554040800,0.04096496,0.04066721,0.04088145,80.18716349,3.2723083,0.04080838,1.7641260666666785,1.498837975384617,2.871196928823523,0.04097784333333335,0.04067938384615382,0.041109325294117656
140,0.04088999,1554048000,0.04091999,0.04077002,0.04091999,50.23391432,2.05342743,0.04087731,1.9405851033333452,1.5698585530769245,2.8964040673529348,0.04092451000000002,0.040713383846153826,0.04108412558823531
141,0.04074374,1554055200,0.04092354,0.04071099,0.04087499,11.68548685,0.47675401,0.04079881,1.9341632466666787,1.506833604615386,2.902162840588229,0.04085242333333335,0.040716364615384595,0.041054088529411774
142,0.04081483,1554062400,0.04094,0.04075422,0.04084499,30.64204268,1.25152674,0.04084345,1.2605693933333453,1.2094278784615398,2.733286649705876,0.04081618666666668,0.04072648538461536,0.04102628970588235
143,0.04110423,1554069600,0.04139741,0.04082264,0.04082265,193.19245632,7.96155846,0.0412105,3.229946403333345,1.7910403592307704,2.9412333817647,0.04088760000000001,0.04076373769230767,0.041009061470588234
144,0.04091,1554076800,0.04110664,0.04091,0.04110664,95.69362055,3.92310994,0.04099656,4.3787317133333445,1.9827672246153858,2.9952050667647,0.040943020000000004,0.04078296923076921,0.040983032647058826
145,0.04088498,1554084000,0.040959,0.04082429,0.04090207,92.16901548,3.76672669,0.0408676,5.217131696666677,2.200693180769232,3.0208987685294053,0.04096640333333334,0.04081565999999997,0.040963479117647056
146,0.04080034,1554091200,0.04084499,0.0408001,0.04084499,20.96957531,0.85586081,0.0408144,2.8485658133333445,2.2258007276923086,2.849033826176464,0.04086510666666667,0.04083414846153843,0.04093687117647059
147,0.04064,1554098400,0.04080033,0.04064,0.04080033,18.34686902,0.74797919,0.04076876,1.7901888966666781,2.2038731715384623,2.6065049438235226,0.04077510666666667,0.0408379092307692,0.04092628294117647
148,0.04061009,1554105600,0.04073935,0.04060001,0.04072,33.77900679,1.37273773,0.04063878,0.992192576666678,2.2675494915384626,2.514730025882346,0.04068347666666667,0.04085161153846151,0.04090819735294118
149,0.04062394,1554112800,0.04063986,0.04,0.04061,794.35376837,31.96289647,0.0402376,11.361204463333344,4.589611974615386,3.0810752814705813,0.04062467666666667,0.04084274384615382,0.040887875
150,0.04048156,1554120000,0.04065001,0.04039255,0.04039255,100.275934,4.06712596,0.04055934,12.467586720000009,4.785233177692309,3.135114535588228,0.04057186333333334,0.04079901846153844,0.04085791705882352
151,0.0403596,1554127200,0.04052996,0.04033134,0.04052996,40.87820055,1.64945328,0.04035043,12.559825236666677,4.873958846923078,3.0904572367646987,0.04048836666666667,0.04075283384615383,0.04082525852941176
152,0.04043999,1554134400,0.0404633,0.0402,0.04033499,65.78261815,2.65492292,0.04035903,2.79050072000001,4.826467663846156,3.166926473235287,0.04042705,0.040715637692307675,0.040790846470588234
153,0.04028214,1554141600,0.04044,0.04027115,0.04044,90.82733624,3.66274923,0.0403265,2.6557084766666765,4.95026164846154,3.2198799747058753,0.04036057666666667,0.04066887999999998,0.04075561529411765
154,0.04037999,1554148800,0.04040174,0.04027185,0.04036143,22.49965835,0.9070047,0.04031193,2.4082256166666767,4.983357855384617,2.9969520855882283,0.04036737333333334,0.040640899230769204,0.04073341
155,0.04034136,1554156000,0.04040174,0.04028067,0.04028102,27.75012095,1.11826743,0.04029774,1.8960071200000097,4.9731071392307715,2.987271019999993,0.040334496666666664,0.04060447846153844,0.04071547617647059
156,0.04036,1554163200,0.04039999,0.04027382,0.040355,34.79780524,1.40454789,0.04036311,1.1432733400000095,4.468721710769233,3.0128877349999934,0.04036045,0.040547229999999976,0.04069347323529411
157,0.04027117,1554170400,0.04075491,0.0402711,0.04027498,253.67958927,10.28604684,0.04054739,4.269620720000009,4.958178395384618,3.3085886011764636,0.04032417666666666,0.04049808923076921,0.04067144147058823
158,0.03835996,1554177600,0.04027109,0.03711246,0.04027109,1274.91987751,49.27243736,0.03864747,20.321010696666672,8.45861767769231,4.734225083823523,0.03966371,0.040303856923076906,0.040590009411764695
159,0.038935,1554184800,0.03897995,0.03815035,0.0383599,757.66722364,29.17476855,0.03850604,29.577750916666673,10.63699519615385,5.536256568235287,0.039188709999999995,0.040160369230769204,0.04052751088235293
160,0.03825,1554192000,0.03885662,0.03805503,0.03877465,222.58274425,8.59626696,0.03862054,29.014490956666673,11.240709640000004,5.489737125588229,0.03851498666666667,0.03997652307692305,0.0404504382352941
161,0.03871,1554199200,0.038845,0.03811344,0.03823,162.47310863,6.24939953,0.0384642,14.673478346666675,11.615837470769234,5.640302996470582,0.03863166666666667,0.03983036230769228,0.04039932088235293
162,0.04312165,1554206400,0.04362883,0.03873999,0.03873999,2043.59659009,83.94707623,0.0410781,32.93091424000001,15.614620529230772,8.071214699117641,0.040027216666666664,0.04002249384615382,0.04047039911764704
163,0.04275058,1554213600,0.04316499,0.04221215,0.04312164,539.37437935,23.03344258,0.04270399,37.74330611333334,17.073567961538462,8.598145328529405,0.041527409999999994,0.040197033846153814,0.04053120264705881
164,0.04528499,1554220800,0.04629999,0.0424,0.04275057,975.96394526,43.8294346,0.04490886,50.269984470000004,20.318181909230773,9.875464104705875,0.04371907333333333,0.040575909999999965,0.04066840970588234
165,0.04577497,1554228000,0.0460248,0.045,0.04516415,450.6461181,20.43179257,0.04533888,29.098223250000007,21.685633420769232,10.434320924705876,0.044603513333333324,0.04098629307692304,0.04081885029411764
166,0.04625041,1554235200,0.04725,0.04547001,0.04577497,424.30288099,19.63668723,0.04627988,27.965971466666677,22.914397882307696,10.984409100294112,0.04577012333333332,0.04144539076923073,0.040989156470588234
167,0.04951004,1554242400,0.050335,0.04600003,0.0463302,883.75785718,42.84446877,0.04847987,27.637649523333348,26.14035665692308,12.228968102352935,0.047178473333333325,0.04214770230769227,0.041252393235294116
168,0.05334,1554249600,0.058,0.04967,0.04969499,4786.84803563,254.22947243,0.05310999,105.57020947666668,45.61044934923078,19.675922073235284,0.04970014999999999,0.04314759769230766,0.04162736058823529
169,0.05240002,1554256800,0.05579999,0.05154883,0.05334001,2025.43276087,108.42027278,0.05352943,135.16473799333335,53.84242818692308,22.848725814705876,0.05175001999999999,0.044073753076923045,0.04197936235294117
170,0.05199997,1554264000,0.053055,0.05045793,0.05224632,1313.34719011,68.13745303,0.05188076,143.5957327466667,58.29253635538461,24.800530780588225,0.052579996666666656,0.04497596846153843,0.04231056088235293
171,0.05155615,1554271200,0.05279,0.05145,0.052,1431.18139904,74.30408895,0.051918,83.62060492000002,60.218048016153844,26.941120152058815,0.05198537999999999,0.04599105999999997,0.04261956558823528
172,0.0531425,1554278400,0.05398999,0.05080917,0.0518,2088.86350908,107.69352696,0.05155603,83.37835631333336,66.25795250923078,30.09398801617646,0.052232873333333325,0.04708394461538458,0.04297787441176469
173,0.05431498,1554285600,0.05535499,0.0523606,0.0531425,1085.56050598,58.51139201,0.0538997,80.16966930666668,70.09757751307693,31.71866694882352,0.05300454333333332,0.048319712307692275,0.04337174029411763
174,0.056715,1554292800,0.0587,0.05427001,0.05445999,2658.3097679,150.88614822,0.05676018,105.69702239666668,81.22348125846155,36.09609991323528,0.054724159999999994,0.04970471230769227,0.04383718176470587
175,0.05712976,1554300000,0.05718361,0.05491295,0.0567057,1228.54151768,68.70366735,0.05592295,92.70040252666668,80.05091134461539,38.10277383499999,0.05605324666666666,0.05078225923076919,0.04431912352941175
176,0.0632,1554307200,0.0665,0.05696156,0.05696156,6073.08018794,373.40048588,0.06148453,197.6634338166667,107.00222236769233,49.04833145676469,0.05901491999999999,0.05235529153846151,0.04497751088235293
177,0.06516501,1554314400,0.06609985,0.06226781,0.06304901,3102.78706642,198.63854864,0.06401939,213.58090062333335,118.91061575538463,54.65647822676469,0.06183158999999999,0.05388452384615382,0.04568518088235293
178,0.06055,1554321600,0.06576997,0.06055,0.06516979,1565.19650272,99.82493525,0.06377789,223.95465658999998,125.01778057692309,57.47712014764704,0.06297167,0.055021064615384585,0.04626282794117647
179,0.06046502,1554328800,0.06209476,0.05535637,0.06061982,4304.14914778,251.36543651,0.05840072,183.27630679999996,142.84306898307693,64.75943514235293,0.06206000999999999,0.05611449615384612,0.04683871147058823
180,0.06068468,1554336000,0.06315501,0.0589442,0.06050501,1720.81891904,106.76561716,0.06204349,152.65199630666663,147.76008039769232,67.87442797617645,0.060566566666666655,0.056974083846153815,0.047423545
181,0.060239,1554343200,0.06194165,0.05847595,0.06068472,1409.64033884,85.0547721,0.06033792,147.72860858999996,134.74664191076926,70.35403953235291,0.060462899999999986,0.05750477615384613,0.04799998617647058
182,0.06162971,1554350400,0.0630178,0.05997451,0.06024259,888.87242096,55.09687462,0.06198513,82.30575462666663,130.64484205230772,71.93416120558821,0.06085112999999998,0.05821475230769228,0.04861821029411765
183,0.06062375,1554357600,0.06252503,0.05995468,0.06162971,774.82910965,47.14206262,0.06084188,62.431236446666624,129.02981202076924,72.38060726882351,0.06083081999999999,0.05887811999999997,0.049206440000000004
184,0.06035205,1554364800,0.06153003,0.05952555,0.06071254,728.07877529,44.1639291,0.06065817,48.80095544666663,126.71133818615385,73.55992500823528,0.060868503333333324,0.059554727692307664,0.0497908661764706
185,0.06111162,1554372000,0.06171999,0.05880811,0.06032494,1018.51324048,60.98563906,0.05987711,50.763876926666626,123.11842373230769,75.30510694294115,0.06069580666666666,0.0601677369230769,0.05040121970588236
186,0.05995598,1554379200,0.0615322,0.05945418,0.06144696,176.99390461,10.70509271,0.06048283,38.61822028999996,119.44101609384614,75.54187664264703,0.060473216666666656,0.060601659999999974,0.05097521941176471
187,0.05986391,1554386400,0.06015337,0.05863918,0.059935,418.14392598,24.84106911,0.05940793,32.17726695999997,109.7452407776923,76.1647684038235,0.06031050333333332,0.06084388384615383,0.05155115382352942
188,0.05647479,1554393600,0.05973877,0.05599,0.05973877,1466.56273457,83.34387517,0.05682939,39.63001232999998,110.87141061000001,78.58938224117644,0.05876489333333332,0.06079350153846152,0.05202453029411765
189,0.05741027,1554400800,0.05766814,0.05617938,0.05637808,786.63971294,44.94785331,0.05713905,51.0442658633333,85.60582348923079,79.87848770823527,0.057916323333333325,0.060348137692307666,0.05252655705882354
190,0.05937093,1554408000,0.05949266,0.0569,0.05753582,792.63895388,45.91865278,0.05793136,58.07012708666664,73.85813919230772,81.18772608735293,0.057751996666666666,0.05990243923076921,0.05308570205882354
191,0.058315,1554415200,0.05985997,0.058315,0.05937095,482.25517234,28.49103967,0.05907876,39.78584858666663,68.37091645538463,81.72316705294118,0.058365400000000005,0.059730516153846135,0.05361640294117648
192,0.05846499,1554422400,0.0594978,0.05828704,0.05830742,221.09754698,13.04913037,0.05901978,29.15294093999996,50.03889290615387,80.65777567088236,0.05871697333333333,0.059576667692307676,0.05420772735294119
193,0.05789099,1554429600,0.05853481,0.0573,0.05853481,153.08897827,8.87039872,0.05794276,16.80352291999996,42.50849148769233,80.06058832294119,0.05822365999999999,0.05936176846153844,0.05476525647058825
194,0.05828273,1554436800,0.05906563,0.05704001,0.05786973,425.85238566,24.61851906,0.05780998,15.512682716666625,37.85954894615388,80.53183103176471,0.05821290333333332,0.059211286153846125,0.055354454411764724
195,0.05721856,1554444000,0.05818846,0.05718772,0.05806681,347.4324653,19.91784717,0.05732868,17.802254983333295,35.153469911538494,80.93384419764708,0.05779742666666666,0.058871966923076904,0.055898823823529425
196,0.057655,1554451200,0.058365,0.05729,0.05729,153.87741232,8.86390795,0.05760369,17.800091393333293,32.208996475384644,78.72551571882353,0.05771876333333332,0.05864360153846152,0.056326275294117656
197,0.05861989,1554458400,0.05896832,0.057635,0.05772983,164.04420415,9.60498094,0.05855117,12.79557868666663,29.550615847692338,78.33056096470588,0.05783114999999999,0.058510358461538445,0.05679301970588236
198,0.05850001,1554465600,0.05959353,0.05826,0.05863478,340.65681194,20.0854907,0.05896107,12.851459863333297,26.4044505892308,77.63220967352942,0.058258299999999985,0.05830946538461537,0.057181696764705886
199,0.05771012,1554472800,0.058775,0.05718781,0.05854,263.23983579,15.17380345,0.0576425,14.954758363333298,26.7481975692308,77.47756293470587,0.05827667333333333,0.0581367069230769,0.05753273058823529
200,0.058376,1554480000,0.0589459,0.05759414,0.057685,313.92948915,18.29738214,0.058285,17.85222542999996,26.24483703307696,77.4381716085294,0.05819537666666665,0.058022252307692285,0.057889365588235285
201,0.05857857,1554487200,0.05857857,0.05775633,0.05836944,101.4201281,5.89390648,0.05811377,13.121697356666628,20.28714713384619,76.35139036470589,0.058221563333333316,0.05818408153846152,0.058156087058823525
202,0.05838505,1554494400,0.05863478,0.05819002,0.058485,24.32920477,1.42462684,0.05855624,8.538638486666628,16.93920663615388,68.91595372970589,0.058446539999999984,0.0582590646153846,0.058304470882352945
203,0.0584284,1554501600,0.059,0.05819006,0.05863478,68.60208312,4.02670344,0.05869651,3.781745586666627,13.716748994615418,65.84555463147059,0.058464006666666644,0.05818656230769229,0.05848177617647059
204,0.05792532,1554508800,0.05824475,0.05790995,0.0582428,29.39171885,1.70507827,0.05801219,2.385469516666627,11.65629042538465,63.89166125617647,0.05824625666666664,0.05815658692307691,0.05865605117647059
205,0.05764,1554516000,0.05796767,0.05746827,0.05790995,208.79257513,12.05740511,0.05774824,5.92972893999996,11.58000386692311,62.06087643735295,0.05799790666666665,0.05809312615384614,0.05883498794117646
206,0.05790995,1554523200,0.05828273,0.05782,0.05782,165.69884326,9.62969481,0.05811564,7.79739272999996,11.638411258461572,59.176646080000005,0.05782508999999999,0.0580945846153846,0.058975207058823524
207,0.05776627,1554530400,0.05796765,0.05753936,0.057886,122.21509167,7.05034801,0.05768803,9.579149309999961,10.287013485384648,57.663085962352945,0.05777207333333332,0.058054856923076915,0.059076715588235296
208,0.05753935,1554537600,0.05784498,0.05727231,0.05753935,153.05730633,8.79796376,0.0574815,8.492668859999961,9.43163783846157,53.484021713529415,0.05773852333333332,0.05807953307692307,0.05910096117647058
209,0.05774773,1554544800,0.05776897,0.05738343,0.05748428,167.20994083,9.64957157,0.05770931,8.499294446666628,9.492073501538492,51.747136543529415,0.05768444999999998,0.05808666615384614,0.05911913676470587
210,0.05748358,1554552000,0.05796763,0.05738407,0.05752348,70.15326941,4.04542106,0.05766546,7.497652129999961,9.0644150492308,40.88375228411765,0.05759021999999998,0.057999257692307675,0.05895100676470587
211,0.05863478,1554559200,0.05873303,0.05727231,0.05738343,273.17465643,15.86568573,0.0580789,9.853559453333295,8.739814666923108,35.50807984558824,0.05795536333333331,0.0580096246153846,0.058758941176470576
212,0.0621,1554566400,0.06364892,0.05859693,0.05871119,2133.34820077,132.75997105,0.0622308,50.890359279999956,17.78490448230772,36.47675736911766,0.05940611999999997,0.05834730769230768,0.058804529411764686
213,0.06157023,1554573600,0.06297632,0.06156431,0.06217519,301.37332518,18.78255425,0.06232321,55.80273700999996,17.822225413846184,29.636084361470598,0.06076833666666664,0.058593017692307674,0.058837035588235276
214,0.06049145,1554580800,0.06194167,0.05875577,0.06180614,382.78830159,23.00590246,0.06010085,58.18280925333329,19.13853279692311,27.17256334088236,0.061387226666666635,0.058740162307692294,0.058831352352941166
215,0.06055709,1554588000,0.06091612,0.060154,0.06035111,19.62974994,1.1887747,0.06055984,14.325743803333296,19.120390324615418,24.705916358529414,0.06087292333333331,0.05890724230769229,0.058840707941176455
216,0.05945931,1554595200,0.060557,0.05942924,0.060557,47.9535355,2.86532279,0.05975206,9.019999983333296,19.031053351538493,23.169694245882358,0.0601692833333333,0.058986543076923054,0.0587768726470588
217,0.06032143,1554602400,0.06134558,0.0594,0.0594493,207.80649521,12.57425577,0.06050944,5.542784419999961,19.86714392846157,22.15299404441177,0.060112609999999976,0.059170859230769215,0.058767980882352924
218,0.06032099,1554609600,0.06102335,0.06023325,0.06048829,155.30244813,9.41581692,0.0606289,8.285131826666627,19.663944836923108,21.130990745000002,0.06003390999999997,0.05937708923076922,0.05876706735294116
219,0.06,1554616800,0.06071518,0.06,0.06044983,270.41155982,16.35265211,0.06047319,12.780908266666627,20.181095398461572,19.818255834705884,0.06021413999999997,0.0595378623076923,0.05873437264705881
220,0.06065896,1554624000,0.06114741,0.06000039,0.06014334,214.58477663,13.00643476,0.0606121,12.924967929999958,20.639255917692342,19.88594236558824,0.06032664999999996,0.05976037692307691,0.05875504852941175
221,0.06241742,1554631200,0.063,0.06085179,0.06085179,621.96952466,38.70822563,0.06223492,22.689104166666624,22.940045292307726,20.29379991029412,0.06102545999999997,0.06013561307692306,0.058830151764705865
222,0.06273648,1554638400,0.06333301,0.06174013,0.06241759,352.60035785,22.07275141,0.06259991,24.595803933333286,23.89567451076927,18.491708035000002,0.06193761999999997,0.060519363076923065,0.059014319117647034
223,0.06143029,1554645600,0.06313386,0.06098666,0.06282846,277.82176917,17.23920986,0.06205132,26.006728966666618,24.910581341538496,17.676747933529413,0.062194729999999976,0.06082295615384614,0.059132554999999976
224,0.06220465,1554652800,0.06264967,0.06056859,0.06143028,370.47939111,22.87318348,0.06173942,20.728381583333285,25.449619630000036,16.998940012941176,0.06212380666666664,0.06109756153846153,0.05921589970588232
225,0.06210809,1554660000,0.06248202,0.06183141,0.0623111,224.8049634,13.97230734,0.06215301,18.02823355999995,16.312107036923116,16.57191847382353,0.06191434333333331,0.06109818384615383,0.059327461176470565
226,0.06174174,1554667200,0.06248202,0.06174034,0.06212997,104.36326787,6.48125249,0.06210281,14.442247769999952,15.365853055384653,16.378745595,0.06201815999999997,0.0611113769230769,0.05942383617647057
227,0.06158,1554674400,0.06250959,0.06150198,0.06173825,529.36501456,32.77918723,0.06192171,17.744249019999952,16.117644191538496,17.081945257058827,0.061809943333333305,0.061195111538461515,0.05953233647058821
228,0.0614,1554681600,0.062,0.061,0.06157873,327.9105635,20.18363355,0.06155225,19.814691089999954,17.578787180000035,16.951507447941175,0.061573913333333306,0.06125995076923075,0.05962402088235291
229,0.05940561,1554688800,0.06151987,0.05935676,0.0614,396.1136387,23.84646657,0.06020107,25.603095783333288,19.192721316923112,17.06705507735294,0.060795203333333304,0.061255819999999975,0.05968834588235292
230,0.059869,1554696000,0.06033616,0.05931061,0.05935676,351.42207164,21.03166608,0.05984731,21.68725539999996,19.843291340769266,17.42493031647059,0.06022486999999998,0.061221017692307665,0.05975346352941174
231,0.05954839,1554703200,0.05986675,0.05843609,0.05975271,163.91133414,9.67722198,0.05903937,18.18511820999996,19.86339942230773,17.427055052941178,0.05960766666666664,0.0611615869230769,0.059780772352941144
232,0.05904448,1554710400,0.05942412,0.05856378,0.05942412,43.72948965,2.57768575,0.05894616,11.095524603333294,18.80378662538465,16.912119613235294,0.05948728999999998,0.06108808538461536,0.05979678617647055
233,0.05802382,1554717600,0.05904448,0.05703299,0.05904448,263.3818527,15.15646086,0.05754557,9.13712286333329,18.969173248461573,16.911609537058823,0.05887222999999998,0.060885382307692276,0.05980601264705879
234,0.05856378,1554724800,0.05931458,0.05767183,0.05787253,74.03254985,4.35085609,0.0587695,7.361667566666625,16.326298668461575,16.501417594411766,0.058544026666666645,0.06058894846153842,0.05981153558823526
235,0.05941527,1554732000,0.05980991,0.05862115,0.05878879,131.64093787,7.78166826,0.05911282,9.096328403333292,15.226984580000037,16.55693999970588,0.05866762333333331,0.06033347076923073,0.05983614441176468
236,0.05840021,1554739200,0.05958028,0.05802372,0.0595068,155.51792181,9.12015929,0.05864378,7.0842278799999585,14.602442228461577,16.78327918941176,0.05879308666666664,0.06010038769230765,0.059836590294117614
237,0.05925601,1554746400,0.05925601,0.05839511,0.05839512,71.14463728,4.17985512,0.05875151,7.027227556666625,13.164493893076962,16.78778365058823,0.05902382999999997,0.05987356923076919,0.059860931764705846
238,0.05894229,1554753600,0.05911775,0.05852952,0.05894231,73.82647563,4.3494209,0.0589141,5.883145103333292,12.42427185923081,16.865558433823526,0.058866169999999975,0.059630046153846115,0.059890842647058795
239,0.05858795,1554760800,0.05858943,0.0582637,0.05858943,22.1068868,1.29225705,0.05845495,3.2738443566666255,12.025118363846193,16.54893643205882,0.058928749999999974,0.05938744692307688,0.05991872352941174
240,0.05762765,1554768000,0.05875743,0.05762765,0.05857733,107.74370648,6.27804699,0.05826834,3.973241646666626,9.986569114615426,16.450358554999998,0.05838596333333331,0.05908341999999996,0.05991042058823527
241,0.05710222,1554775200,0.05794132,0.05710222,0.05757028,73.80798717,4.23246215,0.05734422,3.9342553966666256,8.759555930000042,16.36747955911764,0.05777260666666664,0.0587528215384615,0.05989088970588233
242,0.05785391,1554782400,0.0581322,0.05688834,0.05710359,361.71892933,20.61843749,0.05700126,10.376315543333293,8.511246000769273,16.715140551176464,0.057527926666666646,0.05863345999999996,0.05990014147058821
243,0.057,1554789600,0.05786087,0.057,0.05785418,59.39962794,3.40153018,0.05726517,9.417476606666625,7.155081700769271,16.531374627941172,0.057318709999999974,0.05841276769230766,0.059878149411764676
244,0.05720782,1554796800,0.05761795,0.05683021,0.05694349,25.6591352,1.47215937,0.05737369,8.497375679999958,6.523923038461579,16.45569046058823,0.05735390999999997,0.058232723846153814,0.059870038823529384
245,0.05789983,1554804000,0.058,0.05712455,0.0572769,69.30498481,4.00337283,0.05776457,2.9590207933332913,6.6335912753846555,16.106798904705876,0.05736921666666663,0.058144673846153815,0.05984842264705881
246,0.05820753,1554811200,0.05857733,0.05767182,0.05795778,38.84821435,2.25845591,0.05813538,2.5779960366666246,5.641437048461579,12.268519047647052,0.057771726666666634,0.05815880538461536,0.0597339382352941
247,0.05715518,1554818400,0.05793001,0.05707084,0.05793001,78.73465156,4.51919889,0.05739783,3.593675876666625,5.654386494615425,11.849008595882347,0.05775417999999997,0.058050451538461514,0.059604083823529386
248,0.05719007,1554825600,0.05785586,0.05719007,0.05727025,38.09658147,2.18770249,0.05742516,2.988452429999958,5.224081435384656,11.2367085967647,0.057517593333333304,0.05787928230769228,0.05950698441176467
249,0.05719999,1554832800,0.05736648,0.05696116,0.05718803,14.08609386,0.80468194,0.05712598,2.5038611066666245,4.584429331538502,11.225411750882346,0.05718174666666664,0.05778695769230767,0.05940824617647055
250,0.05712514,1554840000,0.05748244,0.05712514,0.05733821,14.32771207,0.82059811,0.05727349,1.270994179999958,4.326024946153886,11.165272789705876,0.0571717333333333,0.05762304461538459,0.05933959411764703
251,0.05685581,1554847200,0.05737999,0.05684739,0.05718802,57.04960149,3.24876474,0.05694631,1.624681596666625,4.241359087692348,10.8909936417647,0.0570603133333333,0.05746254615384613,0.059237664117647026
252,0.05718992,1554854400,0.05718992,0.05685512,0.057,12.10347229,0.68987207,0.05699786,1.5864116399999582,4.195021781538501,10.634348204999995,0.05705695666666663,0.05735500538461536,0.05914557382352938
