,close,date,high,low,open,quoteVolume,volume,weightedAverage,avg_vol_3,avg_vol_13,avg_vol_34,avg_close_3,avg_close_13,avg_close_34
0,5.75e-05,1553218424,5.75e-05,5.75e-05,5.75e-05,0.0,0.0,5.75e-05,-99999.0,-99999.0,-99999.0,-99999.0,-99999.0,-99999.0
1,5.762e-05,1553220000,5.762e-05,5.75e-05,5.75e-05,143.10917294,0.00823106,5.751e-05,-99999.0,-99999.0,-99999.0,-99999.0,-99999.0,-99999.0
2,5.75e-05,1553227200,5.75e-05,5.75e-05,5.75e-05,98.1542,0.00564386,5.75e-05,0.004624973333333333,-99999.0,-99999.0,5.754e-05,-99999.0,-99999.0
3,5.649e-05,1553234400,5.751e-05,5.6e-05,5.75e-05,20469.20128017,1.15324781,5.634e-05,0.38904091,-99999.0,-99999.0,5.720333333333333e-05,-99999.0,-99999.0
4,5.603e-05,1553241600,5.651e-05,5.602e-05,5.649e-05,553.49639355,0.0310369,5.607e-05,0.39664285666666665,-99999.0,-99999.0,5.6673333333333325e-05,-99999.0,-99999.0
5,5.446e-05,1553248800,5.651e-05,5.411e-05,5.651e-05,23828.76922446,1.31311928,5.51e-05,0.8324679966666665,-99999.0,-99999.0,5.5659999999999985e-05,-99999.0,-99999.0
6,5.625e-05,1553256000,5.625e-05,5.44e-05,5.446e-05,9325.20161419,0.52041636,5.58e-05,0.6215241799999999,-99999.0,-99999.0,5.557999999999998e-05,-99999.0,-99999.0
7,5.63e-05,1553263200,5.65e-05,5.616e-05,5.616e-05,1557.79285222,0.08765437,5.626e-05,0.6403966699999999,-99999.0,-99999.0,5.566999999999998e-05,-99999.0,-99999.0
8,5.69e-05,1553270400,5.706e-05,5.575e-05,5.6e-05,2544.67449676,0.14355657,5.641e-05,0.2505424333333332,-99999.0,-99999.0,5.6483333333333315e-05,-99999.0,-99999.0
9,5.68e-05,1553277600,5.714e-05,5.576e-05,5.69e-05,1616.32133841,0.09188353,5.684e-05,0.10769815666666653,-99999.0,-99999.0,5.666666666666665e-05,-99999.0,-99999.0
10,5.665e-05,1553284800,5.682e-05,5.55e-05,5.68e-05,1155.43450052,0.06467093,5.597e-05,0.10003700999999987,-99999.0,-99999.0,5.6783333333333315e-05,-99999.0,-99999.0
11,5.63e-05,1553292000,5.688e-05,5.587e-05,5.683e-05,242.910601,0.01375325,5.661e-05,0.056769236666666535,-99999.0,-99999.0,5.658333333333332e-05,-99999.0,-99999.0
12,6.081e-05,1553299200,6.25e-05,5.579e-05,5.646e-05,16184.62021243,0.97831042,6.044e-05,0.3522448666666665,0.3393480261538461,-99999.0,5.791999999999999e-05,5.689307692307692e-05,-99999.0
13,5.97e-05,1553306400,6.251e-05,5.97e-05,6.081e-05,2914.38593068,0.17939729,6.155e-05,0.39048698666666654,0.35314781769230763,-99999.0,5.8936666666666654e-05,5.706230769230769e-05,-99999.0
14,5.904e-05,1553313600,5.98e-05,5.8e-05,5.978e-05,5220.21153334,0.30516232,5.845e-05,0.48762334333333324,0.3759886838461538,-99999.0,5.9849999999999984e-05,5.717153846153846e-05,-99999.0
15,5.805e-05,1553320800,5.906e-05,5.8e-05,5.904e-05,1244.35413577,0.07266644,5.839e-05,0.1857420166666666,0.38114426692307685,-99999.0,5.892999999999998e-05,5.721384615384615e-05,-99999.0
16,6.01e-05,1553328000,6.104e-05,5.805e-05,5.805e-05,3631.17362885,0.21713306,5.979e-05,0.1983206066666666,0.30913544,-99999.0,5.906333333333331e-05,5.749153846153846e-05,-99999.0
17,5.963e-05,1553335200,6.009e-05,5.963e-05,6.009e-05,76.95694287,0.00462123,6.004e-05,0.09814024333333327,0.3071034653846153,-99999.0,5.925999999999997e-05,5.7768461538461536e-05,-99999.0
18,5.911e-05,1553342400,5.976e-05,5.911e-05,5.976e-05,66.42065584,0.0039501,5.947e-05,0.0752347966666666,0.20639814384615376,-99999.0,5.96133333333333e-05,5.8126153846153846e-05,-99999.0
19,5.941e-05,1553349600,5.941e-05,5.911e-05,5.911e-05,797.50109275,0.04736952,5.939e-05,0.01864694999999994,0.17000992538461532,-99999.0,5.9383333333333304e-05,5.836923076923077e-05,-99999.0
20,5.57e-05,1553356800,5.93e-05,5.558e-05,5.882e-05,18482.92877226,1.05260591,5.695e-05,0.3679751766666666,0.24423696692307686,-99999.0,5.8073333333333305e-05,5.832307692307692e-05,-99999.0
21,5.8e-05,1553364000,5.8e-05,5.562e-05,5.597e-05,3313.47414711,0.18913515,5.708e-05,0.42970352666666667,0.24774301153846146,-99999.0,5.7703333333333307e-05,5.8407692307692305e-05,-99999.0
22,5.852e-05,1553371200,5.852e-05,5.799e-05,5.799e-05,1706.91760591,0.09899984,5.799e-05,0.4469136333333334,0.2482904199999999,-99999.0,5.740666666666664e-05,5.854e-05,-99999.0
23,5.713e-05,1553378400,5.85e-05,5.713e-05,5.85e-05,179.00970189,0.01034952,5.781e-05,0.09949483666666666,0.2441118499999999,-99999.0,5.78833333333333e-05,5.857692307692307e-05,-99999.0
24,5.786e-05,1553385600,5.852e-05,5.78e-05,5.78e-05,1027.16185281,0.05970978,5.813e-05,0.056353046666666656,0.2476469676923076,-99999.0,5.7836666666666634e-05,5.869692307692307e-05,-99999.0
25,5.808e-05,1553392800,5.808e-05,5.775e-05,5.777e-05,2611.42803224,0.15086081,5.776e-05,0.07364003666666664,0.1839969976923076,-99999.0,5.7689999999999964e-05,5.848692307692306e-05,-99999.0
26,5.714e-05,1553400000,5.817e-05,5.714e-05,5.78e-05,437.2551076,0.02530608,5.787e-05,0.07862555666666665,0.1721438276923076,-99999.0,5.7693333333333305e-05,5.8289999999999986e-05,-99999.0
27,5.754e-05,1553407200,5.849e-05,5.712e-05,5.717e-05,6245.76838598,0.36486136,5.841e-05,0.18034275,0.17673606153846144,-99999.0,5.7586666666666635e-05,5.817461538461537e-05,-99999.0
28,5.771e-05,1553414400,5.779e-05,5.771e-05,5.779e-05,172.22890913,0.00994042,5.771e-05,0.13336928666666664,0.17191098307692299,-99999.0,5.74633333333333e-05,5.814846153846152e-05,-99999.0
29,5.846e-05,1553421600,5.846e-05,5.803e-05,5.803e-05,117.20030255,0.00684493,5.84e-05,0.12721556999999997,0.155734973076923,-99999.0,5.790333333333331e-05,5.8022307692307676e-05,-99999.0
30,5.81e-05,1553428800,5.811e-05,5.761e-05,5.811e-05,607.0,0.0350028,5.766e-05,0.01726271666666664,0.15807201692307682,-99999.0,5.808999999999998e-05,5.7904615384615376e-05,-99999.0
31,5.712e-05,1553436000,5.81e-05,5.631e-05,5.81e-05,2227.21771427,0.12684834,5.695e-05,0.056232023333333304,0.1675257276923076,-99999.0,5.789333333333332e-05,5.7751538461538456e-05,-99999.0
32,5.665e-05,1553443200,5.749e-05,5.635e-05,5.7e-05,1039.48613509,0.05917284,5.692e-05,0.07367465999999998,0.1684336753846153,-99999.0,5.728999999999998e-05,5.7539230769230764e-05,-99999.0
33,5.555e-05,1553450400,5.849e-05,5.492e-05,5.745e-05,48017.33164182,2.68919189,5.6e-05,0.9584043566666667,0.29432490461538446,0.2976662932352941,5.6439999999999975e-05,5.75276923076923e-05,5.75944117647059e-05
34,5.726e-05,1553457600,5.789e-05,5.566e-05,5.566e-05,4100.99008471,0.2348834,5.727e-05,0.9944160433333334,0.2978440007692306,0.30457462852941175,5.648666666666665e-05,5.747076923076922e-05,5.758735294117649e-05
35,5.711e-05,1553464800,5.8e-05,5.615e-05,5.726e-05,959.96989144,0.05491371,5.72e-05,0.9929963333333335,0.29445275999999987,0.3059476476470588,5.663999999999998e-05,5.7362307692307686e-05,5.757235294117649e-05
36,5.711e-05,1553472000,5.711e-05,5.711e-05,5.711e-05,0.0,0.0,5.711e-05,0.09659903666666676,0.29365664307692296,0.30578165176470584,5.715999999999998e-05,5.7360769230769224e-05,5.7560882352941204e-05
37,5.712e-05,1553479200,5.712e-05,5.635e-05,5.712e-05,934.71091392,0.05279571,5.648e-05,0.035903140000000104,0.2931247915384614,0.27341541352941173,5.7113333333333314e-05,5.730384615384615e-05,5.75794117647059e-05
38,5.65e-05,1553486400,5.755e-05,5.62e-05,5.752e-05,107.2646245,0.00607036,5.659e-05,0.019622023333333436,0.2819870646153845,0.2726811035294117,5.6909999999999975e-05,5.71823076923077e-05,5.7593235294117675e-05
39,5.708e-05,1553493600,5.708e-05,5.708e-05,5.708e-05,2.0498,0.000117,5.708e-05,0.019661023333333433,0.2800494430769229,0.23406338941176466,5.689999999999998e-05,5.717769230769231e-05,5.767029411764708e-05
40,5.651e-05,1553500800,5.708e-05,5.608e-05,5.708e-05,889.7851583,0.05011622,5.632e-05,0.0187678600000001,0.2558382784615383,0.2202310323529411,5.669666666666665e-05,5.709846153846154e-05,5.767794117647062e-05
41,5.651e-05,1553508000,5.654e-05,5.61e-05,5.654e-05,686.88250465,0.0386106,5.621e-05,0.02961460666666677,0.2580436769230768,0.2187885685294117,5.6699999999999976e-05,5.7006153846153843e-05,5.7684117647058855e-05
42,5.673e-05,1553515200,5.693e-05,5.653e-05,5.653e-05,3878.69267101,0.22051687,5.685e-05,0.10308123000000012,0.27447997999999985,0.2210521067647058,5.658333333333331e-05,5.687307692307692e-05,5.767911764705886e-05
43,5.581e-05,1553522400,5.673e-05,5.5e-05,5.673e-05,17456.88353885,0.96290344,5.515e-05,0.4073436366666668,0.34585695230769214,0.24667033941176464,5.634999999999997e-05,5.6696923076923066e-05,5.765000000000003e-05
44,5.616e-05,1553529600,5.616e-05,5.56e-05,5.579e-05,328.33065426,0.01827554,5.566e-05,0.4005652833333335,0.33750519846153837,0.24530576911764695,5.623333333333331e-05,5.6623076923076913e-05,5.7635588235294146e-05
45,5.616e-05,1553536800,5.616e-05,5.616e-05,5.616e-05,0.0,0.0,5.616e-05,0.3270596600000002,0.3329534415384615,0.24490126176470575,5.6043333333333306e-05,5.65853846153846e-05,5.763147058823532e-05
46,5.616e-05,1553544000,5.616e-05,5.616e-05,5.616e-05,0.0,0.0,5.616e-05,0.006091846666666845,0.12609252692307688,0.21612742588235284,5.615999999999998e-05,5.663230769230768e-05,5.7494705882352965e-05
47,5.616e-05,1553551200,5.616e-05,5.616e-05,5.616e-05,0.0,0.0,5.616e-05,1.780982768669522e-16,0.10802457307692302,0.2108510349999999,5.615999999999998e-05,5.654769230769229e-05,5.739058823529414e-05
48,5.705e-05,1553558400,5.72e-05,5.616e-05,5.616e-05,6920.66942852,0.390524,5.642e-05,0.13017466666666686,0.1338407492307692,0.21336167264705871,5.6456666666666644e-05,5.654307692307691e-05,5.7332058823529434e-05
49,5.709e-05,1553565600,5.763e-05,5.617e-05,5.703e-05,1279.44301226,0.07285031,5.693e-05,0.1544581033333335,0.13944461923076917,0.2133670805882352,5.6766666666666646e-05,5.654153846153845e-05,5.730382352941179e-05
50,5.708e-05,1553572800,5.709e-05,5.708e-05,5.709e-05,756.78682313,0.04319848,5.708e-05,0.16885759666666686,0.1387063707692307,0.2082513576470587,5.7073333333333314e-05,5.653846153846153e-05,5.721500000000003e-05
51,5.492e-05,1553580000,5.709e-05,5.488e-05,5.709e-05,25730.38501149,1.45421448,5.651e-05,0.5234210900000003,0.25010207230769227,0.250886453235294,5.6363333333333316e-05,5.641692307692306e-05,5.707647058823532e-05
52,5.426e-05,1553587200,5.497e-05,5.412e-05,5.492e-05,7861.12346835,0.4290558,5.457e-05,0.6421562533333336,0.2830973646153846,0.2633895620588234,5.541999999999998e-05,5.6199999999999984e-05,5.69338235294118e-05
53,5.43e-05,1553594400,5.499e-05,5.413e-05,5.426e-05,18484.31382996,1.0079366,5.452e-05,0.9637356266666669,0.35677585538461537,0.2916415349999999,5.449333333333331e-05,5.6029999999999984e-05,5.6783529411764734e-05
54,5.482e-05,1553601600,5.484e-05,5.417e-05,5.43e-05,1226.67729439,0.06663089,5.431e-05,0.5012077633333335,0.35893126230769223,0.2626422697058823,5.445999999999997e-05,5.589999999999999e-05,5.6757647058823554e-05
55,5.39e-05,1553608800,5.482e-05,5.358e-05,5.482e-05,12821.49307795,0.69302942,5.405e-05,0.5891989700000001,0.3952783815384615,0.2774626894117646,5.433999999999998e-05,5.568230769230768e-05,5.663705882352944e-05
56,5.399e-05,1553616000,5.532e-05,5.395e-05,5.403e-05,3140.92661912,0.17225601,5.484e-05,0.3106387733333334,0.33445934846153846,0.27961728264705876,5.4236666666666655e-05,5.554230769230768e-05,5.650382352941178e-05
57,5.557e-05,1553623200,5.561e-05,5.503e-05,5.55e-05,5536.8488692,0.30750855,5.553e-05,0.39093132666666675,0.3567080415384615,0.28835725411764696,5.4486666666666654e-05,5.5496923076923063e-05,5.64579411764706e-05
58,5.57e-05,1553630400,5.57e-05,5.57e-05,5.57e-05,1.81597846,0.00010115,5.57e-05,0.15995523666666678,0.3567158223076922,0.28660405911764697,5.508666666666665e-05,5.546153846153845e-05,5.639441176470589e-05
59,5.526e-05,1553637600,5.569e-05,5.498e-05,5.557e-05,9987.91833993,0.55281927,5.534e-05,0.2868096566666668,0.3992403815384614,0.29842636676470585,5.550999999999999e-05,5.539230769230768e-05,5.6311470588235294e-05
60,5.559e-05,1553644800,5.559e-05,5.507e-05,5.525e-05,396.92775122,0.02186892,5.509e-05,0.19159644666666678,0.40092260615384606,0.29832527382352936,5.551666666666665e-05,5.534846153846153e-05,5.6265882352941184e-05
61,5.509e-05,1553652000,5.558e-05,5.509e-05,5.557e-05,159.45173574,0.00886003,5.556e-05,0.19451607333333346,0.37156383923076913,0.2878546464705881,5.531333333333332e-05,5.51976923076923e-05,5.6193823529411774e-05
62,5.57e-05,1553659200,5.631e-05,5.399e-05,5.57e-05,9854.68651925,0.53816646,5.461e-05,0.1896318033333335,0.4073573892307692,0.30339070647058813,5.545999999999998e-05,5.509076923076923e-05,5.613470588235295e-05
63,5.569e-05,1553666400,5.63e-05,5.569e-05,5.57e-05,939.34832139,0.05273188,5.613e-05,0.1999194566666668,0.4080907276923076,0.3047403226470587,5.549333333333331e-05,5.4983846153846146e-05,5.605323529411765e-05
64,5.623e-05,1553673600,5.623e-05,5.57e-05,5.622e-05,544.74072858,0.0306139,5.619e-05,0.2071707466666668,0.29858299076923067,0.3046112373529411,5.587333333333331e-05,5.508461538461538e-05,5.599823529411766e-05
65,5.701e-05,1553680800,5.757e-05,5.621e-05,5.621e-05,5074.54154171,0.28870233,5.689e-05,0.12401603666666679,0.2877865699999999,0.3093716488235293,5.630999999999998e-05,5.529615384615384e-05,5.5995000000000015e-05
66,5.62e-05,1553688000,5.731e-05,5.575e-05,5.7e-05,2514.02477911,0.14130404,5.62e-05,0.1535400900000001,0.22112252692307685,0.31178727235294107,5.6479999999999974e-05,5.5442307692307684e-05,5.598176470588237e-05
67,5.587e-05,1553695200,5.656e-05,5.587e-05,5.618e-05,220.67588335,0.01238877,5.614e-05,0.1474650466666668,0.21695005615384608,0.23305776882352927,5.6359999999999975e-05,5.5523076923076914e-05,5.599117647058825e-05
68,5.599e-05,1553702400,5.599e-05,5.59e-05,5.599e-05,388.81985947,0.02176427,5.597e-05,0.05848569333333344,0.16531427538461527,0.22678955911764692,5.601999999999997e-05,5.568384615384615e-05,5.595382352941178e-05
69,5.82e-05,1553709600,5.837e-05,5.621e-05,5.621e-05,7222.70201518,0.41654912,5.767e-05,0.15023405333333348,0.184106053076923,0.23742589470588224,5.668666666666664e-05,5.600769230769231e-05,5.598588235294119e-05
70,5.799e-05,1553716800,5.835e-05,5.647e-05,5.835e-05,2206.53006348,0.12648994,5.732e-05,0.1882677766666668,0.1701815446153845,0.24114618705882343,5.739333333333331e-05,5.619384615384615e-05,5.601176470588237e-05
71,5.8e-05,1553724000,5.803e-05,5.787e-05,5.799e-05,3364.38598403,0.19512677,5.799e-05,0.2460552766666668,0.18518351538461528,0.24533239470588228,5.806333333333332e-05,5.637076923076922e-05,5.603764705882355e-05
72,5.638e-05,1553731200,5.833e-05,5.602e-05,5.803e-05,10671.84670535,0.6133143,5.747e-05,0.3116436700000001,0.1898369792307691,0.26319251058823523,5.745666666666665e-05,5.645692307692307e-05,5.603411764705884e-05
73,5.693e-05,1553738400,5.693e-05,5.638e-05,5.638e-05,1228.84974557,0.06936475,5.644e-05,0.2926019400000001,0.19349050461538447,0.26522920911764697,5.710333333333331e-05,5.655999999999999e-05,5.602970588235296e-05
74,5.642e-05,1553745600,5.693e-05,5.639e-05,5.693e-05,1003.6318007,0.05663608,5.643e-05,0.2464383766666668,0.19716558538461523,0.2654209697058823,5.657666666666664e-05,5.6662307692307675e-05,5.6027058823529426e-05
75,5.69e-05,1553752800,5.69e-05,5.641e-05,5.641e-05,8.37558305,0.00047349,5.653e-05,0.042158106666666785,0.15580458769230757,0.2642992899999999,5.674999999999998e-05,5.675461538461537e-05,5.603852941176471e-05
76,5.635e-05,1553760000,5.694e-05,5.635e-05,5.693e-05,3179.32284676,0.17979633,5.655e-05,0.07896863333333345,0.16557877615384603,0.26310162705882345,5.655666666666664e-05,5.680538461538461e-05,5.6027352941176485e-05
77,5.634e-05,1553767200,5.691e-05,5.634e-05,5.635e-05,528.77121343,0.02979726,5.635e-05,0.07002236000000013,0.16551595769230756,0.23565732764705877,5.652999999999997e-05,5.681384615384614e-05,5.6042941176470604e-05
78,5.697e-05,1553774400,5.697e-05,5.634e-05,5.634e-05,806.51380344,0.04593016,5.694e-05,0.08517458333333344,0.14684117538461525,0.23647069882352934,5.65533333333333e-05,5.6810769230769224e-05,5.606676470588237e-05
79,5.643e-05,1553781600,5.697e-05,5.643e-05,5.697e-05,549.35958248,0.03121441,5.681e-05,0.03564727666666678,0.13837274230769217,0.2373887697058823,5.6579999999999956e-05,5.6828461538461535e-05,5.607470588235297e-05
80,5.659e-05,1553788800,5.697e-05,5.642e-05,5.643e-05,3511.8731238,0.19942688,5.678e-05,0.09219048333333345,0.1527602892307691,0.24325426617647056,5.6663333333333296e-05,5.688384615384615e-05,5.6087352941176495e-05
81,5.727e-05,1553796000,5.727e-05,5.66e-05,5.715e-05,760.34349309,0.04319671,5.681e-05,0.09127933333333343,0.15440893846153836,0.2445247576470588,5.67633333333333e-05,5.698230769230769e-05,5.6120000000000025e-05
82,5.845e-05,1553803200,5.845e-05,5.77e-05,5.77e-05,1933.02272658,0.11261111,5.825e-05,0.11841156666666676,0.13102909153846143,0.23635084911764703,5.743666666666663e-05,5.7001538461538465e-05,5.616117647058826e-05
83,5.736e-05,1553810400,5.8e-05,5.736e-05,5.8e-05,9702.06445977,0.56250456,5.797e-05,0.2394374600000001,0.1645686776923076,0.25075244470588237,5.7693333333333305e-05,5.6953076923076925e-05,5.616911764705883e-05
84,5.801e-05,1553817600,5.801e-05,5.736e-05,5.736e-05,2921.47769751,0.16884549,5.779e-05,0.28132038666666676,0.16254704076923066,0.25444794500000006,5.793999999999997e-05,5.695384615384616e-05,5.6196470588235306e-05
85,5.84e-05,1553824800,5.84e-05,5.8e-05,5.801e-05,6682.6894858,0.38759736,5.8e-05,0.37298247,0.14518419923076914,0.2230768532352942,5.79233333333333e-05,5.710923076923078e-05,5.6298823529411774e-05
86,5.883e-05,1553832000,5.95e-05,5.8e-05,5.804e-05,9952.3101055,0.58309136,5.858e-05,0.3798447366666667,0.18470163076923066,0.227607310882353,5.84133333333333e-05,5.7255384615384625e-05,5.643323529411766e-05
87,5.853e-05,1553839200,5.876e-05,5.842e-05,5.87e-05,1226.24343122,0.07192417,5.865e-05,0.34753763,0.18587763769230758,0.20007753352941182,5.858666666666663e-05,5.741769230769232e-05,5.655764705882355e-05
88,5.915e-05,1553846400,5.924e-05,5.859e-05,5.859e-05,2162.34687486,0.12712443,5.879e-05,0.26071332,0.19562001769230755,0.20185675529411773,5.883666666666663e-05,5.759076923076924e-05,5.668500000000002e-05
89,5.86e-05,1553853600,5.9e-05,5.859e-05,5.86e-05,2599.93956053,0.15236357,5.86e-05,0.11713739000000005,0.19350980538461526,0.18595481852941184,5.8759999999999966e-05,5.7763846153846164e-05,5.682323529411767e-05
90,5.859e-05,1553860800,5.866e-05,5.859e-05,5.866e-05,45.74820463,0.00268237,5.863e-05,0.09405679000000004,0.19142404461538448,0.18096735852941184,5.877999999999997e-05,5.793692307692309e-05,5.695852941176472e-05
91,5.896e-05,1553868000,5.908e-05,5.676e-05,5.859e-05,15207.10390909,0.88194461,5.799e-05,0.34566351666666667,0.2557328484615383,0.19786253676470597,5.871666666666663e-05,5.809000000000001e-05,5.705823529411766e-05
92,5.942e-05,1553875200,6.007e-05,5.895e-05,5.896e-05,16261.62657371,0.97152462,5.974e-05,0.6187172,0.328064403076923,0.22643381529411774,5.8989999999999955e-05,5.832000000000001e-05,5.7167647058823545e-05
93,6.05e-05,1553882400,6.05e-05,5.896e-05,5.942e-05,12778.24983195,0.76360638,5.975e-05,0.8723585366666667,0.371462826153846,0.23263343617647067,5.962666666666663e-05,5.862076923076924e-05,5.7321764705882366e-05
94,6.051e-05,1553889600,6.059e-05,5.955e-05,6.05e-05,11982.86131356,0.72433634,6.044e-05,0.8198224466666667,0.4238581823076922,0.2532942426470589,6.01433333333333e-05,5.8870000000000004e-05,5.7466470588235306e-05
95,6.053e-05,1553896800,6.053e-05,6.053e-05,6.053e-05,4.09177519,0.00024767,6.053e-05,0.4960634633333334,0.41521484076923065,0.2530409379411766,6.0513333333333295e-05,5.903e-05,5.762647058823531e-05
96,6.06e-05,1553904000,6.06e-05,6e-05,6.009e-05,3285.80741027,0.19731505,6.005e-05,0.30729968666666674,0.3871233399999999,0.2430158964705884,6.0546666666666634e-05,5.927923076923077e-05,5.777058823529414e-05
97,6.016e-05,1553911200,6.065e-05,6e-05,6e-05,14912.60467638,0.90178405,6.047e-05,0.3664489233333334,0.4435032292307692,0.26798801911764725,6.042999999999996e-05,5.944461538461538e-05,5.7902058823529424e-05
98,6.034e-05,1553918400,6.207e-05,6.002e-05,6.002e-05,19525.93978448,1.20257558,6.158e-05,0.7672248933333333,0.5061938615384615,0.3024574802941178,6.036666666666663e-05,5.9593846153846145e-05,5.80229411764706e-05
99,6.006e-05,1553925600,6.034e-05,6.006e-05,6.034e-05,448.92412243,0.02702854,6.02e-05,0.7104627233333334,0.4634197984615384,0.29476119235294135,6.018666666666663e-05,5.968846153846154e-05,5.811264705882353e-05
100,6.031e-05,1553932800,6.031e-05,6.007e-05,6.007e-05,1788.9225,0.10775874,6.023e-05,0.4457876200000001,0.46617630384615383,0.29377456588235307,6.023666666666663e-05,5.982538461538461e-05,5.82335294117647e-05
101,6.191e-05,1553940000,6.251e-05,6.024e-05,6.024e-05,4498.36270407,0.27652721,6.147e-05,0.1371048300000001,0.47766882538461536,0.3015433435294119,6.0759999999999954e-05,6.00376923076923e-05,5.841117647058824e-05
102,6.5e-05,1553947200,6.5e-05,6.09e-05,6.194e-05,8318.54007841,0.53130079,6.386e-05,0.3051955800000001,0.5068178423076923,0.316529711764706,6.240666666666661e-05,6.0529999999999985e-05,5.867617647058823e-05
103,6.25e-05,1553954400,6.5e-05,6.112e-05,6.459e-05,4755.73060415,0.2986493,6.279e-05,0.3688257666666668,0.5295845292307693,0.31306207000000014,6.313666666666661e-05,6.0830769230769216e-05,5.8802647058823525e-05
104,6.202e-05,1553961600,6.383e-05,6.138e-05,6.383e-05,913.65626913,0.05643342,6.176e-05,0.2954611700000001,0.46608366846153854,0.31100158411764717,6.317333333333329e-05,6.106615384615382e-05,5.892117647058823e-05
105,6.238e-05,1553968800,6.299e-05,6.2e-05,6.215e-05,9699.55032087,0.60169929,6.203e-05,0.3189273366666668,0.4376355661538462,0.3229595994117648,6.229999999999996e-05,6.129384615384614e-05,5.905e-05
106,6.486e-05,1553976000,6.6e-05,6.2e-05,6.2e-05,29130.37752676,1.90268839,6.531e-05,0.8536070333333333,0.5252572592307693,0.3608823667647059,6.308666666666661e-05,6.162923076923075e-05,5.929941176470588e-05
107,6.574e-05,1553983200,6.586e-05,6.44e-05,6.483e-05,1222.25327052,0.07900164,6.463e-05,0.8611297733333334,0.47561612846153856,0.3611658047058824,6.432666666666662e-05,6.203153846153845e-05,5.955852941176469e-05
108,6.433e-05,1553990400,6.6e-05,6.417e-05,6.575e-05,1613.87849733,0.1061034,6.574e-05,0.6959311433333334,0.48375887692307706,0.36262072588235295,6.497666666666661e-05,6.232384615384613e-05,5.9791176470588214e-05
109,6.46e-05,1553997600,6.528e-05,6.276e-05,6.417e-05,843.52844344,0.05447275,6.457e-05,0.07985926333333333,0.47277100769230784,0.36420893941176474,6.488999999999994e-05,6.263153846153845e-05,6.001764705882352e-05
110,6.406e-05,1554004800,6.491e-05,6.406e-05,6.46e-05,127.40363049,0.00817193,6.414e-05,0.056249360000000005,0.40403161384615394,0.3591611629411765,6.432999999999996e-05,6.293153846153844e-05,6.024441176470586e-05
111,6.525e-05,1554012000,6.69e-05,6.403e-05,6.403e-05,3013.90624879,0.19945727,6.617e-05,0.08736731666666665,0.326868666923077,0.3641511632352941,6.463666666666662e-05,6.330923076923075e-05,6.0506470588235277e-05
112,6.539e-05,1554019200,6.539e-05,6.393e-05,6.5e-05,348.30509387,0.0226377,6.499e-05,0.07675563333333331,0.32653091000000006,0.363466090882353,6.489999999999995e-05,6.371923076923076e-05,6.0754117647058804e-05
113,6.456e-05,1554026400,6.558e-05,6.441e-05,6.558e-05,381.96248581,0.02503833,6.555e-05,0.08237776666666664,0.3201678015384616,0.36328444147058825,6.506666666666662e-05,6.404615384615382e-05,6.099323529411762e-05
114,6.386e-05,1554033600,6.533e-05,6.333e-05,6.417e-05,1861.79396937,0.11985274,6.437e-05,0.05584292333333332,0.30811591923076925,0.3609440255882353,6.46033333333333e-05,6.419615384615383e-05,6.120705882352938e-05
115,6.338e-05,1554040800,6.385e-05,6.332e-05,6.385e-05,127.74535555,0.00811256,6.35e-05,0.051001209999999984,0.26787067076923077,0.35991213882352946,6.39333333333333e-05,6.407153846153845e-05,6.138676470588233e-05
116,6.384e-05,1554048000,6.418e-05,6.272e-05,6.385e-05,5553.36208914,0.35459121,6.385e-05,0.16085216999999996,0.2721738946153846,0.36702920058823535,6.36933333333333e-05,6.417461538461538e-05,6.154529411764703e-05
117,6.416e-05,1554055200,6.416e-05,6.401e-05,6.401e-05,938.54192095,0.06007983,6.401e-05,0.1409278666666666,0.2724543876923077,0.35225200264705886,6.37933333333333e-05,6.433923076923075e-05,6.174529411764704e-05
118,6.302e-05,1554062400,6.44e-05,6.302e-05,6.44e-05,2390.59777796,0.15079608,6.307e-05,0.1884890399999999,0.23776952538461538,0.3517211376470588,6.367333333333329e-05,6.438846153846152e-05,6.189264705882352e-05
119,6.438e-05,1554069600,6.438e-05,6.299e-05,6.421e-05,140.34597058,0.00896579,6.388e-05,0.07328056666666659,0.09209855615384616,0.34058491499999993,6.385333333333331e-05,6.435153846153844e-05,6.20685294117647e-05
120,6.354e-05,1554076800,6.436e-05,6.338e-05,6.436e-05,24.57030483,0.00156352,6.363e-05,0.05377512999999992,0.08614177769230769,0.32348115499999996,6.364666666666663e-05,6.418230769230767e-05,6.220705882352939e-05
121,6.435e-05,1554084000,6.435e-05,6.354e-05,6.354e-05,247.44423353,0.01576583,6.371e-05,0.00876504666666659,0.07919273384615384,0.32182943911764694,6.408999999999998e-05,6.418384615384613e-05,6.237823529411764e-05
122,6.337e-05,1554091200,6.434e-05,6.336e-05,6.434e-05,828.39121678,0.05307773,6.407e-05,0.023469026666666587,0.07908542461538462,0.3196515949999999,6.37533333333333e-05,6.408923076923074e-05,6.250235294117647e-05
123,6.196e-05,1554098400,6.387e-05,6.142e-05,6.387e-05,14939.0761962,0.92300153,6.178e-05,0.33061502999999987,0.1494569323076923,0.3423174173529411,6.322666666666664e-05,6.392769230769228e-05,6.260117647058823e-05
124,6.24e-05,1554105600,6.245e-05,6.142e-05,6.176e-05,1826.08392925,0.11284635,6.179e-05,0.36297520333333316,0.14279455384615383,0.34555753441176457,6.257666666666663e-05,6.370846153846151e-05,6.271323529411764e-05
125,6.171e-05,1554112800,6.251e-05,6.168e-05,6.244e-05,536.27567618,0.03316824,6.184e-05,0.3563387066666665,0.14360459538461537,0.3205935235294117,6.202333333333329e-05,6.342538461538458e-05,6.279411764705881e-05
126,6.154e-05,1554120000,6.21e-05,6.152e-05,6.21e-05,197.39922925,0.01215591,6.158e-05,0.05272349999999981,0.14261363999999996,0.2923767967647058,6.18833333333333e-05,6.319307692307689e-05,6.285647058823529e-05
127,6.009e-05,1554127200,6.151e-05,5.933e-05,6.151e-05,5679.83551384,0.34398434,6.056e-05,0.12976949666666648,0.1598545323076923,0.28003497205882344,6.111333333333329e-05,6.290307692307691e-05,6.284441176470588e-05
128,6.111e-05,1554134400,6.111e-05,5.874e-05,6.036e-05,2048.56323713,0.12298131,6.003e-05,0.15970718666666647,0.16869059000000003,0.2623480594117646,6.09133333333333e-05,6.272846153846152e-05,6.28620588235294e-05
129,6.153e-05,1554141600,6.155e-05,6.107e-05,6.107e-05,3419.58142896,0.20988287,6.137e-05,0.22561617333333314,0.15755917923076923,0.26851380058823515,6.090999999999996e-05,6.25507692307692e-05,6.28914705882353e-05
130,6.206e-05,1554148800,6.206e-05,6.19e-05,6.206e-05,641.68939091,0.03978661,6.2e-05,0.12421692999999978,0.15599816230769234,0.26388061117647044,6.156666666666663e-05,6.238923076923074e-05,6.293441176470589e-05
131,5.925e-05,1554156000,6.153e-05,5.925e-05,6.153e-05,10032.03092537,0.60406574,6.021e-05,0.28457840666666645,0.19086505923076924,0.2551241902941175,6.094666666666662e-05,6.209923076923074e-05,6.290764705882353e-05
132,6.102e-05,1554163200,6.102e-05,5.949e-05,5.951e-05,1337.54868111,0.08151674,6.094e-05,0.24178969666666647,0.19644590153846156,0.2221518714705881,6.077666666666662e-05,6.18407692307692e-05,6.292764705882353e-05
133,6.099e-05,1554170400,6.101e-05,6.013e-05,6.013e-05,143.28772932,0.00873674,6.097e-05,0.2314397399999998,0.1969976876923077,0.22161387735294102,6.041999999999996e-05,6.164461538461534e-05,6.295500000000001e-05
134,5.987e-05,1554177600,6.02e-05,5.874e-05,6.02e-05,5964.7338547,0.3539837,5.934e-05,0.1480790599999998,0.22301444692307695,0.2288557879411763,6.0626666666666626e-05,6.129999999999996e-05,6.294205882352942e-05
135,5.865e-05,1554184800,5.979e-05,5.6e-05,5.886e-05,23269.92595241,1.3254118,5.695e-05,0.5627107466666664,0.3208862984615385,0.2597053347058822,5.983666666666662e-05,6.093692307692304e-05,6.284617647058824e-05
136,5.622e-05,1554192000,5.808e-05,5.38e-05,5.808e-05,21602.87068961,1.18994539,5.508e-05,0.9564469633333331,0.34142044153846157,0.2790772347058822,5.824666666666662e-05,6.049538461538458e-05,6.25879411764706e-05
137,5.635e-05,1554199200,5.651e-05,5.622e-05,5.628e-05,3283.92513123,0.18527582,5.641e-05,0.9002110033333331,0.3469919392307693,0.2757427205882351,5.707333333333329e-05,6.002999999999997e-05,6.240705882352942e-05
138,5.638e-05,1554206400,5.653e-05,5.634e-05,5.634e-05,2720.60900089,0.15370832,5.649e-05,0.5096431766666666,0.3562642530769231,0.2786037470588234,5.6316666666666615e-05,5.961999999999997e-05,6.224117647058824e-05
139,5.782e-05,1554213600,5.783e-05,5.62e-05,5.634e-05,5025.7190873,0.2873123,5.716e-05,0.20876547999999984,0.3774301292307693,0.2693570708823528,5.6849999999999945e-05,5.9333846153846123e-05,6.210705882352943e-05
140,5.749e-05,1554220800,5.751e-05,5.651e-05,5.718e-05,1019.82546652,0.05805671,5.692e-05,0.16635910999999984,0.3554356961538462,0.21510319794117633,5.7229999999999945e-05,5.913384615384612e-05,6.189029411764707e-05
141,5.706e-05,1554228000,5.749e-05,5.649e-05,5.749e-05,2172.72992252,0.12363142,5.69e-05,0.15633347666666653,0.3554857046153846,0.2164158385294116,5.7456666666666614e-05,5.882230769230766e-05,6.163500000000002e-05
142,5.545e-05,1554235200,5.749e-05,5.545e-05,5.749e-05,2493.53808918,0.14083636,5.648e-05,0.10750816333333318,0.35017443461538456,0.2174373961764704,5.6666666666666617e-05,5.8354615384615354e-05,6.137382352941178e-05
143,5.622e-05,1554242400,5.626e-05,5.62e-05,5.62e-05,831.46863387,0.04674383,5.621e-05,0.10373720333333318,0.35070960538461526,0.2172100749999998,5.624333333333328e-05,5.7905384615384594e-05,6.112735294117647e-05
144,5.622e-05,1554249600,5.623e-05,5.609e-05,5.623e-05,2400.5009833,0.13483436,5.616e-05,0.1074715166666665,0.3146148838461537,0.2209354405882351,5.5963333333333286e-05,5.767230769230767e-05,6.0896764705882365e-05
145,5.623e-05,1554256800,5.623e-05,5.622e-05,5.623e-05,157.93270764,0.00887978,5.622e-05,0.06348598999999984,0.3090274253846153,0.21533022029411747,5.622333333333329e-05,5.730384615384614e-05,6.06314705882353e-05
146,5.55e-05,1554264000,5.623e-05,5.542e-05,5.623e-05,3952.55817017,0.22209356,5.618e-05,0.12193589999999986,0.3254394884615384,0.2211965691176469,5.598333333333328e-05,5.688153846153844e-05,6.034058823529413e-05
147,5.623e-05,1554271200,5.623e-05,5.57e-05,5.57e-05,798.04988236,0.04475779,5.608e-05,0.09191037666666653,0.30165287999999996,0.22177655323529397,5.5986666666666616e-05,5.660153846153844e-05,6.0095588235294126e-05
148,5.607e-05,1554278400,5.688e-05,5.603e-05,5.623e-05,16719.82766914,0.93987588,5.621e-05,0.4022424099999999,0.2719962707692308,0.24589488088235278,5.593333333333328e-05,5.64030769230769e-05,5.98664705882353e-05
149,5.551e-05,1554285600,5.691e-05,5.551e-05,5.683e-05,5607.39040327,0.3165307,5.644e-05,0.4337214566666665,0.20481052538461536,0.2549660026470586,5.5936666666666615e-05,5.634846153846151e-05,5.9635e-05
150,5.512e-05,1554292800,5.687e-05,5.5e-05,5.685e-05,4545.95499972,0.25324186,5.57e-05,0.5032161466666665,0.21003868230769226,0.2519851394117645,5.556666666666662e-05,5.6253846153846126e-05,5.937852941176471e-05
151,5.734e-05,1554300000,6e-05,5.512e-05,5.512e-05,50206.47399415,2.9400095,5.855e-05,1.1699273533333334,0.42436954230769225,0.3366889532352939,5.598999999999995e-05,5.6327692307692285e-05,5.917794117647059e-05
152,5.89e-05,1554307200,5.89e-05,5.702e-05,5.734e-05,5526.6645829,0.3185765,5.764e-05,1.1706092866666666,0.4267744807692307,0.3416236714705881,5.711999999999995e-05,5.64107692307692e-05,5.905676470588236e-05
153,6.066e-05,1554314400,6.066e-05,5.707e-05,5.775e-05,21018.12771464,1.25918299,5.99e-05,1.5059229966666665,0.5191688099999999,0.37839476558823515,5.896666666666662e-05,5.665461538461536e-05,5.894735294117648e-05
154,6.135e-05,1554321600,6.6e-05,5.844e-05,6.003e-05,52030.89034881,3.28392184,6.311e-05,1.6205604433333332,0.762268073076923,0.47493471617647043,6.030333333333328e-05,5.698461538461535e-05,5.888294117647059e-05
155,6.238e-05,1554328800,6.599e-05,6.055e-05,6.074e-05,23151.46397759,1.4502871,6.264e-05,1.99779731,0.8629950530769231,0.517126518235294,6.146333333333328e-05,5.751769230769228e-05,5.882500000000001e-05
156,6.075e-05,1554336000,6.238e-05,6.056e-05,6.238e-05,2875.55461733,0.17599536,6.12e-05,1.6367347666666665,0.8729374784615385,0.5207417426470587,6.149333333333328e-05,5.786615384615382e-05,5.874794117647059e-05
157,6.012e-05,1554343200,6.178e-05,5.906e-05,6.105e-05,33068.95125798,1.9689297,5.954e-05,1.1984040533333329,1.0140217353846155,0.5515043358823529,6.108333333333329e-05,5.816615384615382e-05,5.8693823529411774e-05
158,6.012e-05,1554350400,6.012e-05,6.008e-05,6.012e-05,252.41027765,0.01516894,6.009e-05,0.720031333333333,1.014505516923077,0.5486314708823529,6.032999999999995e-05,5.846538461538459e-05,5.862676470588235e-05
159,6.143e-05,1554357600,6.143e-05,6.012e-05,6.012e-05,801.69320842,0.0488232,6.09e-05,0.6776406133333331,1.0011770276923078,0.5490919108823529,6.055666666666663e-05,5.892153846153843e-05,5.86185294117647e-05
160,6.168e-05,1554364800,6.168e-05,5.91e-05,6.143e-05,12566.73883831,0.75775712,6.029e-05,0.27391641999999977,1.0560231300000003,0.5710213582352941,6.107666666666662e-05,5.934076923076921e-05,5.862264705882352e-05
161,6.129e-05,1554372000,6.233e-05,6.05e-05,6.17e-05,8694.36484728,0.53577189,6.162e-05,0.44745073666666646,1.024938207692308,0.5766621685294118,6.146666666666664e-05,5.974230769230767e-05,5.865794117647058e-05
162,6.516e-05,1554379200,6.534e-05,6.174e-05,6.219e-05,16577.09951493,1.06519731,6.425e-05,0.7862421066666664,1.082527946923077,0.6043744038235294,6.270999999999996e-05,6.0484615384615355e-05,5.87770588235294e-05
163,6.295e-05,1554386400,6.561e-05,6.241e-05,6.516e-05,12232.09391365,0.77807646,6.36e-05,0.7930152199999997,1.1228998392307694,0.6210859799999999,6.31333333333333e-05,6.108692307692305e-05,5.881882352941174e-05
164,6.266e-05,1554393600,6.342e-05,6.242e-05,6.303e-05,2316.91651675,0.14558241,6.283e-05,0.6629520599999997,0.9079439092307694,0.6241976211764705,6.358999999999997e-05,6.149615384615382e-05,5.883647058823527e-05
165,6.403e-05,1554400800,6.459e-05,6.242e-05,6.266e-05,3248.17676507,0.20701713,6.373e-05,0.3768919999999997,0.8993624192307693,0.6125197208823528,6.32133333333333e-05,6.18907692307692e-05,5.8977058823529396e-05
166,6.352e-05,1554408000,6.578e-05,6.323e-05,6.403e-05,11014.63612219,0.71371989,6.479e-05,0.35543980999999975,0.8574037192307694,0.6311139311764705,6.34033333333333e-05,6.21107692307692e-05,5.90505882352941e-05
167,6.398e-05,1554415200,6.398e-05,6.352e-05,6.352e-05,174.19034187,0.01107881,6.36e-05,0.31060527666666643,0.6056465630769233,0.6311828155882352,6.38433333333333e-05,6.231307692307689e-05,5.913852941176469e-05
168,6.485e-05,1554422400,6.488e-05,6.389e-05,6.396e-05,1697.91492412,0.10888605,6.412e-05,0.2778949166666664,0.5024618669230771,0.6239740611764705,6.411666666666663e-05,6.250307692307688e-05,5.928499999999998e-05
169,6.354e-05,1554429600,6.488e-05,6.283e-05,6.485e-05,2855.95203338,0.18241716,6.387e-05,0.10079400666666642,0.5029558515384618,0.5903565717647057,6.41233333333333e-05,6.271769230769227e-05,5.9428823529411745e-05
170,6.455e-05,1554436800,6.488e-05,6.304e-05,6.364e-05,2149.61242343,0.13819315,6.428e-05,0.14316545333333308,0.3621299630769234,0.5594226823529409,6.43133333333333e-05,6.305846153846151e-05,5.967382352941174e-05
171,6.424e-05,1554444000,6.488e-05,6.424e-05,6.455e-05,717.50371773,0.04615021,6.432e-05,0.1222535066666664,0.3645131376923081,0.5553307526470586,6.410999999999995e-05,6.337538461538458e-05,5.9905882352941156e-05
172,6.426e-05,1554451200,6.473e-05,6.424e-05,6.424e-05,54.0127707,0.00347176,6.427e-05,0.06260503999999974,0.36102456538461575,0.5509120302941174,6.434999999999995e-05,6.359307692307689e-05,6.0137647058823504e-05
173,6.53e-05,1554458400,6.53e-05,6.421e-05,6.427e-05,6105.96899858,0.39350569,6.444e-05,0.14770921999999975,0.33300522461538495,0.5540353652941175,6.459999999999996e-05,6.387153846153843e-05,6.03576470588235e-05
174,6.535e-05,1554465600,6.535e-05,6.428e-05,6.51e-05,3847.11563456,0.25023842,6.504e-05,0.21573862333333307,0.3110411115384618,0.5596877685294116,6.496999999999996e-05,6.418384615384612e-05,6.058882352941174e-05
175,6.544e-05,1554472800,6.65e-05,6.465e-05,6.55e-05,8949.5910127,0.58876039,6.578e-05,0.4108348333333331,0.274392117692308,0.5733680323529411,6.53633333333333e-05,6.42053846153846e-05,6.0835294117647036e-05
176,6.552e-05,1554480000,6.65e-05,6.517e-05,6.532e-05,1372.72440941,0.09060028,6.6e-05,0.3098663633333331,0.22150933461538488,0.5718905005882351,6.543666666666663e-05,6.44030769230769e-05,6.113147058823527e-05
177,6.618e-05,1554487200,6.66e-05,6.52e-05,6.551e-05,834.48362455,0.05534007,6.631e-05,0.2449002466666664,0.21456761615384645,0.5721433311764704,6.571333333333329e-05,6.467384615384614e-05,6.142441176470586e-05
178,6.618e-05,1554494400,6.662e-05,6.551e-05,6.618e-05,943.5889267,0.06247071,6.62e-05,0.06947035333333307,0.20344866076923104,0.5700149885294116,6.595999999999996e-05,6.483923076923076e-05,6.171735294117644e-05
179,6.604e-05,1554501600,6.666e-05,6.584e-05,6.584e-05,6256.13256208,0.41596635,6.648e-05,0.17792570999999976,0.1805445423076926,0.5819881229411763,6.613333333333329e-05,6.50330769230769e-05,6.200588235294115e-05
180,6.613e-05,1554508800,6.638e-05,6.556e-05,6.556e-05,280.27749785,0.01853916,6.614e-05,0.16565873999999975,0.18111841538461568,0.5760012288235292,6.611666666666664e-05,6.519846153846151e-05,6.231852941176468e-05
181,6.6e-05,1554516000,6.649e-05,6.6e-05,6.604e-05,1403.58818783,0.09265279,6.601e-05,0.17571943333333306,0.17986970307692335,0.5774099052941174,6.605666666666663e-05,6.528692307692306e-05,6.260588235294115e-05
182,6.601e-05,1554523200,6.601e-05,6.6e-05,6.6e-05,1298.52126838,0.08570242,6.6e-05,0.06563145666666638,0.17243010769230796,0.5522871564705881,6.604666666666664e-05,6.547692307692305e-05,6.289823529411762e-05
183,6.55e-05,1554530400,6.601e-05,6.55e-05,6.601e-05,112.03245117,0.00739002,6.596e-05,0.06191507666666638,0.1623683284615387,0.5431947835294115,6.583666666666664e-05,6.554999999999997e-05,6.319205882352938e-05
184,6.532e-05,1554537600,6.59e-05,6.425e-05,6.557e-05,39380.69570197,2.54046044,6.451e-05,0.8778509599999998,0.3542383461538463,0.610465918235294,6.560999999999998e-05,6.563307692307689e-05,6.349205882352938e-05
185,6.425e-05,1554544800,6.59e-05,6.425e-05,6.579e-05,8719.82948499,0.56066992,6.429e-05,1.0361734599999999,0.3970997430769233,0.540485342352941,6.50233333333333e-05,6.563230769230767e-05,6.369529411764703e-05
186,6.45e-05,1554552000,6.98e-05,6.398e-05,6.503e-05,43996.3656458,2.97743963,6.767e-05,2.0261899966666665,0.5958638923076924,0.6186871991176469,6.468999999999995e-05,6.55707692307692e-05,6.385999999999996e-05
187,6.508e-05,1554559200,6.532e-05,6.456e-05,6.456e-05,1752.52176135,0.11351582,6.477e-05,1.2172084566666663,0.5853467692307694,0.5849911058823528,6.460999999999995e-05,6.554999999999997e-05,6.398999999999996e-05
188,6.46e-05,1554566400,6.508e-05,6.385e-05,6.47e-05,4585.22264025,0.29596885,6.454e-05,1.1289747666666663,0.5628243430769233,0.49711013558823514,6.472666666666662e-05,6.548538461538459e-05,6.408558823529409e-05
189,6.398e-05,1554573600,6.507e-05,6.398e-05,6.46e-05,918.28034908,0.05888119,6.412e-05,0.15612195333333304,0.5603844130769233,0.45618643235294104,6.455333333333328e-05,6.536692307692304e-05,6.413264705882349e-05
190,6.436e-05,1554580800,6.436e-05,6.398e-05,6.398e-05,23.13056408,0.00148269,6.41e-05,0.11877757666666638,0.5562415376923079,0.45105370676470574,6.431333333333329e-05,6.522692307692305e-05,6.423882352941173e-05
191,6.435e-05,1554588000,6.481e-05,6.435e-05,6.436e-05,422.97263192,0.0273575,6.467e-05,0.029240459999999708,0.5535405215384617,0.3939486420588234,6.422999999999996e-05,6.508615384615381e-05,6.436323529411761e-05
192,6.435e-05,1554595200,6.435e-05,6.39e-05,6.39e-05,19.0369778,0.00121996,6.408e-05,0.010020049999999711,0.5216369530769233,0.3935383779411763,6.435333333333329e-05,6.495615384615381e-05,6.44876470588235e-05
193,6.642e-05,1554602400,6.642e-05,6.467e-05,6.467e-05,5486.26348214,0.36190559,6.596e-05,0.13016101666666638,0.5480497553846155,0.4027466835294116,6.503999999999995e-05,6.497846153846152e-05,6.463441176470585e-05
194,6.665e-05,1554609600,6.666e-05,6.65e-05,6.65e-05,301.05549132,0.02003161,6.653e-05,0.12771905333333303,0.5424635107692309,0.3810488744117646,6.58066666666666e-05,6.502846153846152e-05,6.478058823529409e-05
195,6.664e-05,1554616800,6.666e-05,6.658e-05,6.665e-05,1238.84709291,0.08257042,6.665e-05,0.15483587333333304,0.5422225876923079,0.36771941941176456,6.656999999999991e-05,6.507692307692304e-05,6.493794117647057e-05
196,6.765e-05,1554624000,6.913e-05,6.65e-05,6.665e-05,7976.65797934,0.54279904,6.804e-05,0.2151336899999997,0.5834078969230772,0.3523547644117646,6.697999999999992e-05,6.524230769230766e-05,6.501117647058822e-05
197,6.764e-05,1554631200,6.765e-05,6.651e-05,6.765e-05,1252.59352762,0.08432167,6.731e-05,0.23656370999999973,0.3944741453846156,0.33195021176470574,6.730999999999991e-05,6.54207692307692e-05,6.51491176470588e-05
198,6.838e-05,1554638400,6.855e-05,6.765e-05,6.765e-05,1950.91876477,0.13252358,6.792e-05,0.25321476333333304,0.3615398115384618,0.3315661285294117,6.788999999999991e-05,6.573846153846152e-05,6.531735294117645e-05
199,6.65e-05,1554645600,6.834e-05,6.514e-05,6.768e-05,14161.3943746,0.95083138,6.714e-05,0.3892255433333331,0.20564686923076952,0.35344301823529406,6.750666666666659e-05,6.589230769230768e-05,6.538999999999997e-05
200,6.6e-05,1554652800,6.65e-05,6.589e-05,6.65e-05,168.37052257,0.01113718,6.614e-05,0.36483071333333306,0.19777158923076954,0.3327788208823529,6.695999999999991e-05,6.596307692307691e-05,6.546294117647056e-05
201,6.52e-05,1554660000,6.596e-05,6.499e-05,6.589e-05,10546.58171408,0.68614714,6.505e-05,0.5493718999999997,0.22778530384615417,0.3526337717647058,6.589999999999992e-05,6.600923076923075e-05,6.549882352941174e-05
202,6.521e-05,1554667200,6.521e-05,6.44e-05,6.499e-05,2868.43437444,0.18603613,6.485e-05,0.2944401499999997,0.2375664530769234,0.35490289176470574,6.546999999999993e-05,6.610384615384614e-05,6.550941176470585e-05
203,6.376e-05,1554674400,6.522e-05,6.324e-05,6.494e-05,9569.30271864,0.61438371,6.42e-05,0.4955223266666664,0.2847126853846157,0.3676077902941175,6.472333333333326e-05,6.605769230769229e-05,6.551588235294116e-05
204,6.326e-05,1554681600,6.376e-05,6.324e-05,6.337e-05,1302.79349862,0.08245218,6.328e-05,0.2942906733333331,0.288950737692308,0.3659683499999999,6.407666666666659e-05,6.597384615384614e-05,6.547794117647056e-05
205,6.302e-05,1554688800,6.378e-05,6.301e-05,6.331e-05,10640.13246574,0.67093688,6.305e-05,0.45592425666666636,0.34046742384615414,0.38434442852941164,6.334666666666659e-05,6.587153846153844e-05,6.544205882352938e-05
206,6.484e-05,1554696000,6.484e-05,6.323e-05,6.328e-05,3622.16293473,0.23376639,6.453e-05,0.32905181666666633,0.33061056230769265,0.39111779999999985,6.370666666666659e-05,6.574999999999999e-05,6.545911764705879e-05
207,6.517e-05,1554703200,6.532e-05,6.412e-05,6.487e-05,885.06204808,0.05746009,6.492e-05,0.3207211199999997,0.3334896761538465,0.3812341058823528,6.434333333333324e-05,6.563615384615383e-05,6.545529411764703e-05
208,6.654e-05,1554710400,6.738e-05,6.444e-05,6.444e-05,4352.89871092,0.28937404,6.647e-05,0.19353350666666636,0.3493976469230773,0.3823851535294116,6.551666666666659e-05,6.562846153846153e-05,6.549029411764702e-05
209,6.557e-05,1554717600,6.656e-05,6.549e-05,6.576e-05,1085.63780045,0.07166507,6.601e-05,0.13949973333333301,0.31315657230769267,0.36717646764705864,6.575999999999993e-05,6.546846153846153e-05,6.54941176470588e-05
210,6.537e-05,1554724800,6.564e-05,6.454e-05,6.564e-05,1761.82522684,0.1151407,6.535e-05,0.15872660333333302,0.31552726692307737,0.3678982447058821,6.58266666666666e-05,6.529384615384614e-05,6.54897058823529e-05
211,6.774e-05,1554732000,6.774e-05,6.515e-05,6.53e-05,8058.52444462,0.53316787,6.616e-05,0.23999121333333298,0.3463460584615389,0.38195200352941155,6.622666666666661e-05,6.524461538461536e-05,6.55355882352941e-05
212,6.774e-05,1554739200,7e-05,6.774e-05,6.774e-05,32926.77368083,2.27791343,6.918e-05,0.9754073333333331,0.4484292930769235,0.44711208352941156,6.694999999999996e-05,6.533999999999998e-05,6.558147058823527e-05
213,6.781e-05,1554746400,6.856e-05,6.781e-05,6.782e-05,606.82854792,0.04115094,6.781e-05,0.9507440799999998,0.4507380438461542,0.4360881008823527,6.776333333333329e-05,6.547923076923075e-05,6.56335294117647e-05
214,6.869e-05,1554753600,6.97e-05,6.781e-05,6.781e-05,3829.9355483,0.26655901,6.959e-05,0.8618744599999998,0.41846203384615416,0.443382802352941,6.807999999999997e-05,6.574769230769229e-05,6.570882352941175e-05
215,6.854e-05,1554760800,6.97e-05,6.817e-05,6.899e-05,3047.76749899,0.20974156,6.881e-05,0.17248383666666647,0.4202855284615388,0.4468265897058821,6.834666666666664e-05,6.600384615384613e-05,6.57835294117647e-05
216,6.78e-05,1554768000,6.852e-05,6.78e-05,6.852e-05,2664.35765597,0.18103559,6.794e-05,0.21911205333333317,0.386951057692308,0.449630506470588,6.834333333333329e-05,6.631461538461535e-05,6.583617647058822e-05
217,6.732e-05,1554775200,6.82e-05,6.415e-05,6.78e-05,10640.85944109,0.69719284,6.552e-05,0.3626566633333332,0.4342388007692311,0.4699188247058821,6.788666666666662e-05,6.662692307692305e-05,6.588970588235293e-05
218,6.674e-05,1554782400,6.8e-05,6.559e-05,6.668e-05,10461.5889748,0.70555766,6.744e-05,0.5279286966666664,0.43690193769230806,0.4159510958823527,6.72866666666666e-05,6.69130769230769e-05,6.593147058823528e-05
219,6.46e-05,1554789600,6.764e-05,6.356e-05,6.762e-05,19441.61645398,1.25442502,6.452e-05,0.8857251733333332,0.5154141400000003,0.4363556576470585,6.621999999999995e-05,6.689461538461536e-05,6.594176470588234e-05
220,6.519e-05,1554796800,6.62e-05,6.475e-05,6.475e-05,1603.38204287,0.10545465,6.577e-05,0.6884791099999998,0.5191060292307695,0.3518855111764703,6.550999999999995e-05,6.689615384615383e-05,6.596205882352941e-05
221,6.397e-05,1554804000,6.47e-05,6.348e-05,6.47e-05,5420.10608129,0.34483044,6.362e-05,0.5682367033333332,0.5233719061538464,0.35868888235294094,6.458666666666661e-05,6.669846153846152e-05,6.592941176470588e-05
222,6.379e-05,1554811200,6.435e-05,6.369e-05,6.435e-05,123.25746308,0.00787324,6.387e-05,0.15271944333333312,0.5184648423076926,0.3502154820588233,6.431666666666661e-05,6.656153846153843e-05,6.590558823529412e-05
223,6.301e-05,1554818400,6.438e-05,6.301e-05,6.392e-05,10542.38387132,0.67009881,6.356e-05,0.34093416333333315,0.561153927692308,0.36819247088235274,6.358999999999994e-05,6.637999999999997e-05,6.587705882352941e-05
224,6.303e-05,1554825600,6.303e-05,6.301e-05,6.302e-05,831.9506444,0.05243364,6.302e-05,0.2434685633333332,0.5241743715384619,0.369691028235294,6.327666666666661e-05,6.601769230769227e-05,6.58379411764706e-05
225,6.351e-05,1554832800,6.351e-05,6.303e-05,6.303e-05,147.4577249,0.00930104,6.307e-05,0.2439444966666665,0.34966572615384656,0.3691599558823528,6.318333333333327e-05,6.569230769230765e-05,6.581323529411766e-05
226,6.352e-05,1554840000,6.352e-05,6.315e-05,6.315e-05,517.1948851,0.03274913,6.332e-05,0.03149460333333317,0.3490194330769235,0.3700872844117645,6.335333333333327e-05,6.536230769230766e-05,6.578882352941178e-05
227,6.352e-05,1554847200,6.352e-05,6.31e-05,6.352e-05,69.37027079,0.00440304,6.347e-05,0.015484403333333167,0.3288535892307696,0.35957250352941156,6.351666666666661e-05,6.496461538461535e-05,6.570352941176472e-05
228,6.354e-05,1554854400,6.354e-05,6.352e-05,6.352e-05,194.27007631,0.01234045,6.352e-05,0.016497539999999835,0.31366888846153884,0.35934629294117626,6.352666666666662e-05,6.457999999999997e-05,6.561205882352942e-05
229,6.394e-05,1554861600,6.394e-05,6.394e-05,6.394e-05,11.90053175,0.00076092,6.394e-05,0.005834803333333166,0.29980160615384654,0.3569401311764704,6.366666666666661e-05,6.428307692307688e-05,6.553264705882354e-05
230,6.378e-05,1554868800,6.378e-05,6.378e-05,6.378e-05,128.43,0.00819126,6.378e-05,0.007097543333333165,0.246801484615385,0.3412163729411763,6.375333333333326e-05,6.401076923076919e-05,6.541882352941177e-05
231,6.362e-05,1554876000,6.378e-05,6.36e-05,6.378e-05,922.54258169,0.05882054,6.375e-05,0.022590906666666497,0.1970524753846158,0.34046633970588214,6.377999999999993e-05,6.377076923076919e-05,6.530058823529412e-05
232,6.418e-05,1554883200,6.418e-05,6.36e-05,6.36e-05,64.50992586,0.00411614,6.38e-05,0.023709313333333166,0.10087486923076963,0.33668965029411746,6.385999999999993e-05,6.37384615384615e-05,6.517705882352942e-05
233,6.385e-05,1554890400,6.401e-05,6.385e-05,6.401e-05,197.18060993,0.01261329,6.396e-05,0.025183323333333164,0.09373322615384655,0.3090950005882351,6.388333333333326e-05,6.363538461538457e-05,6.509911764705882e-05
234,6.36e-05,1554897600,6.385e-05,6.36e-05,6.385e-05,261.56676602,0.01664592,6.363e-05,0.011125116666666502,0.06848826307692348,0.30925702235294095,6.387666666666661e-05,6.360692307692303e-05,6.502852941176471e-05
235,6.384e-05,1554904800,6.384e-05,6.36e-05,6.36e-05,561.30265489,0.0358028,6.378e-05,0.0216873366666665,0.07063669076923117,0.29012924764705866,6.376333333333327e-05,6.361076923076919e-05,6.498852941176471e-05
236,6.418e-05,1554912000,6.418e-05,6.31e-05,6.36e-05,24329.1857137,1.54957936,6.369e-05,0.5340093599999999,0.13828904076923118,0.33023346029411754,6.387333333333327e-05,6.370076923076919e-05,6.495823529411764e-05
237,6.357e-05,1554919200,6.4e-05,6.302e-05,6.4e-05,2161.37930764,0.13627891,6.305e-05,0.5738870233333332,0.14473867692307732,0.3161715544117646,6.386333333333327e-05,6.374230769230764e-05,6.495264705882354e-05
238,6.3e-05,1554926400,6.327e-05,6.3e-05,6.302e-05,454.57678549,0.02864486,6.301e-05,0.5715010433333332,0.14622666307692347,0.3145889861764704,6.358333333333326e-05,6.370307692307687e-05,6.494500000000001e-05
239,6.3e-05,1554933600,6.3e-05,6.3e-05,6.3e-05,60.55086147,0.0038147,6.3e-05,0.05624615666666647,0.1440009376923081,0.29496774558823513,6.318999999999993e-05,6.366307692307688e-05,6.49444117647059e-05
240,6.202e-05,1554940800,6.325e-05,6.201e-05,6.3e-05,2114.58187251,0.13263254,6.272e-05,0.055030699999999814,0.15386474538461578,0.2919932205882351,6.267333333333327e-05,6.354769230769226e-05,6.48614705882353e-05
241,6.202e-05,1554948000,6.21e-05,6.202e-05,6.21e-05,102.4903,0.00636309,6.208e-05,0.04760344333333314,0.15340494846153885,0.2904903676470587,6.234666666666659e-05,6.343076923076918e-05,6.476882352941178e-05
242,6.014e-05,1554955200,6.203e-05,6.001e-05,6.202e-05,11927.78754978,0.72740487,6.098e-05,0.28880016666666647,0.20930063692307732,0.30337362735294104,6.139333333333324e-05,6.313846153846149e-05,6.458058823529414e-05
243,6.058e-05,1554962400,6.174e-05,6e-05,6.014e-05,5121.8382168,0.31083435,6.068e-05,0.3482007699999998,0.232580874615385,0.31040801794117634,6.0913333333333244e-05,6.289230769230763e-05,6.443382352941179e-05
244,6.066e-05,1554969600,6.067e-05,6.056e-05,6.056e-05,252.56931186,0.01532268,6.066e-05,0.3511872999999998,0.22923488538461578,0.3074721938235293,6.045999999999991e-05,6.266461538461533e-05,6.429529411764709e-05
245,5.629e-05,1554976800,6.056e-05,5.6e-05,6.056e-05,29685.27617604,1.6853616,5.677e-05,0.6705062099999998,0.35856145923076965,0.3413602447058823,5.917666666666657e-05,6.205769230769226e-05,6.395852941176474e-05
246,6.07e-05,1554984000,6.07e-05,5.63e-05,5.63e-05,7102.27069148,0.42245904,5.948e-05,0.7077144399999998,0.3900880553846158,0.2867880567647058,5.921666666666657e-05,6.181538461538456e-05,6.375147058823531e-05
247,5.961e-05,1554991200,6.044e-05,5.83e-05,5.83e-05,2934.85562089,0.17692389,6.028e-05,0.7615815099999997,0.4024171300000004,0.29078137882352934,5.886666666666657e-05,6.150846153846148e-05,6.351029411764707e-05
248,5.915e-05,1554998400,6.041e-05,5.905e-05,5.905e-05,1120.76976328,0.06664059,5.945e-05,0.22200783999999976,0.40478926769230805,0.28490142529411755,5.9819999999999905e-05,6.114769230769226e-05,6.322970588235295e-05
249,5.917e-05,1555005600,6.04e-05,5.89e-05,6.04e-05,388.23414603,0.02291554,5.902e-05,0.08882667333333309,0.28735358923076953,0.2794065423529411,5.93099999999999e-05,6.076230769230764e-05,6.295411764705882e-05
250,5.736e-05,1555012800,5.89e-05,5.718e-05,5.89e-05,7805.36142927,0.45251436,5.797e-05,0.1806901633333331,0.31167939307692344,0.28739121205882345,5.85599999999999e-05,6.028461538461534e-05,6.26470588235294e-05
251,5.728e-05,1555020000,5.736e-05,5.68e-05,5.736e-05,662.89191996,0.03797261,5.728e-05,0.17113416999999975,0.3123969123076927,0.2680023817647058,5.793666666666656e-05,5.984461538461534e-05,6.235176470588234e-05
252,5.736e-05,1555027200,5.736e-05,5.727e-05,5.736e-05,267.34223565,0.01533318,5.735e-05,0.1686067166666664,0.31328294923076955,0.24770166176470584,5.7333333333333234e-05,5.9410769230769186e-05,6.207588235294116e-05
