,close,date,high,low,open,quoteVolume,volume,weightedAverage,avg_vol_3,avg_vol_13,avg_vol_34,avg_close_3,avg_close_13,avg_close_34
0,0.00058285,1553218424,0.00058285,0.00058285,0.00058285,0.0,0.0,0.00058285,-99999.0,-99999.0,-99999.0,-99999.0,-99999.0,-99999.0
1,0.000581,1553220000,0.00058891,0.000581,0.0005886,1656.21745905,0.96454357,0.00058237,-99999.0,-99999.0,-99999.0,-99999.0,-99999.0,-99999.0
2,0.000581,1553227200,0.00058771,0.000581,0.00058423,410.71179299,0.23908642,0.00058212,0.4012099966666667,-99999.0,-99999.0,0.0005816166666666667,-99999.0,-99999.0
3,0.00057544,1553234400,0.00058897,0.0005754,0.000581,2620.43728047,1.51510581,0.00057818,0.9062452666666667,-99999.0,-99999.0,0.0005791466666666666,-99999.0,-99999.0
4,0.00057783,1553241600,0.00058095,0.000575,0.00057543,1424.18500287,0.82037477,0.00057603,0.858189,-99999.0,-99999.0,0.00057809,-99999.0,-99999.0
5,0.00058424,1553248800,0.00058809,0.00057012,0.00057783,2747.41654416,1.6000255,0.00058237,1.3118353600000001,-99999.0,-99999.0,0.00057917,-99999.0,-99999.0
6,0.00058994,1553256000,0.00059405,0.00058058,0.000584,1073.20564198,0.62922733,0.0005863,1.0165425333333336,-99999.0,-99999.0,0.0005840033333333333,-99999.0,-99999.0
7,0.00061401,1553263200,0.0006323,0.00058059,0.0005939,11931.38602778,7.22923101,0.0006059,3.1528279466666667,-99999.0,-99999.0,0.0005960633333333332,-99999.0,-99999.0
8,0.00061714,1553270400,0.00062979,0.0006109,0.0006195,1650.86129992,1.02164951,0.00061885,2.9600359499999995,-99999.0,-99999.0,0.0006070299999999999,-99999.0,-99999.0
9,0.000611,1553277600,0.0006222,0.00060701,0.00062218,1096.78720642,0.67120937,0.00061197,2.974029963333333,-99999.0,-99999.0,0.0006140499999999999,-99999.0,-99999.0
10,0.00061535,1553284800,0.00061535,0.000607,0.00061001,1400.01958064,0.85909897,0.00061363,0.850652616666666,-99999.0,-99999.0,0.0006144966666666666,-99999.0,-99999.0
11,0.000616,1553292000,0.000616,0.00060912,0.00061401,1509.85551319,0.92582422,0.00061318,0.8187108533333327,-99999.0,-99999.0,0.0006141166666666667,-99999.0,-99999.0
12,0.00060425,1553299200,0.000616,0.0006025,0.00061526,1132.05797797,0.68883869,0.00060848,0.8245872933333326,1.320324243846154,-99999.0,0.0006118666666666667,0.0005961576923076922,-99999.0
13,0.00061271,1553306400,0.00061271,0.00060425,0.00060425,5127.68478191,3.12889687,0.00061019,1.5811865933333327,1.5610086184615388,-99999.0,0.0006109866666666669,0.0005984546153846154,-99999.0
14,0.00061936,1553313600,0.0006323,0.00060742,0.00061272,2420.08526974,1.49861219,0.00061923,1.7721159166666662,1.6020908200000004,-99999.0,0.0006121066666666668,0.0006014053846153846,-99999.0
15,0.00061439,1553320800,0.00065219,0.00061252,0.00061799,22112.44999468,14.13980295,0.00063944,6.2557706699999995,2.671376706923077,-99999.0,0.0006154866666666668,0.0006039738461538462,-99999.0
16,0.00061199,1553328000,0.00061499,0.00060864,0.00061439,413.17022733,0.25279099,0.00061183,5.29706871,2.574275566923077,-99999.0,0.0006152466666666668,0.0006067853846153846,-99999.0
17,0.00061115,1553335200,0.000614,0.00060664,0.00060864,829.39704207,0.50691099,0.00061118,4.966501643333333,2.5501629684615383,-99999.0,0.0006125100000000002,0.0006093484615384615,-99999.0
18,0.00060143,1553342400,0.00061116,0.00060133,0.000607,1642.21624187,0.9913117,0.00060364,0.5836712266666666,2.5033388299999997,-99999.0,0.0006081900000000001,0.0006106707692307693,-99999.0
19,0.00061652,1553349600,0.000635,0.00060252,0.000608,4143.01494,2.57741889,0.00062211,1.3585471933333333,2.653199719230769,-99999.0,0.0006097000000000001,0.0006127153846153846,-99999.0
20,0.00061922,1553356800,0.00062993,0.00061599,0.0006165,1854.36066927,1.16127891,0.00062624,1.5766698333333335,2.186434173076923,-99999.0,0.0006123900000000001,0.0006131161538461538,-99999.0
21,0.00062499,1553364000,0.00062589,0.00061678,0.00061751,112.00294323,0.06933261,0.00061902,1.2693434700000001,2.113179026923077,-99999.0,0.0006202433333333335,0.00061372,-99999.0
22,0.00061779,1553371200,0.00062499,0.00061779,0.00062499,358.25456024,0.22202433,0.00061973,0.48421195000000017,2.0786263315384614,-99999.0,0.0006206666666666668,0.0006142423076923077,-99999.0
23,0.00061779,1553378400,0.00062438,0.00061779,0.00061862,1757.88575831,1.09651186,0.00062376,0.46262293333333354,2.096888861538461,-99999.0,0.0006201900000000003,0.0006144299999999999,-99999.0
24,0.000629,1553385600,0.00063447,0.00061532,0.0006178,2554.46445033,1.60120508,0.00062682,0.9732470900000001,2.148841235384615,-99999.0,0.0006215266666666669,0.0006154299999999999,-99999.0
25,0.00063158,1553392800,0.00064,0.00061878,0.00062757,7346.42830594,4.65109536,0.0006331,2.4496041,2.4536302099999996,-99999.0,0.0006261233333333336,0.0006175323076923075,-99999.0
26,0.000628,1553400000,0.00063968,0.000628,0.00063174,1436.96015114,0.91184495,0.00063456,2.388048463333334,2.2830877546153845,-99999.0,0.0006295266666666669,0.0006187084615384612,-99999.0
27,0.00062801,1553407200,0.0006375,0.000628,0.000628,1611.57466824,1.01930594,0.00063249,2.1940820833333343,2.2462180430769227,-99999.0,0.0006291966666666669,0.000619373846153846,-99999.0
28,0.000628,1553414400,0.0006375,0.000628,0.00062801,744.2993246,0.47116661,0.00063303,0.8007725000000008,1.1947844784615382,-99999.0,0.0006280033333333335,0.0006204207692307691,-99999.0
29,0.00062999,1553421600,0.00063199,0.00062552,0.00063175,1860.69907172,1.17184454,0.00062978,0.8874390300000008,1.265480905384615,-99999.0,0.0006286666666666668,0.0006218053846153845,-99999.0
30,0.00063501,1553428800,0.00064096,0.00062501,0.00062552,918.05853312,0.58409146,0.00063622,0.7423675366666677,1.2714178646153842,-99999.0,0.0006310000000000002,0.0006236407692307692,-99999.0
31,0.00065251,1553436000,0.00068,0.000632,0.00063788,16251.88804383,10.66968615,0.00065651,4.141874050000001,2.0159082069230765,-99999.0,0.0006391700000000002,0.0006275699999999999,-99999.0
32,0.0006761,1553443200,0.000698,0.000651,0.00065659,15489.51489152,10.4067151,0.00067185,7.220164236666668,2.6181617615384614,-99999.0,0.0006545400000000002,0.000632153076923077,-99999.0
33,0.00068,1553450400,0.00069888,0.00067165,0.00068612,5830.14043545,3.98391889,0.00068333,8.353440046666668,2.8352879138461535,2.3023523982352945,0.0006695366666666668,0.0006368284615384615,0.0006157526470588233
34,0.00066391,1553457600,0.00068,0.00066391,0.00068,2105.73785588,1.4140755,0.00067153,5.268236496666668,2.938729674615385,2.343942854117647,0.0006733366666666667,0.0006398223076923076,0.0006181367647058822
35,0.00066642,1553464800,0.0006808,0.00066347,0.00066391,1936.27712566,1.30711487,0.00067506,2.2350364200000015,3.0221981776923075,2.3540184805882354,0.0006701100000000001,0.000643563076923077,0.0006206491176470587
36,0.00065917,1553472000,0.00067553,0.00065917,0.00067553,1924.12292019,1.28199775,0.00066627,1.3343960400000014,3.036466323076923,2.384692343235294,0.0006631666666666668,0.0006467461538461539,0.0006229482352941174
37,0.00065998,1553479200,0.000695,0.000657,0.00065917,2878.52177965,1.94466429,0.00067557,1.5112589700000016,3.0628862623076922,2.397326416176471,0.0006618566666666669,0.0006491292307692308,0.0006254347058823528
38,0.00064583,1553486400,0.000661,0.00064583,0.00065542,4335.302891,2.84030279,0.00065515,2.022321610000002,2.9235945261538463,2.45673606382353,0.0006549933333333336,0.0006502253846153847,0.0006274347058823527
39,0.00063202,1553493600,0.00065139,0.00063201,0.00064566,2978.7288179,1.90499691,0.00063953,2.2299879966666682,2.9999908307692307,2.4657058111764707,0.0006459433333333335,0.0006505346153846155,0.0006288399999999998
40,0.00064423,1553500800,0.00065749,0.000632,0.00063768,3637.74465396,2.3447683,0.00064456,2.3633560000000013,3.1019494738461537,2.5161628985294118,0.0006406933333333335,0.0006517823076923077,0.0006304367647058821
41,0.00066088,1553508000,0.00066946,0.0006401,0.00064094,2217.22707794,1.46239329,0.00065955,1.9040528333333346,3.17819768,2.3465500244117643,0.0006457100000000002,0.0006543115384615386,0.0006318152941176468
42,0.00064399,1553515200,0.00066156,0.00064001,0.00066088,1162.24124109,0.74996016,0.00064527,1.5190405833333347,3.145745035384615,2.33855916117647,0.0006497000000000001,0.0006553884615384617,0.0006326049999999997
43,0.00064727,1553522400,0.00065499,0.00064001,0.00064145,2331.96498214,1.51039108,0.00064769,1.2409148433333346,3.216998852307692,2.36324097617647,0.0006507133333333335,0.0006563315384615386,0.000633671764705882
44,0.00063886,1553529600,0.00064896,0.00063501,0.00064728,4105.28309848,2.64649825,0.00064465,1.6356164966666682,2.5998305523076914,2.4158115432352933,0.0006433733333333335,0.0006552815384615386,0.0006343632352941173
45,0.00063886,1553536800,0.00063886,0.00063886,0.00063886,0.54735683,0.00034968,0.00063886,1.3857463366666682,1.7993409046153839,2.3885917038235287,0.0006416633333333334,0.0006524169230769231,0.0006350355882352939
46,0.00063886,1553544000,0.00063886,0.00063886,0.00063886,0.0,0.0,0.00063886,0.8822826433333351,1.4928856053846147,2.3683317423529404,0.0006388600000000001,0.0006492523076923076,0.0006360535294117646
47,0.00064657,1553551200,0.0006592,0.00063849,0.00064274,1291.79226329,0.83295322,0.0006448,0.27776763333333515,1.4481838915384608,2.3008039879411757,0.00064143,0.0006479184615384616,0.0006370494117647057
48,0.00064114,1553558400,0.000648,0.00064004,0.00064018,236.44571867,0.15197028,0.00064272,0.32830783333333513,1.3593266153846149,2.2611968729411753,0.0006421900000000001,0.0006459738461538462,0.0006376899999999998
49,0.00064119,1553565600,0.0006465,0.000641,0.00064133,2465.61419346,1.58132386,0.00064135,0.8554157866666685,1.3823517007692305,1.8918298408823517,0.0006429666666666667,0.0006445907692307693,0.0006384782352941175
50,0.00063,1553572800,0.00064341,0.00063,0.0006433,1390.35522476,0.8800689,0.00063298,0.8711210133333352,1.3004597476923077,1.9102791911764694,0.0006374433333333334,0.0006422846153846155,0.0006390079411764703
51,0.000622,1553580000,0.00063194,0.000615,0.00063019,6655.57385333,4.17418912,0.00062717,2.2118606266666685,1.4030663884615384,2.018140312647058,0.0006310633333333334,0.0006404515384615385,0.0006393270588235291
52,0.00061294,1553587200,0.00062199,0.00061294,0.00062198,510.4028647,0.31450221,0.00061618,1.789586743333335,1.2807206423076922,1.9982341511764696,0.0006216466666666669,0.0006389838461538461,0.0006396655882352939
53,0.00061171,1553594400,0.00062499,0.00061014,0.00061294,2735.78413912,1.69452568,0.00061939,2.061072336666668,1.2307019792307694,1.9722667038235282,0.0006155500000000002,0.0006364823076923077,0.0006395241176470586
54,0.00060801,1553601600,0.000614,0.00060801,0.00061171,4591.68390686,2.80263664,0.00061037,1.6038881766666682,1.3337976215384617,2.02054193117647,0.0006108866666666668,0.0006324153846153847,0.0006391944117647057
55,0.00061278,1553608800,0.00062488,0.0006081,0.0006081,7364.87439407,4.5409962,0.00061657,3.012719506666668,1.6254157784615384,2.1520614485294107,0.0006108333333333333,0.0006300146153846154,0.0006388352941176468
56,0.00061103,1553616000,0.00061648,0.0006082,0.00061277,147.10503309,0.08986718,0.0006109,2.4778333400000014,1.516144709230769,2.148174473529411,0.0006106066666666667,0.0006272269230769231,0.0006386364705882351
57,0.00061757,1553623200,0.00061757,0.00061126,0.00061562,872.14009081,0.53602818,0.00061461,1.7222971866666679,1.3538008576923073,2.1316896594117636,0.0006137933333333333,0.0006255892307692307,0.0006386299999999998
58,0.00061654,1553630400,0.00062501,0.00061088,0.000611,5751.79233112,3.58173073,0.00062271,1.402542030000001,1.6292917076923072,2.1899404138235283,0.0006150466666666667,0.0006238723076923078,0.0006382635294117645
59,0.00062651,1553637600,0.00062651,0.00062,0.00062,1454.75616989,0.90701668,0.00062348,1.6749251966666678,1.6990622215384614,2.079820452647058,0.0006202066666666667,0.0006229223076923078,0.0006381144117647056
60,0.0006191,1553644800,0.00062649,0.0006191,0.00062649,580.32490339,0.35954345,0.00061955,1.6160969533333347,1.6626460853846152,2.063576290882352,0.0006207166666666667,0.0006208092307692308,0.0006378526470588234
61,0.00062,1553652000,0.00064,0.00061659,0.00062272,3480.05040571,2.18765731,0.00062862,1.151405813333335,1.819237395384615,2.0979395664705875,0.0006218700000000001,0.0006191830769230771,0.0006376170588235292
62,0.000612,1553659200,0.00061999,0.00061095,0.00061994,2081.68851227,1.27749715,0.00061368,1.274899303333335,1.7958661099999995,2.1216551705882347,0.0006170333333333334,0.0006169376923076924,0.0006371464705882352
63,0.00061771,1553666400,0.0006336,0.00061001,0.000612,5227.06636554,3.25607003,0.00062292,2.240408163333335,1.978635427692307,2.182955920294117,0.00061657,0.0006159923076923078,0.0006367852941176469
64,0.00061075,1553673600,0.00062387,0.00061075,0.00062387,482.46782605,0.29734616,0.0006163,1.610304446666668,1.6804167384615378,2.174522235,0.0006134866666666668,0.0006151269230769233,0.0006360717647058823
65,0.00061276,1553680800,0.0006128,0.00061001,0.00061267,693.06227185,0.42430773,0.00061222,1.3259079733333345,1.688863316923076,1.8731875755882348,0.0006137400000000001,0.0006151130769230772,0.0006349026470588235
66,0.00061841,1553688000,0.0006187,0.00061002,0.00061276,390.00473608,0.23960348,0.00061436,0.3204191233333346,1.5769462246153836,1.5741548808823524,0.0006139733333333333,0.0006156284615384619,0.0006332058823529411
67,0.00061315,1553695200,0.00061839,0.00061306,0.00061839,579.19833701,0.3561708,0.00061493,0.34002733666666796,1.3887565446153838,1.4674564076470584,0.0006147733333333334,0.0006160238461538465,0.0006312397058823529
68,0.00061141,1553702400,0.00062277,0.00061001,0.00061741,4128.4721473,2.53376727,0.00061373,1.043180516666668,1.2343543192307682,1.5003885185294112,0.0006143233333333334,0.0006159184615384619,0.0006296955882352941
69,0.00061495,1553709600,0.00061497,0.0006001,0.00061196,4246.61789435,2.58464255,0.00060863,1.8248602066666677,1.426260116923076,1.537962862058823,0.00061317,0.0006162200000000002,0.0006281817647058823
70,0.00061378,1553716800,0.00062,0.0006107,0.0006107,3050.52285292,1.88075068,0.00061653,2.333053500000001,1.5297003092307682,1.5555732423529405,0.0006133800000000001,0.0006159284615384618,0.0006268467647058823
71,0.00061302,1553724000,0.0006392,0.00061028,0.00061436,6037.34307372,3.7547816,0.00062192,2.7400582766666677,1.5430119146153838,1.6088119867647053,0.0006139166666666668,0.0006156576923076925,0.000625465588235294
72,0.00061274,1553731200,0.00061987,0.0006101,0.00061357,267.23911539,0.16396011,0.00061353,1.9331641300000009,1.4858537169230759,1.5300960255882345,0.0006131800000000001,0.0006145984615384618,0.0006244923529411763
73,0.00061,1553738400,0.000617,0.00061,0.000617,6802.89004415,4.15441723,0.00061068,2.6910529800000007,1.7777670846153837,1.5962554467647052,0.0006119200000000001,0.0006138984615384618,0.0006238447058823528
74,0.00060504,1553745600,0.00061544,0.000599,0.00061002,2205.07215932,1.33285446,0.00060444,1.8837439333333343,1.7120130192307683,1.5664932749999994,0.0006092599999999999,0.0006127476923076925,0.0006226920588235294
75,0.00060132,1553752800,0.0006083,0.00060025,0.00060562,422.81064605,0.25612569,0.00060576,1.9144657933333347,1.6334459838461532,1.5310148161764698,0.0006054533333333333,0.0006119261538461541,0.000620940294117647
76,0.0005982,1553760000,0.00061242,0.00059541,0.00060134,4545.11376346,2.74329291,0.00060356,1.4440910200000012,1.5940015899999993,1.5896422499999991,0.00060152,0.0006104253846153848,0.0006195935294117646
77,0.00059448,1553767200,0.00059823,0.00059,0.00059818,1839.58335631,1.09082589,0.00059297,1.363414830000001,1.6550384923076917,1.5773020973529404,0.0005980000000000001,0.0006091738461538464,0.0006180408823529412
78,0.00059734,1553774400,0.000599,0.00059,0.00059447,772.3706144,0.45748377,0.00059231,1.430534190000001,1.657590495384615,1.512919318529411,0.0005966733333333335,0.0006079876923076924,0.0006168197058823529
79,0.00061929,1553781600,0.00063497,0.00059401,0.0005974,7419.29994797,4.5690999,0.00061583,2.039136520000001,1.9906286815384613,1.6472943249999992,0.0006037033333333334,0.0006080553846153848,0.0006162441176470588
80,0.00060861,1553788800,0.00062499,0.00060774,0.00061919,15994.13474868,9.88126705,0.0006178,4.9692835733333345,2.723328393076923,1.9379198264705877,0.0006084133333333334,0.0006077061538461541,0.0006153544117647058
81,0.00061174,1553796000,0.00061452,0.0006045,0.00061452,583.72058861,0.35652041,0.00061077,4.9356291200000015,2.5558478653846155,1.9239070967647056,0.0006132133333333333,0.0006077315384615387,0.00061433
82,0.00061721,1553803200,0.00062488,0.00060802,0.00061359,8039.25706451,4.95325437,0.00061613,5.063680610000001,2.7380487746153843,2.065121334705882,0.00061252,0.0006079053846153848,0.0006136261764705882
83,0.00062734,1553810400,0.00062865,0.00061498,0.00061723,3101.58589802,1.94651374,0.00062758,2.418762840000001,2.7431074715384614,2.0758622135294114,0.0006187633333333333,0.0006089484615384619,0.0006132188235294118
84,0.00063038,1553817600,0.00063215,0.00062292,0.00062734,2431.01752918,1.52590003,0.00062767,2.808556046666668,2.571655043076923,2.0948572467647057,0.0006249766666666666,0.0006102838461538464,0.0006132300000000001
85,0.00065652,1553824800,0.000661,0.00063037,0.00063037,12237.12814099,7.8836774,0.00064424,3.7853637233333344,3.1654794500000003,2.203959843235294,0.00063808,0.0006136515384615388,0.0006142452941176471
86,0.00066002,1553832000,0.00068,0.0006494,0.00065995,13195.78653084,8.77899495,0.00066528,6.062857460000001,3.521216197692308,2.4529155120588233,0.0006489733333333332,0.0006174992307692312,0.00061563
87,0.00065,1553839200,0.00067,0.00064588,0.00066004,4695.17180958,3.07756968,0.00065547,6.580080676666668,3.6554250607692307,2.4935932767647055,0.0006555133333333331,0.0006209576923076927,0.0006167561764705883
88,0.00065428,1553846400,0.00065998,0.000648,0.00064999,513.26209569,0.33571875,0.00065408,4.064094460000002,3.661547603846154,2.421036868235294,0.0006547666666666665,0.0006250315384615389,0.0006181170588235295
89,0.00064595,1553853600,0.00065997,0.00064594,0.00065006,5219.99341015,3.39912734,0.00065117,2.270805256666669,3.711996406153846,2.38745249,0.0006500766666666666,0.0006287046153846157,0.0006190926470588236
90,0.000656,1553860800,0.000656,0.00064594,0.00064601,2545.3015322,1.66484633,0.00065408,1.7998974733333355,3.756151824615385,2.4337754061764705,0.0006520766666666666,0.0006334369230769234,0.0006204152941176471
91,0.0006729,1553868000,0.00068597,0.00065701,0.00065701,10940.76645898,7.37499972,0.00067408,4.146324463333335,4.288268436153846,2.6349216279411767,0.0006582833333333332,0.0006392492307692311,0.0006220426470588237
92,0.00068497,1553875200,0.00068999,0.00066888,0.00067306,3773.27413261,2.56809097,0.0006806,3.8693123400000022,4.134344672307693,2.6051086938235293,0.0006712900000000001,0.0006443015384615389,0.0006240552941176472
93,0.00070357,1553882400,0.00072999,0.000685,0.000685,10769.17426126,7.57063784,0.00070299,5.837909510000002,3.956603963846154,2.8010975514705883,0.0006871466666666668,0.0006516061538461542,0.0006263217647058825
94,0.000708,1553889600,0.00070964,0.000691,0.00070332,3404.84348537,2.38294044,0.00069986,4.173889750000002,4.112482427692307,2.8606092276470587,0.0006988466666666667,0.0006590107692307697,0.0006289364705882355
95,0.00074136,1553896800,0.00076115,0.00069325,0.00070092,15776.84876939,11.57503404,0.00073367,7.176204106666668,4.621850094615384,3.136708543235294,0.0007176433333333333,0.0006685607692307697,0.0006325058823529414
96,0.00076285,1553904000,0.00078999,0.0007302,0.00073942,22122.31354795,16.81911906,0.00076027,10.25903118,5.765896657692307,3.59381507,0.0007374033333333332,0.0006789846153846159,0.0006369426470588237
97,0.00075752,1553911200,0.00079259,0.00073369,0.00076211,10753.6068209,8.20211815,0.00076273,12.198757083333334,6.279451897692307,3.7392870735294115,0.0007539099999999999,0.0006887646153846158,0.0006410547058823531
98,0.00076521,1553918400,0.00078317,0.00073001,0.00074899,3020.07717569,2.25011928,0.00074505,9.090452163333334,5.846101273076922,3.796721577058823,0.00076186,0.000697125384615385,0.0006455976470588235
99,0.00075642,1553925600,0.000774,0.000752,0.00076529,3112.69034804,2.38176455,0.00076517,4.278000660000001,5.354006626923076,3.854293836470588,0.0007597166666666665,0.0007045407692307696,0.0006498229411764706
100,0.00076461,1553932800,0.00076779,0.00074542,0.00075741,8102.84028715,6.13366703,0.00075697,3.588516953333334,5.589091038461538,4.027648646764706,0.0007620799999999997,0.0007133569230769236,0.0006541229411764707
101,0.0007442,1553940000,0.00076846,0.00074389,0.00076098,1478.98996395,1.1194603,0.0007569,3.211630626666667,5.64937885,4.050098337941176,0.0007550766666666663,0.0007202738461538466,0.0006579773529411765
102,0.00076168,1553947200,0.000776,0.00074417,0.00074417,14019.96177525,10.8027184,0.00077052,6.0186152433333335,6.218885854615384,4.293302782941176,0.0007568299999999997,0.0007291761538461545,0.0006623970588235295
103,0.00079,1553954400,0.00079,0.00076111,0.00076162,4888.78961457,3.81593602,0.00078054,5.24603824,6.384354292307691,4.329517296764705,0.0007652933333333331,0.0007394838461538468,0.0006675455882352942
104,0.00077157,1553961600,0.000798,0.00076134,0.0007817,6230.86459978,4.90299637,0.00078688,6.507216930000001,6.1942001884615365,4.4184068758823525,0.0007744166666666664,0.0007470738461538468,0.0006721864705882353
105,0.000783,1553968800,0.0007979,0.00077173,0.00077196,10553.09362864,8.31150316,0.00078758,5.676811850000001,6.636001126153844,4.552428098235294,0.000781523333333333,0.000754614615384616,0.0006771858823529412
106,0.0007902,1553976000,0.000798,0.0007771,0.000783,862.31025784,0.68278403,0.0007918,4.6324278533333345,6.106166217692305,4.567687625294117,0.0007815899999999997,0.0007612784615384621,0.0006824052941176471
107,0.00079222,1553983200,0.00080003,0.00077828,0.00079019,3493.38745553,2.77080084,0.00079315,3.9216960100000016,6.136001633076921,4.526993025588234,0.0007884733333333331,0.0007677569230769236,0.000687764705882353
108,0.00082289,1553990400,0.00083392,0.00079238,0.000798,25122.12568161,20.55866545,0.00081834,8.004083440000002,6.8270502030769205,5.092458054705881,0.0008017699999999997,0.000774028461538462,0.0006941720588235294
109,0.00080871,1553997600,0.00082272,0.00079202,0.00082001,7905.11094228,6.38931094,0.00080825,9.90625907666667,6.024757270769228,5.2728458561764695,0.0008079399999999996,0.0007775561538461543,0.0007002717647058824
110,0.00081574,1554004800,0.00082333,0.00080301,0.0008109,5774.5411875,4.70814585,0.00081532,10.55204074666667,5.755990170769227,5.330635648529411,0.0008157799999999998,0.0007820346153846159,0.0007066700000000001
111,0.000815,1554012000,0.00082805,0.000808,0.00081588,7332.69807805,5.99763678,0.00081793,5.698364523333336,6.044260747692304,5.4749536158823515,0.0008131499999999998,0.0007858646153846159,0.0007131558823529412
112,0.000821,1554019200,0.00082299,0.000806,0.000815,1930.22619342,1.57273896,0.00081479,4.092840530000003,5.982028009999995,5.507755239117646,0.0008172466666666664,0.0007908323076923081,0.0007197341176470588
113,0.00081088,1554026400,0.00082298,0.00080201,0.00081911,4774.01680244,3.87413552,0.0008115,3.8148370866666697,5.808217893846149,5.487315110294117,0.0008156266666666663,0.0007943915384615389,0.0007253691176470588
114,0.000815,1554033600,0.00081994,0.00079402,0.00080349,7760.78935983,6.22490303,0.00080209,3.890592503333336,6.200944257692303,5.379774992058823,0.0008156266666666665,0.0007998376923076927,0.0007314394117647058
115,0.00081967,1554040800,0.00082998,0.00080485,0.00081501,2799.6634536,2.29283438,0.00081896,4.130624310000003,5.546337794615379,5.436725402941176,0.000815183333333333,0.0008042984615384619,0.000737555
116,0.00082435,1554048000,0.000832,0.00081896,0.00081967,7684.51090643,6.37812678,0.00082999,4.965288063333336,5.743429391538457,5.478633414999999,0.0008196733333333331,0.0008069407692307695,0.0007436473529411766
117,0.00083303,1554055200,0.00084738,0.00082134,0.00083101,8016.43534729,6.71639167,0.00083782,5.129117610000002,5.882921337692303,5.618923942352941,0.0008256833333333333,0.0008116684615384618,0.0007496970588235294
118,0.00083897,1554062400,0.000849,0.00083161,0.000839,2140.27270166,1.80429037,0.00084301,4.966269606666669,5.382366507692303,5.627111893529411,0.0008321166666666666,0.0008159738461538464,0.0007558320588235295
119,0.00086459,1554069600,0.00088192,0.00083891,0.00083907,11882.61088838,10.30221075,0.00086699,6.27429759666667,6.122322409230765,5.69824522735294,0.00084553,0.0008216961538461541,0.0007619517647058824
120,0.00082471,1554076800,0.00086001,0.00082471,0.00086,4254.18049006,3.57428974,0.00084018,5.226930286666669,6.184129247692303,5.54516566235294,0.0008427566666666667,0.0008241953846153849,0.000766795588235294
121,0.00081998,1554084000,0.00083478,0.000815,0.0008245,3443.46979306,2.83018533,0.00082189,5.568895273333336,4.820400007692303,5.537889652058823,0.0008364266666666667,0.0008239715384615388,0.0007717949999999999
122,0.0008065,1554091200,0.00081815,0.0008,0.00081793,9284.05444309,7.48986187,0.00080674,4.63144564666667,4.905057771538457,5.748305626176469,0.0008170633333333333,0.0008238015384615387,0.0007762720588235294
123,0.0008045,1554098400,0.00081136,0.0008045,0.0008065,3506.95027754,2.83009714,0.00080699,4.383381446666669,4.7605924861538425,5.731569443823528,0.0008103266666666667,0.0008229369230769232,0.0007809352941176471
124,0.00078365,1554105600,0.00080674,0.00077477,0.0008045,12614.5554161,9.99888818,0.00079264,6.772949063333336,5.068381055384612,5.976688321764705,0.0007982166666666667,0.0008205253846153848,0.000784689705882353
125,0.0008,1554112800,0.00080005,0.00077007,0.00078777,11100.36921165,8.6832154,0.00078224,7.170733573333337,5.615340781538459,6.0151652535294104,0.00079605,0.0008189100000000002,0.0007884279411764705
126,0.00076807,1554120000,0.00078104,0.0007459,0.00078102,12734.70386395,9.73841323,0.00076471,9.473505603333336,6.066439066923075,6.22605708470588,0.0007839066666666667,0.0008156169230769232,0.0007908720588235294
127,0.00077996,1554127200,0.00079177,0.000766,0.00076807,3715.10572364,2.88856444,0.00077751,7.103397690000004,5.809797636923074,6.08834904352941,0.0007826766666666667,0.0008129215384615386,0.0007931188235294116
128,0.000777,1554134400,0.00078,0.000762,0.00077996,7862.56651909,6.09972361,0.00077579,6.242233760000002,6.102635269999997,6.1976661955882335,0.00077501,0.0008096392307692309,0.0007951482352941175
129,0.000775,1554141600,0.00078,0.000764,0.00077798,6036.02715684,4.67984029,0.00077531,4.556042780000003,5.971997847692304,5.994866379411763,0.0007773200000000001,0.0008058430769230771,0.0007961376470588234
130,0.000788,1554148800,0.00079559,0.00077086,0.000775,3619.95860437,2.84408864,0.00078566,4.541217513333336,5.674128383846151,5.583836072941175,0.00078,0.0008023792307692309,0.0007968773529411765
131,0.000794,1554156000,0.0007956,0.00078751,0.000788,4705.76275529,3.7265087,0.0007919,3.7501458766666698,5.821991332307689,5.452200500882352,0.0007856666666666667,0.0007989200000000001,0.000797950294117647
132,0.00078601,1554163200,0.00079641,0.000783,0.000794,9035.3555589,7.17193358,0.00079376,4.580843640000003,5.581200780769227,5.5969597449999995,0.0007893366666666666,0.0007928753846153847,0.0007985620588235294
133,0.000772,1554170400,0.00078787,0.000772,0.00078787,5282.10163505,4.09370457,0.00077501,4.997382283333336,5.621155767692304,5.647310922058822,0.0007840033333333333,0.0007888207692307694,0.000799020294117647
134,0.00069976,1554177600,0.00077393,0.0006842,0.000772,19147.42446651,13.86807418,0.00072427,8.377904110000003,6.4702241407692265,5.874793485294116,0.0007525899999999999,0.0007795730769230772,0.0007971129411764705
135,0.00075575,1554184800,0.000803,0.00069976,0.00069976,20840.34810177,16.10948108,0.00077299,11.357086610000001,7.133271772307688,6.315676449411763,0.0007425033333333331,0.000775669230769231,0.0007974526470588234
136,0.00072952,1554192000,0.00077909,0.00071077,0.00075611,3356.23051589,2.53155738,0.00075428,10.836370880000002,7.11030717538461,6.072407007647057,0.000728343333333333,0.0007699015384615386,0.0007965067647058823
137,0.00074464,1554199200,0.00075999,0.00071655,0.00073151,2815.18188023,2.08461572,0.00074049,6.908551393333336,6.501516986153841,6.021485822352939,0.000743303333333333,0.0007669007692307693,0.0007951726470588235
138,0.000725,1554206400,0.00075697,0.00072497,0.00073754,2841.653106,2.08977062,0.0007354,2.2353145733333357,5.994328926153841,5.938743888529409,0.000733053333333333,0.0007611315384615386,0.0007938029411764707
139,0.00072728,1554213600,0.00074469,0.00072003,0.000734,7071.40488664,5.19504211,0.00073465,3.1231428166666686,5.644838839999995,5.847083269411762,0.0007323066666666663,0.0007579938461538463,0.0007921641176470589
140,0.00075233,1554220800,0.00075324,0.00072451,0.00073517,2292.95689533,1.7090778,0.00074535,2.9979635100000017,5.5541090984615336,5.877268380294115,0.0007348699999999996,0.0007558684615384618,0.0007910502941176471
141,0.00075737,1554228000,0.00075902,0.00075233,0.00075233,4750.53057892,3.59379429,0.0007565,3.4993047333333354,5.36134530461538,5.901474069999998,0.0007456599999999996,0.0007543584615384619,0.0007900252941176471
142,0.00075741,1554235200,0.00075955,0.00074349,0.00075954,8117.01346761,6.08945462,0.0007502,3.7974422366666687,5.469777176153841,5.475909045588232,0.000755703333333333,0.000753005384615385,0.0007880994117647059
143,0.00072966,1554242400,0.00075496,0.00072966,0.00074408,3068.96990377,2.26440578,0.00073783,3.982551563333336,5.425186186923073,5.354588305588233,0.0007481466666666663,0.0007485176923076926,0.0007857744117647059
144,0.00071186,1554249600,0.000736,0.00071185,0.00072999,6628.71899279,4.78031972,0.00072115,4.378060040000003,5.506248573076919,5.356711066470586,0.0007329766666666664,0.000742199230769231,0.000782719117647059
145,0.00072,1554256800,0.00072001,0.00069,0.00071186,10317.11347497,7.29079997,0.00070667,4.778508490000003,5.515392141538457,5.394745277941174,0.0007205066666666664,0.0007371215384615388,0.000779925
146,0.0007111,1554264000,0.00075749,0.00070707,0.00071031,9327.72604646,6.84125665,0.00073343,6.30412544666667,5.726742301538457,5.549701680588233,0.0007143199999999997,0.0007324369230769233,0.0007766926470588236
147,0.00070161,1554271200,0.00071794,0.0007016,0.000715,7267.64067357,5.13320633,0.0007063,6.421754316666669,5.054829389999996,5.586733174999997,0.0007109033333333332,0.0007325792307692309,0.0007734788235294117
148,0.00070448,1554278400,0.00071293,0.00069306,0.00070495,7196.85065161,5.03633279,0.00069979,5.67026525666667,4.203048752307689,5.551775226764702,0.0007057299999999998,0.0007286353846153848,0.0007702282352941177
149,0.0006993,1554285600,0.0007419,0.0006993,0.00070422,8709.98916581,6.19592486,0.00071135,5.4551546600000025,4.48492317384615,5.666572005588232,0.0007017966666666664,0.0007263107692307694,0.0007666879411764706
150,0.00070688,1554292800,0.00071,0.00069139,0.00070497,2615.58831887,1.83375855,0.00070108,4.355338733333336,4.465626468461535,5.532914116470585,0.000703553333333333,0.000723406153846154,0.0007632329411764705
151,0.0006967,1554300000,0.00070688,0.00069002,0.00070688,3176.98369138,2.22134787,0.0006992,3.417010426666669,4.475747795384612,5.400706945882349,0.0007009599999999997,0.000721229230769231,0.0007592232352941177
152,0.00068478,1554307200,0.00069664,0.00068478,0.00069639,1813.20574744,1.25170444,0.00069032,1.7689369533333352,4.172414128461534,5.384454418529408,0.0006961199999999997,0.0007179600000000001,0.0007546882352941176
153,0.00069046,1554314400,0.00070168,0.00068457,0.00068478,2489.63384099,1.72451885,0.00069267,1.732523720000002,4.173601901538457,5.132169362647055,0.0006906466666666664,0.0007132007692307693,0.0007495667647058824
154,0.00068412,1554321600,0.00070105,0.00067949,0.00069265,5822.62734542,3.99718076,0.00068649,2.3244680166666685,4.204631629999995,5.144607333823525,0.0006864533333333329,0.0007075661538461539,0.0007454317647058823
155,0.00068508,1554328800,0.00070199,0.00067959,0.00068546,5414.53704617,3.73583989,0.00068996,3.152513166666669,4.0235843430769185,5.171244232647054,0.0006865533333333331,0.0007020023076923077,0.0007414641176470588
156,0.000675,1554336000,0.00068485,0.000675,0.00068245,6310.38122513,4.26934874,0.00067655,4.000789796666669,4.17781072461538,5.07652325823529,0.0006813999999999996,0.0006977976923076923,0.0007375964705882352
157,0.000664,1554343200,0.00067814,0.000664,0.000675,20437.74622644,13.64789114,0.00066777,7.217693256666668,4.859931603076919,5.394693669999996,0.0006746933333333331,0.0006941161538461539,0.0007334641176470588
158,0.00067,1554350400,0.00067487,0.000664,0.0006661,12476.79930024,8.29533095,0.00066486,8.737523610000002,4.937203216923073,5.344589045588231,0.0006696666666666665,0.00069027,0.0007301214705882353
159,0.00065602,1554357600,0.00067,0.000656,0.00067,17034.18056447,11.24872119,0.00066036,11.063981093333334,5.276238950769226,5.42004509823529,0.0006633399999999998,0.000686033076923077,0.0007258867647058824
160,0.00066208,1554364800,0.00068861,0.00065718,0.00066197,5274.413075,3.57970771,0.00067869,7.707919950000002,5.156739056923072,5.238906700588232,0.0006626999999999997,0.0006829923076923078,0.0007227694117647059
161,0.00067291,1554372000,0.00067982,0.000656,0.00066079,3125.47702145,2.07682219,0.00066448,5.635083696666669,4.929084395384611,5.215031928529408,0.0006636699999999998,0.0006805638461538463,0.0007196208823529412
162,0.00066996,1554379200,0.0006755,0.00065598,0.00066689,4087.40704297,2.70677474,0.00066222,2.787768213333336,4.660688232307688,5.115239314705879,0.0006683166666666664,0.0006783069230769233,0.0007164726470588235
163,0.00066099,1554386400,0.00066745,0.00065671,0.00066499,3066.27952655,2.01749873,0.00065796,2.267031886666669,4.6748220923076875,5.0369351511764675,0.0006679533333333333,0.0006747769230769234,0.0007131194117647059
164,0.00066,1554393600,0.00066102,0.000656,0.00066102,1854.86606625,1.2179407,0.00065661,1.9807380566666695,4.597636925384611,4.9891072705882324,0.0006636499999999999,0.0006719538461538463,0.0007093547058823529
165,0.000655,1554400800,0.00065935,0.000655,0.00065935,2456.58090265,1.61168156,0.00065606,1.6157069966666695,4.6253274730769185,4.926906472352938,0.0006586633333333331,0.0006696630769230771,0.0007052664705882353
166,0.00065598,1554408000,0.00065598,0.000654,0.00065598,507.33422858,0.33205487,0.0006545,1.0538923766666697,4.518214859230765,4.725733569117644,0.0006569933333333333,0.0006670107692307695,0.0007014420588235294
167,0.00065443,1554415200,0.000659,0.00064588,0.00065598,6180.9529479,4.02842192,0.00065174,1.9907194500000032,4.520618025384611,4.723813491176467,0.0006551366666666666,0.0006647269230769232,0.0006979841176470589
168,0.00064805,1554422400,0.00065476,0.00064116,0.00065476,1663.41268184,1.07439281,0.00064589,1.8116232000000032,4.315891326923072,4.347528744999997,0.0006528199999999998,0.0006618784615384618,0.0006964632352941178
169,0.00064885,1554429600,0.00065024,0.00064,0.00064803,477.53935804,0.30732527,0.00064356,1.803380000000003,4.0111202907692265,3.8827594564705854,0.0006504433333333332,0.0006598669230769232,0.0006933191176470589
170,0.00064061,1554436800,0.00065525,0.00064061,0.00064841,1297.07247442,0.83962543,0.00064732,0.7404478366666695,3.025869082307688,3.832996752058821,0.0006458366666666663,0.0006580676923076925,0.0006907041176470589
171,0.00064001,1554444000,0.00064982,0.00064,0.00064061,1049.4253492,0.67266523,0.00064098,0.6065386433333361,2.439510180769226,3.791468796470586,0.0006431566666666664,0.0006557607692307694,0.0006876267647058824
172,0.000642,1554451200,0.000645,0.00064,0.00064198,818.40268053,0.52609001,0.00064282,0.6794602233333361,1.614692397692303,3.7454781902941154,0.0006408733333333332,0.0006546823076923078,0.0006851855882352942
173,0.00064401,1554458400,0.00066112,0.000642,0.000642,2284.45374262,1.48475959,0.00064994,0.8945049433333362,1.4535425423076875,3.6363522338235272,0.0006420066666666665,0.0006532923076923078,0.0006827364705882353
174,0.00065,1554465600,0.00065095,0.000644,0.000644,2302.88877764,1.49108155,0.00064748,1.1673103833333363,1.4084855699999952,3.6299405794117625,0.0006453366666666665,0.0006515300000000001,0.0006797267647058825
175,0.00066475,1554472800,0.000671,0.0006464,0.00065002,8109.95687213,5.35127469,0.00065984,2.775705276666669,1.6119086430769183,3.6816311794117627,0.0006529199999999999,0.0006511292307692308,0.0006770026470588235
176,0.0006585,1554480000,0.00067074,0.00064859,0.00066516,4914.25079467,3.23801809,0.0006589,3.3601247766666695,1.705794747692303,3.5977653991176446,0.0006577499999999999,0.0006509376923076923,0.0006740935294117647
177,0.00067922,1554487200,0.00068798,0.00065851,0.00066277,11728.08343244,7.89885305,0.00067349,5.4960486100000026,2.2197110823076875,3.7634844364705855,0.0006674899999999999,0.0006524161538461538,0.00067261
178,0.00068283,1554494400,0.00068804,0.00067138,0.00067922,6532.8260442,4.4502726,0.00068121,5.1957145800000015,2.4380642392307643,3.753777168235292,0.0006735166666666666,0.000654556923076923,0.0006717561764705882
179,0.000675,1554501600,0.00068273,0.000672,0.00068273,1236.26240153,0.83647965,0.00067661,4.395201766666669,2.4768661453846104,3.5639442176470566,0.0006790166666666665,0.00065602,0.0006704326470588235
180,0.00067278,1554508800,0.00068499,0.00067214,0.00067799,1587.57747429,1.08098097,0.00068089,2.1225777400000023,2.2501399184615334,3.39452434470588,0.0006768699999999999,0.0006574315384615385,0.0006693055882352942
181,0.00066517,1554516000,0.0006779,0.00065835,0.0006779,3160.93694203,2.09912927,0.00066408,1.3388632966666691,2.328965799999995,3.3052867841176448,0.0006709833333333332,0.0006587484615384614,0.0006682338235294118
182,0.00065368,1554523200,0.00066466,0.00065229,0.00066465,3210.3525051,2.10948347,0.00065708,1.7631979033333358,2.4675933538461488,3.219202980588233,0.0006638766666666665,0.0006591199999999999,0.000666739705882353
183,0.00065975,1554530400,0.00066648,0.000645,0.00065499,4326.2598121,2.81967788,0.00065175,2.3427635400000026,2.619905080769226,3.1199015988235272,0.0006595333333333331,0.0006605923076923077,0.0006655764705882353
184,0.00065552,1554537600,0.00066648,0.000652,0.00065974,1008.05010285,0.66336689,0.00065806,1.8641760800000025,2.619189823846149,3.08547831470588,0.0006563166666666664,0.0006617853846153846,0.0006640658823529413
185,0.000665,1554544800,0.00066607,0.00065108,0.00065288,9437.23071998,6.24646829,0.00066189,3.243171020000002,3.059218922307688,3.2038642094117624,0.0006600899999999998,0.0006635546153846155,0.0006631335294117647
186,0.00065485,1554552000,0.000665,0.000654,0.000665,4014.7978196,2.63529687,0.00065639,3.181710683333335,3.1477217899999954,3.2445581044117624,0.0006584566666666666,0.0006643884615384616,0.0006622532352941176
187,0.00064656,1554559200,0.00065891,0.00064011,0.00065891,3503.5494335,2.2740799,0.00064907,3.7186150200000014,3.2079524323076876,3.2607216647058803,0.0006554699999999999,0.0006641238461538463,0.0006609620588235295
188,0.00063853,1554566400,0.00065088,0.00063709,0.00064374,1341.61165928,0.8606906,0.00064153,1.9233557900000013,2.8625228869230717,3.168471954117645,0.0006466466666666665,0.0006621069230769231,0.0006596211764705881
189,0.00063984,1554573600,0.00065082,0.00062889,0.00063853,9643.77389017,6.13360619,0.00063601,3.0894588966666685,3.085260433076918,3.2389944923529392,0.0006416433333333332,0.0006606715384615386,0.000658290588235294
190,0.00063798,1554580800,0.0006399,0.00062604,0.00063558,2546.5518758,1.60742246,0.00063121,2.8672397500000018,2.6013042338461494,3.1607025429411744,0.0006387833333333331,0.000657499230769231,0.0006572017647058823
191,0.00064055,1554588000,0.00064056,0.00062439,0.000632,1242.90468753,0.78681859,0.00063304,2.8426157466666684,2.3195000792307647,2.7824357032352918,0.0006394566666666665,0.0006542469230769233,0.0006565120588235293
192,0.00063421,1554595200,0.00064056,0.00062017,0.00064055,4329.36696679,2.7177766,0.00062775,1.7040058833333351,2.464215229230765,2.618389987058821,0.0006375799999999999,0.000651109230769231,0.0006554594117647057
193,0.0006331,1554602400,0.00063776,0.00062011,0.00063685,5473.13384841,3.46070476,0.0006323,2.321766650000002,2.647270905384611,2.389330680294115,0.0006359533333333332,0.0006480569230769232,0.000654785294117647
194,0.00062776,1554609600,0.00063714,0.000623,0.0006331,9888.63543447,6.22787718,0.0006298,4.135452846666669,2.9648668984615343,2.4672180176470566,0.0006316899999999999,0.0006451792307692309,0.0006537758823529411
195,0.000628,1554616800,0.00063388,0.00062774,0.00062776,2141.88107223,1.34478311,0.00062785,3.677788350000002,2.9060437938461496,2.4456874564705857,0.0006296199999999999,0.0006432038461538463,0.000652455
196,0.000625,1554624000,0.00062795,0.00062,0.00062795,2507.97769085,1.56125865,0.00062251,3.0446396466666688,2.80924231461538,2.4119958067647036,0.0006269199999999999,0.0006405307692307694,0.0006511326470588235
197,0.00062796,1554631200,0.00062796,0.00062004,0.000625,597.61953838,0.37320373,0.00062448,1.093081830000002,2.7869220715384575,2.3636341891176444,0.0006269866666666665,0.0006384107692307694,0.0006501611764705883
198,0.0006205,1554638400,0.00063292,0.00061479,0.000624,9956.0256207,6.16114714,0.00061883,2.6985365066666684,2.7803589061538414,2.509022613823527,0.0006244866666666665,0.0006349876923076923,0.0006489994117647058
199,0.00061653,1554645600,0.00062393,0.00061277,0.00062038,5752.76900518,3.53913449,0.0006152,3.3578284533333354,2.8498848769230727,2.5657124058823504,0.0006216633333333332,0.0006320400000000002,0.0006478679411764706
200,0.00060909,1554652800,0.00062007,0.00060486,0.00061659,4709.13908672,2.87952731,0.00061147,4.193269646666669,2.8964577546153807,2.6406380658823507,0.0006153733333333333,0.0006291576923076923,0.0006464888235294117
201,0.00062056,1554660000,0.00062506,0.00060909,0.0006119,3572.81458969,2.21898989,0.00062107,2.879217230000002,3.000942315384612,2.587419476764704,0.0006153933333333333,0.0006277753846153846,0.0006454926470588234
202,0.00062968,1554667200,0.00063098,0.00061995,0.00062057,2005.93789048,1.25339334,0.00062484,2.117303513333335,2.625541326923073,2.592684198235292,0.0006197766666666666,0.000626993846153846,0.0006449523529411764
203,0.00061681,1554674400,0.00062355,0.00061105,0.00062355,1400.48762693,0.86159786,0.00061521,1.444660363333335,2.5681702038461505,2.6089863332352916,0.0006223499999999999,0.0006253653846153846,0.0006440099999999999
204,0.00060715,1554681600,0.0006168,0.00060154,0.0006168,11099.19816982,6.70733039,0.0006043,2.940773863333335,3.023594188461535,2.7815658908823506,0.0006178799999999999,0.0006227961538461539,0.0006430258823529411
205,0.00059028,1554688800,0.00060601,0.00059,0.00060232,8244.04726742,4.90944527,0.00059551,4.159457840000001,3.1921840861538424,2.9061770685294093,0.0006047466666666665,0.0006194169230769232,0.0006415632352941176
206,0.00061135,1554696000,0.00062,0.00058059,0.00059028,21314.68714979,12.81530486,0.00060124,8.14402684,3.9117687092307656,3.2676245641176442,0.0006029266666666666,0.0006177438461538463,0.0006406617647058822
207,0.00059662,1554703200,0.00061128,0.00059454,0.00060298,7206.05046755,4.33789526,0.00060197,7.354215130000001,3.7663854846153813,3.3515403191176443,0.0005994166666666665,0.0006153484615384618,0.0006392679411764704
208,0.00058356,1554710400,0.00059558,0.00058027,0.00059558,4140.55373005,2.4249862,0.00058566,6.526062106666668,3.849478029999996,3.379008102941174,0.0005971766666666665,0.0006119300000000002,0.0006373138235294116
209,0.0005853,1554717600,0.00059014,0.00058352,0.00058352,3506.53849246,2.05463282,0.00058594,2.9391714266666678,3.887429889230766,3.2820480479411738,0.0005884933333333331,0.0006088761538461541,0.0006349770588235293
210,0.00059057,1554724800,0.00059057,0.00057668,0.0005853,10742.2398884,6.24969981,0.00058178,3.5764396100000013,4.339468049230766,3.370626922058821,0.0005864766666666665,0.0006060000000000002,0.0006329791176470586
211,0.00057298,1554732000,0.00059163,0.0005715,0.00059163,3061.95306955,1.76784874,0.00057735,3.357393790000001,4.001522018461535,3.1903032658823505,0.0005829499999999997,0.0006023446153846158,0.0006298544117647057
212,0.00057067,1554739200,0.00057941,0.00057,0.00057442,8516.47024764,4.88645522,0.00057376,4.301334590000001,4.105162074615381,3.2031321664705854,0.0005780733333333332,0.0005988169230769234,0.0006265555882352939
213,0.000572,1554746400,0.0005779,0.00057,0.00057158,2450.36237552,1.40189497,0.00057211,2.685399643333335,3.991498048461535,3.219762028823527,0.0005718833333333332,0.0005959638461538466,0.0006235261764705881
214,0.0005798,1554753600,0.00058419,0.000572,0.000572,3235.49964543,1.88708196,0.00058324,2.7251440500000013,3.9659666692307662,3.2434708814705857,0.0005741566666666666,0.000592828461538462,0.000620791470588235
215,0.0005754,1554760800,0.00058419,0.00057004,0.0005798,2146.97967888,1.24248992,0.00057871,1.5104889500000016,3.9651279446153813,3.2182756064705855,0.0005757333333333332,0.0005886530769230774,0.0006181511764705881
216,0.00057294,1554768000,0.000581,0.00057,0.00057379,2216.55371468,1.27588473,0.00057561,1.468485536666668,3.9969961653846116,3.1937579964705853,0.0005760466666666665,0.000585278461538462,0.0006157764705882351
217,0.00056088,1554775200,0.00057345,0.00056077,0.00057003,6204.51956389,3.49587521,0.00056344,2.004749953333335,3.7499611515384577,3.2136461532352913,0.0005697399999999999,0.0005817192307692313,0.0006128685294117645
218,0.00053351,1554782400,0.000568,0.00053329,0.00056088,15029.39666387,8.33170809,0.00055436,4.367822676666668,4.013212137692304,3.439185600294114,0.0005557766666666665,0.0005773523076923082,0.0006092799999999998
219,0.00054002,1554789600,0.00054674,0.00053614,0.00054428,4341.37029416,2.34758951,0.00054074,4.725057603333335,3.208003264615381,3.324512694999997,0.0005448033333333331,0.0005718653846153852,0.0006056041176470587
220,0.00054159,1554796800,0.00054678,0.0005382,0.00054519,3259.4351048,1.77333525,0.00054406,4.150877616666668,3.0107294176923043,3.2991608826470555,0.000538373333333333,0.0005676323076923083,0.0006022729411764705
221,0.00054932,1554804000,0.00055998,0.00054204,0.000544,3325.88842252,1.83416713,0.00055148,1.9850306300000018,2.9652817969230734,3.2862222717647027,0.000543643333333333,0.000564998461538462,0.0005994129411764704
222,0.00055517,1554811200,0.00055517,0.00052,0.00055117,8786.3378807,4.69943337,0.00053485,2.7689785833333356,3.16872799307692,3.3991264708823494,0.000548693333333333,0.0005626807692307698,0.0005969611764705882
223,0.0005519,1554818400,0.00056,0.00054501,0.00055512,4880.7679858,2.71029418,0.0005553,3.0812982266666684,2.896466021538458,3.2984408235294085,0.0005521299999999997,0.0005597061538461542,0.000594374705882353
224,0.00055008,1554825600,0.00055238,0.00054654,0.00055238,1717.34639536,0.94114464,0.00054802,2.7836240633333347,2.8328733984615346,3.2788444170588207,0.0005523833333333331,0.0005579446153846158,0.0005917894117647059
225,0.00057,1554832800,0.000575,0.00055003,0.00055227,8307.64866996,4.72448939,0.00056869,2.7919760700000005,2.8204144884615348,3.3946582641176444,0.0005573266666666663,0.0005578930769230773,0.000589714411764706
226,0.000574,1554840000,0.0005852,0.00056577,0.00056577,5402.64496123,3.11910672,0.00057732,2.928246916666667,2.952507699999996,3.4064620911764685,0.000564693333333333,0.0005580469230769236,0.0005879435294117648
227,0.000567,1554847200,0.00057516,0.00056681,0.00057285,1610.55721576,0.91635833,0.00056896,2.919984813333334,2.8778366515384572,3.3316283726470566,0.0005703333333333328,0.0005570623076923081,0.000585999411764706
228,0.00055542,1554854400,0.00057492,0.00054551,0.00056685,1748.21715833,0.97448875,0.00055741,1.669984600000001,2.857221176923073,3.177116948235292,0.0005654733333333329,0.0005555253846153851,0.0005838717647058825
229,0.00055516,1554861600,0.00056507,0.00055004,0.00055528,1368.40559716,0.76027732,0.00055559,0.8837081333333342,2.8175590684615344,3.1599256014705865,0.000559193333333333,0.0005541576923076927,0.000581729411764706
230,0.00054831,1554868800,0.00055308,0.00054013,0.00055308,2236.24903201,1.21840618,0.00054484,0.984390750000001,2.642369143076919,3.149841705294116,0.0005529633333333329,0.0005531907692307697,0.0005794738235294118
231,0.00056486,1554876000,0.00057488,0.00054664,0.00054793,2336.5616755,1.31628636,0.00056334,1.0983232866666677,2.102721317692304,3.177579429705881,0.0005561099999999995,0.0005556023076923081,0.0005776179411764706
232,0.00056017,1554883200,0.00058498,0.00055378,0.00056142,4368.08278461,2.49850188,0.00057199,1.6777314733333342,2.1143299615384574,3.0698545691176458,0.0005577799999999996,0.0005571523076923082,0.0005758435294117648
233,0.00055981,1554890400,0.00057162,0.00055561,0.00056299,1426.96729909,0.80317018,0.00056285,1.5393194733333344,2.039701879230765,2.989385030588234,0.0005616133333333329,0.0005585538461538467,0.0005741752941176471
234,0.00055662,1554897600,0.00056506,0.0005555,0.00056273,1028.75879235,0.57487261,0.0005588,1.2921815566666677,1.9428330699999958,2.921601068823528,0.0005588666666666663,0.0005591153846153851,0.0005726320588235295
235,0.00056495,1554904800,0.00056717,0.00054,0.00056054,7532.7692563,4.11831183,0.00054671,1.8321182066666675,1.898131413076919,2.9774634788235277,0.0005604599999999997,0.0005598676923076929,0.0005709964705882354
236,0.00060111,1554912000,0.000668,0.00056385,0.00056495,34092.6279505,21.08131823,0.00061835,8.59150089,3.3112871092307654,3.560637740294116,0.0005742266666666664,0.0005636530769230774,0.0005701561764705883
237,0.000581,1554919200,0.000608,0.00057404,0.00060111,5390.66440994,3.17754492,0.00058945,9.459058326666668,3.4833178999999963,3.6287538302941162,0.000582353333333333,0.0005660315384615391,0.0005691029411764708
238,0.00058006,1554926400,0.00059,0.00057801,0.00058211,3556.4652946,2.07049462,0.00058217,8.776452590000002,3.2791644561538424,3.4923763076470578,0.0005873899999999996,0.0005668053846153852,0.0005683061764705883
239,0.00057227,1554933600,0.000609,0.00057227,0.00058006,5374.78779515,3.12479375,0.00058137,2.790944430000001,3.2796019199999966,3.439886557058822,0.0005777766666666663,0.0005666723076923083,0.0005677764705882355
240,0.0005686,1554940800,0.000591,0.00056153,0.00057226,6725.46637088,3.84857345,0.00057223,3.014620606666668,3.505156929230765,3.1761591626470573,0.000573643333333333,0.0005667953846153854,0.000566519117647059
241,0.00055586,1554948000,0.00057667,0.00055012,0.00056266,3971.54072308,2.20956956,0.00055635,3.0609789200000015,3.6001631453846112,3.1135613479411752,0.0005655766666666664,0.0005668292307692316,0.0005653202941176471
242,0.00054731,1554955200,0.00055588,0.000545,0.000554,3998.65775906,2.19474335,0.00054887,2.750962120000001,3.7105066861538423,3.1067894994117635,0.0005572566666666663,0.0005662253846153854,0.0005642541176470589
243,0.00054703,1554962400,0.00055601,0.00054473,0.00055601,906.2342023,0.49709763,0.00054853,1.6338035133333346,3.655021413076919,3.0609796408823517,0.0005500666666666663,0.0005661269230769238,0.0005631285294117648
244,0.00055873,1554969600,0.00055874,0.00054409,0.00055125,1952.78537178,1.07964408,0.00055287,1.257161686666668,3.6368181607692267,2.908919178235293,0.000551023333333333,0.0005656553846153853,0.0005621920588235296
245,0.00054997,1554976800,0.00055705,0.00054985,0.00055277,1246.25031105,0.68824769,0.00055225,0.7549964666666681,3.4975678384615345,2.877166206176469,0.0005519099999999996,0.0005648707692307699,0.0005615152941176472
246,0.00055248,1554984000,0.00055555,0.00054781,0.00054985,3230.84573998,1.77787041,0.00055028,1.181920726666668,3.572544779230765,2.785737241176469,0.0005537266666666664,0.0005643069230769237,0.0005609802941176472
247,0.00054953,1554991200,0.00055057,0.00054763,0.00054969,636.91742082,0.34985219,0.00054928,0.9386567633333347,3.555235516153842,2.7547948064705867,0.0005506599999999997,0.0005637615384615391,0.0005603194117647061
248,0.00055549,1554998400,0.00055549,0.00054729,0.00054936,3443.04818542,1.89356973,0.00054996,1.340430776666668,3.384101508461534,2.7549856232352923,0.0005524999999999997,0.0005630338461538469,0.0005596044117647061
249,0.00056001,1555005600,0.00056781,0.00054984,0.00055549,1132.21207887,0.63057241,0.00055693,0.9579981100000013,1.8109672146153801,2.736988049411763,0.0005550099999999998,0.0005598723076923084,0.0005591517647058825
250,0.00055025,1555012800,0.00055561,0.000536,0.0005555,10303.3548822,5.60262656,0.00054376,2.708922900000001,1.997511956153842,2.864245162058822,0.0005552499999999998,0.0005575069230769237,0.000558484411764706
251,0.00055438,1555020000,0.0005648,0.00054926,0.00055086,1595.06279539,0.8863686,0.00055569,2.373189190000001,1.9064253392307648,2.7874949676470573,0.0005548799999999998,0.0005555315384615391,0.0005582932352941178
252,0.00055252,1555027200,0.0005544,0.00054672,0.00055015,265.78336443,0.14649447,0.00055118,2.211829876666668,1.6773253946153803,2.5467533905882336,0.0005523833333333331,0.0005540123076923084,0.0005588523529411766
