,close,date,high,low,open,quoteVolume,volume,weightedAverage,avg_vol_3,avg_vol_13,avg_vol_34,avg_close_3,avg_close_13,avg_close_34
0,0.0052,1543168800,0.00524734,0.0052,0.00524436,265.95149839,1.38562135,0.00521005,-99999.0,-99999.0,-99999.0,-99999.0,-99999.0,-99999.0
1,0.0053152,1543176000,0.00538561,0.0052,0.0052,354.22899033,1.85489643,0.00523643,-99999.0,-99999.0,-99999.0,-99999.0,-99999.0,-99999.0
2,0.00536241,1543183200,0.00541284,0.00529162,0.00534886,185.37309867,0.99261033,0.00535466,1.4110427033333333,-99999.0,-99999.0,0.005292536666666667,-99999.0,-99999.0
3,0.00527798,1543190400,0.00539033,0.00527797,0.00536327,155.70433436,0.83377998,0.00535489,1.22709558,-99999.0,-99999.0,0.005318530000000001,-99999.0,-99999.0
4,0.00523729,1543197600,0.00527797,0.00523697,0.00527797,85.7310931,0.45087122,0.00525913,0.7590871766666666,-99999.0,-99999.0,0.005292560000000002,-99999.0,-99999.0
5,0.00522701,1543204800,0.00526017,0.00520251,0.00523729,132.35240219,0.69356218,0.00524026,0.6594044599999999,-99999.0,-99999.0,0.005247426666666668,-99999.0,-99999.0
6,0.00521937,1543212000,0.00527894,0.00520717,0.00522699,232.94215065,1.22448605,0.00525661,0.7896398166666665,-99999.0,-99999.0,0.0052278900000000015,-99999.0,-99999.0
7,0.00520006,1543219200,0.00521937,0.00517263,0.00521509,677.62077029,3.5210912,0.00519625,1.8130464766666663,-99999.0,-99999.0,0.0052154800000000015,-99999.0,-99999.0
8,0.00521251,1543226400,0.00531437,0.00517842,0.00519684,471.48101862,2.46650649,0.0052314,2.404027913333333,-99999.0,-99999.0,0.005210646666666668,-99999.0,-99999.0
9,0.00517381,1543233600,0.00521,0.00515,0.00521,159.43034541,0.82324389,0.00516365,2.2702805266666664,-99999.0,-99999.0,0.005195460000000002,-99999.0,-99999.0
10,0.00518631,1543240800,0.0052,0.00517223,0.00517381,20.30655677,0.10528204,0.00518463,1.131677473333333,-99999.0,-99999.0,0.005190876666666668,-99999.0,-99999.0
11,0.00520096,1543248000,0.00521614,0.00516569,0.00519999,158.96947199,0.82422522,0.0051848,0.5842503833333329,-99999.0,-99999.0,0.005187026666666668,-99999.0,-99999.0
12,0.00516073,1543255200,0.00520971,0.00515625,0.00519603,31.85830617,0.16479516,0.00517275,0.36476747333333287,1.180074733846154,-99999.0,0.005182666666666668,0.005228741538461539,-99999.0
13,0.00521959,1543262400,0.00525597,0.00518969,0.00518969,244.92098213,1.27483126,0.00520507,0.7546172133333329,1.1715524192307691,-99999.0,0.005193760000000001,0.005230248461538462,-99999.0
14,0.00522102,1543269600,0.00525436,0.00521125,0.00521912,6.83897641,0.03569419,0.00521923,0.49177353666666623,1.0316137853846152,-99999.0,0.005200446666666667,0.005223003846153846,-99999.0
15,0.00523,1543276800,0.00529519,0.00522099,0.00522099,38.5242629,0.20322543,0.00527525,0.5045836266666662,0.9708918699999999,-99999.0,0.005223536666666668,0.005212818461538462,-99999.0
16,0.00521591,1543284000,0.00523,0.00521591,0.00523,61.64550357,0.32230211,0.00522831,0.18707390999999962,0.9315474184615385,-99999.0,0.005222310000000002,0.0052080438461538465,-99999.0
17,0.00519051,1543291200,0.00522001,0.00518725,0.00521594,15.5638484,0.08104363,0.00520717,0.20219038999999964,0.9030991423076924,-99999.0,0.005212140000000001,0.005204445384615384,-99999.0
18,0.00518888,1543298400,0.00519051,0.00518888,0.00519051,44.9735094,0.23336379,0.00518891,0.21223650999999963,0.8676992661538462,-99999.0,0.005198433333333335,0.0052015123076923075,-99999.0
19,0.00519001,1543305600,0.00522196,0.00518888,0.00518888,56.00449216,0.29082561,0.00519289,0.201744343333333,0.7958792323076924,-99999.0,0.005189800000000001,0.005199253846153846,-99999.0
20,0.0051602,1543312800,0.00522149,0.00515032,0.00519003,98.78491268,0.51173952,0.00518034,0.3453096399999997,0.5643906415384617,-99999.0,0.005179696666666668,0.005196187692307692,-99999.0
21,0.00518059,1543320000,0.00522591,0.005172,0.00518351,66.40478498,0.34582374,0.00520781,0.38279628999999965,0.40126119923076947,-99999.0,0.005176933333333335,0.005193732307692307,-99999.0
22,0.00517501,1543327200,0.00523702,0.00517501,0.00519183,9.59075486,0.04994585,0.0052077,0.30250303666666634,0.3417767346153849,-99999.0,0.005171933333333335,0.005193824615384614,-99999.0
23,0.00518998,1543334400,0.00519,0.00517178,0.0051751,33.65773829,0.17419879,0.00517559,0.18998945999999964,0.34707802307692337,-99999.0,0.0051818600000000025,0.005194106923076921,-99999.0
24,0.00514848,1543341600,0.00518995,0.00514848,0.00517179,261.89956243,1.34911545,0.00515127,0.5244200299999997,0.387454194615385,-99999.0,0.0051711566666666695,0.005190069999999997,-99999.0
25,0.00517358,1543348800,0.00517424,0.00509,0.00517424,1114.54104007,5.70670039,0.00512022,2.410004876666666,0.8137545969230773,-99999.0,0.005170680000000003,0.005191058461538459,-99999.0
26,0.00515685,1543356000,0.00520205,0.00515685,0.00517358,237.69882256,1.23043526,0.00517644,2.7620836999999994,0.8103395200000002,-99999.0,0.005159636666666669,0.0051862323076923055,-99999.0
27,0.00526604,1543363200,0.00530679,0.00520043,0.00520043,300.58053744,1.57966247,0.00525537,2.8389327066666663,0.9291063107692311,-99999.0,0.005198823333333336,0.005189695384615383,-99999.0
28,0.00520899,1543370400,0.00531374,0.0052,0.005289,211.39942704,1.1105185,0.00525317,1.3068720766666662,0.9988980853846157,-99999.0,0.005210626666666669,0.005188079230769229,-99999.0
29,0.00516615,1543377600,0.00522058,0.0051033,0.00520899,971.19986319,5.01825399,0.00516706,2.5694783199999995,1.3601251530769234,-99999.0,0.005213726666666669,0.005184251538461536,-99999.0
30,0.00514771,1543384800,0.0052,0.00514282,0.00516615,141.13436081,0.72899789,0.00516527,2.28592346,1.4099677884615387,-99999.0,0.005174283333333336,0.005180959230769228,-99999.0
31,0.00515669,1543392000,0.00517788,0.00512075,0.00514593,132.36630128,0.68187129,0.00515139,2.143041056666666,1.4444683653846158,-99999.0,0.005156850000000004,0.005178483076923076,-99999.0
32,0.00511,1543399200,0.00514602,0.00505,0.00512954,325.51580041,1.66254165,0.0051074,1.0244702766666662,1.5499849838461546,-99999.0,0.005138133333333336,0.005172328461538461,-99999.0
33,0.00507825,1543406400,0.00511952,0.00507825,0.00511952,106.03398958,0.53990986,0.00509185,0.9614409333333328,1.552151933076924,1.1315285944117646,0.0051149800000000025,0.005166024615384615,0.005198472941176471
34,0.0052146,1543413600,0.00523578,0.00509,0.00509,257.73623374,1.33520274,0.0051805,1.1792180833333328,1.6282580100000008,1.1300456941176469,0.005134283333333336,0.005168640769230769,0.0051989023529411755
35,0.00514324,1543420800,0.00523454,0.00514324,0.0052146,110.03787065,0.57080307,0.00518733,0.8153052233333328,1.6683239500000009,1.0922782423529411,0.005145363333333337,0.005166196923076923,0.005193844705882352
36,0.00528562,1543428000,0.00529,0.00515418,0.00518315,798.64270974,4.19436569,0.00525186,2.033457166666666,1.9775675576923084,1.1864475176470588,0.005214486666666671,0.005173553846153847,0.005191586176470587
37,0.00513985,1543435200,0.00532632,0.00513623,0.00528562,1208.91736771,6.35939402,0.0052604,3.708187593333333,2.362973601538462,1.3489655776470588,0.0051895700000000045,0.00517289,0.005187523529411764
38,0.00510387,1543442400,0.00518386,0.005,0.00516278,2593.13170725,13.11049886,0.00505585,7.888086189999999,2.932496560769231,1.7213075670588234,0.005176446666666671,0.005167527692307693,0.005183599411764705
39,0.00505642,1543449600,0.00514171,0.00505642,0.00510858,154.02543788,0.78370352,0.00508814,6.7511988,2.8981325807692313,1.7239587829411764,0.00510004666666667,0.005159802307692308,0.005178582058823529
40,0.00508011,1543456800,0.0051189,0.00502839,0.0050817,116.13875373,0.5896622,0.00507722,4.827954859999999,2.8219787138461543,1.705287493235294,0.005080133333333336,0.005145500000000001,0.005174486176470587
41,0.00508011,1543464000,0.00508011,0.00502839,0.00504297,59.58384193,0.30068521,0.00504642,0.558016976666666,2.7596838453846155,1.6105696699999996,0.0050722133333333365,0.005135586153846155,0.0051709582352941165
42,0.0050719,1543471200,0.00507491,0.005,0.00507115,222.21317016,1.1192972,0.00503704,0.669881536666666,2.459764092307693,1.5709458673529408,0.005077373333333337,0.005128336153846155,0.005166822647058822
43,0.00504943,1543478400,0.00507509,0.00502233,0.00507283,88.4929919,0.44616234,0.00504178,0.6220482499999994,2.438007511538462,1.5598552335294114,0.005067146666666671,0.005120776153846155,0.005163164411764704
44,0.00505683,1543485600,0.00505683,0.00504493,0.00504942,4.36717007,0.02205515,0.00505021,0.5291715633333327,2.3872524238461543,1.557407383823529,0.005059386666666672,0.005113094615384616,0.005159356176470587
45,0.00500909,1543492800,0.00508442,0.005009,0.00505972,472.4942478,2.38510054,0.00504789,0.9511060099999993,2.4428338769230775,1.6033154814705877,0.005038450000000006,0.005105332307692307,0.005153712941176469
46,0.00508188,1543500000,0.00508188,0.00504257,0.00506278,92.48461617,0.46882541,0.00506922,0.958660366666666,2.4373658423076927,1.6122575476470584,0.0050492666666666726,0.005105611538461537,0.00515139382352941
47,0.00508341,1543507200,0.00508341,0.00504741,0.00508188,56.44291247,0.28600745,0.00506719,1.046644466666666,2.356658512307693,1.5831744944117643,0.005058126666666672,0.005095519999999998,0.005147388529411764
48,0.00505659,1543514400,0.00508341,0.00501,0.00508339,132.67606804,0.6683685,0.00503759,0.4744004533333328,2.364163545384616,1.6017825623529407,0.005073960000000005,0.005088854615384614,0.005142552352941176
49,0.00505717,1543521600,0.0050595,0.00505657,0.00505657,12.60237704,0.06373643,0.00505749,0.3393707933333328,2.0464228330769236,1.5976799447058818,0.005065723333333338,0.005071281538461537,0.0051374691176470574
50,0.00507415,1543528800,0.0050744,0.00505717,0.0050595,71.28359931,0.36134933,0.00506917,0.3644847533333328,1.5850347800000004,1.5988283923529405,0.005062636666666671,0.005066227692307691,0.005133299705882353
51,0.00505912,1543536000,0.0050778,0.00502365,0.00507415,179.98768393,0.91104876,0.00506172,0.4453781733333327,0.6466155415384619,1.6232403079411757,0.005063480000000005,0.005062785384615383,0.005129435294117646
52,0.005084,1543543200,0.005084,0.00505523,0.00505523,134.67953766,0.68447257,0.00508223,0.6522902199999994,0.6389823915384619,1.6365082132352935,0.005072423333333337,0.005064906923076922,0.005126350588235293
53,0.0050274,1543550400,0.00507671,0.00501915,0.00505827,114.01849597,0.57487961,0.00504198,0.7234669799999994,0.6378452692307697,1.6448627426470583,0.005056840000000004,0.005060852307692307,0.00512156794117647
54,0.00502075,1543557600,0.00508291,0.00502075,0.00506466,63.10459285,0.31823055,0.0050429,0.5258609099999995,0.6391949107692312,1.6391713023529406,0.005044050000000005,0.005056286153846153,0.0051174664705882335
55,0.00492785,1543564800,0.00502117,0.0049,0.0050208,521.98159538,2.58508183,0.00495243,1.1593973299999993,0.7519475746153851,1.7050318344117643,0.004992000000000005,0.0050452053846153835,0.005110032941176469
56,0.00492767,1543572000,0.00494643,0.0049,0.00492786,440.42326186,2.16367566,0.00491271,1.6889960133333328,0.8840639838461541,1.7672003582352938,0.004958756666666672,0.0050358392307692295,0.0051027582352941156
57,0.00495314,1543579200,0.00499554,0.00492982,0.00494348,258.51344365,1.27965408,0.00495004,2.009470523333333,0.9808023630769234,1.7997137491176467,0.004936220000000005,0.005027863076923076,0.005095792352941174
58,0.0049334,1543586400,0.00495313,0.00493337,0.00494304,64.66797984,0.32020071,0.00495145,1.2545101499999995,0.821963914615385,1.7694515508823527,0.004938070000000005,0.005022040769230769,0.005089466470588232
59,0.00496821,1543593600,0.00496821,0.00493723,0.00495313,31.90822286,0.15851115,0.00496772,0.5861219799999994,0.7980935869230772,1.6062695144117645,0.004951583333333338,0.005013296923076923,0.005083426176470585
60,0.00496052,1543600800,0.00496821,0.00495002,0.00496821,12.03478074,0.05976434,0.00496596,0.1794920666666661,0.780690270769231,1.5718380167647057,0.004954043333333339,0.005003843846153846,0.005077651764705879
61,0.00496823,1543608000,0.00496823,0.004959,0.00496053,60.31624568,0.29921374,0.00496074,0.1724964099999994,0.7522937507692311,1.5341777599999997,0.004965653333333338,0.004997046923076924,0.005068892647058821
62,0.00496119,1543615200,0.005,0.00496014,0.0049776,59.01606169,0.29416125,0.00498442,0.21771310999999938,0.7700187369230773,1.5101672526470586,0.004963313333333338,0.004989663846153847,0.005061604411764703
63,0.00500231,1543622400,0.00503754,0.00496011,0.00496118,37.64765697,0.18849109,0.00500671,0.26062202666666606,0.7567219492307695,1.3681154026470586,0.0049772433333333385,0.0049841376923076925,0.0050567855882352915
64,0.00492629,1543629600,0.00499034,0.00492629,0.00499034,122.60127526,0.60619245,0.00494442,0.36294826333333274,0.7332714638461542,1.3645034779411762,0.004963263333333338,0.004973920000000001,0.005050273235294115
65,0.00502052,1543636800,0.00503754,0.0049,0.00492462,610.56648983,3.00551339,0.00492249,1.2667323099999994,0.9118130653846156,1.4328458926470586,0.0049830400000000045,0.004969036923076923,0.005046268235294115
66,0.00501271,1543644000,0.0050215,0.00493226,0.0049918,408.53414054,2.0257478,0.00495857,1.8791512133333326,1.023418310769231,1.4435284264705879,0.0049865066666666714,0.004967906923076923,0.00504340676470588
67,0.0050042,1543651200,0.00501971,0.0050042,0.00501271,5.88999079,0.02952822,0.00501328,1.6869298033333326,1.0012104392307692,1.4285172017647056,0.005012476666666672,0.004966633846153846,0.005041228823529409
68,0.00498677,1543658400,0.00503667,0.0049742,0.00501221,62.37138987,0.31287287,0.00501628,0.7893829633333326,0.8264251346153847,1.3984486761764703,0.005001226666666671,0.004971166153846154,0.005034527941176468
69,0.00493836,1543665600,0.00498378,0.00493836,0.00498378,63.47962796,0.31538354,0.00496826,0.21926154333333261,0.6842488176923077,1.3909363370588235,0.004976443333333337,0.004971988461538462,0.005028502058823527
70,0.0049721,1543672800,0.0049721,0.00495366,0.00495366,9.71629372,0.04816468,0.0049571,0.22547369666666595,0.5895188638461538,1.2689892485294116,0.004965743333333337,0.004973446923076923,0.005019280882352939
71,0.00495331,1543680000,0.00496003,0.0049533,0.00496003,3.10150695,0.01537431,0.00495704,0.12630750999999926,0.5660706792307693,1.0824004335294115,0.0049545900000000035,0.004974978461538462,0.005013794411764703
72,0.00497468,1543687200,0.00497468,0.004945,0.00495331,290.04837116,1.43561249,0.00494956,0.49971715999999927,0.6643092438461539,0.7390214226470585,0.00496669666666667,0.004975476153846154,0.00500999470588235
73,0.00495771,1543694400,0.00495771,0.004945,0.00494994,8.36188225,0.04136937,0.00494737,0.497452056666666,0.6628942461538462,0.7171880652941174,0.004961900000000004,0.0049752600000000004,0.005007091470588233
74,0.00492451,1543701600,0.00495771,0.0049,0.00495771,35.48389212,0.1744003,0.00491491,0.5504607199999993,0.6532932123076923,0.7049744799999997,0.004952300000000004,0.004971896923076923,0.005002514999999997
75,0.00497719,1543708800,0.00497719,0.00490816,0.00494015,25.8184552,0.12755813,0.00494057,0.11444259999999933,0.6404775876923078,0.6998825070588232,0.004953136666666671,0.004973127692307692,0.004999487941176468
76,0.00500903,1543716000,0.0050233,0.00496869,0.00496869,24.00888629,0.12016732,0.00500511,0.14070858333333264,0.6352219130769232,0.6704963341176466,0.004970243333333337,0.004973644615384616,0.004997638823529409
77,0.00500002,1543723200,0.0050233,0.00498273,0.00499303,20.81173717,0.10408691,0.00500135,0.11727078666666596,0.5965984100000001,0.6604352920588231,0.004995413333333337,0.004979316153846154,0.004996185588235291
78,0.005,1543730400,0.00503814,0.005,0.00502607,23.88137987,0.119513,0.00500444,0.11458907666666596,0.3745983800000001,0.6633016994117643,0.005003016666666671,0.004977737692307692,0.004994514117647056
79,0.005,1543737600,0.00500868,0.005,0.00500868,390.92676723,1.95463441,0.005,0.726078106666666,0.36912811923076927,0.6506409308823526,0.005000006666666671,0.00497676,0.00499424676470588
80,0.00499567,1543744800,0.00500914,0.00499567,0.00500001,32.24577546,0.16126064,0.00500098,0.745136016666666,0.37926138230769235,0.6415949082352936,0.004998556666666671,0.004976103846153846,0.004991711176470586
81,0.00495475,1543752000,0.00500702,0.00494996,0.00500702,33.45859156,0.1658461,0.00495675,0.7605803833333327,0.3679516307692309,0.6380607508823525,0.004983473333333338,0.004973640769230768,0.004987927058823526
82,0.00493035,1543759200,0.00497277,0.00492887,0.00495675,32.83089521,0.16216148,0.00493929,0.16308940666666602,0.35616531846153854,0.6231723091176467,0.00496025666666667,0.004973024615384614,0.004984214117647056
83,0.00495102,1543766400,0.00496232,0.00492888,0.00495003,45.49170631,0.22462689,0.00493775,0.18421148999999937,0.36973933461538466,0.6279043814705879,0.004945373333333337,0.004971403076923075,0.004981092058823527
84,0.00496197,1543773600,0.00497599,0.0049406,0.00494506,40.14407224,0.19935971,0.0049661,0.1953826933333327,0.3838920576923078,0.6231399808823526,0.004947780000000003,0.004972069230769228,0.0049777926470588214
85,0.00496108,1543780800,0.00497576,0.00495805,0.00495805,1.69513343,0.00841462,0.00496399,0.14413373999999937,0.2741076061538462,0.5965919179411762,0.004958023333333336,0.004971023076923075,0.004974909117647057
86,0.0049866,1543788000,0.00498664,0.00495807,0.00495808,6.84395104,0.03408354,0.00498009,0.08061928999999939,0.27354715769230775,0.5774628288235291,0.004969883333333337,0.004973245384615382,0.004972044411764704
87,0.00495805,1543795200,0.00499936,0.00495804,0.00498152,37.9574827,0.18915102,0.00498323,0.07721639333333273,0.27468182846153855,0.5661178702941173,0.0049685766666666695,0.004975825384615383,0.004970004705882351
88,0.0049707,1543802400,0.00499946,0.00495805,0.00496618,97.72700014,0.48559767,0.00496892,0.23627740999999938,0.30222333153846165,0.5710404326470586,0.004971783333333336,0.004975326153846151,0.004968532647058822
89,0.00499159,1543809600,0.00499638,0.0049707,0.0049707,21.08613231,0.10522923,0.00499044,0.2599926399999994,0.3010742476923078,0.49810359147058797,0.004973446666666669,0.004973984615384613,0.004970407352941174
90,0.00504819,1543816800,0.00504819,0.00498265,0.00499628,59.26151046,0.29701813,0.00501199,0.29594834333333275,0.31591511076923084,0.44320189941176447,0.005003493333333336,0.004977689999999997,0.004973952058823527
91,0.00505482,1543824000,0.00505482,0.00500807,0.00504819,68.13458291,0.34369792,0.00504439,0.24864842666666612,0.33316010461538464,0.4156737770588233,0.005031533333333336,0.00498190692307692,0.004976942647058821
92,0.00505482,1543831200,0.00505482,0.00502547,0.00503489,37.31746592,0.18770879,0.00503005,0.27614161333333276,0.19724274923076932,0.41177695588235275,0.0050526100000000025,0.004986123846153843,0.004980513823529409
93,0.00501345,1543838400,0.00505239,0.00498899,0.00505239,233.79068777,1.17121018,0.00500965,0.5675389633333329,0.2749311753846155,0.441562221470588,0.005041030000000002,0.004987491538461536,0.004981844411764703
94,0.00493181,1543845600,0.0050156,0.00489,0.0050156,750.54082676,3.70276095,0.00493345,1.6872266399999993,0.5470015484615386,0.548709180588235,0.005000026666666669,0.004985726923076921,0.004980999999999998
95,0.00498003,1543852800,0.00498003,0.00492159,0.00493888,226.15872601,1.12309774,0.00496597,1.999022956666666,0.6209197223076924,0.5729410629411762,0.00497509666666667,0.004989548461538458,0.004981347058823527
96,0.00498003,1543860000,0.00498003,0.00493907,0.00498002,64.04005351,0.31831379,0.00497054,1.7147241599999994,0.6281264069230771,0.5736514317647057,0.004963956666666671,0.004991779999999997,0.004981901176470586
97,0.00496346,1543867200,0.00497136,0.00493655,0.00494405,78.90282476,0.39189291,0.00496677,0.6111014799999994,0.6429366530769232,0.5796338382352939,0.004974506666666671,0.004991894615384613,0.004980758529411762
98,0.00496775,1543874400,0.00501512,0.00496497,0.00497136,107.35007797,0.53471085,0.004981,0.414972516666666,0.6834209784615386,0.5775314382352938,0.0049704133333333365,0.004992407692307689,0.004981977941176468
99,0.00497673,1543881600,0.00497673,0.00496345,0.00496353,17.43623595,0.08661744,0.00496766,0.33774039999999933,0.6874620476923078,0.49168155735294095,0.004969313333333337,0.00499164846153846,0.004980689999999998
100,0.00500109,1543888800,0.00503784,0.00497673,0.00497673,32.94521009,0.16549403,0.00502331,0.26227410666666606,0.6856422792307693,0.4369682111764704,0.0049818566666666704,0.004994959230769229,0.004980348235294116
101,0.0049996,1543896000,0.00500764,0.00499959,0.00500681,11.62798214,0.05813841,0.00499987,0.10341662666666607,0.6527607976923077,0.43780968735294096,0.004992473333333337,0.004997182307692305,0.004980212941176469
102,0.00508756,1543903200,0.00508756,0.00495896,0.00499959,235.50981249,1.18379659,0.00502652,0.4691430099999994,0.7357275176923076,0.46342509088235273,0.00502941666666667,0.005004564615384613,0.004983177352941175
103,0.00504082,1543910400,0.00511427,0.00504082,0.00508756,321.71217745,1.63679464,0.00508776,0.959576546666666,0.8387872492307692,0.502290123235294,0.0050426600000000035,0.00500399769230769,0.004986190882352939
104,0.00500967,1543917600,0.00506,0.00498573,0.0050408,27.91340072,0.14042986,0.00503091,0.9870070299999992,0.8231512446153845,0.505003805,0.00504601666666667,0.005000524615384612,0.004987295882352938
105,0.00498112,1543924800,0.00500967,0.00498112,0.00500967,21.08000335,0.10523188,0.00499202,0.6274854599999992,0.8168068669230768,0.5076466747058824,0.005010536666666671,0.004994855384615382,0.004988113823529409
106,0.00498,1543932000,0.00500969,0.004968,0.00498129,119.92063241,0.59907321,0.00499558,0.28157831666666583,0.7727963307692307,0.4830425782352941,0.0049902633333333375,0.004992282307692305,0.004988270294117645
107,0.00498441,1543939200,0.00502988,0.00495,0.00499734,256.18878201,1.27438362,0.00497439,0.6595629033333326,0.5859980746153846,0.5193077032352942,0.004981843333333337,0.004996328461538459,0.004989055588235292
108,0.00495461,1543946400,0.00498066,0.00494415,0.00498066,10.65927151,0.05281904,0.00495522,0.6420919566666659,0.5036689438461538,0.5157317838235295,0.00497300666666667,0.0049943730769230745,0.004989940882352939
109,0.00495869,1543953600,0.00497952,0.00495223,0.00495223,31.96841596,0.1585057,0.00495819,0.4952361199999991,0.49137601384615376,0.5166420064705882,0.0049659033333333364,0.004992731538461536,0.00498939676470588
110,0.00500298,1543960800,0.005003,0.00497796,0.00497951,96.73171882,0.48365546,0.00499996,0.2316600666666658,0.49843467153846144,0.5273328341176471,0.004972093333333336,0.004995771538461536,0.004989218823529409
111,0.00504843,1543968000,0.00504844,0.00497926,0.00498126,123.27600204,0.61765509,0.00501034,0.41993874999999914,0.5048149976923076,0.5424377805882353,0.00500336666666667,0.0050019776923076915,0.004990642647058821
112,0.00497879,1543975200,0.00504844,0.00497879,0.00504642,154.30174029,0.7712872,0.00499856,0.624199249999999,0.5574819023076922,0.56160761,0.0050100666666666694,0.005002136153846153,0.004990018823529409
113,0.00497431,1543982400,0.00498049,0.00497431,0.00498049,154.88400476,0.7713911,0.00498044,0.7201111299999989,0.6040893692307692,0.5268063361764705,0.005000510000000003,0.005000076153846152,0.004989263235294116
114,0.00497943,1543989600,0.005,0.00497943,0.00498049,127.64248347,0.63747729,0.00499424,0.726718529999999,0.6486538984615383,0.5408127082352941,0.0049775100000000036,0.004998524615384615,0.004988785588235292
115,0.00500297,1543996800,0.00500302,0.0049793,0.00498085,137.81692218,0.68760028,0.00498922,0.6988228899999989,0.6104849515384614,0.5561584194117648,0.0049855700000000025,0.004992017692307691,0.004990203823529409
116,0.00500293,1544004000,0.00500293,0.00498197,0.00498197,24.41699829,0.12170688,0.00498451,0.48226148333333224,0.4939397392307691,0.5549685782352941,0.004995110000000003,0.0049891030769230755,0.004992338529411762
117,0.0050161,1544011200,0.00501914,0.00499,0.00500293,84.28058206,0.42159284,0.00500225,0.41029999999999883,0.5155676607692306,0.5607616944117647,0.005007333333333336,0.004989597692307691,0.004994252647058821
118,0.00498245,1544018400,0.00499,0.00498245,0.00499,7.014,0.03498853,0.00498838,0.19276274999999884,0.510164326153846,0.5559272479411765,0.005000493333333336,0.004989699999999999,0.004994854999999997
119,0.00508747,1544025600,0.00508747,0.00497941,0.00498246,226.23538339,1.13575072,0.00502021,0.5307773633333323,0.5514472115384613,0.5890841920588236,0.005028673333333337,0.004997966923076922,0.004998572352941173
120,0.0050225,1544032800,0.00506022,0.00501814,0.00506022,21.44266519,0.10788526,0.00503133,0.4262081699999989,0.46171656846153825,0.591254830882353,0.005030806666666669,0.005000896923076922,0.004999628235294115
121,0.00506968,1544040000,0.00507339,0.00503751,0.00503751,116.31801883,0.58711289,0.00504748,0.6102496233333322,0.5028160953846151,0.6029595917647059,0.005059883333333337,0.005009748461538461,0.005002911470588232
122,0.00501764,1544047200,0.00506867,0.00501764,0.00503583,65.66964264,0.33158951,0.00504935,0.3421958866666656,0.5161302346153843,0.5984299399999999,0.00503660666666667,0.005014283076923077,0.005004292058823526
123,0.00501355,1544054400,0.00501764,0.00500519,0.00501764,33.08180747,0.16572323,0.00500949,0.36147520999999894,0.49167390923076904,0.6002091752941177,0.005033623333333337,0.005015096153846154,0.005004937941176468
124,0.0049824,1544061600,0.00503047,0.0049824,0.00500003,42.73946635,0.21364329,0.00499873,0.2369853433333323,0.46059607846153827,0.597756974117647,0.005004530000000003,0.005010016923076922,0.005003002941176468
125,0.0049824,1544068800,0.00498693,0.00498239,0.00498692,111.44076961,0.55574079,0.00498687,0.31170243666666564,0.44401558538461516,0.6039935291176471,0.004992783333333335,0.005010294615384615,0.0050008729411764674
126,0.00498239,1544076000,0.00498243,0.00498239,0.00498239,4.58662173,0.02285237,0.00498239,0.2640788166666656,0.3864356830769229,0.599144810882353,0.004982396666666668,0.0050109161538461535,0.004998742647058821
127,0.0050002,1544083200,0.00502022,0.00498,0.0049824,467.63865634,2.33671738,0.00499684,0.971770179999999,0.5171464592307691,0.6334244344117648,0.004988330000000001,0.005012513846153846,0.0049983529411764685
128,0.00498001,1544090400,0.00500934,0.00498001,0.00500934,58.1542224,0.29052134,0.0049957,0.8833636966666658,0.48660192538461516,0.533064445882353,0.004987533333333335,0.005010747692307693,0.004999770588235292
129,0.00501975,1544097600,0.00502,0.0049788,0.00498001,1222.09123432,6.11252394,0.00500169,2.913254219999999,0.9474340069230767,0.6798122752941177,0.004999986666666668,0.005012041538461539,0.0050009388235294095
130,0.00509693,1544104800,0.00509952,0.0049788,0.00501238,870.81877024,4.39872003,0.00505124,3.6005884366666656,1.2533668676923073,0.7998242235294118,0.005032230000000001,0.0050182592307692325,0.005004377058823527
131,0.00521017,1544112000,0.0054023,0.0049788,0.00508281,1771.36630782,9.2499617,0.00522193,6.587068556666665,1.9622109576923075,1.0603556585294118,0.005108950000000001,0.005035776153846155,0.0050116332352941155
132,0.00510971,1544119200,0.00526608,0.00506976,0.00524692,344.50613478,1.78682638,0.00518663,5.145169369999999,2.0122937007692303,1.0971825858823527,0.005138936666666667,0.005037486923076925,0.005015808529411763
133,0.00511644,1544126400,0.00519168,0.00510258,0.00510972,46.41632182,0.2384409,0.005137,3.7584096599999994,2.022336442307692,1.1016479817647058,0.005145440000000001,0.005044713076923079,0.005019917647058821
134,0.00515519,1544133600,0.00518778,0.00510207,0.00510874,238.33043578,1.22913293,0.00515726,1.0848000699999993,2.071722599230769,1.1329314788235294,0.005127113333333335,0.005051290769230772,0.005024449999999997
135,0.00495001,1544140800,0.0052,0.00495,0.00514472,686.22230529,3.45362869,0.00503281,1.6404008399999996,2.3118794592307688,1.23279884,0.005073880000000002,0.005046088461538464,0.0050229914705882325
136,0.00468775,1544148000,0.00495001,0.00468775,0.00495001,834.67391444,3.99117287,0.00478171,2.8913114966666664,2.606144816153846,1.3153687305882353,0.004930983333333336,0.005021026923076926,0.005011232352941174
137,0.00476791,1544155200,0.00476791,0.00463265,0.00467796,146.58389454,0.68576578,0.00467831,2.710189113333333,2.64246193076923,1.2873972935294118,0.004801890000000002,0.0050045276923076955,0.005003205588235291
138,0.00475619,1544162400,0.0048124,0.00474451,0.00477517,112.05045753,0.53854267,0.00480625,1.7384937733333328,2.6411389984615377,1.2991064938235295,0.004737283333333335,0.004987126923076927,0.0049957502941176445
139,0.00474181,1544169600,0.00477941,0.00470312,0.00475715,166.20167994,0.7870156,0.0047353,0.6704413499999995,2.699920785384614,1.3191589561764707,0.004755303333333335,0.004968620769230773,0.00498871176470588
140,0.00477223,1544176800,0.00481131,0.00476001,0.00476336,170.54892227,0.81386446,0.00477202,0.7131409099999995,2.5827782530769214,1.3254763458823529,0.004756743333333334,0.004951084615384619,0.0049826008823529375
141,0.00476,1544184000,0.00477271,0.00476,0.00477271,51.67762841,0.24611897,0.00476258,0.6156663433333328,2.5793626861538446,1.2952332679411764,0.004758013333333334,0.004934160769230773,0.004976000588235291
142,0.00471995,1544191200,0.00478504,0.00471995,0.00476928,167.66750299,0.79591537,0.00474698,0.6186329333333327,2.1703927961538447,1.317089042352941,0.0047507266666666674,0.004911099230769234,0.004969098823529409
143,0.00484217,1544198400,0.00485288,0.00471987,0.00471995,3464.61344649,16.67139681,0.0048119,5.90447705,3.114444856153845,1.8027623102941175,0.004774040000000001,0.00489150230769231,0.00496567176470588
144,0.00496111,1544205600,0.00501374,0.0048051,0.00484992,637.66618147,3.13772787,0.00492064,6.868346683333332,2.644273023076922,1.8808232635294115,0.004841076666666669,0.004872343846153849,0.004964440294117644
145,0.00491276,1544212800,0.00497654,0.00485983,0.00497654,251.90754542,1.23682222,0.00490982,7.015315633333333,2.6019650107692294,1.899034061470588,0.004905346666666669,0.004857193846153849,0.004960449999999997
146,0.00503704,1544220000,0.00506784,0.004899,0.00491279,369.87454904,1.83813394,0.00496961,2.070894676666665,2.72501832153846,1.9304119067647056,0.0049703033333333355,0.004851086153846156,0.004962163235294114
147,0.00502976,1544227200,0.00503704,0.00500947,0.00503704,54.00679164,0.2714751,0.00502668,1.115477086666665,2.6513523346153836,1.9157084949999998,0.004993186666666669,0.0048414376923076935,0.004963794117647055
148,0.00501779,1544234400,0.00505063,0.00501777,0.00502976,20.79096756,0.10437414,0.00502016,0.7379943933333316,2.393717369230768,1.900028990588235,0.005028196666666669,0.004846651538461539,0.004964922352941172
149,0.00499118,1544241600,0.00501779,0.00499105,0.00501779,22.29822175,0.11164301,0.00500681,0.16249741666666484,2.0952919953846143,1.8830890708823527,0.005012910000000002,0.0048699923076923075,0.00496457558823529
150,0.00498491,1544248800,0.00501293,0.00498491,0.00501293,0.70109757,0.0034984,0.00498989,0.07317184999999816,2.0428098892307682,1.8796123508823526,0.004997960000000003,0.004886684615384615,0.004964045588235291
151,0.00493658,1544256000,0.0049849,0.0049028,0.0049849,111.37671606,0.55272566,0.00496266,0.22262235666666483,2.043900888461537,1.8834691985294114,0.004970890000000002,0.004900560769230769,0.004961706764705879
152,0.00495516,1544263200,0.00495516,0.00493656,0.0049375,65.4157091,0.3235505,0.00494606,0.29325818666666487,2.0082497269230757,1.891956315294117,0.004958883333333336,0.004916972307692308,0.004960904117647056
153,0.00489788,1544270400,0.00498341,0.00489002,0.00493657,207.99296224,1.02170495,0.0049122,0.6326603699999981,2.0242374569230757,1.8886020279411757,0.004929873333333335,0.004926637692307691,0.004955327941176467
154,0.00490979,1544277600,0.00495494,0.00490433,0.00490682,29.44546746,0.14487892,0.00492024,0.49671145666666466,2.0164497607692295,1.889690076764705,0.0049209433333333346,0.004938159999999999,0.004952012941176467
155,0.00489999,1544284800,0.00490979,0.00487442,0.00490979,25.63592762,0.12521709,0.00488443,0.430600319999998,1.964857585384614,1.8761049061764699,0.0049025533333333345,0.0049520092307692295,0.004947022058823526
156,0.00487309,1544292000,0.00490727,0.00484646,0.00490048,61.53579087,0.29899123,0.00485881,0.18969574666666467,0.70544177153846,1.8751461332352932,0.004894290000000002,0.00495438769230769,0.00494277058823529
157,0.00489837,1544299200,0.00490705,0.00487,0.00487309,1247.89148677,6.07744404,0.00487017,2.1672174533333313,0.9315737846153831,2.0490202747058817,0.004890483333333334,0.004949561538461536,0.0049393829411764675
158,0.00491414,1544306400,0.00495376,0.00487445,0.00487445,20.34355376,0.09987621,0.00490947,2.158770493333331,0.8441163992307676,2.045674184117647,0.0048952000000000015,0.004949667692307689,0.004937375294117644
159,0.0049142,1544313600,0.00492292,0.0049142,0.00491992,1.72585072,0.00848933,0.00491892,2.0619365266666643,0.7033745061538444,2.0295785529411763,0.004908903333333335,0.004940218461538457,0.004935369411764703
160,0.00490291,1544320800,0.00491723,0.00490291,0.00491421,436.37270695,2.13957303,0.00490308,0.7493128566666645,0.8470743469230754,2.091835042941176,0.004910416666666668,0.004930460769230765,0.004933031764705879
161,0.00487091,1544328000,0.00490292,0.00487,0.00490291,1293.45169346,6.31393194,0.00488145,2.8206647666666647,1.3247326392307675,2.2088119417647056,0.004896006666666668,0.004919162307692305,0.004929229117647056
162,0.00487,1544335200,0.00489055,0.00487,0.00487091,149.4425215,0.72810194,0.00487212,3.0605356366666645,1.372152556923075,2.2216819594117645,0.004881273333333334,0.004909840769230766,0.004925993529411762
163,0.00487615,1544342400,0.00491571,0.00486579,0.00487497,167.30143884,0.81571104,0.00487569,2.6192483066666647,1.4346304523076903,2.065893344705882,0.004872353333333333,0.0049014746153846125,0.004921769999999998
164,0.00487816,1544349600,0.00487816,0.00487269,0.00487272,84.60631984,0.412266,0.00487275,0.6520263266666646,1.423825863076921,1.948644696764706,0.0048747700000000005,0.004896980769230767,0.004915335588235292
165,0.0048585,1544356800,0.00488232,0.00485801,0.00487758,48.48115157,0.23565342,0.00486072,0.48787681999999805,1.417064549230767,1.683517982647059,0.004870936666666668,0.004889545384615382,0.004904992352941173
166,0.00487,1544364000,0.00489803,0.00485777,0.00485853,228.60501424,1.11404228,0.00487321,0.5873205666666648,1.4241674207692285,1.6637302150000002,0.004868886666666668,0.004887400769230768,0.0048979420588235265
167,0.00487841,1544371200,0.00491392,0.0048784,0.00489363,312.07256202,1.52910806,0.00489984,0.9596012533333313,1.530646585384613,1.7016910138235295,0.004868970000000001,0.004884986923076922,0.004890941176470586
168,0.0048625,1544378400,0.00489931,0.004857,0.00489931,59.69157324,0.29024353,0.00486238,0.9777979566666648,1.5433409269230747,1.6740766197058825,0.004870303333333334,0.004882103076923076,0.00488233264705882
169,0.00487946,1544385600,0.00490668,0.004857,0.0048625,115.07916626,0.56207385,0.00488423,0.7938084799999982,1.5635780515384594,1.589030889117647,0.004873456666666668,0.004882593076923076,0.00488025764705882
170,0.00487,1544392800,0.00487946,0.00487,0.00487946,322.78485847,1.57267056,0.00487219,0.8083293133333315,1.2170570146153825,1.517898468235294,0.004870653333333335,0.0048804107692307684,0.0048856179411764684
171,0.00487,1544400000,0.00487297,0.00487,0.00487,639.60908601,3.11489648,0.00487,1.749880296666665,1.4489816507692284,1.5893434888235294,0.004873153333333335,0.004877015384615384,0.004888620588235293
172,0.00485,1544407200,0.00487195,0.00485,0.00487194,606.994126,2.94461752,0.00485114,2.5440615199999983,1.674837665384613,1.6601103961764707,0.004863333333333335,0.0048720769230769225,0.004891379705882351
173,0.00485393,1544414400,0.00486285,0.00484271,0.00485,322.76296962,1.56539708,0.00484998,2.5416370266666646,1.6306702846153824,1.6830039691176473,0.004857976666666669,0.0048683092307692305,0.004894677352941175
174,0.00486503,1544421600,0.00486733,0.00480971,0.00484271,136.91169133,0.66167887,0.00483288,1.7238978233333313,1.1958815869230746,1.6785279223529415,0.004856320000000002,0.004867856923076923,0.004897406764705881
175,0.00473625,1544428800,0.0048651,0.00470353,0.0048651,438.43197426,2.08005743,0.00474431,1.435711126666665,1.299878163076921,1.7324672888235297,0.0048184033333333355,0.004857568461538462,0.004896708235294115
176,0.00474354,1544436000,0.00476249,0.00474195,0.00474878,2.39590634,0.0113877,0.00475298,0.9177079999999981,1.2380071369230747,1.7093929455882355,0.00478160666666667,0.004847367692307693,0.004897402058823527
177,0.00472744,1544443200,0.00474232,0.00472,0.00472873,73.45336986,0.34806886,0.00473863,0.8131713299999982,1.2330688953846134,1.2292950647058822,0.004735743333333336,0.0048357738461538465,0.004894027647058821
178,0.00453667,1544450400,0.00472527,0.00453077,0.00472527,647.29319534,2.99130834,0.00462125,1.1169216333333314,1.445042350769229,1.2249886079411765,0.004669216666666669,0.004811017692307692,0.004881544117647056
179,0.00456633,1544457600,0.00461055,0.00454879,0.00454879,279.4598967,1.28326601,0.00459195,1.5408810699999982,1.4580595607692288,1.226354601764706,0.004610146666666669,0.00478765846153846,0.004871354999999998
180,0.00454712,1544464800,0.00460171,0.00452415,0.0045947,143.97807806,0.6558583,0.00455526,1.6434775499999983,1.3908865023076904,1.1915817888235294,0.004550040000000003,0.004762174615384614,0.004856945588235292
181,0.00454084,1544472000,0.00454809,0.0045,0.00454712,213.31305527,0.96239615,0.00451166,0.967173486666665,1.442590549999998,1.2119029961764705,0.004551430000000003,0.004737431538461538,0.004842565588235292
182,0.0044576,1544479200,0.00452471,0.00445715,0.00450959,236.53171864,1.06238166,0.00449149,0.8935453699999982,1.481075766153844,1.2400796879411764,0.00451518666666667,0.004704980769230769,0.004826089411764704
183,0.00447,1544486400,0.0044792,0.0044576,0.0044576,1038.01612735,4.64115439,0.00447117,2.221977399999998,1.7171129838461519,1.3733006108823527,0.004489480000000002,0.004674211538461538,0.004810760588235292
184,0.00448206,1544493600,0.00448206,0.00439029,0.00447047,374.11740582,1.65683193,0.00442864,2.4534559933333315,1.6049541723076903,1.4219280676470587,0.004469886666666669,0.004644369999999999,0.004795970882352939
185,0.00442359,1544500800,0.00448201,0.00441607,0.00448201,172.72952009,0.76495246,0.00442861,2.354312926666665,1.437287629230767,1.428170032352941,0.004458550000000003,0.00461156923076923,0.0047808829411764685
186,0.0044175,1544508000,0.00445144,0.00441612,0.00441612,72.74937471,0.32192976,0.00442518,0.9145713833333314,1.3416362969230748,1.4281223635294116,0.004441050000000004,0.0045779976923076915,0.004765069411764703
187,0.00442545,1544515200,0.00445146,0.00442449,0.00442449,93.69316835,0.41512029,0.00443063,0.5006675033333314,1.3226702523076903,1.4102816382352938,0.004422180000000004,0.004544183846153846,0.004751174411764703
188,0.00443415,1544522400,0.00445092,0.00441749,0.00442545,101.14801539,0.44950649,0.00444404,0.3955188466666648,1.1972432569230749,1.4192412726470585,0.004425700000000004,0.004520945384615385,0.004737184999999998
189,0.00443779,1544529600,0.00443779,0.00440925,0.00443778,26.28710776,0.11618603,0.00441988,0.3269376033333315,1.205304666923075,1.418975653235294,0.004432463333333337,0.004497426153846154,0.004723590882352939
190,0.00433334,1544536800,0.00443784,0.0043333,0.00443779,282.98611481,1.23840909,0.00437621,0.6013672033333316,1.2737923769230748,1.4466055902941175,0.004401760000000004,0.004467110769230769,0.0047077158823529384
191,0.00431936,1544544000,0.00435497,0.004289,0.00435497,626.99240937,2.69697182,0.00430144,1.3505223133333315,1.2511511061538438,1.3471799367647057,0.00436349666666667,0.0044503946153846155,0.004690686176470585
192,0.00429264,1544551200,0.00431806,0.00428051,0.00431806,111.62988682,0.47963769,0.00429667,1.4716728666666647,1.1893335430769207,1.3583493920588234,0.004315113333333336,0.004429341538461539,0.004672406764705879
193,0.00431896,1544558400,0.00431897,0.00428823,0.00429264,107.89636099,0.46329077,0.00429384,1.2133000933333316,1.174520656153844,1.371725905,0.004310320000000004,0.00441179076923077,0.00465489970588235
194,0.00431986,1544565600,0.00432185,0.00430346,0.00431897,63.74099613,0.27513795,0.00431649,0.4060221366666649,1.1216546407692285,1.316889579117647,0.0043104866666666694,0.004394792307692309,0.0046377511764705845
195,0.004271,1544572800,0.0043307,0.00424603,0.00431986,249.73263474,1.06810433,0.00427699,0.6021776833333315,1.122094846153844,1.1626005317647057,0.0043032733333333364,0.004380438461538462,0.004620106764705878
196,0.00425524,1544580000,0.00428702,0.00424606,0.00427057,77.53766651,0.32962868,0.0042512,0.5576236533333315,0.7904390223076901,1.1508807299999997,0.004282033333333337,0.0043639184615384624,0.0046020255882352895
197,0.00423278,1544587200,0.00426909,0.00420655,0.00426909,188.64390183,0.79902253,0.00423561,0.732251846666665,0.7244536838461516,1.1503898914705881,0.004253006666666671,0.004344743076923077,0.004583102941176466
198,0.00423739,1544594400,0.00423808,0.00421527,0.00422142,174.43084691,0.73891369,0.00423614,0.6225216333333317,0.7224507015384594,1.159997176470588,0.004241803333333336,0.004330420000000001,0.004564256764705878
199,0.004209,1544601600,0.00423658,0.00420037,0.00422257,127.0484761,0.53440046,0.00420627,0.6907788933333316,0.7387946015384593,1.168783854117647,0.0042263900000000035,0.004314381538461539,0.0045451538235294076
200,0.00423269,1544608800,0.00425404,0.00420001,0.00420079,10.91465834,0.04625765,0.00423812,0.4398572666666649,0.7104205523076901,1.1373784238235292,0.004226360000000004,0.004299553846153847,0.004526409411764702
201,0.00427099,1544616000,0.0042756,0.00423935,0.00425402,117.41136488,0.50099417,0.00426699,0.36055075999999825,0.7143811430769209,1.1071397799999998,0.004237560000000004,0.0042870030769230775,0.004508544117647055
202,0.00430556,1544623200,0.00430774,0.00426131,0.00427099,241.29785415,1.03229455,0.00427809,0.5265154566666649,0.784851029230767,1.12896481,0.00426974666666667,0.004276831538461539,0.004492163529411761
203,0.00430822,1544630400,0.00438337,0.00430426,0.00430426,71.3364202,0.31016911,0.00434797,0.6144859433333315,0.7134479538461517,1.1215558470588236,0.004294923333333336,0.004274899230769232,0.004475362352941173
204,0.00431859,1544637600,0.00431859,0.00429116,0.00430551,7.86338717,0.03376644,0.00429413,0.4587433666666649,0.5085860015384595,1.0762939611764706,0.004310790000000003,0.004274840000000001,0.004459144411764702
205,0.00427878,1544644800,0.00429246,0.00427878,0.00429246,75.33558798,0.32278502,0.00428462,0.22224018999999817,0.4965204115384595,0.994173035882353,0.004301863333333336,0.004273773846153847,0.004441755588235291
206,0.00427881,1544652000,0.004302,0.00427878,0.004302,20.12472741,0.08611333,0.00427898,0.14755492999999817,0.46750676230769017,0.9100993832352942,0.004292060000000003,0.004270685384615386,0.004424955882352938
207,0.00426028,1544659200,0.004302,0.00422283,0.00428224,249.78015078,1.05884045,0.00423908,0.4892462666666648,0.5277915699999979,0.8952006588235294,0.004272623333333336,0.004266102307692309,0.00440749558823529
208,0.00430198,1544666400,0.00430198,0.004268,0.004268,36.57793624,0.15661043,0.00428155,0.4338547366666648,0.4576766546153825,0.8803457047058824,0.00428035666666667,0.004268485384615385,0.004390935294117644
209,0.0043194,1544673600,0.00432591,0.00429572,0.00429572,44.05804048,0.18990257,0.00431028,0.4684511499999981,0.44692849230769016,0.8247529147058824,0.00429388666666667,0.00427342076923077,0.004378674999999997
210,0.00433522,1544680800,0.00437582,0.00429248,0.00432577,56.19144284,0.24357456,0.00433472,0.19669585333333148,0.40420172538461324,0.8315819400000001,0.00431886666666667,0.00428130076923077,0.004366665588235292
211,0.00430912,1544688000,0.00436025,0.0043,0.00433523,194.95288314,0.84588482,0.00433891,0.42645398333333145,0.4124302738461517,0.8462235858823529,0.004321246666666671,0.004286818461538463,0.004354362058823526
212,0.00430867,1544695200,0.00430912,0.00429207,0.0043091,8.98372886,0.03869014,0.00430669,0.3760498399999981,0.3742987107692287,0.759381874117647,0.0043176700000000035,0.004294485384615386,0.004347656176470586
213,0.00431783,1544702400,0.00433449,0.00429208,0.00430867,120.95449315,0.52163834,0.00431268,0.4687377666666648,0.41086645615384404,0.7369810602941176,0.0043118733333333365,0.004301034615384617,0.004340347352941173
214,0.00434193,1544709600,0.00434193,0.00431157,0.00431779,27.87819562,0.12083667,0.00433445,0.22705504999999815,0.38162357153845944,0.72124513,0.004322810000000003,0.00430649153846154,0.004334312352941174
215,0.00435312,1544716800,0.00435603,0.00434086,0.00434192,130.77404308,0.56850143,0.0043472,0.4036588133333315,0.3459471776923056,0.7096599911764706,0.0043376266666666705,0.004310150000000002,0.004328791176470585
216,0.00435666,1544724000,0.00438501,0.00435448,0.00435514,100.35481346,0.43932835,0.00437775,0.3762221499999982,0.3558825038461517,0.6913348938235294,0.004350570000000003,0.004313876153846156,0.004325822352941174
217,0.00433249,1544731200,0.00436633,0.00431782,0.00435666,27.55730357,0.11911918,0.00432259,0.3756496533333315,0.36244809923076715,0.5583338582352941,0.004347423333333336,0.004314945384615387,0.004321777941176467
218,0.00437269,1544738400,0.00439895,0.00431127,0.00434808,133.39703896,0.58391351,0.00437725,0.38078701333333154,0.38253490615384406,0.526777434117647,0.004353946666666669,0.0043221692307692326,0.004318561176470585
219,0.00462378,1544745600,0.00464768,0.0043985,0.0043985,485.29803926,2.21181799,0.00455764,0.9716168933333317,0.5460506492307672,0.5693323026470588,0.004442986666666668,0.004348705384615386,0.0043244491176470555
220,0.00451824,1544752800,0.00462424,0.00446787,0.00462424,286.80213727,1.29860353,0.00452787,1.3647783433333316,0.5644939630769209,0.5980580017647059,0.004504903333333336,0.004368548461538464,0.004327412058823526
221,0.00450551,1544760000,0.00455136,0.00447944,0.00451824,271.76634847,1.22912223,0.00452271,1.5798479166666646,0.6469948707692286,0.6219992352941177,0.004549176666666669,0.004384204615384617,0.004329766764705879
222,0.00451941,1544767200,0.00457658,0.00446906,0.00447887,289.56338091,1.30538141,0.0045081,1.277702389999998,0.7328009353846133,0.6471720270588235,0.0045143866666666685,0.004399590000000001,0.004332274411764703
223,0.00484925,1544774400,0.004932,0.00453124,0.00453124,2531.34623778,12.25563789,0.00484154,4.9300471766666645,1.6568058069230749,1.0042147288235292,0.004624723333333335,0.0044391307692307706,0.004344376176470585
224,0.00469254,1544781600,0.00488339,0.00461811,0.00484925,753.35072428,3.56185928,0.00472802,5.70762619333333,1.8657269192307675,1.072551499117647,0.004687066666666669,0.0044686246153846166,0.004354940882352938
225,0.00471236,1544788800,0.00477495,0.00465832,0.00470265,377.05169746,1.77792455,0.00471533,5.865140573333331,1.9995141815384598,1.0455206970588236,0.004751383333333335,0.004499677692307694,0.00436649970588235
226,0.00491562,1544796000,0.00508953,0.00470003,0.004727,1031.24333383,5.07660894,0.0049228,3.4721309233333315,2.3498965353846137,1.1807257338235295,0.004773506666666669,0.0045456615384615396,0.004384822647058821
227,0.0048507,1544803200,0.0050008,0.00473099,0.00492177,1117.05002996,5.45895549,0.00488693,4.104496326666665,2.760521059999998,1.3276570491176471,0.004826226666666668,0.004584797692307694,0.004400462058823527
228,0.00470801,1544810400,0.004819,0.00462931,0.004819,534.6756038,2.52386405,0.00472036,4.353142826666665,2.910933569230768,1.3937960520588235,0.004824776666666669,0.004612096923076925,0.004411878235294115
229,0.00484318,1544817600,0.00484326,0.00472701,0.00472701,288.54893741,1.37944016,0.00478061,3.120753233333332,2.9832498623076913,1.4029529882352942,0.004800630000000003,0.004649521538461541,0.004428707058823526
230,0.00465447,1544824800,0.00484325,0.0046415,0.00484325,289.50543092,1.38179682,0.00477295,1.7617003433333318,3.0803789115384603,1.4338991100000003,0.004735220000000003,0.004674289230769233,0.004440449117647056
231,0.0046563,1544832000,0.00468392,0.00461794,0.00468392,203.35037807,0.94351096,0.00463982,1.2349159799999987,3.1080402538461525,1.4381487697058823,0.004717983333333337,0.004696105384615386,0.004452905588235292
232,0.00462056,1544839200,0.0046364,0.0046001,0.0046364,52.26086442,0.24105996,0.00461262,0.855455913333332,2.956443482307691,1.4235060129411767,0.004643776666666671,0.004695857692307693,0.004464175294117644
233,0.00462373,1544846400,0.00464371,0.00457135,0.00461858,56.08070368,0.25799497,0.00460042,0.4808552966666653,2.8763966699999983,1.4153764397058826,0.004633530000000004,0.004703972307692309,0.004476373235294115
234,0.0045611,1544853600,0.00467098,0.00454701,0.0046223,257.92179547,1.19145631,0.00461944,0.5635037466666654,2.87349929153846,1.449058753235294,0.00460179666666667,0.004708248461538464,0.004486032352941174
235,0.00452282,1544860800,0.00457057,0.00450917,0.0045611,72.37878765,0.32726805,0.0045216,0.5922397766666653,2.7982598023076903,1.4439491614705884,0.004569216666666671,0.004708510769230771,0.004493439117647056
236,0.00452282,1544868000,0.00452282,0.00452282,0.00452282,43.77478172,0.19798545,0.00452282,0.572236603333332,1.870748076153844,1.4194106585294117,0.004535580000000004,0.004683400769230771,0.0044998291176470565
237,0.00452278,1544875200,0.00454673,0.0045001,0.00451865,222.27002475,1.00616003,0.00452674,0.5104711766666653,1.674155826153844,1.4398809797058822,0.004522806666666671,0.004670342307692309,0.004506139705882351
238,0.00463432,1544882400,0.00465259,0.00448228,0.0045168,199.40102282,0.91337655,0.0045806,0.7058406766666655,1.6076521338461516,1.4657518652941177,0.004559973333333338,0.004664339230769233,0.004515425882352938
239,0.0046394,1544889600,0.0046394,0.00460679,0.00463525,9.54843694,0.04419605,0.00462861,0.6545775433333322,1.2205434499999976,1.4575580720588235,0.004598833333333338,0.00464309153846154,0.004526032352941173
240,0.00445807,1544896800,0.00464826,0.00444436,0.004646,635.96094235,2.89879419,0.00455813,1.2854555966666652,1.023607965384613,1.540283979705882,0.004577263333333337,0.004612889230769233,0.00453130470588235
241,0.00449069,1544904000,0.00449262,0.00446696,0.00446696,9.24912389,0.04142401,0.00447869,0.9948047499999987,0.8326510392307669,1.5103599667647056,0.0045293866666666705,0.004596172307692311,0.004538081470588232
242,0.00450683,1544911200,0.00450686,0.0044578,0.0044578,88.48588097,0.3980006,0.00449789,1.1127395999999987,0.757155688461536,1.5174596776470588,0.004485196666666671,0.0045702992307692335,0.004544106470588232
243,0.00448352,1544918400,0.00451844,0.00448326,0.00450684,76.98442292,0.3466995,0.0045035,0.2620413699999988,0.6775328176923053,1.5220713520588234,0.004493680000000004,0.004557149230769234,0.004548933529411761
244,0.00451733,1544925600,0.0045552,0.004488,0.004488,258.75268991,1.17707023,0.00454901,0.6405901099999988,0.6954989153846131,1.5495271070588235,0.004502560000000004,0.004546459230769234,0.004554289705882349
245,0.00463,1544932800,0.00463353,0.00453463,0.00453463,52.1503161,0.23981528,0.00459853,0.5878616699999988,0.6954031707692285,1.531701532352941,0.004543616666666671,0.004547185384615387,0.004563727352941173
246,0.00452,1544940000,0.00462047,0.00451418,0.0046063,452.72562748,2.05026249,0.0045287,1.1557159999999989,0.8332699030769207,1.5908654249999998,0.004555776666666671,0.004539206153846156,0.004569942941176467
247,0.00445139,1544947200,0.00451997,0.0044505,0.00451167,214.44561713,0.95937759,0.00447375,1.0831517866666653,0.8154176938461516,1.6037401088235292,0.00453379666666667,0.004530766923076926,0.004573871176470585
248,0.00446857,1544954400,0.00448179,0.00443676,0.00444859,15.43805459,0.06883307,0.00445866,1.0261577166666653,0.7955380799999977,1.6022105911764704,0.004479986666666671,0.00452659384615385,0.0045775958823529375
249,0.00446857,1544961600,0.00447254,0.00443891,0.00444785,73.69550934,0.32789824,0.00444936,0.4520362999999987,0.8055313715384593,1.5951340267647058,0.004462843333333338,0.004522420769230774,0.004580991470588233
250,0.00448179,1544968800,0.00448179,0.00443528,0.00446307,55.11343618,0.24666938,0.00447566,0.21446689666666538,0.7471090138461516,1.5894675864705883,0.004472976666666671,0.004519267692307697,0.00458467176470588
251,0.00447857,1544976000,0.00449498,0.00447857,0.00448179,5.49369419,0.02462334,0.00448211,0.19973031999999868,0.67874338230769,1.5866882970588234,0.004476310000000005,0.0045072869230769275,0.004588968235294115
