,close,date,high,low,open,quoteVolume,volume,weightedAverage,avg_vol_3,avg_vol_13,avg_vol_34,avg_close_3,avg_close_13,avg_close_34
0,0.00205329,1553040817,0.00205329,0.00205329,0.00205329,0.0,0.0,0.00205329,-99999.0,-99999.0,-99999.0,-99999.0,-99999.0,-99999.0
1,0.00199215,1553047200,0.00205329,0.00197032,0.00205329,92.23700952,0.18794642,0.00203764,-99999.0,-99999.0,-99999.0,-99999.0,-99999.0,-99999.0
2,0.00196337,1553054400,0.00201892,0.00196337,0.00199215,156.51227206,0.31200022,0.00199345,0.16664888,-99999.0,-99999.0,0.0020029366666666666,-99999.0,-99999.0
3,0.00194245,1553061600,0.00199999,0.00194245,0.00196337,150.89489699,0.29470038,0.00195301,0.26488234,-99999.0,-99999.0,0.00196599,-99999.0,-99999.0
4,0.0019,1553068800,0.00198204,0.00189728,0.00198204,410.16966051,0.78719347,0.00191918,0.4646313566666666,-99999.0,-99999.0,0.0019352733333333333,-99999.0,-99999.0
5,0.00189755,1553076000,0.00193,0.001896,0.00190497,667.19898713,1.27593401,0.00191237,0.78594262,-99999.0,-99999.0,0.001913333333333333,-99999.0,-99999.0
6,0.00191991,1553083200,0.00192808,0.001897,0.00192808,225.98833454,0.42960703,0.00190101,0.8309115033333333,-99999.0,-99999.0,0.0019058199999999997,-99999.0,-99999.0
7,0.0018922,1553090400,0.00197,0.00188784,0.00190653,595.99834561,1.13438507,0.00190333,0.9466420366666667,-99999.0,-99999.0,0.0019032199999999997,-99999.0,-99999.0
8,0.00197781,1553097600,0.00197781,0.0019199,0.0019199,244.27662038,0.47353612,0.00193852,0.6791760733333332,-99999.0,-99999.0,0.001929973333333333,-99999.0,-99999.0
9,0.00205338,1553104800,0.00205338,0.00197781,0.00197781,571.98035038,1.15918876,0.00202662,0.9223699833333332,-99999.0,-99999.0,0.001974463333333333,-99999.0,-99999.0
10,0.00197814,1553112000,0.00207999,0.00197814,0.00205338,1147.8904356,2.35500186,0.00205159,1.3292422466666667,-99999.0,-99999.0,0.0020031099999999994,-99999.0,-99999.0
11,0.00201452,1553119200,0.00201452,0.00197785,0.00197816,149.14710656,0.30021763,0.00201289,1.2714694166666667,-99999.0,-99999.0,0.002015346666666666,-99999.0,-99999.0
12,0.00190219,1553126400,0.00200004,0.00190002,0.00200002,1250.38561391,2.42161118,0.00193669,1.6922768900000003,0.8562555500000002,-99999.0,0.0019649499999999996,0.001960535384615385,-99999.0
13,0.00190553,1553133600,0.00191,0.0018,0.00190525,4540.21753475,8.22591917,0.00181178,3.649249326666667,1.489018563076923,-99999.0,0.0019407466666666658,0.001949169230769231,-99999.0
14,0.00160203,1553140800,0.00190553,0.00155555,0.00190553,4991.58490242,8.47031197,0.00169691,6.372614106666667,2.126123605384615,-99999.0,0.0018032499999999993,0.0019191600000000005,-99999.0
15,0.00176297,1553148000,0.00176297,0.00155555,0.00167054,1028.91219868,1.664657,0.00161788,6.120296046666667,2.230174126923077,-99999.0,0.0017568433333333326,0.0019037446153846158,-99999.0
16,0.001726,1553155200,0.00176351,0.001605,0.00171684,287.28056403,0.48594659,0.00169154,3.5403051866666675,2.244885373846154,-99999.0,0.0016969999999999995,0.001887094615384616,-99999.0
17,0.001579,1553162400,0.00174687,0.0015001,0.00174517,2446.71819969,3.84756621,0.00157254,1.9993899333333343,2.4802986615384617,-99999.0,0.001689323333333333,0.0018624023076923085,-99999.0
18,0.00165409,1553169600,0.00174,0.00157516,0.001579,606.69016808,1.01019369,0.00166508,1.7812354966666675,2.4598570984615384,-99999.0,0.0016530299999999996,0.001843674615384616,-99999.0
19,0.00174886,1553176800,0.0017489,0.00165409,0.00165409,397.70856205,0.68626144,0.00172553,1.848007113333334,2.4795997453846157,-99999.0,0.0016606499999999996,0.0018305169230769238,-99999.0
20,0.00174994,1553184000,0.00174994,0.00172999,0.00174886,370.82452043,0.64508056,0.00173958,0.7805118966666674,2.441960936923077,-99999.0,0.0017176299999999995,0.0018195738461538468,-99999.0
21,0.00180374,1553191200,0.00180374,0.00174994,0.00174994,2024.5888955,3.56464078,0.00176067,1.6319942600000008,2.679738218461538,-99999.0,0.0017675133333333326,0.001806183846153847,-99999.0
22,0.0017727,1553198400,0.00180903,0.00175742,0.00175742,300.88601446,0.53785068,0.00178755,1.5825240066666675,2.631942981538461,-99999.0,0.0017754599999999995,0.0017845930769230776,-99999.0
23,0.00179863,1553205600,0.00179997,0.001772,0.00179997,44.3107871,0.07882111,0.00177882,1.3937708566666673,2.456852154615384,-99999.0,0.0017916899999999994,0.001770784615384616,-99999.0
24,0.00178544,1553212800,0.00179863,0.00177204,0.00179863,869.10765165,1.54144819,0.00177359,0.7193733266666672,2.552331428461538,-99999.0,0.0017855899999999994,0.0017531630769230776,-99999.0
25,0.00174288,1553220000,0.00182861,0.00169708,0.00177207,350.42041888,0.61773554,0.00176284,0.7460016133333339,2.413571763846153,-99999.0,0.0017756499999999995,0.001740908461538462,-99999.0
26,0.00171005,1553227200,0.00171006,0.00170251,0.00170256,16.6469387,0.02834697,0.00170283,0.7291769000000006,1.7829892869230766,-99999.0,0.001746123333333333,0.0017258715384615392,-99999.0
27,0.00170428,1553234400,0.00173133,0.00170428,0.00173013,99.20250866,0.17089284,0.00172266,0.2723251166666672,1.1445724307692307,-99999.0,0.0017190699999999996,0.0017337369230769235,-99999.0
28,0.00173125,1553241600,0.00173126,0.00170576,0.00170576,10.35537325,0.01775717,0.00171477,0.07233232666666722,1.0178878284615382,-99999.0,0.0017151933333333328,0.0017312969230769237,-99999.0
29,0.00167129,1553248800,0.00172606,0.00163317,0.00171307,1806.89312966,3.06380175,0.00169561,1.0841505866666672,1.2161843792307692,-99999.0,0.0017022733333333327,0.0017270884615384618,-99999.0
30,0.00170336,1553256000,0.00170336,0.00167303,0.00168855,126.9180395,0.21589676,0.00170107,1.099151893333334,0.9368251907692307,-99999.0,0.0017019666666666662,0.0017366546153846157,-99999.0
31,0.00175,1553263200,0.00177384,0.0017025,0.00170336,310.50464802,0.53881677,0.00173529,1.2728384266666672,0.9005654276923077,-99999.0,0.001708216666666666,0.0017440323076923082,-99999.0
32,0.00178039,1553270400,0.00178039,0.00175,0.00175,458.6523631,0.81056783,0.00176728,0.5217604533333339,0.9101274576923076,-99999.0,0.0017445833333333326,0.0017464576923076926,-99999.0
33,0.00174796,1553277600,0.00180915,0.00170276,0.0017804,1020.54671396,1.79967921,0.00176344,1.0496879366666672,0.9989427384615385,1.4456915994117645,0.0017594499999999992,0.001746305384615385,0.0018210985294117646
34,0.00175175,1553284800,0.00179945,0.00172001,0.00174857,67.35090437,0.11970901,0.00177739,0.9099853500000005,0.733947986923077,1.4492124526470587,0.0017600333333333325,0.001742306153846154,0.0018122297058823528
35,0.00171171,1553292000,0.00177257,0.001566,0.00177253,5747.5033942,9.38907207,0.00163359,3.7694867633333335,1.414811170769231,1.7198337952941172,0.0017371399999999992,0.0017376146153846158,0.0018039814705882353
36,0.00171342,1553299200,0.00171456,0.00167693,0.00170108,78.76251721,0.13310934,0.00169,3.2139634733333335,1.4189871884615388,1.7145722988235288,0.0017256266666666662,0.0017310600000000006,0.0017966299999999998
37,0.0017419,1553306400,0.00174254,0.00170535,0.00171456,338.16728435,0.58853662,0.00174037,3.3702393433333335,1.3456862984615385,1.7232145411764699,0.0017223433333333328,0.00172771076923077,0.001790731470588235
38,0.00173739,1553313600,0.00174999,0.00173739,0.00174255,480.0553107,0.83864565,0.00174697,0.520097203333334,1.362679383846154,1.7247278405882347,0.001730903333333333,0.0017272884615384622,0.0017859488235294119
39,0.00173847,1553320800,0.00174999,0.00173151,0.00173154,148.40880147,0.25889261,0.00174445,0.5620249600000006,1.3804136638461537,1.6948148582352933,0.0017392533333333328,0.001729474615384616,0.00178127
40,0.0017341,1553328000,0.0017402,0.00171001,0.00173151,87.18183173,0.15017305,0.00172252,0.4159037700000006,1.3788198338461537,1.686596211764705,0.0017366533333333326,0.001731768461538462,0.001775805
41,0.00174869,1553335200,0.00174999,0.00171001,0.00171106,196.36807585,0.34304887,0.00174696,0.250704843333334,1.4038422723076922,1.663321617647058,0.0017404199999999993,0.0017331100000000006,0.001771584117647059
42,0.00172012,1553342400,0.00174869,0.00172008,0.00174869,69.09709847,0.11902635,0.00172259,0.20408275666666734,1.1773210876923075,1.6528948597058815,0.0017343033333333325,0.0017368661538461545,0.0017640050000000003
43,0.0017073,1553349600,0.00172187,0.0017073,0.00172187,62.89431784,0.10789166,0.00171544,0.18998896000000065,1.169013003076923,1.621974356764705,0.0017253699999999993,0.0017371692307692312,0.0017538261764705886
44,0.001744,1553356800,0.00174478,0.00170099,0.00172186,165.36637001,0.28759947,0.00173916,0.17150582666666728,1.1496885953846152,1.5611684041176463,0.001723806666666666,0.0017367076923076924,0.0017469397058823533
45,0.00173684,1553364000,0.00174478,0.00172186,0.00174478,170.18332294,0.29622183,0.0017406,0.23057098666666728,1.1101235184615383,1.5610508805882346,0.0017293799999999991,0.0017333576923076926,0.0017387726470588238
46,0.00174999,1553371200,0.00174999,0.00173683,0.00173686,105.75876918,0.18480861,0.00174745,0.2562099700000006,0.9859027030769228,1.4952625697058815,0.001743609999999999,0.0017335138461538463,0.0017342961764705885
47,0.00173684,1553378400,0.00175,0.00173683,0.00174598,2537.53001939,4.44000619,0.00174973,1.6403455433333338,1.318233255384615,1.3839121879411758,0.0017412233333333324,0.0017323669230769232,0.0017293347058823533
48,0.00174,1553385600,0.00175,0.00162957,0.00174477,1846.13049195,3.12385044,0.0016921,2.582888413333334,0.8362931299999996,1.226663319411764,0.0017422766666666657,0.0017345430769230771,0.0017333926470588239
49,0.00172092,1553392800,0.00172102,0.00171602,0.00171878,52.47081002,0.09018037,0.00171867,2.5513456666666667,0.8329909015384611,1.1803551832352934,0.0017325866666666658,0.0017351200000000002,0.0017321558823529416
50,0.00172425,1553400000,0.0017434,0.00172102,0.00172102,57.49313476,0.09980614,0.00173596,1.1046123166666668,0.7953962492307689,1.1689981111764698,0.0017283899999999991,0.0017337623076923079,0.001732104411764706
51,0.00174098,1553407200,0.00174098,0.00171402,0.00173,471.80564451,0.81060527,0.00171809,0.3335305933333335,0.7932392969230766,1.0796757305882347,0.0017287166666666656,0.0017340384615384618,0.0017368685294117652
52,0.00173,1553414400,0.00173,0.00173,0.00173,4.65927197,0.00806054,0.00173,0.30615731666666685,0.773944522307692,1.0502012261764702,0.0017317433333333323,0.0017333869230769234,0.0017391011764705889
53,0.00175,1553421600,0.00175,0.00173,0.00174097,140.05833273,0.24448038,0.00174556,0.3543820633333335,0.7811989323076921,1.0372076655882347,0.0017403266666666656,0.0017346100000000006,0.0017391347058823537
54,0.00171613,1553428800,0.00173602,0.00171613,0.00173601,53.14001659,0.09196018,0.00173052,0.11483370000000019,0.7618844176923074,1.0209394191176466,0.0017320433333333322,0.001732105384615385,0.0017381402941176478
55,0.00171402,1553436000,0.0017181,0.00171402,0.0017181,575.2160437,0.98608444,0.00171428,0.4408416666666668,0.8285811938461534,0.9450995267647054,0.0017267166666666658,0.0017316361538461543,0.001735501470588236
56,0.00171418,1553443200,0.00171448,0.00171402,0.00171448,2.16020827,0.00370309,0.00171423,0.3605825700000001,0.820566688461538,0.9293893035294114,0.0017147766666666658,0.0017321653846153853,0.0017337802941176479
57,0.0017181,1553450400,0.0017181,0.00171402,0.00171402,32.04843357,0.05494223,0.00171435,0.34824325333333345,0.8026699776923073,0.9286869835294115,0.0017154333333333327,0.0017301730769230775,0.001731411764705883
58,0.00174166,1553457600,0.00175,0.00171402,0.00171743,1881.22079386,3.28829662,0.00174795,1.1156473133333336,1.0328295769230764,0.9800648785294115,0.001724646666666666,0.0017305438461538468,0.0017301241176470596
59,0.00178572,1553464800,0.00181831,0.00175082,0.00175082,3838.47879354,6.8603935,0.00178726,3.4012107833333336,1.5463361069230763,1.1636724655882351,0.0017484933333333326,0.0017332923076923085,0.0017313841176470595
60,0.00184343,1553472000,0.00190554,0.0017919,0.0017919,1037.4980112,1.92428985,0.00185474,4.024326656666667,1.352819465384615,1.219435491470588,0.0017902699999999992,0.0017414915384615392,0.00173530705882353
61,0.00184496,1553479200,0.00184496,0.00184343,0.00184343,55.66324705,0.10265959,0.00184429,2.9624476466666665,1.1204201692307687,1.2174286311764704,0.0018247033333333327,0.0017495653846153853,0.0017394447058823536
62,0.00187584,1553486400,0.00188234,0.00184496,0.00184496,25.1934699,0.04713805,0.00187104,0.6913624966666664,1.117109221538461,1.218292774705882,0.0018547433333333328,0.0017614823076923085,0.001743697352941177
63,0.00186467,1553493600,0.001902,0.00186467,0.00188401,264.59696992,0.50213341,0.00189772,0.21731034999999968,1.1480574730769226,1.1429495882352938,0.0018618233333333326,0.0017722838461538468,0.0017493850000000007
64,0.00189999,1553500800,0.00189999,0.00184494,0.00186376,73.05775494,0.13753901,0.0018826,0.228936823333333,1.0962831453846147,1.1406449485294115,0.001880166666666666,0.0017845153846153853,0.001755168235294118
65,0.00184497,1553508000,0.00188898,0.00184494,0.0018822,38.6974382,0.07154997,0.00184895,0.23707412999999966,1.101166947692307,1.1269018073529409,0.0018698766666666658,0.0017933592307692316,0.0017579614705882356
66,0.00180247,1553515200,0.00186589,0.00171402,0.00186589,1310.9995599,2.29858514,0.0017533,0.835891373333333,1.2591750061538458,1.170667022352941,0.0018491433333333326,0.0017973953846153854,0.0017586108823529417
67,0.00180446,1553522400,0.00180702,0.00172338,0.00178188,41.61345341,0.07479273,0.00179732,0.8149759466666664,1.2578544330769224,1.1199350670588233,0.0018172999999999993,0.0018041900000000009,0.001760272647058824
68,0.00179493,1553529600,0.00180446,0.00175514,0.0018,86.6824737,0.15314418,0.00176672,0.8421740166666664,1.193782105384615,1.1209184544117643,0.0018006199999999993,0.0018104138461538472,0.001761542647058824
69,0.00179493,1553536800,0.00179493,0.00179493,0.00179493,35.81120543,0.0642786,0.00179493,0.09740516999999975,1.1984417599999995,0.8466598229411763,0.001798106666666666,0.0018166253846153856,0.0017639902941176476
70,0.00179493,1553544000,0.00179493,0.00179493,0.00179493,0.0,0.0,0.00179493,0.07247425999999975,1.1942154346153842,0.8427448423529409,0.0017949299999999993,0.0018225353846153857,0.001766387647058824
71,0.00179494,1553551200,0.00179494,0.00175655,0.00179439,24.02123724,0.04293396,0.00178733,0.03573751999999975,0.9445721530769225,0.8266977052941173,0.0017949333333333326,0.0018266338461538473,0.001767947647058824
72,0.00176334,1553558400,0.0018,0.00176281,0.00179494,104.99692815,0.18851682,0.00179545,0.07715025999999975,0.4313508699999995,0.8075762691176468,0.0017844033333333325,0.0018249123076923086,0.001768710882352942
73,0.00179946,1553565600,0.0018,0.00176332,0.00176332,86.49903218,0.15519465,0.00179417,0.12888180999999974,0.2952666238461533,0.8045263291176468,0.0017859133333333324,0.0018215300000000009,0.0017705047058823537
74,0.00179895,1553572800,0.00179899,0.00179,0.00179,42.59547413,0.07657059,0.00179762,0.14009401999999974,0.2932597776923072,0.8023615508823526,0.001787249999999999,0.0018179907692307702,0.0017724120588235302
75,0.00179275,1553580000,0.00180704,0.00179275,0.00179905,98.99733224,0.17818247,0.00179987,0.1366492366666664,0.3033401176923072,0.7975125391176467,0.0017970533333333324,0.0018115992307692317,0.0017737079411764714
76,0.00177301,1553587200,0.00179275,0.00176257,0.00179275,12.73461338,0.02253081,0.00176925,0.09242795666666641,0.2664476099999995,0.7946744349999997,0.0017882366666666658,0.0018045484615384624,0.0017752635294117655
77,0.00177995,1553594400,0.00177995,0.0017651,0.00177303,25.99091452,0.04597214,0.00176877,0.08222847333333307,0.25940400461538415,0.7928532726470585,0.0017819033333333326,0.0017953146153846162,0.001777400294117648
78,0.00177994,1553601600,0.00177995,0.001742,0.00177995,2102.54748415,3.66845527,0.00174476,1.2456527399999997,0.5360890276923072,0.8922902079411761,0.0017776333333333323,0.0017903123076923083,0.0017784573529411774
79,0.001742,1553608800,0.00177994,0.001742,0.00177994,346.54013288,0.60641649,0.00174991,1.4402812999999997,0.4059222084615379,0.9014135802941173,0.0017672966666666655,0.00178566076923077,0.0017786091176470596
80,0.00174063,1553616000,0.0017722,0.00174063,0.00175,60.10763443,0.10534058,0.00175253,1.4600707799999997,0.40827204307692255,0.8990762852941172,0.001754189999999999,0.00178075076923077,0.0017783338235294126
81,0.00177618,1553623200,0.00182334,0.00174001,0.00174147,418.47132515,0.74938145,0.00179075,0.48704617333333317,0.45413644846153794,0.7905284988235292,0.0017529366666666655,0.001779308461538462,0.001779490882352942
82,0.00178122,1553630400,0.00178122,0.00175515,0.00177618,13.67160432,0.0243204,0.00177889,0.29301414333333314,0.45106274076923025,0.6993658505882351,0.001766009999999999,0.0017782538461538467,0.0017807032352941184
83,0.00177801,1553637600,0.00179977,0.00177798,0.00178122,94.45808766,0.16895871,0.00178871,0.3142201866666665,0.4640595646153841,0.701682860588235,0.001778469999999999,0.0017769523076923083,0.0017823823529411773
84,0.00177802,1553644800,0.00177802,0.00177801,0.00177801,4.67840216,0.00831826,0.00177801,0.06719912333333318,0.46139681846153796,0.698992040588235,0.0017790833333333322,0.0017756507692307697,0.0017839638235294126
85,0.00180584,1553652000,0.00181037,0.00177979,0.0017798,291.93750322,0.52686386,0.00180471,0.23471360999999982,0.4874235138461533,0.6906467049999998,0.0017872899999999987,0.0017789200000000007,0.001785871470588236
86,0.00178864,1553659200,0.0018098,0.00178864,0.0018091,131.0789176,0.23699124,0.001808,0.2573911199999998,0.49371555923076865,0.6973799608823527,0.001790833333333332,0.001778087692307693,0.0017875961764705888
87,0.00179548,1553666400,0.00180777,0.00178002,0.0017888,38.88572059,0.06963734,0.00179082,0.2778308133333331,0.4931822323076917,0.6922375185294115,0.001796653333333332,0.0017778207692307698,0.0017889338235294121
88,0.00179842,1553673600,0.00184998,0.00177112,0.00179548,2613.30379039,4.70024857,0.00179858,1.66895905,0.8410334707692303,0.8277754123529409,0.0017941799999999987,0.0017782569230769237,0.001791354117647059
89,0.00178132,1553680800,0.00179025,0.00177733,0.0017838,101.77697457,0.18163713,0.00178465,1.6505076800000003,0.853272418461538,0.8041151973529409,0.001791739999999999,0.0017788961538461544,0.0017933335294117647
90,0.00177,1553688000,0.00178109,0.00176925,0.00178109,97.80343617,0.1732735,0.00177165,1.6850530666666668,0.8630648307692304,0.809102562352941,0.0017832466666666657,0.00177813076923077,0.0017949752941176468
91,0.00174498,1553695200,0.00177439,0.0017,0.00176844,773.87491525,1.33869592,0.00172986,0.5645355166666667,0.6838525730769227,0.8468600238235291,0.0017654333333333324,0.0017754415384615392,0.0017957658823529409
92,0.0017578,1553702400,0.00176264,0.0017276,0.00174498,81.54227731,0.14326773,0.00175697,0.5517457166666667,0.6482257453846151,0.7543591741176467,0.0017575933333333323,0.0017766569230769239,0.001796240588235294
93,0.00177234,1553709600,0.00177236,0.00176264,0.00176264,96.83463434,0.17159739,0.00177206,0.5511870133333334,0.6533224230769228,0.5576298767647055,0.0017583733333333322,0.0017790961538461545,0.0017958470588235295
94,0.0017928,1553716800,0.0017928,0.00177234,0.00177234,3753.53233619,6.66265612,0.00177503,2.3258404133333337,1.108189705384615,0.696993590588235,0.001774313333333332,0.0017803746153846162,0.0017943579411764709
95,0.0018,1553724000,0.0018,0.0017928,0.0017928,113.31684634,0.20389041,0.00179929,2.3460479733333335,1.1220027830769228,0.6999709676470586,0.0017883799999999985,0.0017818192307692317,0.0017930355882352944
96,0.0017928,1553731200,0.00180055,0.0017928,0.00179807,207.36118436,0.37255526,0.00179664,2.4130339300000005,1.1376640561538458,0.7095420620588232,0.0017951999999999985,0.001782956923076924,0.0017905932352941182
97,0.00178961,1553738400,0.0018,0.00175351,0.00178916,1214.36904292,2.18568716,0.00179985,0.9207109433333338,1.3051539715384612,0.7590583488235291,0.0017941366666666654,0.0017838484615384626,0.0017883855882352949
98,0.0017563,1553745600,0.001793,0.00175628,0.00177981,9.45662897,0.01677366,0.00177374,0.8583386933333338,1.2659162638461534,0.7555064267647055,0.0017795699999999988,0.0017800376923076933,0.0017841594117647068
99,0.00175633,1553752800,0.00178475,0.00175627,0.00175628,16.92655281,0.02974177,0.0017571,0.7440675300000005,1.2499739969230768,0.7542767738235291,0.0017674133333333323,0.0017775523076923086,0.0017815523529411772
100,0.00175628,1553760000,0.00177185,0.00175626,0.00177185,6.81919967,0.01197728,0.0017564,0.019497570000000408,1.2455386076923074,0.6870236014705879,0.0017563033333333321,0.001774536923076924,0.0017801938235294124
101,0.00172205,1553767200,0.00177184,0.00169995,0.00175627,522.10043151,0.89802563,0.00172002,0.3132482266666671,0.9530599199999998,0.7112363338235291,0.0017448866666666656,0.0017686623076923088,0.0017777700000000008
102,0.00171641,1553774400,0.00175487,0.00170812,0.00172249,135.52878927,0.23467425,0.00173154,0.38155905333333373,0.9571396984615382,0.7136342770588232,0.0017315799999999988,0.0017636692307692321,0.001775460588235295
103,0.00172035,1553781600,0.00174258,0.00171548,0.00171648,12.40772982,0.02133904,0.00171981,0.3846796400000004,0.945452432307692,0.712371348823529,0.0017196033333333322,0.0017598500000000012,0.0017732670588235303
104,0.0017111,1553788800,0.00173382,0.00170002,0.0017201,208.48498235,0.35668828,0.00171085,0.20423385666666705,0.8699133830769229,0.7228621805882349,0.0017159533333333322,0.0017572438461538472,0.0017708014705882361
105,0.001729,1553796000,0.00173311,0.00171123,0.00171123,47.08851806,0.08124012,0.00172526,0.15308914666666706,0.8651420284615383,0.7239888323529409,0.001720149999999999,0.0017550284615384627,0.0017688620588235304
106,0.001729,1553803200,0.001729,0.00171267,0.001729,24.60935702,0.04224285,0.00171653,0.16005708333333377,0.855191679230769,0.7196866567647056,0.0017230333333333322,0.0017516946153846166,0.0017678520588235303
107,0.00175592,1553810400,0.00176998,0.001729,0.001729,68.92278043,0.12077507,0.00175232,0.08141934666666707,0.3519700599999998,0.7186743161764704,0.0017379733333333324,0.0017488576923076935,0.0017665714705882361
108,0.00178996,1553817600,0.0018,0.00174001,0.00174003,280.64819509,0.50149955,0.00178693,0.22150582333333377,0.3748630707692306,0.7311722267647056,0.0017582933333333325,0.001748085384615386,0.0017663070588235302
109,0.00175496,1553824800,0.00175936,0.00175496,0.00175936,24.90336499,0.04371856,0.00175552,0.22199772666666706,0.3495679399999998,0.7272174058823526,0.0017669466666666658,0.0017451746153846167,0.001765195588235295
110,0.0017856,1553832000,0.0018,0.00176152,0.00177313,501.45921715,0.90132062,0.00179739,0.48217957666666705,0.2507705138461537,0.7530641649999997,0.0017768399999999991,0.0017448661538461549,0.001765565882352942
111,0.00179453,1553839200,0.00179453,0.00179453,0.00179453,17.75450389,0.03186098,0.00179453,0.3256333866666671,0.2519310769230767,0.7526491308823527,0.0017783633333333323,0.0017478069230769241,0.0017659947058823538
112,0.00178089,1553846400,0.00179639,0.00176263,0.00179453,33.97052099,0.06065507,0.00178552,0.33127889000000044,0.2543090230769228,0.6465373602941175,0.001787006666666666,0.001749696153846155,0.0017660226470588242
113,0.00171912,1553853600,0.00178089,0.00170002,0.00178089,1325.44283817,2.26710923,0.00171045,0.7865417600000004,0.4277807115384613,0.6953812644117644,0.001764846666666666,0.0017468376923076936,0.0017653497058823537
114,0.00173623,1553860800,0.00175,0.00170167,0.00173133,5045.54391382,8.82675969,0.00174941,3.718174663333334,1.0376833315384613,0.9518935911764704,0.0017454133333333326,0.0017479284615384628,0.0017652202941176476
115,0.00173013,1553868000,0.00173013,0.00170673,0.00170675,3.47005291,0.0059461,0.00171354,3.6999383400000005,1.0200888584615382,0.9300278455882351,0.0017284933333333325,0.0017489838461538473,0.0017638658823529419
116,0.00174823,1553875200,0.00175,0.00171704,0.00171704,7506.97673387,13.13637961,0.00174988,7.323028466666667,2.028938133076923,1.3156766458823528,0.0017381966666666657,0.0017511284615384626,0.0017628955882352947
117,0.00176742,1553882400,0.00176742,0.00175023,0.00175023,68.78619,0.12150913,0.00176647,4.42127828,2.0108474292307688,1.3142810699999998,0.0017485933333333322,0.0017554607692307701,0.0017625841176470592
118,0.0017711,1553889600,0.0017711,0.00176742,0.0017711,47.49660636,0.08411353,0.00177093,4.447334090000001,2.01106846076923,1.3165103426470586,0.001762249999999999,0.0017586992307692317,0.0017623805882352945
119,0.00177001,1553896800,0.00177002,0.00177,0.00177,28.19553555,0.04990615,0.00177,0.08517627000000043,2.011657945384615,1.3024821747058821,0.001769509999999999,0.001761853846153847,0.0017613267647058827
120,0.0017709,1553904000,0.0017825,0.00177004,0.00177112,20.26173695,0.03595313,0.00177443,0.05665760333333375,2.0051331807692305,1.296569289117647,0.0017706699999999991,0.0017630061538461545,0.0017608050000000003
121,0.0018071,1553911200,0.0018071,0.00178325,0.00178325,239.55601894,0.43114568,0.00179976,0.1723349866666671,1.9997213446153843,1.307201887352941,0.001782669999999999,0.001764324615384616,0.0017611467647058825
122,0.0018141,1553918400,0.00181723,0.00180688,0.00181,90.77953972,0.164443,0.00181145,0.2105139366666671,2.0090078399999998,1.1737958411764704,0.0017973666666666656,0.0017688738461538467,0.0017616079411764706
123,0.001875,1553925600,0.001875,0.00181772,0.00181772,299.15299948,0.55639148,0.00185988,0.38399338666666716,1.9824748292307688,1.1848180279411764,0.0018320666666666657,0.00177575076923077,0.0017643632352941177
124,0.00187495,1553932800,0.001875,0.00185511,0.00185701,67.76135762,0.12691115,0.00187291,0.2825818766666672,1.9897863807692304,1.1834544294117646,0.0018546833333333325,0.001781936923076924,0.00176745
125,0.00187398,1553940000,0.001875,0.00185511,0.001875,15.52060098,0.02883646,0.00185794,0.23737969666666714,1.987338795384615,1.1449291511764705,0.0018746433333333326,0.0017890976923076933,0.0017712441176470587
126,0.00182305,1553947200,0.00185517,0.00181573,0.00185513,84.42695387,0.15402896,0.0018244,0.10325885666666712,1.8247941592307693,1.1452456579411763,0.0018573266666666657,0.0017970923076923084,0.0017731632352941176
127,0.00182228,1553954400,0.00187515,0.00180999,0.00183047,531.69267976,0.97225153,0.00182859,0.3850389833333338,1.2206012238461539,1.168794309117647,0.001839769999999999,0.0018037115384615392,0.0017746320588235295
128,0.001823,1553961600,0.0018351,0.00182228,0.0018351,4.41443625,0.00804782,0.00182306,0.37810943666666713,1.2207628946153848,0.9730705355882352,0.0018227766666666656,0.0018108553846153852,0.0017755202941176474
129,0.00186376,1553968800,0.001875,0.00182228,0.00183224,257.27880367,0.47306435,0.00183872,0.48445456666666714,0.24666172076923082,0.9809874161764706,0.0018363466666666654,0.0018197423076923083,0.0017773955882352942
130,0.001875,1553976000,0.001875,0.00186199,0.00186199,421.15398722,0.78491895,0.00186373,0.4220103733333338,0.2976932453846154,0.9931157599999999,0.0018539199999999987,0.001828017692307693,0.0017798132352941178
131,0.001875,1553983200,0.001875,0.00186398,0.00186398,43.70051293,0.08192758,0.00187475,0.4466369600000004,0.29752509538461536,0.931240478235294,0.001871253333333332,0.001836010000000001,0.0017823247058823533
132,0.001875,1553990400,0.001875,0.001864,0.001875,248.7517939,0.4663728,0.00187485,0.44440644333333373,0.3295609915384615,0.9444639823529412,0.0018749999999999988,0.0018440861538461548,0.0017858158823529416
133,0.00181029,1553997600,0.001875,0.00174823,0.001864,551.23120225,0.97357211,0.00176617,0.5072908300000004,0.40168552846153843,0.9722236982352941,0.0018534299999999988,0.0018471161538461548,0.001787402941176471
134,0.00181252,1554004800,0.00181435,0.00178192,0.00181435,60.81364117,0.11004128,0.00180948,0.5166620633333338,0.37698518999999997,0.9751079335294115,0.001832603333333332,0.0018475330769230779,0.0017890570588235297
135,0.00181252,1554012000,0.00181761,0.00181252,0.00181431,143.08036027,0.25947642,0.0018135,0.44769660333333366,0.38429545307692303,0.9563270744117645,0.0018117766666666654,0.0018474115384615397,0.0017917179411764707
136,0.00176691,1554019200,0.00181,0.00176691,0.00181,165.79659131,0.29792544,0.00179693,0.22248104666666702,0.3644134499999999,0.9581874035294116,0.0017973166666666654,0.0018390969230769243,0.0017932032352941177
137,0.0017781,1554026400,0.00178278,0.00175857,0.00178278,84.69909006,0.15001489,0.00177115,0.23580558333333368,0.3661906607692308,0.961971987352941,0.001785843333333332,0.0018316469230769243,0.0017949017647058824
138,0.00178251,1554033600,0.00178251,0.0017586,0.0017781,76.13420631,0.13552384,0.00178006,0.19448805666666705,0.3743973823076923,0.9554671508823527,0.0017758399999999988,0.0018246107692307704,0.0017970020588235294
139,0.00181,1554040800,0.00181,0.00176462,0.00178251,21.33406473,0.03809883,0.00178582,0.10787918666666707,0.36547968000000003,0.9541982894117647,0.001790203333333332,0.0018236069230769243,0.0017993844117647057
140,0.0018231,1554048000,0.00185894,0.00180359,0.00181,141.84304003,0.26098012,0.00183992,0.14486759666666704,0.31076649461538464,0.9606317385294116,0.001805203333333332,0.0018236700000000014,0.0018021520588235292
141,0.00187498,1554055200,0.001875,0.00182311,0.00182708,184.73028453,0.34279507,0.00185565,0.213958006666667,0.33651628307692316,0.9671617385294117,0.0018360266666666654,0.0018276684615384632,0.0018056538235294117
142,0.00187336,1554062400,0.001875,0.00184219,0.00187498,182.24510839,0.33954482,0.00186312,0.31444000333333366,0.3262455500000001,0.962398364117647,0.0018571466666666653,0.0018284069230769249,0.0018081067647058822
143,0.00188233,1554069600,0.00188233,0.0018514,0.00186481,118.31062197,0.22188978,0.00187548,0.30140989000000035,0.28293561384615395,0.9676386941176469,0.0018768899999999985,0.0018289707692307712,0.0018118529411764704
144,0.00184627,1554076800,0.00189997,0.00183449,0.00188231,231.47668135,0.43547953,0.00188131,0.33230471000000034,0.3101319176923078,0.9539374855882352,0.0018673199999999985,0.0018267607692307715,0.0018136373529411762
145,0.00185206,1554084000,0.00187619,0.00183449,0.00187619,67.77309422,0.12503202,0.00184486,0.2608004433333337,0.2838749346153847,0.9566778102941176,0.0018602199999999984,0.001824996153846156,0.0018153294117647055
146,0.0018765,1554091200,0.00188081,0.0018765,0.00188081,1.17091442,0.00220039,0.00187921,0.187570646666667,0.2091540330769232,0.9549585549999998,0.001858276666666665,0.0018300892307692332,0.0018181414705882352
147,0.00185206,1554098400,0.0018749,0.00185206,0.0018749,5.35843466,0.00995201,0.00185726,0.04572814000000034,0.2014548584615386,0.8885715779411762,0.0018602066666666651,0.0018331307692307714,0.001822051470588235
148,0.00187169,1554105600,0.00187169,0.00185208,0.00185208,13.79644178,0.0258207,0.00187154,0.012657700000000346,0.18348134153846168,0.6297204311764704,0.0018667499999999984,0.0018376823076923096,0.001826035588235294
149,0.0018717,1554112800,0.0018717,0.00187169,0.00187169,36.52376509,0.06836116,0.00187169,0.034711290000000346,0.16582255076923091,0.6315561682352939,0.0018651499999999984,0.001845743076923079,0.0018301994117647055
150,0.00186782,1554120000,0.00187169,0.00182981,0.00187169,28.61539884,0.05338583,0.00186563,0.04918923000000034,0.1583895461538463,0.24676223352941154,0.0018704033333333317,0.0018526446153846173,0.001833716764705882
151,0.001864,1554127200,0.0018717,0.0018364,0.0018714,117.40671361,0.21906799,0.00186588,0.11360499333333368,0.16481601923076938,0.24963161176470566,0.0018678399999999984,0.0018589130769230788,0.0018365573529411762
152,0.00186183,1554134400,0.001902,0.0018421,0.001864,3964.22729394,7.46220299,0.00188238,2.578218936666667,0.7359009546153849,0.4666342429411762,0.0018645499999999985,0.0018629000000000018,0.001839225882352941
153,0.00186369,1554141600,0.00187207,0.00186369,0.00187207,4.41093672,0.00824197,0.00186853,2.563170983333334,0.7164595584615387,0.4654088258823527,0.0018631733333333317,0.0018660223076923095,0.001841981176470588
154,0.0018364,1554148800,0.00186181,0.0018364,0.00186181,1295.30571875,2.38316762,0.00183984,3.2845375266666674,0.8734112930769234,0.5344445461764704,0.0018539733333333317,0.0018630546153846168,0.0018439076470588233
155,0.00183998,1554156000,0.00184,0.00183,0.00184,30.66967779,0.05635918,0.00183761,0.8159229233333338,0.8516277823076925,0.5234214138235292,0.0018466899999999983,0.0018604869230769245,0.0018448747058823526
156,0.00182707,1554163200,0.0018605,0.00182707,0.00184,247.98494222,0.45527346,0.00183589,0.9649334200000005,0.8695803730769234,0.5319752508823529,0.0018344833333333317,0.0018562361538461553,0.001845256176470588
157,0.00185098,1554170400,0.00185098,0.001831,0.00183104,66.45385065,0.12208762,0.00183717,0.21124008666666713,0.8454733030769235,0.5192016079411763,0.0018393433333333317,0.0018565984615384627,0.0018445497058823526
158,0.00183402,1554177600,0.00187591,0.00182264,0.00183102,155.70168626,0.28671934,0.00184146,0.28802680666666713,0.8579107892307695,0.5239018488235293,0.0018373566666666653,0.0018552107692307704,0.001843345882352941
159,0.00179885,1554184800,0.00186096,0.001753,0.001834,208.50551628,0.37282084,0.00178806,0.26054260000000046,0.8864200546153848,0.5340190364705881,0.0018279499999999985,0.0018492376923076937,0.0018411361764705883
160,0.00172009,1554192000,0.00179705,0.00165219,0.00179705,3026.64525192,5.16121606,0.00170525,1.9402520800000005,1.2826711353846156,0.6812892452941175,0.0017843199999999983,0.0018390861538461552,0.0018381079411764704
161,0.00175898,1554199200,0.0018,0.00172007,0.00174791,1192.1949154,2.13416737,0.00179011,2.5560680900000006,1.4448516484615388,0.7154632405882351,0.001759306666666665,0.0018304161538461555,0.001836246176470588
162,0.00174,1554206400,0.00176967,0.00169198,0.00175896,234.3185314,0.40476406,0.0017274,2.5667158300000006,1.470728794615385,0.7271313652941175,0.0017396899999999984,0.001820285384615386,0.0018338049999999998
163,0.00172961,1554213600,0.00174,0.001692,0.00174,62.36346105,0.10732379,0.00172094,0.8820850733333337,1.474877868461539,0.7163742899999997,0.0017428633333333315,0.0018096538461538476,0.0018298594117647058
164,0.00168762,1554220800,0.00174999,0.00165002,0.00174,1439.78036923,2.40816062,0.00167258,0.9734161566666669,1.6432696092307697,0.7641166920588232,0.0017190766666666647,0.0017960861538461553,0.0018243482352941172
165,0.001702,1554228000,0.00172062,0.00169584,0.00169584,197.44034088,0.3366215,0.00170492,0.9507019700000002,1.0951479561538466,0.7716076897058821,0.0017064099999999978,0.0017837915384615395,0.0018192599999999994
166,0.00167763,1554235200,0.0017,0.00165,0.00169998,928.7287668,1.56961833,0.00169007,1.4381334833333337,1.2152538300000004,0.8040560876470586,0.0016890833333333313,0.0017694792307692319,0.0018134549999999994
167,0.0017,1554242400,0.0017,0.00165323,0.00167763,1077.51276832,1.8314793,0.00169972,1.245906376666667,1.1728162669230775,0.8292886520588234,0.001693209999999998,0.0017589869230769243,0.0018102111764705874
168,0.00169999,1554249600,0.00169999,0.00153171,0.00166972,1880.10771905,3.08684225,0.00164184,2.162646626666667,1.4059303492307698,0.9168416217647057,0.0016925399999999982,0.0017482184615384626,0.0018069014705882347
169,0.00167294,1554256800,0.00169815,0.00164799,0.00169815,168.53509821,0.28139046,0.00166962,1.733237336666667,1.3925547338461544,0.9174861523529411,0.0016909766666666646,0.0017363623076923087,0.0018027961764705877
170,0.00166088,1554264000,0.00167498,0.00166088,0.00167294,20.08379608,0.03356035,0.00167101,1.1339310200000003,1.3857449438461544,0.9097107085294116,0.0016779366666666645,0.001721739230769232,0.0017996776470588231
171,0.00168137,1554271200,0.00169998,0.00166088,0.00167496,23.8798801,0.04009855,0.00167917,0.11834978666666703,1.3667741138461542,0.9064778749999998,0.0016717299999999978,0.0017099969230769244,0.0017968326470588231
172,0.00169998,1554278400,0.00169999,0.00169997,0.00169997,132.14395634,0.22464286,0.00169998,0.09943392000000036,1.3553758076923081,0.9090990226470586,0.001680743333333331,0.0017023915384615398,0.0017944052941176467
173,0.00171,1554285600,0.00171534,0.00167344,0.0017,462.25842547,0.78208246,0.00169187,0.3489412900000004,1.0185193769230774,0.9309808941176468,0.0016971166666666642,0.0017016153846153858,0.0017914641176470585
174,0.00171362,1554292800,0.00171362,0.0016872,0.00168878,105.47952626,0.18028241,0.00170916,0.39566924333333375,0.8682205338461544,0.9286074320588233,0.0017078666666666643,0.0016981261538461549,0.0017882441176470586
175,0.001685,1554300000,0.00171535,0.001685,0.00171533,353.24046487,0.60061247,0.00170029,0.520992446666667,0.8832857961538466,0.9361902967647057,0.001702873333333331,0.0016938953846153857,0.0017826564705882351
176,0.00158433,1554307200,0.00168544,0.00158431,0.00168544,158.26403636,0.26073688,0.00164748,0.34721058666666704,0.8950868030769235,0.9338724161764704,0.001660983333333331,0.001682720000000001,0.0017741555882352942
177,0.00167001,1554314400,0.00167801,0.00158433,0.00158433,367.95578267,0.61362911,0.00166767,0.49165948666666703,0.7570459176923081,0.9453941611764705,0.0016464466666666641,0.0016813653846153855,0.001767910882352941
178,0.00167,1554321600,0.00167001,0.00167,0.00167001,58.52243605,0.09773258,0.00167,0.32403285666666704,0.7386698469230774,0.935460427352941,0.0016414466666666643,0.0016789038461538473,0.0017627264705882353
179,0.00152581,1554328800,0.00167,0.00151909,0.00167,3480.50200943,5.36065357,0.00154019,2.024005086666667,1.030287942307693,1.0894492964705882,0.0016219399999999977,0.0016672253846153858,0.001753130882352941
180,0.00160373,1554336000,0.001638,0.00151977,0.00151977,70.46465521,0.11127811,0.0015792,1.8565547533333338,0.8979647738461545,1.0926574647058822,0.0015998466666666642,0.0016598200000000013,0.0017451082352941175
181,0.00161576,1554343200,0.00162029,0.00155407,0.00160372,42.68556377,0.06873969,0.00161037,1.8468904566666673,0.665803038461539,1.094386514117647,0.001581766666666664,0.0016533407692307705,0.0017381582352941174
182,0.00162501,1554350400,0.001638,0.00161576,0.00161576,66.81934573,0.10851014,0.00162393,0.09617598000000054,0.6525045523076928,1.0968185564705883,0.0016148333333333308,0.0016496538461538473,0.0017309029411764704
183,0.00163302,1554357600,0.0016969,0.001625,0.00162502,216.07944056,0.35337615,0.00163539,0.1768753266666672,0.6771057676923082,1.1052013502941178,0.0016245966666666638,0.0016475107692307705,0.0017238829411764705
184,0.00168778,1554364800,0.00172378,0.00163485,0.00165835,1211.10971167,2.06601595,0.00170588,0.8426340800000006,0.8329455676923083,1.1643963538235294,0.0016486033333333306,0.0016480038461538472,0.0017185876470588233
185,0.00165143,1554372000,0.00168285,0.001625,0.00168285,686.62212404,1.11944128,0.00163036,1.1796111266666671,0.901776215384616,1.1908779211764706,0.001657409999999997,0.0016442692307692317,0.0017123355882352942
186,0.001625,1554379200,0.00165465,0.00162,0.00165465,79.23399013,0.13009322,0.00164188,1.1051834833333338,0.8516231969230775,0.9752276338235293,0.0016547366666666635,0.0016377307692307702,0.0017053699999999999
187,0.00162,1554386400,0.001625,0.00162,0.001625,17.86862589,0.02896437,0.00162096,0.42616629000000056,0.8399833476923083,0.9758371161764704,0.0016321433333333303,0.001630529230769232,0.0016982026470588236
188,0.00163305,1554393600,0.00163305,0.00161,0.00162,4.77636434,0.00772839,0.00161804,0.05559532666666726,0.7943768800000007,0.9059712564705878,0.0016260166666666636,0.0016265330769230783,0.0016922217647058822
189,0.001625,1554400800,0.001625,0.001625,0.001625,19.72510716,0.03205329,0.001625,0.022915350000000594,0.7767858346153853,0.9052563773529407,0.0016260166666666636,0.00162966153846154,0.0016858988235294117
190,0.00156867,1554408000,0.00167003,0.00152,0.001625,945.0269614,1.474448,0.00156021,0.5047432266666673,0.8430026723076931,0.9352320991176467,0.0016089066666666637,0.0016218661538461555,0.0016782988235294117
191,0.0015957,1554415200,0.00163141,0.00154841,0.0016141,71.36554363,0.11285793,0.0015814,0.5397864066666672,0.8441661607692316,0.9349606376470585,0.0015964566666666635,0.0016161507692307707,0.001670790588235294
192,0.00158562,1554422400,0.00159571,0.00158562,0.00159571,119.86722632,0.1903332,0.00158786,0.5925463766666672,0.44644920923076997,0.9321257511764703,0.0015833299999999972,0.0016207515384615398,0.001663484705882353
193,0.00159059,1554429600,0.00159071,0.00158645,0.00159071,65.82781082,0.10460314,0.00158904,0.13593142333333388,0.4459357500000008,0.9242369952941173,0.0015906366666666638,0.0016197407692307706,0.001657359411764706
194,0.00159571,1554436800,0.00159571,0.00158931,0.00158931,25.92357473,0.04121648,0.00158992,0.11205094000000056,0.4438185800000008,0.7736487723529408,0.0015906399999999971,0.0016181984615384628,0.0016537011764705884
195,0.00159571,1554444000,0.00159571,0.00159571,0.00159571,0.0,0.0,0.00159571,0.04860654000000056,0.4354716461538469,0.710879143823529,0.0015940033333333304,0.0016159446153846168,0.001648899117647059
196,0.00159571,1554451200,0.00159571,0.00159571,0.00159571,0.0,0.0,0.00159571,0.013738826666667226,0.4082888653846162,0.6989743185294114,0.001595709999999997,0.001613074615384617,0.0016446552941176472
197,0.001591,1554458400,0.00159242,0.001591,0.00159242,65.62195767,0.1044189,0.00159121,0.03480630000000056,0.2573967846153854,0.6988888805882348,0.0015941399999999967,0.0016056300000000013,0.001640578529411765
198,0.001591,1554465600,0.001591,0.001591,0.001591,2.20227516,0.00350381,0.001591,0.03597423666666722,0.17155544076923152,0.6281636802941173,0.001592569999999997,0.0016009815384615397,0.0016377367647058827
199,0.00160147,1554472800,0.00160147,0.001591,0.001591,300.01967281,0.47846089,0.00159476,0.19546120000000056,0.19835295384615462,0.6323354270588232,0.0015944899999999968,0.0015991715384615396,0.0016347800000000004
200,0.00161374,1554480000,0.00161374,0.00160147,0.00160147,20.2224678,0.03263231,0.00161366,0.17153233666666723,0.1986351030769238,0.5871299558823526,0.0016020699999999965,0.0015986900000000011,0.0016329008823529416
201,0.00166138,1554487200,0.00169099,0.00161,0.00161372,271.93343544,0.45135464,0.00165979,0.3208159466666672,0.23276019923076996,0.5465380541176467,0.0016255299999999966,0.0016008692307692318,0.0016317650000000003
202,0.00165196,1554494400,0.00166402,0.00161,0.00163658,167.71789799,0.27324266,0.00162918,0.25240987000000054,0.25131322769230846,0.4637851249999997,0.0016423599999999966,0.001602943076923078,0.0016303523529411768
203,0.00162966,1554501600,0.0016428,0.001613,0.00164279,65.41017055,0.10653991,0.00162879,0.27704573666666715,0.14608952846153922,0.4586424617647055,0.0016476666666666634,0.0016076346153846165,0.0016290794117647062
204,0.00166933,1554508800,0.00169999,0.00161632,0.00165835,2188.81283266,3.69938268,0.00169013,1.3597217500000005,0.42197604769230845,0.566460765588235,0.0016503166666666635,0.0016132984615384628,0.0016293279411764708
205,0.00169301,1554516000,0.00170809,0.00166995,0.00166995,55.05801497,0.09393606,0.00170612,1.2999528833333338,0.4145608830769238,0.5680442217647057,0.0016639999999999969,0.001621559230769232,0.0016296702941176473
206,0.00167425,1554523200,0.00170805,0.00167,0.00169301,137.58480233,0.2329013,0.00169278,1.342073346666667,0.424429972307693,0.5682871170588234,0.00167886333333333,0.0016279946153846165,0.0016289135294117651
207,0.00167697,1554530400,0.00170456,0.00167697,0.00169999,54.65138969,0.09308047,0.00170316,0.1399726100000005,0.4284195100000007,0.5480223526470587,0.0016814099999999967,0.0016342453846153856,0.0016279420588235297
208,0.00172379,1554537600,0.00172379,0.001648,0.00169849,785.29759927,1.35001975,0.00171911,0.5586671733333338,0.5322671830769239,0.5824263920588234,0.0016916699999999967,0.0016440976923076933,0.0016282411764705887
209,0.00168074,1554544800,0.00172379,0.0016015,0.00170003,352.1078824,0.58597034,0.00166417,0.6763568533333338,0.5773418246153854,0.5819957411764703,0.0016938333333333302,0.0016506384615384627,0.0016281158823529417
210,0.00167742,1554552000,0.00169085,0.00164925,0.00169054,157.48435033,0.26411504,0.00167708,0.7333683766666672,0.5896261430769238,0.5820950988235292,0.0016939833333333302,0.001657286153846155,0.001630853823529412
211,0.0016807,1554559200,0.0016807,0.00167743,0.00168023,10.50403453,0.01763516,0.00167889,0.2892401800000006,0.5907131700000009,0.5645658649999997,0.001679619999999997,0.001664186153846155,0.001631168235294118
212,0.00169502,1554566400,0.00172379,0.00168023,0.0016807,355.31686552,0.60757865,0.00170996,0.2964429500000006,0.6006453053846162,0.5795613376470586,0.0016843799999999968,0.0016713823076923086,0.0016319041176470592
213,0.00172379,1554573600,0.00172379,0.00170467,0.00172319,204.19096147,0.35191084,0.00172343,0.3257082166666672,0.6252051923076931,0.43224537499999977,0.0016998366666666636,0.0016798476923076933,0.0016377270588235297
214,0.00170465,1554580800,0.00172379,0.00169272,0.00172379,44.39208001,0.07614252,0.00171522,0.3452106700000006,0.5963427215384622,0.43121197529411737,0.001707819999999997,0.0016831761538461548,0.0016406952941176475
215,0.00167174,1554588000,0.00170465,0.00155011,0.00170465,411.69642529,0.66463997,0.00161439,0.36423111000000064,0.6264502069230777,0.4487384541176468,0.001700059999999997,0.0016846976923076931,0.0016423417647058827
216,0.00165699,1554595200,0.0017,0.00165387,0.00165387,23.57487136,0.03923499,0.00166427,0.26000582666666733,0.6212729053846162,0.44670094970588214,0.00167779333333333,0.0016868000000000009,0.0016432823529411768
217,0.00170464,1554602400,0.00170464,0.00167882,0.00169811,104.34877963,0.177784,0.00170374,0.29388632000000064,0.35038069923077014,0.44153647470588214,0.0016777899999999967,0.0016895161538461546,0.001645388823529412
218,0.00170462,1554609600,0.00170462,0.00168339,0.00168502,20.84417266,0.035405,0.00169855,0.08414133000000064,0.3458783100000009,0.3818126232352939,0.001688749999999997,0.0016904092307692318,0.001645884117647059
219,0.00170461,1554616800,0.00170461,0.00163977,0.00168443,119.1689721,0.20153951,0.0016912,0.13824283666666734,0.34346586461538553,0.35481551235294095,0.0017046233333333305,0.0016927446153846165,0.0016474482352941179
220,0.00164213,1554624000,0.00167424,0.00163988,0.00166788,20.77828807,0.03439738,0.00165544,0.09044729666666733,0.3389517807692316,0.3520009288235291,0.0016837866666666635,0.0016900646153846163,0.0016479520588235294
221,0.00167045,1554631200,0.00167537,0.00164015,0.00164015,16.86264717,0.02798385,0.00165951,0.08797358000000065,0.2372567115384624,0.35197208999999974,0.0016723966666666635,0.0016859615384615394,0.0016494358823529412
222,0.00163281,1554638400,0.00168379,0.00163,0.001673,69.60537885,0.11528103,0.0016562,0.05922075333333398,0.20104984153846234,0.3551354029411762,0.00164846333333333,0.0016822746153846162,0.0016494288235294119
223,0.00166363,1554645600,0.00166363,0.00166362,0.00166362,3.36627881,0.00560021,0.00166362,0.049621696666667305,0.18116408538461617,0.3543573711764703,0.0016556299999999971,0.001681213846153847,0.001650565
224,0.00165,1554652800,0.00167458,0.00163877,0.00166363,12.80638997,0.02113133,0.00165006,0.04733752333333397,0.1814330215384623,0.3116127632352938,0.0016488133333333304,0.0016788523076923085,0.0016529570588235294
225,0.00164072,1554660000,0.00170463,0.00163904,0.00165987,158.37464066,0.26775219,0.00169062,0.09816124333333398,0.1552925246153854,0.31616847676470555,0.001651449999999997,0.0016746753846153854,0.0016542811764705882
226,0.00165,1554667200,0.00166767,0.00163908,0.00166329,10.05984534,0.01664358,0.00165445,0.10184236666666731,0.12950273538461618,0.31105995852941143,0.0016469066666666638,0.0016689992307692314,0.0016561747058823528
227,0.00163902,1554674400,0.00165001,0.00163902,0.00165001,25.20769578,0.04146946,0.00164511,0.10862174333333398,0.12683557692307773,0.30920308558823495,0.0016432466666666638,0.0016639507692307702,0.0016575991176470586
228,0.00167631,1554681600,0.00167798,0.00164321,0.00165874,60.57059148,0.10133005,0.00167292,0.05314769666666732,0.08350404461538542,0.3109711317647056,0.0016551099999999972,0.0016643023076923086,0.0016599697058823526
229,0.00163363,1554688800,0.0016801,0.00163363,0.00167631,149.25839809,0.24653769,0.00165175,0.1297790666666673,0.09945040615384697,0.31822224029411733,0.0016496533333333306,0.0016625053846153854,0.0016610849999999996
230,0.00163394,1554696000,0.00165977,0.00163394,0.00164175,24.56260677,0.04028502,0.00164009,0.12938425333333398,0.08887356153846236,0.3194070938235291,0.0016479599999999976,0.001657066923076924,0.0016622094117647054
231,0.00165919,1554703200,0.00165919,0.00163394,0.00163394,37.1322206,0.06151271,0.00165658,0.1161118066666673,0.09088184692307774,0.31814514705882324,0.0016422533333333305,0.0016535723076923086,0.0016642149999999995
232,0.00167,1554710400,0.00168012,0.001658,0.001658,24.32428754,0.04060863,0.00166946,0.04746878666666729,0.07850254846153928,0.31923646529411737,0.0016543766666666637,0.001650910000000001,0.0016665385294117642
233,0.00167996,1554717600,0.00167996,0.001669,0.001669,22.94004118,0.03838693,0.00167335,0.04683609000000063,0.07880943692307775,0.30629311352941146,0.0016697166666666638,0.0016538200000000014,0.0016688470588235287
234,0.001695,1554724800,0.001695,0.00167996,0.00167996,116.05167328,0.19542101,0.00168391,0.09147219000000062,0.09168921846153928,0.31108101647058795,0.0016816533333333307,0.0016557084615384627,0.0016712370588235288
235,0.00168099,1554732000,0.00170462,0.00167,0.00168003,283.02061161,0.47913653,0.00169293,0.23764815666666728,0.11967810307692389,0.3118981308823527,0.0016853166666666644,0.0016594146153846166,0.0016718138235294112
236,0.00168,1554739200,0.0017,0.00166249,0.00169691,154.4311968,0.26007446,0.00168407,0.3115440000000006,0.1392530453846162,0.3115108308823527,0.0016853299999999977,0.0016606738461538476,0.0016726385294117642
237,0.00168996,1554746400,0.00168996,0.00168984,0.00168996,5.0113843,0.00846871,0.00168989,0.2492265666666673,0.1382789976923085,0.3086263838235292,0.0016836499999999977,0.001663747692307694,0.0016744120588235289
238,0.00166452,1554753600,0.00168,0.00166452,0.00168,36.10693864,0.06040058,0.00167282,0.10964791666666729,0.12232887384615466,0.20159749852941153,0.0016781599999999978,0.0016655784615384633,0.0016742705882352939
239,0.00168,1554760800,0.00168,0.00166452,0.00166452,8.5053589,0.0142116,0.00167089,0.027693630000000618,0.12214179846153929,0.199252661470588,0.0016781599999999978,0.0016678861538461558,0.0016738879411764703
240,0.00168999,1554768000,0.00168999,0.00168,0.00168,27.10641547,0.04578112,0.00168894,0.04013110000000062,0.12247346461538543,0.19374912676470565,0.0016781699999999977,0.0016718069230769249,0.0016743508823529407
241,0.0016884,1554775200,0.00169,0.00167312,0.001685,127.44509067,0.21515679,0.00168823,0.09171650333333396,0.1312293676923085,0.19733960676470566,0.0016861299999999977,0.0016727369230769248,0.001674687058823529
242,0.00168987,1554782400,0.00168987,0.0016643,0.0016885,11.3154193,0.01897695,0.00167708,0.09330495333333395,0.1137246953846162,0.15819128911764685,0.001689419999999998,0.0016770630769230785,0.0016736894117647056
243,0.00165,1554789600,0.00166581,0.00165,0.00166568,58.32295045,0.09694391,0.00166219,0.1103592166666673,0.11808307153846236,0.14380815882352918,0.001676089999999998,0.001678298461538463,0.0016727852941176467
244,0.0015555,1554796800,0.00164739,0.00155,0.00164739,547.89458634,0.8601399,0.0015699,0.3253535866666673,0.1795159323076931,0.16133830176470565,0.0016317899999999982,0.001670322307692309,0.0016691994117647056
245,0.00156939,1554804000,0.0015935,0.00151003,0.00155895,278.16899588,0.43156167,0.00155143,0.4628818266666673,0.20958924307692386,0.1735126108823527,0.0015916299999999984,0.0016625830769230782,0.0016659255882352938
246,0.00169,1554811200,0.00169,0.00155169,0.00155169,1721.20964121,2.85071155,0.00165622,1.3808043733333342,0.42592190615384695,0.23948710794117622,0.0016049633333333317,0.001663355384615386,0.00166577794117647
247,0.0016899,1554818400,0.00169,0.00165099,0.00169,12.318026,0.02079364,0.00168806,1.1010222866666675,0.41248903153846234,0.22974836676470567,0.0016497633333333317,0.0016629630769230785,0.0016647811764705877
248,0.00165152,1554825600,0.0016899,0.00165152,0.0016899,65.52495089,0.11053882,0.00168697,0.9940146700000007,0.38413536153846234,0.2307600226470586,0.0016771399999999982,0.0016606961538461554,0.0016632185294117642
249,0.00164741,1554832800,0.00165151,0.00164741,0.00165151,4.51825525,0.00744981,0.00164882,0.046260756666667145,0.36470269615384693,0.21143090029411743,0.0016629433333333315,0.001658189230769232,0.0016625029411764703
250,0.00158261,1554840000,0.00164746,0.00150191,0.00164746,477.02888395,0.73385467,0.00153838,0.28394776666666716,0.42050161615384696,0.23186089088235273,0.001627179999999998,0.0016499315384615398,0.0016603152941176468
251,0.00159772,1554847200,0.00159871,0.00158,0.00159746,87.17623469,0.13912489,0.0015959,0.29347645666666716,0.42655733230769316,0.23072385823529393,0.0016092466666666645,0.0016447930769230784,0.0016571705882352937
