,close,date,high,low,open,quoteVolume,volume,weightedAverage,avg_vol_3,avg_vol_13,avg_vol_34,avg_close_3,avg_close_13,avg_close_34
0,0.00046028,1553218424,0.00046028,0.00046028,0.00046028,0.0,0.0,0.00046028,-99999.0,-99999.0,-99999.0,-99999.0,-99999.0,-99999.0
1,0.00046229,1553220000,0.00046229,0.00046012,0.00046012,26.36298477,0.01214202,0.00046057,-99999.0,-99999.0,-99999.0,-99999.0,-99999.0,-99999.0
2,0.00046222,1553227200,0.00046365,0.00046222,0.00046233,102.23752635,0.04737203,0.00046335,0.019838016666666666,-99999.0,-99999.0,0.00046159666666666663,-99999.0,-99999.0
3,0.00045843,1553234400,0.00046106,0.00045428,0.00046106,27.32787857,0.0125206,0.00045816,0.024011550000000003,-99999.0,-99999.0,0.00046098,-99999.0,-99999.0
4,0.00045733,1553241600,0.00045733,0.00045733,0.00045733,0.22267191,0.00010183,0.00045733,0.019998153333333334,-99999.0,-99999.0,0.00045932666666666667,-99999.0,-99999.0
5,0.0004591,1553248800,0.0004591,0.00045733,0.00045733,15.53911081,0.00711662,0.00045798,0.006579683333333333,-99999.0,-99999.0,0.0004582866666666667,-99999.0,-99999.0
6,0.00046106,1553256000,0.00046642,0.00045952,0.00045952,79.85811812,0.03696174,0.00046284,0.01472673,-99999.0,-99999.0,0.0004591633333333333,-99999.0,-99999.0
7,0.00046104,1553263200,0.00046106,0.00046104,0.00046106,4.43904991,0.00204664,0.00046105,0.015375000000000002,-99999.0,-99999.0,0.00046039999999999997,-99999.0,-99999.0
8,0.00046104,1553270400,0.00046104,0.00046104,0.00046104,0.0,0.0,0.00046104,0.013002793333333337,-99999.0,-99999.0,0.00046104666666666664,-99999.0,-99999.0
9,0.00045843,1553277600,0.00046104,0.00045433,0.00046104,41.14315969,0.01879465,0.00045681,0.006947096666666669,-99999.0,-99999.0,0.0004601699999999999,-99999.0,-99999.0
10,0.00046694,1553284800,0.000472,0.0004591,0.0004591,347.25570478,0.16220655,0.0004671,0.06033373333333334,-99999.0,-99999.0,0.0004621366666666665,-99999.0,-99999.0
11,0.00046694,1553292000,0.00046694,0.00046694,0.00046694,0.0,0.0,0.00046694,0.06033373333333334,-99999.0,-99999.0,0.0004641033333333332,-99999.0,-99999.0
12,0.00046694,1553299200,0.00046694,0.00046694,0.00046694,0.0,0.0,0.00046694,0.05406885000000001,0.023020206153846152,-99999.0,0.0004669399999999999,0.0004616953846153846,-99999.0
13,0.00046878,1553306400,0.00046878,0.00046351,0.00046589,31.58834227,0.01471003,0.00046567,0.004903343333333347,0.024151746923076922,-99999.0,0.0004675533333333332,0.0004623492307692308,-99999.0
14,0.00046737,1553313600,0.00046737,0.00046737,0.00046737,0.40273661,0.00018822,0.00046737,0.004966083333333347,0.023232223846153848,-99999.0,0.00046769666666666656,0.00046274,-99999.0
15,0.00046222,1553320800,0.00046737,0.00046222,0.00046737,23.31389179,0.01082551,0.00046433,0.00857458666666668,0.020420953076923078,-99999.0,0.00046612333333333314,0.00046274,-99999.0
16,0.0004679,1553328000,0.00046791,0.00046037,0.00046222,438.12053468,0.20454433,0.00046686,0.07185268666666668,0.03519200923076923,-99999.0,0.0004658299999999998,0.00046346846153846156,-99999.0
17,0.00046512,1553335200,0.00046656,0.00046512,0.00046656,7.9632025,0.00370532,0.0004653,0.07302505333333335,0.03546920076923077,-99999.0,0.0004650799999999999,0.0004640676923076924,-99999.0
18,0.00046653,1553342400,0.00046653,0.00046653,0.00046653,6.18988329,0.00288776,0.00046653,0.07037913666666668,0.035143903846153846,-99999.0,0.0004665166666666665,0.00046463923076923085,-99999.0
19,0.00046653,1553349600,0.00046654,0.00046653,0.00046654,0.6294925,0.00029367,0.00046653,0.0022955833333333417,0.03232328307692307,-99999.0,0.00046605999999999986,0.00046506000000000005,-99999.0
20,0.00046653,1553356800,0.00046653,0.00046653,0.00046653,51.22789309,0.02389934,0.00046653,0.009026923333333341,0.03400426,-99999.0,0.0004665299999999998,0.0004654823076923077,-99999.0
21,0.00046135,1553364000,0.00046653,0.00045,0.00046653,968.31238514,0.44219588,0.00045666,0.15546296333333334,0.06801932769230769,-99999.0,0.0004648033333333331,0.00046550615384615383,-99999.0
22,0.00046135,1553371200,0.00046135,0.00046135,0.00046135,0.29393787,0.0001356,0.00046135,0.15541027333333332,0.06658401615384615,-99999.0,0.00046307666666666646,0.0004657307692307692,-99999.0
23,0.00046135,1553378400,0.00046135,0.00046135,0.00046135,1.39258,0.00064246,0.00046135,0.14765798,0.054156009230769235,-99999.0,0.00046134999999999975,0.00046530076923076923,-99999.0
24,0.00045996,1553385600,0.00046138,0.00045902,0.00046135,93.71119069,0.04317121,0.00046068,0.01464975666666668,0.057476871538461545,-99999.0,0.00046088666666666635,0.00046476384615384614,-99999.0
25,0.00045607,1553392800,0.00045997,0.00045322,0.00045997,143.42778847,0.0656988,0.00045806,0.03650415666666668,0.06253062538461539,-99999.0,0.0004591266666666664,0.00046392769230769234,-99999.0
26,0.00045613,1553400000,0.00045613,0.00045613,0.00045613,0.24166306,0.00011022,0.00045613,0.03632674333333335,0.06140756307692308,-99999.0,0.0004573866666666663,0.0004629546153846154,-99999.0
27,0.00045733,1553407200,0.00045733,0.00045482,0.00045613,1.40364579,0.00063959,0.00045566,0.022149536666666678,0.06144228384615385,-99999.0,0.00045650999999999965,0.00046218230769230767,-99999.0
28,0.00045613,1553414400,0.00045754,0.00045613,0.00045733,0.55859049,0.00025522,0.0004569,0.0003350100000000106,0.06062918461538462,-99999.0,0.00045652999999999964,0.00046171384615384614,-99999.0
29,0.00045612,1553421600,0.00045612,0.00045612,0.00045612,0.07511795,3.426e-05,0.00045612,0.00030969000000001057,0.044897640769230765,-99999.0,0.0004565266666666662,0.0004608076923076923,-99999.0
30,0.00045612,1553428800,0.00045612,0.00045612,0.00045612,0.0,0.0,0.00045612,9.64933333333439e-05,0.04461261615384615,-99999.0,0.0004561233333333329,0.00046011538461538455,-99999.0
31,0.00045884,1553436000,0.00045985,0.00045754,0.00045754,117.24420299,0.05379554,0.00045883,0.017943266666666676,0.04852859923076923,-99999.0,0.0004570266666666663,0.00045952384615384614,-99999.0
32,0.00046166,1553443200,0.00046166,0.00045884,0.00045884,74.56960227,0.0342728,0.0004596,0.029356113333333347,0.051142378461538456,-99999.0,0.000458873333333333,0.00045914923076923077,-99999.0
33,0.0004683,1553450400,0.00047009,0.00046027,0.00046166,507.23333135,0.2357039,0.00046468,0.10792408000000002,0.06743503692307691,0.04226389235294119,0.000462933333333333,0.0004592853846153846,0.00046187441176470597
34,0.00047958,1553457600,0.00048097,0.0004683,0.0004683,310.20996967,0.14743815,0.00047528,0.13913828333333333,0.04476136538461538,0.04660030852941177,0.00046984666666666637,0.0004606876923076923,0.00046244205882352946
35,0.00050647,1553464800,0.00052,0.00047957,0.00047957,1735.22754664,0.87023595,0.00050151,0.41779266666666665,0.11169216153846154,0.07183836529411765,0.000484783333333333,0.0004641584615384615,0.0004637414705882353
36,0.00050647,1553472000,0.00051847,0.00050647,0.00050647,33.88453487,0.01731434,0.00051098,0.3449961466666666,0.11297461384615384,0.0709543155882353,0.0004975066666666663,0.00046762923076923077,0.00046504294117647056
37,0.0005147,1553479200,0.00051643,0.0005,0.00050806,48.41514922,0.02454997,0.00050707,0.30403341999999994,0.11154221076923078,0.07130812058823528,0.000509213333333333,0.00047184,0.0004666979411764706
38,0.00050471,1553486400,0.0005147,0.00049443,0.0005147,26.78844526,0.01340311,0.00050033,0.018422473333333318,0.1075194653846154,0.07169933470588234,0.0005086266666666663,0.00047558153846153847,0.0004680914705882353
39,0.00050747,1553493600,0.0005121,0.00050471,0.00050471,7.91406561,0.0040283,0.000509,0.013993793333333318,0.10782085615384616,0.07160850176470586,0.0005089599999999996,0.0004795307692307693,0.0004695141176470588
40,0.00051504,1553500800,0.00052686,0.00050545,0.00050665,191.61575881,0.09966755,0.00052014,0.03903298666666665,0.11543839153846155,0.07345279029411762,0.0005090733333333331,0.00048397,0.00047110176470588236
41,0.00050945,1553508000,0.00051639,0.00050945,0.00051639,11.24639676,0.00579272,0.00051507,0.036496189999999984,0.1158643530769231,0.07356296911764704,0.0005106533333333331,0.0004880715384615385,0.0004725255882352942
42,0.00050002,1553515200,0.00050945,0.00050001,0.00050945,120.64198359,0.06041666,0.00050079,0.05529230999999998,0.1205091530769231,0.07533992970588232,0.0005081699999999997,0.0004914484615384615,0.0004736720588235295
43,0.00050001,1553522400,0.00050001,0.00049052,0.0005,464.92044601,0.22905983,0.00049268,0.09842306999999999,0.13812914,0.08152419970588233,0.0005031599999999998,0.0004948246153846154,0.0004748950000000001
44,0.00049657,1553529600,0.00050001,0.00049249,0.00050001,39.07567359,0.0194505,0.00049776,0.10297566333333331,0.13548721384615386,0.07732549235294116,0.0004988666666666664,0.000497726923076923,0.00047576647058823545
45,0.00049657,1553536800,0.00049657,0.00049657,0.00049657,0.0,0.0,0.00049657,0.08283677666666665,0.13285084461538463,0.07732549235294116,0.0004977166666666664,0.0005004123076923077,0.0004766379411764708
46,0.00049657,1553544000,0.00049657,0.00049657,0.00049657,0.0,0.0,0.00049657,0.006483499999999985,0.11471977538461539,0.07732549235294116,0.0004965699999999997,0.0005025869230769231,0.0004775094117647062
47,0.00049658,1553551200,0.00049658,0.00049658,0.00049658,0.22234963,0.00011041,0.00049658,3.680333333331773e-05,0.1033868723076923,0.07689609176470587,0.000496573333333333,0.0005038946153846154,0.0004783270588235298
48,0.00050002,1553558400,0.00050002,0.00049672,0.00049672,11.99992,0.00598631,0.00049886,0.002032239999999984,0.03690613076923077,0.0770666238235294,0.000497723333333333,0.0005033984615384616,0.00047928735294117683
49,0.00050002,1553565600,0.00050002,0.00050002,0.00050002,11.84500619,0.00592273,0.00050002,0.0040064833333333175,0.03602985307692308,0.07692242441176468,0.000498873333333333,0.0005029023076923077,0.0004803991176470592
50,0.00050002,1553572800,0.00050002,0.00050002,0.00050002,0.0,0.0,0.00050002,0.003969679999999984,0.03414139384615385,0.07090641470588233,0.0005000199999999996,0.000501773076923077,0.00048134382352941216
51,0.00049678,1553580000,0.0004982,0.00048692,0.0004982,43.6607836,0.02137726,0.00048962,0.00909999666666665,0.03475479000000001,0.0714261776470588,0.0004989399999999997,0.000501163076923077,0.0004822750000000003
52,0.00049678,1553587200,0.00049678,0.00049678,0.00049678,10.4925911,0.0052125,0.00049678,0.008863253333333316,0.03484588230769232,0.07149455235294115,0.0004978599999999997,0.0005003407692307693,0.0004831647058823533
53,0.00049643,1553594400,0.00049678,0.00049643,0.00049663,10.20341952,0.00506621,0.00049652,0.010551989999999983,0.027568856153846164,0.07163492117647055,0.0004966633333333331,0.0004989092307692308,0.00048404411764705913
54,0.00048857,1553601600,0.00049644,0.00048857,0.00049644,102.39758452,0.05045604,0.00049274,0.020244916666666654,0.031004496153846164,0.07241600058823526,0.0004939266666666663,0.000497303076923077,0.00048469235294117683
55,0.0004904,1553608800,0.0004904,0.00049035,0.00049035,0.69593608,0.00034127,0.00049038,0.01862117333333332,0.026383312307692315,0.05942027676470585,0.0004917999999999996,0.0004965630769230771,0.00048554676470588266
56,0.00048857,1553616000,0.00048861,0.00048857,0.00048861,0.65521278,0.00032013,0.00048859,0.017039146666666654,0.008787950769230777,0.05942570411764702,0.0004891799999999996,0.000495683076923077,0.0004863473529411768
57,0.0004895,1553623200,0.00049006,0.00048856,0.00048857,6.33043257,0.0030969,0.0004892,0.0012527666666666524,0.007529981538461546,0.05949789352941173,0.0004894899999999997,0.0004951392307692309,0.00048717529411764746
58,0.00049139,1553630400,0.0004928,0.0004895,0.0004895,13.03572149,0.00640386,0.00049125,0.003273629999999986,0.008022586153846161,0.0584165008823529,0.0004898199999999996,0.0004947407692307693,0.0004880997058823534
59,0.00049396,1553637600,0.00049396,0.00049139,0.00049139,1.13885112,0.00056084,0.00049246,0.003353866666666653,0.008065727692307699,0.05650067852941172,0.0004916166666666664,0.00049454,0.0004892141176470594
60,0.00049396,1553644800,0.00049396,0.00049396,0.00049396,0.0,0.0,0.00049396,0.002321566666666653,0.008057234615384622,0.05649743676470584,0.0004931033333333331,0.0004943384615384616,0.000490326764705883
61,0.00049396,1553652000,0.00049396,0.00049396,0.00049396,0.15644664,7.727e-05,0.00049396,0.0002127033333333197,0.007602693076923085,0.05648089794117643,0.0004939599999999998,0.0004938723076923077,0.0004914041176470595
62,0.00048856,1553659200,0.00049135,0.00048856,0.00049135,20.0,0.00979195,0.00048959,0.0032897399999999868,0.007900325384615393,0.05676138999999997,0.0004921599999999997,0.0004929907692307692,0.0004923579411764713
63,0.00049,1553666400,0.00049,0.00048989,0.00048989,51.33816104,0.02515566,0.00048999,0.011674959999999986,0.009835376153846163,0.05750025470588232,0.0004908399999999998,0.0004922199999999999,0.0004933544117647065
64,0.00048747,1553673600,0.00048995,0.00048589,0.00048995,14.85753988,0.00726005,0.00048864,0.014069219999999986,0.008749436923076932,0.057713785588235256,0.0004886766666666664,0.0004915038461538461,0.000494276470588236
65,0.00048445,1553680800,0.00048839,0.00047828,0.00048839,65.87380364,0.0316784,0.00048089,0.021364703333333318,0.010785275384615394,0.0570632814705882,0.00048730666666666644,0.0004905553846153846,0.0004950297058823537
66,0.00048473,1553688000,0.00048473,0.00047701,0.00048445,238.20665253,0.11404763,0.00047877,0.05099535999999998,0.019168461538461547,0.059409599999999965,0.0004855499999999998,0.0004896553846153845,0.0004957082352941184
67,0.0004865,1553695200,0.0004865,0.00048595,0.00048595,0.74376147,0.00036171,0.00048633,0.04869591333333331,0.015315051538461546,0.0524877708823529,0.00048522666666666643,0.0004894961538461538,0.0004962435294117655
68,0.00048605,1553702400,0.00048828,0.00048152,0.00048595,24.60403254,0.0119533,0.00048582,0.04212087999999998,0.01620828461538462,0.04850292235294114,0.0004857599999999998,0.0004891615384615384,0.0004964338235294125
69,0.00048741,1553709600,0.00048746,0.000486,0.000486,10.08766506,0.00490722,0.00048645,0.005740743333333312,0.016561137692307697,0.023052077352941142,0.0004866533333333331,0.0004890723076923076,0.0004958732352941185
70,0.00048304,1553716800,0.00049048,0.00048153,0.00048747,87.59619548,0.04272493,0.00048774,0.019861816666666646,0.019609447692307696,0.02379944764705879,0.0004854999999999998,0.0004885753846153846,0.0004951841176470597
71,0.00048967,1553724000,0.00048967,0.00048305,0.00048473,25.38429148,0.01240649,0.00048874,0.02001287999999998,0.020071188461538467,0.0234422864705882,0.0004867066666666665,0.0004884430769230769,0.0004944479411764715
72,0.00048967,1553731200,0.00048967,0.00048967,0.00048967,0.0,0.0,0.00048967,0.018377139999999976,0.020028046923076928,0.023048077352941142,0.00048745999999999984,0.0004881130769230769,0.0004940055882352952
73,0.00049396,1553738400,0.00049582,0.00048966,0.00048966,29.95277973,0.01473829,0.00049205,0.009048259999999976,0.02116176153846154,0.023363077058823494,0.0004910999999999998,0.0004881130769230769,0.0004936082352941187
74,0.00048966,1553745600,0.00049531,0.00048966,0.00049531,73.95016911,0.03631847,0.00049112,0.017018919999999976,0.023949546153846153,0.021499868823529375,0.0004910966666666665,0.0004877823076923077,0.0004928617647058834
75,0.00050606,1553752800,0.00050606,0.00049216,0.00049216,554.31935879,0.27739594,0.00050042,0.1094842333333333,0.04453446846153846,0.029488198823529377,0.0004965599999999998,0.0004891284615384616,0.0004927620588235304
76,0.0005101,1553760000,0.0005101,0.00050606,0.00050609,7.2268925,0.00366971,0.00050778,0.10579470666666664,0.04288170307692308,0.027819170882352907,0.0005019399999999999,0.0004906746153846154,0.0004930585294117656
77,0.0005101,1553767200,0.00051023,0.0005101,0.00051022,10.31929122,0.00526504,0.00051021,0.09544356333333331,0.04272824076923078,0.021236971176470557,0.0005087533333333332,0.0004924153846153846,0.000493355294117648
78,0.0005101,1553774400,0.00051086,0.0005101,0.00051011,14.53262119,0.00741356,0.00051013,0.0054494366666666405,0.04086171461538463,0.020882943529411734,0.0005100999999999999,0.0004943884615384616,0.0004937532352941185
79,0.0005104,1553781600,0.00051313,0.0005101,0.0005101,57.63712349,0.02952363,0.00051223,0.014067409999999973,0.034359868461538476,0.021751285588235265,0.0005101999999999998,0.0004963630769230771,0.0004941600000000009
80,0.00051082,1553788800,0.00051313,0.0005106,0.00051198,7.04213679,0.00360507,0.00051192,0.01351408666666664,0.034609357692307705,0.0218573170588235,0.0005104399999999999,0.0004982338461538463,0.0004945791176470597
81,0.0005101,1553796000,0.00051198,0.0005101,0.00051083,17.44552412,0.00890108,0.00051022,0.01400992666666664,0.03437457153846155,0.02211586617647056,0.0005104399999999999,0.0005000838461538463,0.0004949767647058832
82,0.000506,1553803200,0.00050885,0.000506,0.00050885,4.99,0.00252872,0.00050675,0.005011623333333306,0.03419161000000001,0.022014172352941147,0.0005089733333333332,0.0005015138461538463,0.0004951526470588244
83,0.00050646,1553810400,0.00050773,0.00050646,0.00050773,49.37992614,0.02500942,0.00050646,0.012146406666666639,0.03282887846153847,0.02257554558823526,0.0005075199999999999,0.0005033153846153848,0.0004953420588235302
84,0.00050646,1553817600,0.00050646,0.00050646,0.00050646,0.0,0.0,0.00050646,0.009179379999999973,0.03187453307692309,0.02257554558823526,0.0005063066666666665,0.0005046069230769233,0.0004955314705882361
85,0.00050868,1553824800,0.00051355,0.00050772,0.00050772,27.10763062,0.01387256,0.00051175,0.012960659999999973,0.03294165307692309,0.02235481911764703,0.0005071999999999999,0.000506069230769231,0.0004958814705882361
86,0.00050919,1553832000,0.00050919,0.00050919,0.00050919,0.98195172,0.00049999,0.00050919,0.004790849999999972,0.03184639923076925,0.022216215882352914,0.0005081099999999999,0.0005072407692307694,0.0004962464705882362
87,0.00051441,1553839200,0.00051988,0.0005097,0.0005097,438.06262014,0.22719616,0.00051863,0.08052290333333331,0.04652929846153848,0.028749449705882325,0.00051076,0.0005091446153846156,0.000496775294117648
88,0.00051243,1553846400,0.00051243,0.00051243,0.00051243,0.21293894,0.00010911,0.00051243,0.07593508666666664,0.02519954230769232,0.027268657647058797,0.0005120099999999999,0.0005096346153846156,0.0004974770588235303
89,0.00051537,1553853600,0.00051537,0.00051294,0.0005146,7.16865781,0.00368265,0.00051371,0.07699597333333331,0.02520053769230771,0.02736693352941174,0.00051407,0.0005100400000000002,0.0004982114705882363
90,0.00051012,1553860800,0.0005139,0.00051012,0.0005139,6.98859007,0.00357691,0.00051182,0.0024562233333333037,0.025070681538461554,0.027462721176470563,0.00051264,0.0005100415384615386,0.000498845294117648
91,0.00051026,1553868000,0.00051026,0.00050872,0.00050975,9.23663507,0.00471204,0.00051014,0.003990533333333304,0.02486287230769232,0.027510225294117625,0.0005119166666666667,0.0005100538461538463,0.0004994558823529421
92,0.00051026,1553875200,0.00051026,0.00051026,0.00051026,25.07584,0.01279519,0.00051026,0.007028046666666637,0.023576069230769246,0.02769820558823527,0.0005102133333333333,0.0005100430769230771,0.000500010882352942
93,0.00051026,1553882400,0.00051026,0.00051026,0.00051026,6.71505882,0.00342642,0.00051026,0.0069778833333333035,0.023562326923076936,0.027782487352941154,0.00051026,0.0005100000000000001,0.0005004902941176478
94,0.00051026,1553889600,0.00051026,0.00051026,0.00051026,1.0,0.00051026,0.00051026,0.00557728999999997,0.02291687923076924,0.027797494999999978,0.00051026,0.0005100123076923078,0.0005009697058823536
95,0.00051026,1553896800,0.00051026,0.00051026,0.00051026,0.0,0.0,0.00051026,0.0013122266666666365,0.02272236230769232,0.027795222352941153,0.00051026,0.0005103400000000002,0.0005014491176470594
96,0.00051181,1553904000,0.00051181,0.00050871,0.00051026,393.87001775,0.20038609,0.00050876,0.06696544999999997,0.036212875384615394,0.03340093235294115,0.0005107766666666666,0.0005107515384615385,0.0005021329411764713
97,0.00051213,1553911200,0.00051389,0.00051181,0.00051181,13.10996006,0.00672109,0.00051267,0.06903572666666663,0.036729882307692314,0.032858739117647036,0.0005113999999999999,0.0005111876923076924,0.0005027838235294123
98,0.0005136,1553918400,0.0005136,0.0005136,0.0005136,0.23364485,0.00011999,0.0005136,0.0690757233333333,0.035671992307692316,0.03264873735294115,0.0005125133333333333,0.0005115661538461539,0.000503552352941177
99,0.0005136,1553925600,0.0005136,0.000512,0.00051213,161.48724157,0.08268192,0.000512,0.02984099999999996,0.04199367923076924,0.03414884088235291,0.0005131099999999999,0.0005119053846153848,0.0005044097058823535
100,0.00051181,1553932800,0.00051213,0.00051181,0.00051213,1.10242359,0.00056431,0.00051188,0.02778873999999996,0.024560460000000013,0.03081109617647056,0.0005130033333333333,0.0005117053846153848,0.0005052061764705888
101,0.00054131,1553940000,0.00057235,0.00051359,0.00051359,2628.19024095,1.42702604,0.00054296,0.50342409,0.1343233007692308,0.07277181176470586,0.0005222400000000001,0.0005139269230769231,0.0005068182352941182
102,0.00054001,1553947200,0.00054499,0.00054001,0.00054107,122.97011436,0.06646959,0.00054053,0.49801998000000003,0.13915306538461542,0.0743752320588235,0.0005310433333333334,0.0005158223076923077,0.0005084052941176477
103,0.00054299,1553954400,0.00059377,0.00054001,0.00054001,894.75146057,0.500463,0.00055933,0.6646528766666667,0.17737507230769234,0.0889504020588235,0.0005414366666666668,0.0005183507692307692,0.0005100400000000007
104,0.00054428,1553961600,0.00054633,0.00054012,0.00054012,65.51193433,0.0354136,0.00054056,0.20078206333333326,0.17973673076923083,0.08873536294117644,0.0005424266666666667,0.0005209676923076923,0.0005118411764705889
105,0.00054429,1553968800,0.00054429,0.00054001,0.00054311,70.61787549,0.03816743,0.00054047,0.19134800999999993,0.18168844153846161,0.08949303764705879,0.0005438533333333334,0.0005235853846153846,0.0005134476470588242
106,0.00054888,1553976000,0.00056873,0.00054001,0.00054156,1566.736666,0.86349915,0.00055114,0.31236005999999994,0.2478478823076924,0.1148900714705882,0.0005458166666666666,0.0005265561538461539,0.0005151891176470594
107,0.00054649,1553983200,0.00055386,0.00054594,0.00055159,26.65710308,0.01467011,0.00055032,0.3054455633333332,0.24893710153846163,0.11488806617647056,0.0005465533333333332,0.0005293430769230769,0.0005167341176470593
108,0.00055075,1553990400,0.00055086,0.00054105,0.00054509,158.68605911,0.08674158,0.00054662,0.3216369466666666,0.2556095307692309,0.11637109882352939,0.0005487066666666666,0.0005324576923076923,0.0005185308823529417
109,0.00054001,1553997600,0.00054804,0.00054001,0.00054804,197.99985721,0.10727749,0.0005418,0.06956305999999997,0.24844733076923087,0.11136761499999999,0.0005457499999999999,0.000534626923076923,0.0005195294117647064
110,0.00053787,1554004800,0.00054258,0.00053787,0.00054001,1559.39899811,0.84206293,0.00053999,0.34536066666666665,0.3127043953846155,0.13602623911764705,0.0005428766666666667,0.0005366069230769231,0.0005203461764705888
111,0.00054041,1554012000,0.00054041,0.0005397,0.0005397,0.59354343,0.00032053,0.00054004,0.31655364999999996,0.3127198215384616,0.13588081235294117,0.00053943,0.0005386692307692307,0.0005212376470588242
112,0.0005386,1554019200,0.00054166,0.00052778,0.00054124,270.20177108,0.14466341,0.00053539,0.3290156233333333,0.31748762846153855,0.1399175726470588,0.0005389599999999999,0.0005405923076923076,0.0005220758823529419
113,0.00053234,1554026400,0.00053859,0.00053065,0.00053859,51.64570523,0.02745658,0.00053163,0.057480173333333294,0.3195562646153847,0.13985677705882352,0.0005371166666666667,0.0005421715384615384,0.0005227211764705889
114,0.00053211,1554033600,0.00053264,0.00053181,0.00053234,1.93648092,0.00103035,0.00053207,0.05771677999999996,0.2098642884615385,0.13978105,0.00053435,0.0005414638461538462,0.0005233473529411771
115,0.0005385,1554040800,0.00053851,0.00052677,0.0005321,347.32664269,0.18573143,0.00053474,0.07140611999999996,0.2190382761538462,0.1449819426470588,0.0005343166666666666,0.0005413476923076924,0.0005241826470588242
116,0.0005385,1554048000,0.0005385,0.0005385,0.0005385,0.0,0.0,0.0005385,0.062253926666666626,0.18054112230769237,0.14490756852941172,0.00053637,0.0005410023076923077,0.0005251385294117654
117,0.0005385,1554055200,0.0005385,0.0005385,0.0005385,7.10004398,0.00382337,0.0005385,0.06318493333333329,0.17811110461538468,0.1442844494117647,0.0005384999999999999,0.0005405576923076923,0.0005260808823529419
118,0.00053589,1554062400,0.00053589,0.00053589,0.00053589,4.23910598,0.00227169,0.00053589,0.0020316866666666156,0.1753498938461539,0.14435126382352936,0.0005376299999999999,0.0005399115384615384,0.0005269464705882361
119,0.00053589,1554069600,0.00053589,0.00053589,0.00053589,0.0,0.0,0.00053589,0.0020316866666666156,0.10892688230769237,0.14394324735294114,0.0005367599999999998,0.0005389123076923076,0.0005277467647058831
120,0.00053289,1554076800,0.0005385,0.00053289,0.00053589,40.68113643,0.02177752,0.00053532,0.008016403333333283,0.10947360615384623,0.14456905705882347,0.0005348899999999998,0.0005378661538461538,0.0005284438235294125
121,0.00053358,1554084000,0.00053705,0.00053047,0.000533,121.9486784,0.06491356,0.0005323,0.028897026666666614,0.10779452769230777,0.13979603941176466,0.0005341199999999998,0.0005365453846153845,0.0005290076470588242
122,0.00053486,1554091200,0.00053612,0.0005327,0.00053411,19.23544311,0.01027168,0.00053399,0.03232091999999995,0.10033254230769238,0.14009493852941168,0.0005337766666666666,0.0005361492307692307,0.0005296673529411772
123,0.00053484,1554098400,0.00053484,0.00053484,0.00053484,7.32538642,0.0039179,0.00053484,0.026367713333333282,0.03585984769230777,0.14010185764705876,0.0005344266666666666,0.0005359161538461538,0.0005302400000000006
124,0.00052821,1554105600,0.00053484,0.00051887,0.00053484,465.72058811,0.24375212,0.00052338,0.08598056666666663,0.05458535461538469,0.14716583441176465,0.0005326366666666666,0.0005349776923076923,0.0005307720588235301
125,0.00051629,1554112800,0.00052873,0.00051128,0.00052821,508.73836874,0.26234038,0.00051566,0.17000346666666663,0.06363742923076932,0.1547431385294117,0.0005264466666666666,0.0005332615384615384,0.0005309494117647066
126,0.00051387,1554120000,0.0005163,0.00051387,0.00051629,76.11597478,0.03921517,0.0005152,0.18176922333333326,0.06454193615384624,0.15552019676470583,0.0005194566666666666,0.0005318407692307691,0.0005310555882352949
127,0.0005251,1554127200,0.00052814,0.00051627,0.00051627,734.68941021,0.38597142,0.00052535,0.22917565666666662,0.09415278769230778,0.16677152029411757,0.00051842,0.0005313015384615385,0.0005314920588235302
128,0.00052046,1554134400,0.00052429,0.00052046,0.00052429,4.52920669,0.00236825,0.00052288,0.14251827999999994,0.08004792769230779,0.16682616705882344,0.00051981,0.0005299138461538461,0.0005317920588235303
129,0.00052114,1554141600,0.00053333,0.0005181,0.00052004,947.29919636,0.50105967,0.00052893,0.2964664466666666,0.11859097923076932,0.1815632161764705,0.0005222333333333335,0.0005285784615384616,0.0005321120588235303
130,0.00053418,1554148800,0.00054103,0.00051706,0.00052046,694.5368199,0.3681653,0.00053008,0.2905310733333333,0.14661728153846162,0.18649789882352932,0.00052526,0.0005282461538461538,0.0005327700000000009
131,0.00053124,1554156000,0.00053655,0.00053124,0.00053655,4.25404372,0.00227181,0.00053403,0.2904989266666666,0.14661729076923086,0.18636703764705875,0.0005288533333333334,0.0005278884615384615,0.0005333320588235302
132,0.00053404,1554163200,0.00053558,0.00052144,0.00053062,55.8176678,0.02966904,0.00053153,0.13336871666666664,0.1488995246153847,0.1872361273529411,0.0005331533333333335,0.0005277461538461539,0.0005339332352941185
133,0.00053224,1554170400,0.00053683,0.00053224,0.00053462,8.37015026,0.00447911,0.00053512,0.012139986666666658,0.14756887769230775,0.1849360447058823,0.0005325066666666667,0.0005276961538461538,0.0005344814705882361
134,0.00051606,1554177600,0.00053426,0.00051387,0.00053426,152.47896184,0.07904746,0.00051841,0.037731869999999994,0.14865610076923083,0.18724437264705876,0.0005274466666666667,0.0005263484615384616,0.000534606470588236
135,0.00051221,1554184800,0.00051544,0.00051221,0.00051458,6.00790218,0.00308467,0.00051343,0.028870413333333327,0.14810325384615391,0.14536374411764696,0.00052017,0.0005246061538461539,0.0005337505882352948
136,0.00049601,1554192000,0.00051427,0.00049601,0.00051412,176.74042305,0.08897267,0.0005034,0.05703493333333332,0.15464592846153855,0.14602559941176466,0.0005080933333333333,0.0005216192307692308,0.0005324564705882361
137,0.00049927,1554199200,0.00051031,0.00049837,0.00049837,273.08036832,0.13787955,0.0005049,0.07664562999999998,0.14650188461538471,0.1353613802941176,0.0005024966666666666,0.0005193930769230769,0.0005311705882352949
138,0.00049589,1554206400,0.00050113,0.00048577,0.00049919,322.1312951,0.15816348,0.00049099,0.12833856666666665,0.13848827692307702,0.13897167088235288,0.0004970566666666667,0.0005178238461538461,0.0005297473529411772
139,0.00048992,1554213600,0.00050063,0.00048469,0.00049589,899.66029064,0.44665582,0.00049647,0.24756628333333333,0.1698298653846155,0.1509860352941176,0.0004950266666666667,0.0005159815384615385,0.0005281482352941184
140,0.00048576,1554220800,0.00050053,0.00048569,0.00048871,234.32214174,0.11572475,0.00049387,0.24018135000000004,0.14904166000000013,0.12899267058823524,0.0004905233333333334,0.0005129553846153846,0.000526291764705883
141,0.00049975,1554228000,0.00049975,0.00048866,0.00048866,92.58220649,0.0455824,0.00049234,0.20265432333333336,0.15236582538461552,0.12990185558823525,0.0004918100000000001,0.0005113623076923077,0.00052491705882353
142,0.00049781,1554235200,0.00050975,0.0004798,0.00049782,607.09747075,0.29889753,0.00049233,0.15340156000000002,0.13681489153846166,0.13614173647058816,0.0004944400000000001,0.0005095676923076923,0.0005233600000000007
143,0.00049115,1554242400,0.00050113,0.0004875,0.00049781,59.19238713,0.02898866,0.00048973,0.12448953000000003,0.11072438076923088,0.13383912382352933,0.0004962366666666668,0.0005062576923076924,0.0005219229411764713
144,0.00049397,1554249600,0.000497,0.00049195,0.0004929,7.70877486,0.00381129,0.00049441,0.1105658266666667,0.11084280230769242,0.10918466382352932,0.0004943100000000002,0.0005033907692307694,0.0005206317647058831
145,0.00049446,1554256800,0.00049446,0.00049396,0.00049396,10.11805657,0.00500268,0.00049443,0.012600876666666686,0.10894539000000013,0.10932237411764696,0.0004931933333333335,0.000500346153846154,0.0005192802941176477
146,0.00049199,1554264000,0.00049199,0.00049196,0.00049196,0.88559277,0.00043568,0.00049197,0.003083216666666687,0.10863435692307706,0.10508038205882342,0.0004934733333333335,0.0004972500000000002,0.0005179094117647065
147,0.00049444,1554271200,0.00049445,0.00049444,0.00049445,0.49835303,0.0002464,0.00049444,0.0018949200000000204,0.10257273692307706,0.10428008264705872,0.0004936300000000002,0.0004955869230769232,0.0005167947058823535
148,0.00049938,1554278400,0.00049938,0.00049442,0.00049442,57.28561857,0.02833778,0.00049467,0.009673286666666687,0.10451528384615398,0.10508324235294107,0.0004952700000000002,0.0004946000000000001,0.0005158320588235301
149,0.00049407,1554285600,0.00050975,0.00049399,0.00049993,303.19295903,0.15258828,0.00050327,0.06039082000000002,0.10940879230769245,0.1041084438235293,0.0004959633333333336,0.0004944507692307694,0.0005145252941176477
150,0.00052,1554292800,0.000531,0.00049664,0.00049664,369.29398644,0.19408469,0.00052555,0.12500358333333336,0.11373226461538474,0.10981681705882342,0.0005044833333333336,0.0004960453846153847,0.0005139811764705888
151,0.0005344,1554300000,0.0005344,0.00051554,0.00052,83.13987005,0.04331947,0.00052104,0.12999748000000003,0.10489811000000013,0.11097846705882342,0.0005161566666666669,0.0004990076923076924,0.0005138605882352947
152,0.000533,1554307200,0.00053568,0.0005282,0.00053284,88.22357523,0.04703188,0.00053309,0.09481201333333338,0.07415780692307705,0.112294943235294,0.0005291333333333337,0.0005023215384615386,0.0005137755882352946
153,0.000533,1554314400,0.000533,0.000533,0.000533,380.9946909,0.20307017,0.000533,0.09780717333333337,0.08087668538461551,0.11826759529411754,0.000533466666666667,0.0005059553846153848,0.0005136905882352946
154,0.0005266,1554321600,0.00053879,0.00052104,0.00053455,124.53306801,0.06573966,0.00052788,0.10528057000000002,0.08242724384615396,0.11956059941176461,0.0005308666666666669,0.0005080207692307694,0.0005135055882352945
155,0.00053442,1554328800,0.00053938,0.0005204,0.00052816,545.88666322,0.29173626,0.00053442,0.1868486966666667,0.08187637692307703,0.12623185529411757,0.0005313400000000003,0.0005108369230769232,0.0005135302941176476
156,0.00053284,1554336000,0.00053703,0.00053284,0.00053569,8.17161726,0.00438522,0.00053664,0.12062038000000003,0.07998380461538473,0.12605872411764696,0.0005312866666666669,0.0005140438461538463,0.0005134708823529416
157,0.00052838,1554343200,0.00053743,0.00052838,0.00053519,64.59645532,0.03462056,0.00053595,0.11024734666666669,0.08235374846153858,0.12696174352941167,0.0005318800000000003,0.0005166907692307693,0.0005132808823529414
158,0.00053,1554350400,0.00053,0.00052938,0.00052938,122.52562529,0.06493763,0.00052999,0.03464780333333334,0.08696412923076934,0.12170249382352931,0.000530406666666667,0.0005194246153846155,0.0005133335294117649
159,0.00052818,1554357600,0.00053,0.00052818,0.00052838,119.92574932,0.06355735,0.00052997,0.054371846666666675,0.0918196423076924,0.11585593411764696,0.0005288533333333337,0.0005222084615384616,0.0005136832352941179
160,0.00052263,1554364800,0.0005266,0.00052263,0.0005266,5.02613892,0.00263528,0.00052431,0.043710086666666675,0.09200340230769241,0.1147800549999999,0.0005269366666666671,0.0005243769230769232,0.0005139408823529414
161,0.00052059,1554372000,0.00052527,0.00051689,0.00052264,56.97041654,0.02949522,0.00051772,0.031895950000000006,0.09209243615384627,0.10429546088235284,0.0005238000000000005,0.0005260084615384615,0.0005138082352941179
162,0.00053832,1554379200,0.00055,0.00050748,0.00052059,604.75026251,0.31940305,0.00052815,0.11717785000000001,0.10492434153846165,0.1136200138235293,0.0005271800000000005,0.0005294123076923078,0.0005143335294117649
163,0.00055827,1554386400,0.00055827,0.00053367,0.0005382,273.30027425,0.14942566,0.00054674,0.16610797666666666,0.10148903153846164,0.10327783705882343,0.0005390600000000005,0.0005323561538461539,0.0005154255882352944
164,0.00053971,1554393600,0.00055717,0.00053971,0.00054381,19.97678881,0.01101509,0.00055139,0.15994793333333332,0.09900407923076934,0.09277341911764696,0.0005454333333333338,0.0005327646153846154,0.0005155882352941178
165,0.00054079,1554400800,0.00054173,0.00053969,0.0005408,11.98313529,0.0064785,0.00054063,0.05563974999999999,0.09588458846153856,0.09289714529411755,0.000546256666666667,0.0005333638461538462,0.000515869117647059
166,0.00054774,1554408000,0.00055715,0.00054079,0.00054079,20.3164312,0.01111872,0.00054727,0.009537436666666657,0.08111909230769242,0.09235154764705873,0.0005427466666666671,0.0005344976923076923,0.0005162720588235297
167,0.0005399,1554415200,0.00054703,0.0005399,0.00054703,9.58973487,0.00520959,0.00054324,0.007602269999999992,0.07646293307692319,0.09237303235294109,0.0005428100000000003,0.0005355207692307692,0.0005164973529411767
168,0.00053569,1554422400,0.00054203,0.00052906,0.0005399,37.65719825,0.0201043,0.00053387,0.012144203333333325,0.05556816692307705,0.0906394099999999,0.0005411100000000004,0.0005356184615384616,0.0005170747058823532
169,0.00053569,1554429600,0.00053569,0.00053569,0.00053569,0.0,0.0,0.00053569,0.008437963333333326,0.055230842307692436,0.09054868441176461,0.0005370933333333337,0.0005358376923076923,0.0005177652941176473
170,0.00052219,1554436800,0.00053569,0.00052209,0.00053569,178.14861657,0.09320412,0.00052318,0.037769473333333324,0.05973727000000013,0.09067313882352933,0.0005311900000000004,0.0005353615384615384,0.0005185352941176472
171,0.00052193,1554444000,0.00052206,0.00052193,0.00052206,6.2511798,0.00326289,0.00052196,0.03215567,0.05499305923076936,0.08671382529411756,0.0005266033333333336,0.0005347407692307693,0.0005192017647058826
172,0.00051206,1554451200,0.00052192,0.0005075,0.00052192,158.32743702,0.08122444,0.00051301,0.05923048333333333,0.05635206615384628,0.0844509123529411,0.0005187266666666669,0.0005335007692307693,0.0005196773529411768
173,0.0005192,1554458400,0.0005192,0.00051155,0.00051155,16.2635012,0.0083775,0.00051511,0.03095494333333333,0.05679377538461551,0.07156037352941168,0.0005177300000000002,0.0005332369230769231,0.0005205385294117649
174,0.00051795,1554465600,0.00052033,0.00051511,0.00051972,79.19623645,0.04114979,0.00051959,0.04358391,0.05769028076923089,0.06936699235294108,0.0005164033333333336,0.0005330338461538461,0.0005214852941176474
175,0.00052328,1554472800,0.00052339,0.00051795,0.00051847,172.06902456,0.08988512,0.00052237,0.04647080333333333,0.040035055384615506,0.07067001352941168,0.0005201433333333337,0.0005318769230769231,0.0005221773529411768
176,0.0005174,1554480000,0.00052071,0.00051511,0.00052071,39.00900375,0.02025741,0.0005193,0.050430773333333324,0.03009903615384628,0.06247471588235286,0.0005195433333333336,0.000528733076923077,0.000522753529411765
177,0.00052071,1554487200,0.00052072,0.00051689,0.0005192,33.30197296,0.01733738,0.00052061,0.042493303333333336,0.03058536615384628,0.0621320311764705,0.0005204633333333336,0.0005272715384615385,0.0005236229411764709
178,0.0005205,1554494400,0.00052072,0.00051689,0.00051689,133.36075679,0.06941683,0.00052051,0.03567054000000001,0.035426776153846276,0.06406160588235287,0.0005195366666666669,0.0005257107692307693,0.0005244032352941181
179,0.00051511,1554501600,0.0005205,0.00051511,0.0005205,30.16873455,0.01557699,0.00051632,0.034110400000000006,0.03576972000000012,0.06437261499999992,0.0005187733333333336,0.0005232007692307693,0.0005250105882352945
180,0.00051211,1554508800,0.00051563,0.00050801,0.00051563,25.12555229,0.01283422,0.0005108,0.03260934666666667,0.03635623000000013,0.0647372779411764,0.000515906666666667,0.000521063076923077,0.0005256023529411768
181,0.00051241,1554516000,0.00051241,0.00051241,0.00051241,0.21677496,0.00011107,0.00051241,0.009507426666666674,0.03481828923076936,0.06473329764705875,0.0005132100000000004,0.0005192723076923078,0.0005261308823529416
182,0.00056595,1554523200,0.00057215,0.00051242,0.00051242,2196.02425052,1.2212648,0.00055612,0.4114033633333333,0.1287617353846155,0.09981938647058816,0.000530156666666667,0.0005216000000000001,0.0005280888235294121
183,0.000553,1554530400,0.00056385,0.00054863,0.00056385,238.75515944,0.13267187,0.00055568,0.45134924666666665,0.13179771615384628,0.09923360970588227,0.000543786666666667,0.0005239700000000001,0.0005298220588235298
184,0.000553,1554537600,0.000553,0.00055299,0.00055299,81.03037044,0.04480962,0.00055299,0.46624876333333337,0.1349936184615386,0.09484316647058816,0.000557316666666667,0.00052636,0.000530792647058824
185,0.00055308,1554544800,0.0005598,0.00055308,0.00055308,75.45989846,0.04213226,0.00055833,0.07320458333333339,0.13198652769230781,0.09480824852941168,0.000553026666666667,0.0005295153846153846,0.0005313420588235299
186,0.00055307,1554552000,0.00055307,0.00055307,0.00055307,45.61339192,0.02522739,0.00055307,0.03738975666666672,0.1332826730769232,0.09416693999999992,0.0005530500000000004,0.0005321207692307692,0.000531932352941177
187,0.00054414,1554559200,0.00055299,0.00054414,0.00055299,131.5303558,0.07238779,0.00055035,0.04658248000000006,0.1356855961538463,0.09032334058823521,0.000550096666666667,0.0005341353846153847,0.0005322600000000005
188,0.0005399,1554566400,0.00054414,0.0005399,0.00054414,54.83294991,0.02965535,0.00054083,0.04242351000000005,0.13105253692307708,0.08926203735294108,0.0005457033333333335,0.0005354138461538462,0.0005326511764705888
189,0.00054414,1554573600,0.00054414,0.00054038,0.00054038,2.05388487,0.00111373,0.00054225,0.034385623333333386,0.1295799461538463,0.08071431588235285,0.000542726666666667,0.0005374707692307693,0.0005329370588235299
190,0.00054038,1554580800,0.00054205,0.00054009,0.00054205,46.72995321,0.02531057,0.00054163,0.01869321666666672,0.1301932684615386,0.08132976735294108,0.0005414733333333336,0.0005389838461538462,0.0005331588235294122
191,0.00054276,1554588000,0.00054276,0.00054276,0.00054276,0.20311745,0.00011024,0.00054276,0.00884484666666672,0.12486199230769245,0.08031475794117637,0.000542426666666667,0.0005406961538461539,0.0005335817647058828
192,0.00054196,1554595200,0.00054276,0.0005399,0.00054276,11.12216665,0.00600776,0.00054016,0.010476190000000052,0.12412589769230783,0.07858152647058814,0.0005417000000000003,0.0005427615384615386,0.0005339335294117653
193,0.00054009,1554602400,0.00054009,0.00054009,0.00054009,1.9571544,0.00105703,0.00054009,0.0023916766666667185,0.12321996000000013,0.0767432817647058,0.0005416033333333336,0.0005449138461538463,0.0005342838235294123
194,0.00054951,1554609600,0.00054951,0.00054195,0.00054195,87.15077523,0.04744451,0.00054439,0.018169766666666722,0.12686099384615399,0.07806120029411756,0.0005438533333333337,0.0005477676923076925,0.0005350744117647065
195,0.00054559,1554616800,0.00054745,0.00054559,0.00054745,2.12151817,0.00116001,0.00054678,0.016553850000000054,0.03300677923076937,0.0772278117647058,0.0005450633333333336,0.0005462015384615387,0.0005358097058823534
196,0.00054744,1554624000,0.00054744,0.00054744,0.00054744,0.2192021,0.00011999,0.00054744,0.01624150333333339,0.02281048076923091,0.06783713352941169,0.0005475133333333336,0.0005457738461538464,0.0005360779411764711
197,0.00054558,1554631200,0.00054561,0.00054558,0.00054561,50.01068204,0.02728627,0.0005456,0.009522090000000054,0.021462530769230912,0.06424479852941169,0.0005462033333333336,0.0005452030769230772,0.0005357047058823535
198,0.00054342,1554638400,0.00054448,0.00054342,0.00054448,1.7795503,0.00096737,0.0005436,0.00945787666666672,0.01829600076923091,0.0639492773529411,0.0005454800000000002,0.0005444600000000003,0.0005358138235294123
199,0.0005354,1554645600,0.00054199,0.00053095,0.00054199,452.36484434,0.24233765,0.00053571,0.09019709666666671,0.03499679000000014,0.07088631117647051,0.000541466666666667,0.0005431007692307695,0.0005356552941176476
200,0.00053614,1554652800,0.00053777,0.0005356,0.00053627,30.78830119,0.01653638,0.00053709,0.08661380000000006,0.030700527692307834,0.07104565411764699,0.0005383200000000002,0.0005424853846153849,0.0005353141176470594
201,0.00053541,1554660000,0.00053541,0.00053541,0.00053541,3.53810944,0.00189433,0.00053541,0.08692278666666671,0.028565064615384755,0.07094814647058816,0.0005356500000000003,0.0005421400000000002,0.00053518205882353
202,0.00053541,1554667200,0.00053541,0.0005352,0.00053541,15.35073518,0.00821869,0.00053539,0.008883133333333376,0.02911160000000014,0.07059856970588228,0.0005356533333333337,0.0005414684615384618,0.0005351738235294123
203,0.00053521,1554674400,0.00053541,0.00053521,0.00053541,3.16025745,0.00169177,0.00053532,0.003934930000000042,0.02729476923076937,0.07064832764705875,0.0005353433333333337,0.0005410707692307695,0.0005351597058823537
204,0.00052873,1554681600,0.00053521,0.00052183,0.00053521,144.39966394,0.0758572,0.00052532,0.028589220000000044,0.033121458461538605,0.07013812411764699,0.000533116666666667,0.0005399915384615387,0.0005353520588235301
205,0.00053026,1554688800,0.00053026,0.00052973,0.00052973,3.56710087,0.00189129,0.0005302,0.02648008666666671,0.032804806923077065,0.07009778294117641,0.0005314000000000003,0.0005390915384615387,0.0005355970588235302
206,0.00053022,1554696000,0.00053022,0.00052973,0.00052973,4.48165919,0.00237441,0.0005298,0.02670763333333338,0.032906143846153986,0.06777866441176464,0.000529736666666667,0.0005383323076923079,0.000536131176470589
207,0.000533,1554703200,0.00053521,0.00053087,0.00053087,22.70385731,0.01210474,0.00053315,0.00545681333333338,0.030187700000000144,0.067888289117647,0.0005311600000000004,0.000537062307692308,0.0005365370588235302
208,0.000533,1554710400,0.000533,0.000533,0.000533,0.0,0.0,0.000533,0.004826383333333379,0.030098468461538606,0.06667800117647052,0.0005320733333333337,0.0005360938461538464,0.0005369797058823536
209,0.00053216,1554717600,0.00053216,0.00053162,0.00053162,0.7370402,0.00039199,0.00053185,0.004165576666666713,0.03011939153846168,0.06404585029411758,0.0005327200000000003,0.0005349184615384619,0.0005372408823529418
210,0.00053216,1554724800,0.00053216,0.00053216,0.00053216,0.0,0.0,0.00053216,0.0001306633333333796,0.028020447692307833,0.06345004411764699,0.0005324400000000002,0.0005338861538461541,0.0005376750000000006
211,0.00053353,1554732000,0.00053521,0.000533,0.00053506,47.49025188,0.02538644,0.00053456,0.008592810000000046,0.029898837692307834,0.06368678117647052,0.0005326166666666668,0.0005331253846153849,0.00053805205882353
212,0.00053332,1554739200,0.00053753,0.00053117,0.00053506,76.05652269,0.04073611,0.0005356,0.022040850000000046,0.014391026923077064,0.06284323058823522,0.0005330033333333335,0.0005329653846153849,0.0005384291176470595
213,0.00053332,1554746400,0.00053332,0.00053332,0.00053332,0.0,0.0,0.00053332,0.022040850000000046,0.013118997692307835,0.062385083823529336,0.0005333900000000002,0.0005327484615384618,0.0005389647058823536
214,0.00053332,1554753600,0.00053332,0.00053332,0.00053332,0.56251406,0.00029999,0.00053332,0.013678700000000049,0.012996356153846296,0.06201642999999993,0.0005333200000000002,0.0005325876923076927,0.0005395885294117654
215,0.00052554,1554760800,0.00053171,0.00051957,0.00053171,97.34870622,0.0509006,0.00052286,0.017066863333333383,0.01627958000000014,0.06351023970588228,0.0005307266666666669,0.0005318284615384619,0.0005399747058823537
216,0.00052348,1554768000,0.00052618,0.00052348,0.00052554,0.4967446,0.00026066,0.00052475,0.01715375000000005,0.016169494615384757,0.02759835323529404,0.0005274466666666671,0.0005309261538461541,0.0005387255882352949
217,0.00051386,1554775200,0.00052403,0.00050404,0.00052403,756.52908506,0.384115,0.00050773,0.1450920866666667,0.039881633076923224,0.034993739411764625,0.0005209600000000004,0.000529782307692308,0.0005375744117647066
218,0.00051752,1554782400,0.00051752,0.00051386,0.00051386,467.23127292,0.24166193,0.00051722,0.2086791966666667,0.05832552846153861,0.040783513235294035,0.000518286666666667,0.0005288023076923079,0.0005365308823529419
219,0.00051641,1554789600,0.00051752,0.00051641,0.00051752,6.14437176,0.00317324,0.00051644,0.2096500566666667,0.058386976923077066,0.03963765970588227,0.0005159300000000005,0.0005277400000000003,0.0005354523529411771
220,0.00050618,1554796800,0.00051641,0.00050336,0.00051641,524.13297077,0.26456836,0.00050477,0.16980117666666672,0.07780725538461551,0.046677099999999916,0.0005133700000000004,0.0005256769230769234,0.0005340732352941182
221,0.00049341,1554804000,0.00050618,0.00048507,0.00050618,449.08631772,0.22054531,0.00049109,0.16276230333333339,0.09477227923076938,0.05103467411764697,0.0005053333333333338,0.0005226315384615388,0.0005325811764705889
222,0.00050616,1554811200,0.00050617,0.00049543,0.00049543,293.55912719,0.14836533,0.0005054,0.21115966666666672,0.10615484384615399,0.05452614411764697,0.000501916666666667,0.0005206315384615387,0.0005315888235294124
223,0.00052811,1554818400,0.00053042,0.00048729,0.00050331,783.82182837,0.40153988,0.00051228,0.2568168400000001,0.13704252692307708,0.06630338382352931,0.0005092266666666671,0.0005203200000000002,0.0005311173529411772
224,0.0005034,1554825600,0.00053367,0.00050337,0.0005266,304.87414954,0.15707948,0.00051522,0.2356615633333334,0.14717276076923091,0.07017893999999991,0.000512556666666667,0.000518002307692308,0.0005300297058823537
225,0.00050003,1554832800,0.00050381,0.00050003,0.00050331,12.37472838,0.00620096,0.00050109,0.1882734400000001,0.1445162107692309,0.07035807882352932,0.0005105133333333337,0.0005154415384615388,0.0005287729411764712
226,0.00050254,1554840000,0.00050254,0.00049994,0.00049994,5.9388816,0.00297379,0.00050073,0.05541807666666674,0.14474496384615398,0.07026884441176462,0.0005019900000000003,0.0005130738461538464,0.0005276135294117653
227,0.00050014,1554847200,0.00050254,0.00050014,0.00050254,3.5,0.00175875,0.0005025,0.0036445000000000782,0.1448571761538463,0.07028948323529402,0.0005009033333333337,0.0005105215384615387,0.0005264385294117654
228,0.00050266,1554854400,0.00050266,0.00050255,0.00050255,8.56179768,0.00430294,0.00050257,0.003011826666666745,0.1412727407692309,0.06902061352941168,0.0005017800000000004,0.0005087615384615387,0.0005250605882352947
229,0.00050265,1554861600,0.00050265,0.00050265,0.00050265,3.99440571,0.00200778,0.00050265,0.0026898233333334117,0.14140713461538476,0.06904554794117637,0.0005018166666666671,0.0005071592307692312,0.0005237976470588242
230,0.00049546,1554868800,0.00050256,0.00049025,0.00050256,234.46459774,0.11760885,0.0005016,0.04130652333333341,0.12090666153846169,0.07250110264705872,0.000500256666666667,0.0005057438461538465,0.0005222688235294124
231,0.00049189,1554876000,0.00049347,0.00049189,0.00049347,3.6250552,0.00178613,0.00049271,0.04046758666666674,0.10245467692307707,0.07175109852941168,0.0004966666666666671,0.000503772307692308,0.0005206897058823535
232,0.0004922,1554883200,0.0004933,0.0004922,0.0004933,11.80565859,0.00581112,0.00049223,0.041735366666666746,0.10265759076923092,0.0718935617647058,0.0004931833333333338,0.0005019100000000003,0.0005191832352941183
233,0.00049548,1554890400,0.00049548,0.0004952,0.0004952,538.92342813,0.26688539,0.00049521,0.09149421333333341,0.102835823846154,0.07261555411764697,0.0004931900000000004,0.0005010869230769234,0.0005180091176470595
234,0.00050192,1554897600,0.00050192,0.00049683,0.00049683,5.04622978,0.00252173,0.00049972,0.09173941333333341,0.0860647792307694,0.07220335852941169,0.0004965333333333337,0.0005017415384615388,0.0005170026470588242
235,0.000502,1554904800,0.000502,0.000502,0.000502,468.86234198,0.23536889,0.000502,0.16825867000000008,0.09275736076923093,0.07907025735294111,0.0004998000000000003,0.0005014215384615388,0.0005160200000000006
236,0.000502,1554912000,0.00050381,0.000502,0.000502,64.35197037,0.03231532,0.00050216,0.09006864666666677,0.06435547153846169,0.07977898176470581,0.0005019733333333337,0.0004994130769230772,0.000515037352941177
237,0.00050498,1554919200,0.00050536,0.00050201,0.00050201,149.38044792,0.07502151,0.00050221,0.11423524000000011,0.058043320000000155,0.08193573882352935,0.0005029933333333337,0.0004995346153846157,0.0005141482352941181
238,0.00052004,1554926400,0.00053586,0.00050201,0.00050498,770.94237037,0.40583349,0.00052641,0.17105677333333347,0.08878428384615401,0.09164092382352934,0.0005090066666666671,0.0005010738461538464,0.000513892647058824
239,0.00050816,1554933600,0.00052066,0.00050809,0.00052004,48.9907927,0.02506271,0.00051158,0.1686392366666668,0.09048343153846171,0.09232243617647051,0.0005110600000000006,0.0005015061538461541,0.000513242647058824
240,0.00048678,1554940800,0.00050746,0.00048451,0.00050746,394.4689863,0.19684589,0.00049901,0.20924736333333346,0.10549013461538478,0.09804218558823523,0.0005049933333333339,0.0005004784615384618,0.0005119650000000004
241,0.00046923,1554948000,0.00048451,0.0004647,0.00048451,426.822836,0.20183141,0.00047286,0.14124667000000013,0.12068463230769247,0.10362238176470583,0.0004880566666666673,0.0004979069230769234,0.0005100894117647063
242,0.00051683,1554955200,0.00052999,0.00046856,0.00046856,427.19879951,0.21508336,0.00050347,0.20458688666666677,0.1370750615384617,0.10994836294117641,0.0004909466666666672,0.0004989976923076926,0.0005096138235294122
243,0.00046967,1554962400,0.00051503,0.00046967,0.00051503,434.3640403,0.21091798,0.00048557,0.20927758333333346,0.14425268692307708,0.11614030382352936,0.00048524333333333387,0.0004970138461538465,0.0005077758823529416
244,0.00046328,1554969600,0.0004745,0.00046002,0.00047287,135.86303522,0.06283987,0.00046252,0.16294707000000014,0.14894912846153863,0.11798853529411758,0.00048326000000000055,0.0004948130769230773,0.0005057500000000003
245,0.00046578,1554976800,0.00047641,0.00046112,0.00046442,275.42922224,0.12755218,0.0004631,0.13377001000000013,0.15831382538461553,0.12099340999999995,0.0004662433333333339,0.0004927807692307695,0.0005037573529411768
246,0.00042433,1554984000,0.00046579,0.00041589,0.00046579,4431.68032793,1.92775049,0.00043499,0.7060475133333335,0.2860726792307694,0.17649383294117643,0.0004511300000000006,0.0004873076923076926,0.0005005517647058827
247,0.00041322,1554991200,0.00042434,0.00041322,0.00042433,536.68022069,0.22616249,0.00042141,0.7604883866666668,0.3032758146153848,0.1831456708823529,0.00043444333333333393,0.00048048461538461565,0.0004970194117647061
248,0.00042434,1554998400,0.00042434,0.00041266,0.00042429,400.55001341,0.16779234,0.0004189,0.7739017733333337,0.29807761846153863,0.18807191647058819,0.0004206300000000006,0.00047451076923076945,0.0004938141176470591
249,0.00042825,1555005600,0.00042825,0.00041265,0.00042433,815.51143224,0.34255677,0.00042005,0.2455038666666669,0.32194234538461547,0.196650039117647,0.00042193666666666727,0.00046883769230769256,0.0004909526470588237
250,0.00041471,1555012800,0.0004279,0.00032,0.00042575,5308.4930176,2.0777768,0.0003914,0.8627086366666669,0.47600044461538477,0.25775345499999996,0.0004224333333333339,0.0004618938461538463,0.0004877535294117649
251,0.00039587,1555020000,0.00042132,0.00031975,0.00041378,3022.74977569,1.15146628,0.00038093,1.1905999500000002,0.5333568130769233,0.2803226102941176,0.0004129433333333339,0.00045234230769230783,0.0004842832352941178
252,0.00039,1555027200,0.00040198,0.00036074,0.00039573,502.06763346,0.19614979,0.00039068,1.1417976233333336,0.5465173576923078,0.27898401794117644,0.0004001933333333339,0.000443253076923077,0.0004805326470588237
