,close,date,high,low,open,quoteVolume,volume,weightedAverage,avg_vol_3,avg_vol_13,avg_vol_34,avg_close_3,avg_close_13,avg_close_34
0,5.44e-06,1553218424,5.44e-06,5.44e-06,5.44e-06,0.0,0.0,5.44e-06,-99999.0,-99999.0,-99999.0,-99999.0,-99999.0,-99999.0
1,5.44e-06,1553220000,5.48e-06,5.44e-06,5.46e-06,11858.44316111,0.06477394,5.46e-06,-99999.0,-99999.0,-99999.0,-99999.0,-99999.0,-99999.0
2,5.44e-06,1553227200,5.51e-06,5.44e-06,5.48e-06,10514.41347161,0.0577194,5.48e-06,0.040831113333333335,-99999.0,-99999.0,5.44e-06,-99999.0,-99999.0
3,5.67e-06,1553234400,5.71e-06,5.44e-06,5.44e-06,153846.55142537,0.85696187,5.57e-06,0.32648507,-99999.0,-99999.0,5.516666666666667e-06,-99999.0,-99999.0
4,5.57e-06,1553241600,5.7e-06,5.55e-06,5.66e-06,50226.39321341,0.28451239,5.66e-06,0.39973122,-99999.0,-99999.0,5.56e-06,-99999.0,-99999.0
5,5.56e-06,1553248800,5.57e-06,5.53e-06,5.57e-06,1410.10079845,0.00782937,5.55e-06,0.38310120999999997,-99999.0,-99999.0,5.600000000000001e-06,-99999.0,-99999.0
6,5.62e-06,1553256000,5.65e-06,5.56e-06,5.56e-06,14924.2526449,0.08409598,5.63e-06,0.12547924666666666,-99999.0,-99999.0,5.583333333333334e-06,-99999.0,-99999.0
7,5.59e-06,1553263200,5.59e-06,5.59e-06,5.59e-06,19.84038282,0.0001109,5.59e-06,0.030678749999999994,-99999.0,-99999.0,5.59e-06,-99999.0,-99999.0
8,5.56e-06,1553270400,5.64e-06,5.56e-06,5.59e-06,32496.92272284,0.18248595,5.61e-06,0.08889761,-99999.0,-99999.0,5.59e-06,-99999.0,-99999.0
9,5.65e-06,1553277600,5.65e-06,5.56e-06,5.56e-06,13938.34220673,0.07769236,5.57e-06,0.08676307,-99999.0,-99999.0,5.6e-06,-99999.0,-99999.0
10,5.59e-06,1553284800,5.65e-06,5.59e-06,5.61e-06,1149.74855098,0.00648166,5.63e-06,0.08888665666666666,-99999.0,-99999.0,5.6e-06,-99999.0,-99999.0
11,5.59e-06,1553292000,5.59e-06,5.59e-06,5.59e-06,0.0,0.0,5.59e-06,0.028058006666666652,-99999.0,-99999.0,5.609999999999999e-06,-99999.0,-99999.0
12,5.67e-06,1553299200,5.71e-06,5.63e-06,5.66e-06,7084.15995089,0.04017058,5.67e-06,0.015550746666666651,0.12791033846153846,-99999.0,5.616666666666666e-06,5.56846153846154e-06,-99999.0
13,5.72e-06,1553306400,5.72e-06,5.65e-06,5.65e-06,293.30147437,0.00166891,5.69e-06,0.013946496666666653,0.12803871615384615,-99999.0,5.659999999999999e-06,5.5900000000000015e-06,-99999.0
14,5.73e-06,1553313600,5.75e-06,5.73e-06,5.73e-06,9673.29561047,0.05543046,5.73e-06,0.03242331666666665,0.12731998692307692,-99999.0,5.7066666666666665e-06,5.612307692307694e-06,-99999.0
15,5.72e-06,1553320800,5.77e-06,5.71e-06,5.77e-06,449.51282518,0.00257403,5.72e-06,0.019891133333333325,0.12307803538461536,-99999.0,5.723333333333333e-06,5.633846153846156e-06,-99999.0
16,5.74e-06,1553328000,5.75e-06,5.73e-06,5.74e-06,17992.14208223,0.10330529,5.74e-06,0.05376992666666666,0.06510445230769228,-99999.0,5.73e-06,5.63923076923077e-06,-99999.0
17,5.78e-06,1553335200,5.78e-06,5.73e-06,5.73e-06,6426.904197,0.03685137,5.73e-06,0.04757689666666667,0.046053604615384595,-99999.0,5.746666666666666e-06,5.655384615384616e-06,-99999.0
18,5.72e-06,1553342400,5.73e-06,5.72e-06,5.72e-06,24259.59404556,0.13895825,5.72e-06,0.09303830333333334,0.056140441538461525,-99999.0,5.746666666666666e-06,5.66769230769231e-06,-99999.0
19,5.69e-06,1553349600,5.69e-06,5.69e-06,5.69e-06,91.92660711,0.00052306,5.69e-06,0.058777560000000006,0.04971175538461537,-99999.0,5.73e-06,5.673076923076924e-06,-99999.0
20,5.85e-06,1553356800,5.85e-06,5.78e-06,5.78e-06,18620.93843034,0.10891698,5.84e-06,0.08279943000000001,0.058081453846153826,-99999.0,5.753333333333334e-06,5.693076923076923e-06,-99999.0
21,5.76e-06,1553364000,5.76e-06,5.75e-06,5.75e-06,52.71643827,0.00030346,5.75e-06,0.03658116666666667,0.044067416153846135,-99999.0,5.766666666666667e-06,5.7084615384615395e-06,-99999.0
22,5.69e-06,1553371200,5.72e-06,5.69e-06,5.72e-06,58.9586933,0.00033662,5.7e-06,0.036519020000000006,0.038116974615384595,-99999.0,5.766666666666667e-06,5.711538461538461e-06,-99999.0
23,5.79e-06,1553378400,5.79e-06,5.78e-06,5.78e-06,138.50388683,0.00080103,5.78e-06,0.00048037000000000313,0.037680003076923055,-99999.0,5.746666666666667e-06,5.726923076923077e-06,-99999.0
24,5.76e-06,1553385600,5.76e-06,5.7e-06,5.71e-06,24732.3046332,0.14117738,5.7e-06,0.04743834333333333,0.04853980153846152,-99999.0,5.746666666666667e-06,5.739999999999999e-06,-99999.0
25,5.72e-06,1553392800,5.72e-06,5.7e-06,5.7e-06,111.29295695,0.00063475,5.7e-06,0.047537719999999985,0.04549858384615383,-99999.0,5.756666666666668e-06,5.743846153846153e-06,-99999.0
26,5.73e-06,1553400000,5.73e-06,5.73e-06,5.73e-06,86.48690637,0.00049556,5.73e-06,0.04743589666666665,0.04540832615384613,-99999.0,5.736666666666668e-06,5.744615384615383e-06,-99999.0
27,5.69e-06,1553407200,5.69e-06,5.69e-06,5.69e-06,226.46696077,0.00128859,5.69e-06,0.0008062999999999912,0.04124356692307691,-99999.0,5.713333333333334e-06,5.741538461538459e-06,-99999.0
28,5.69e-06,1553414400,5.69e-06,5.69e-06,5.69e-06,0.0,0.0,5.69e-06,0.000594716666666658,0.0410455646153846,-99999.0,5.703333333333334e-06,5.739230769230767e-06,-99999.0
29,5.7e-06,1553421600,5.7e-06,5.7e-06,5.7e-06,124.5614035,0.00070999,5.7e-06,0.0006661933333333246,0.03315361846153845,-99999.0,5.6933333333333344e-06,5.736153846153844e-06,-99999.0
30,5.74e-06,1553428800,5.74e-06,5.67e-06,5.7e-06,24067.42570922,0.13722984,5.7e-06,0.04597994333333332,0.04087503923076922,-99999.0,5.71e-06,5.73307692307692e-06,-99999.0
31,5.73e-06,1553436000,5.76e-06,5.73e-06,5.74e-06,6703.40686671,0.03856701,5.75e-06,0.058835613333333314,0.033152636153846136,-99999.0,5.723333333333333e-06,5.73384615384615e-06,-99999.0
32,5.78e-06,1553443200,5.78e-06,5.76e-06,5.76e-06,15552.84294826,0.08958619,5.76e-06,0.08846101333333332,0.040003646153846134,-99999.0,5.75e-06,5.7407692307692285e-06,-99999.0
33,5.81e-06,1553450400,5.81e-06,5.76e-06,5.77e-06,3229.10618674,0.01865761,5.77e-06,0.04893693666666665,0.03306061769230767,0.07473090529411763,5.773333333333334e-06,5.737692307692306e-06,5.6744117647058835e-06
34,5.79e-06,1553457600,5.81e-06,5.77e-06,5.81e-06,2337.13432395,0.01355211,5.79e-06,0.04059863666666665,0.03407974461538459,0.07512949676470587,5.7933333333333335e-06,5.7399999999999976e-06,5.6847058823529425e-06
35,5.79e-06,1553464800,5.79e-06,5.79e-06,5.79e-06,0.0,0.0,5.79e-06,0.010736573333333324,0.034053850769230745,0.07322438088235293,5.796666666666667e-06,5.747692307692306e-06,5.695000000000001e-06
36,5.71e-06,1553472000,5.71e-06,5.7e-06,5.71e-06,1779.78809106,0.01015704,5.7e-06,0.00790304999999999,0.034773543846153825,0.07182548794117648,5.763333333333334e-06,5.741538461538459e-06,5.70294117647059e-06
37,5.71e-06,1553479200,5.74e-06,5.71e-06,5.74e-06,4985.28069686,0.02859661,5.73e-06,0.012917883333333323,0.0261134846153846,0.047461803823529415,5.736666666666668e-06,5.737692307692306e-06,5.704117647058825e-06
38,5.7e-06,1553486400,5.7e-06,5.7e-06,5.7e-06,2210.13709387,0.01259778,5.7e-06,0.01711714333333332,0.027033717692307675,0.03946431529411765,5.706666666666667e-06,5.736153846153844e-06,5.707941176470591e-06
39,5.73e-06,1553493600,5.73e-06,5.68e-06,5.69e-06,2798.64152939,0.01590239,5.68e-06,0.01903225999999999,0.028218858461538446,0.03970175705882353,5.713333333333334e-06,5.736153846153844e-06,5.71294117647059e-06
40,5.69e-06,1553500800,5.71e-06,5.69e-06,5.69e-06,13600.0,0.07738641,5.69e-06,0.03529552666666666,0.03407253692307691,0.039504416764705876,5.706666666666667e-06,5.736153846153844e-06,5.715000000000002e-06
41,5.69e-06,1553508000,5.69e-06,5.69e-06,5.69e-06,5587.24038774,0.03179139,5.69e-06,0.04169339666666666,0.03651802846153845,0.040436195882352935,5.7033333333333335e-06,5.736153846153844e-06,5.7179411764705905e-06
42,5.64e-06,1553515200,5.7e-06,5.62e-06,5.7e-06,4940.22180561,0.02804807,5.67e-06,0.04574195666666667,0.038620957692307674,0.035893905294117644,5.673333333333333e-06,5.731538461538459e-06,5.720294117647062e-06
43,5.6e-06,1553522400,5.65e-06,5.55e-06,5.61e-06,131102.11610998,0.73081329,5.57e-06,0.26355091666666663,0.08428122307692305,0.055103344411764704,5.643333333333334e-06,5.720769230769229e-06,5.718823529411768e-06
44,5.57e-06,1553529600,5.6e-06,5.52e-06,5.59e-06,36056.53889003,0.20031563,5.55e-06,0.3197256633333333,0.09672342461538459,0.06080434352941177,5.6033333333333345e-06,5.708461538461536e-06,5.7182352941176496e-06
45,5.57e-06,1553536800,5.57e-06,5.57e-06,5.57e-06,0.0,0.0,5.57e-06,0.31037630666666666,0.08983217923076922,0.06080434352941177,5.580000000000001e-06,5.69230769230769e-06,5.7176470588235315e-06
46,5.57e-06,1553544000,5.57e-06,5.57e-06,5.57e-06,0.0,0.0,5.57e-06,0.06677187666666666,0.08839697846153845,0.05962285588235295,5.57e-06,5.673846153846152e-06,5.714705882352943e-06
47,5.63e-06,1553551200,5.63e-06,5.6e-06,5.6e-06,630.69826198,0.00354842,5.62e-06,0.0011828066666666563,0.08762746384615383,0.05967813558823531,5.59e-06,5.661538461538459e-06,5.712058823529414e-06
48,5.6e-06,1553558400,5.6e-06,5.58e-06,5.58e-06,260.00217171,0.00145509,5.59e-06,0.0016678366666666564,0.08773939384615384,0.05809062470588237,5.600000000000001e-06,5.646923076923075e-06,5.70823529411765e-06
49,5.54e-06,1553565600,5.6e-06,5.52e-06,5.57e-06,52631.62867328,0.29347305,5.57e-06,0.09949218666666666,0.10953293307692308,0.06664647823529413,5.5900000000000015e-06,5.633846153846152e-06,5.7029411764705915e-06
50,5.52e-06,1553572800,5.55e-06,5.48e-06,5.54e-06,57898.73409711,0.31856279,5.5e-06,0.20449697666666666,0.13183802384615384,0.07297758117647062,5.553333333333336e-06,5.619230769230768e-06,5.6964705882352965e-06
51,5.55e-06,1553580000,5.57e-06,5.55e-06,5.57e-06,12151.4921045,0.06746082,5.55e-06,0.22649888666666665,0.1360582576923077,0.07387785911764709,5.536666666666668e-06,5.607692307692306e-06,5.689705882352944e-06
52,5.56e-06,1553587200,5.58e-06,5.56e-06,5.57e-06,9523.57742224,0.05310906,5.57e-06,0.14637755666666666,0.13892030923076923,0.0713528829411765,5.543333333333335e-06,5.594615384615383e-06,5.685000000000003e-06
53,5.54e-06,1553594400,5.54e-06,5.54e-06,5.54e-06,75.3840648,0.00041762,5.54e-06,0.04032916666666667,0.13299963307692309,0.07134978176470591,5.550000000000002e-06,5.583076923076922e-06,5.68058823529412e-06
54,5.49e-06,1553601600,5.58e-06,5.49e-06,5.58e-06,38621.94494517,0.21247342,5.5e-06,0.08866670000000003,0.14689825076923077,0.07439555941176473,5.530000000000002e-06,5.567692307692307e-06,5.6700000000000025e-06
55,5.49e-06,1553608800,5.5e-06,5.46e-06,5.49e-06,1557.56938781,0.00853899,5.48e-06,0.07381001000000004,0.1453975523076923,0.07463778088235296,5.5066666666666684e-06,5.5561538461538465e-06,5.662058823529415e-06
56,5.54e-06,1553616000,5.65e-06,5.46e-06,5.46e-06,10441.07497516,0.05788498,5.54e-06,0.09296579666666671,0.09363383615384616,0.07633037970588237,5.5066666666666684e-06,5.551538461538462e-06,5.657647058823532e-06
57,5.61e-06,1553623200,5.62e-06,5.55e-06,5.6e-06,74082.40222721,0.41359105,5.58e-06,0.16000500666666673,0.11003963769230769,0.08847126264705885,5.546666666666668e-06,5.554615384615385e-06,5.652352941176473e-06
58,5.61e-06,1553630400,5.62e-06,5.6e-06,5.62e-06,3896.04272113,0.0218551,5.6e-06,0.16444371000000005,0.11172079923076923,0.08496178382352942,5.586666666666668e-06,5.5576923076923075e-06,5.64794117647059e-06
59,5.62e-06,1553637600,5.62e-06,5.61e-06,5.61e-06,178.67451824,0.00100363,5.61e-06,0.14548326000000003,0.11179800153846155,0.08497263323529414,5.6133333333333335e-06,5.561538461538461e-06,5.645000000000002e-06
60,5.63e-06,1553644800,5.63e-06,5.62e-06,5.62e-06,9861.27496704,0.05542059,5.62e-06,0.0260931066666667,0.11578816846153847,0.08658807529411766,5.62e-06,5.561538461538461e-06,5.642058823529414e-06
61,5.58e-06,1553652000,5.58e-06,5.58e-06,5.58e-06,405.49519347,0.00226266,5.58e-06,0.019562293333333366,0.11585028923076922,0.08661672441176471,5.610000000000001e-06,5.559999999999999e-06,5.6388235294117675e-06
62,5.63e-06,1553659200,5.64e-06,5.58e-06,5.63e-06,45585.89313081,0.25479259,5.58e-06,0.10415861333333337,0.11287486923076923,0.09411062411764708,5.613333333333335e-06,5.566923076923076e-06,5.637058823529415e-06
63,5.61e-06,1553666400,5.61e-06,5.61e-06,5.61e-06,8323.0,0.04669203,5.61e-06,0.10124909333333337,0.09196173384615386,0.09546303705882354,5.606666666666668e-06,5.573846153846152e-06,5.634411764705885e-06
64,5.62e-06,1553673600,5.62e-06,5.61e-06,5.62e-06,4489.16223984,0.02519658,5.61e-06,0.10889373333333337,0.08871063846153847,0.0921679411764706,5.620000000000001e-06,5.579230769230768e-06,5.630882352941178e-06
65,5.79e-06,1553680800,5.79e-06,5.64e-06,5.64e-06,11439.14877205,0.06522504,5.7e-06,0.045704550000000045,0.08964263692307695,0.09295200088235296,5.673333333333335e-06,5.596923076923076e-06,5.632647058823532e-06
66,5.72e-06,1553688000,5.77e-06,5.66e-06,5.75e-06,78999.84328281,0.45039493,5.7e-06,0.1802721833333334,0.12425627615384618,0.10356402264705884,5.710000000000001e-06,5.61076923076923e-06,5.630882352941179e-06
67,5.69e-06,1553695200,5.78e-06,5.69e-06,5.73e-06,34698.98462316,0.20004332,5.76e-06,0.23855443000000007,0.12330011461538465,0.10889889647058826,5.733333333333334e-06,5.626153846153845e-06,5.627352941176473e-06
68,5.68e-06,1553702400,5.72e-06,5.66e-06,5.69e-06,34809.37768266,0.19713966,5.66e-06,0.28252597000000007,0.1378078584615385,0.11429853029411766,5.696666666666667e-06,5.640769230769229e-06,5.624117647058827e-06
69,5.65e-06,1553709600,5.66e-06,5.65e-06,5.66e-06,73.57252447,0.0004162,5.65e-06,0.13253306000000004,0.13338718307692313,0.11431077147058825,5.673333333333335e-06,5.6492307692307675e-06,5.620000000000003e-06
70,5.66e-06,1553716800,5.66e-06,5.66e-06,5.66e-06,106.76988096,0.00060431,5.66e-06,0.06605339000000003,0.10161897230769235,0.11402980882352942,5.663333333333335e-06,5.653076923076921e-06,5.618529411764709e-06
71,5.65e-06,1553724000,5.65e-06,5.65e-06,5.65e-06,233.51972217,0.00131938,5.65e-06,0.0007799633333333741,0.10003930153846158,0.11322753735294118,5.653333333333336e-06,5.656153846153845e-06,5.616764705882356e-06
72,5.64e-06,1553731200,5.64e-06,5.64e-06,5.64e-06,13852.0,0.07812528,5.64e-06,0.026682990000000042,0.1059717361538462,0.11515481676470589,5.650000000000002e-06,5.6576923076923065e-06,5.615000000000003e-06
73,5.69e-06,1553738400,5.69e-06,5.64e-06,5.65e-06,6529.286275,0.03690894,5.65e-06,0.03878453333333338,0.10454776307692312,0.11577265647058824,5.6600000000000026e-06,5.662307692307691e-06,5.613823529411769e-06
74,5.73e-06,1553745600,5.73e-06,5.67e-06,5.67e-06,2157.5960232,0.01228805,5.69e-06,0.04244075666666671,0.10531894692307696,0.11385799882352943,5.68666666666667e-06,5.673846153846153e-06,5.615000000000003e-06
75,5.77e-06,1553752800,5.77e-06,5.7e-06,5.7e-06,19884.78138859,0.11472155,5.76e-06,0.05463951333333337,0.09454425153846158,0.1162971211764706,5.730000000000004e-06,5.6846153846153835e-06,5.6173529411764735e-06
76,5.73e-06,1553760000,5.76e-06,5.73e-06,5.75e-06,8598.8219837,0.04932342,5.73e-06,0.05877767333333337,0.09474666615384618,0.11692286676470588,5.7433333333333365e-06,5.6938461538461525e-06,5.620000000000002e-06
77,5.73e-06,1553767200,5.73e-06,5.7e-06,5.73e-06,7048.81696495,0.0402411,5.7e-06,0.0680953566666667,0.09590393692307696,0.09661192,5.7433333333333365e-06,5.702307692307691e-06,5.623823529411767e-06
78,5.74e-06,1553774400,5.78e-06,5.72e-06,5.72e-06,292.8975308,0.00167879,5.73e-06,0.03041443666666671,0.09101576384615387,0.09076966,5.733333333333336e-06,5.698461538461537e-06,5.628823529411767e-06
79,5.85e-06,1553781600,5.94e-06,5.76e-06,5.78e-06,24106.27026366,0.14064294,5.83e-06,0.06085427666666671,0.06718868769230771,0.09490621705882353,5.773333333333335e-06,5.708461538461536e-06,5.637058823529415e-06
80,5.93e-06,1553788800,5.97e-06,5.88e-06,5.92e-06,93790.80948064,0.55628312,5.93e-06,0.2328682833333334,0.09459174923076924,0.11126748529411765,5.840000000000002e-06,5.726923076923076e-06,5.647647058823532e-06
81,5.89e-06,1553796000,5.97e-06,5.89e-06,5.9e-06,36841.04199566,0.21968067,5.96e-06,0.3055355766666667,0.0963256730769231,0.11762431617647058,5.890000000000002e-06,5.743076923076921e-06,5.655294117647062e-06
82,5.86e-06,1553803200,5.89e-06,5.82e-06,5.89e-06,39180.42610917,0.22887752,5.84e-06,0.3349471033333334,0.11389962076923078,0.12431321117647055,5.893333333333336e-06,5.759230769230767e-06,5.662941176470591e-06
83,5.84e-06,1553810400,5.86e-06,5.82e-06,5.84e-06,1377.2475466,0.00803611,5.83e-06,0.15219810000000003,0.1144712976923077,0.11591800705882349,5.863333333333335e-06,5.773076923076922e-06,5.671764705882357e-06
84,5.86e-06,1553817600,5.88e-06,5.86e-06,5.88e-06,1437.54844745,0.00842464,5.86e-06,0.08177942333333336,0.11501785615384617,0.10679629676470584,5.853333333333336e-06,5.789230769230768e-06,5.6817647058823565e-06
85,5.84e-06,1553824800,5.89e-06,5.84e-06,5.88e-06,2563.53037351,0.01508501,5.88e-06,0.010515253333333363,0.11016860461538462,0.10525583176470583,5.8466666666666686e-06,5.804615384615383e-06,5.690294117647063e-06
86,5.79e-06,1553832000,5.84e-06,5.76e-06,5.82e-06,9256.34802291,0.05360743,5.79e-06,0.025705693333333363,0.11145310384615385,0.1052704897058823,5.830000000000001e-06,5.812307692307691e-06,5.697058823529416e-06
87,5.76e-06,1553839200,5.8e-06,5.75e-06,5.8e-06,21782.87210847,0.12542232,5.75e-06,0.06470492000000003,0.12015574000000001,0.10894709852941173,5.796666666666667e-06,5.814615384615384e-06,5.70352941176471e-06
88,5.8e-06,1553846400,5.86e-06,5.76e-06,5.76e-06,101393.1919629,0.58834117,5.8e-06,0.2557903066666667,0.15658801846153844,0.12000203235294113,5.783333333333334e-06,5.816923076923077e-06,5.712647058823534e-06
89,5.79e-06,1553853600,5.81e-06,5.78e-06,5.81e-06,1360.42468932,0.00787762,5.79e-06,0.24054703666666669,0.15339988,0.11998258029411761,5.783333333333334e-06,5.821538461538461e-06,5.721470588235299e-06
90,5.75e-06,1553860800,5.82e-06,5.73e-06,5.77e-06,838.16193199,0.00484708,5.78e-06,0.20035529000000005,0.15067726307692306,0.11842264205882351,5.780000000000001e-06,5.823076923076923e-06,5.727647058823534e-06
91,5.76e-06,1553868000,5.79e-06,5.74e-06,5.75e-06,600.98365315,0.00346517,5.76e-06,0.0053966233333333875,0.1508146769230769,0.10636011617647056,5.766666666666667e-06,5.824615384615385e-06,5.732058823529417e-06
92,5.8e-06,1553875200,5.81e-06,5.76e-06,5.78e-06,876.73128042,0.00507727,5.79e-06,0.004463173333333388,0.14038654846153845,0.10586665058823529,5.77e-06,5.820769230769232e-06,5.737647058823535e-06
93,5.8e-06,1553882400,5.85e-06,5.8e-06,5.81e-06,369.22271454,0.00214213,5.8e-06,0.003561523333333388,0.09776031846153845,0.10590013588235293,5.786666666666667e-06,5.810769230769232e-06,5.742941176470594e-06
94,5.83e-06,1553889600,5.84e-06,5.8e-06,5.82e-06,185.34805915,0.00108032,5.82e-06,0.002766573333333388,0.0809449069230769,0.1043018926470588,5.81e-06,5.8061538461538475e-06,5.74882352941177e-06
95,6.05e-06,1553896800,6.05e-06,5.88e-06,5.88e-06,84362.70117981,0.50415869,5.97e-06,0.1691270466666667,0.10212038153846154,0.11906354058823526,5.893333333333333e-06,5.820769230769232e-06,5.7626470588235345e-06
96,6.28e-06,1553904000,6.4e-06,5.92e-06,6.04e-06,89773.08298279,0.56198477,6.26e-06,0.35574126000000006,0.14473181692307693,0.12809860470588233,6.053333333333334e-06,5.854615384615386e-06,5.781764705882357e-06
97,6.12e-06,1553911200,6.4e-06,6.12e-06,6.31e-06,121785.69784717,0.76319534,6.26e-06,0.6097796000000001,0.20279110153846155,0.14917223147058822,6.15e-06,5.874615384615386e-06,5.796764705882358e-06
98,6.18e-06,1553918400,6.24e-06,6.07e-06,6.11e-06,22123.84433579,0.13680014,6.18e-06,0.4873267500000001,0.21215380384615387,0.15245468911764704,6.193333333333334e-06,5.900769230769232e-06,5.813235294117652e-06
99,6.16e-06,1553925600,6.2e-06,6.13e-06,6.2e-06,14126.4359847,0.08717423,6.17e-06,0.3290565700000001,0.2147358653846154,0.15310025352941173,6.153333333333334e-06,5.92923076923077e-06,5.824117647058828e-06
100,6.14e-06,1553932800,6.19e-06,6.13e-06,6.19e-06,30817.60444262,0.1900625,6.16e-06,0.13801229000000012,0.21970818692307692,0.14544341735294114,6.160000000000001e-06,5.9584615384615404e-06,5.836470588235299e-06
101,6.11e-06,1553940000,6.16e-06,6.11e-06,6.15e-06,5279.29555352,0.03244474,6.14e-06,0.10322715666666678,0.17694692307692306,0.14051404735294115,6.1366666666666675e-06,5.982307692307693e-06,5.84882352941177e-06
102,6.1e-06,1553947200,6.14e-06,6.08e-06,6.08e-06,6115.37099935,0.03742164,6.11e-06,0.0866429600000001,0.17921953999999995,0.1358164585294117,6.116666666666666e-06,6.006153846153847e-06,5.861176470588241e-06
103,6.15e-06,1553954400,6.17e-06,6.1e-06,6.1e-06,9000.18209735,0.05532222,6.14e-06,0.04172953333333343,0.18310224307692305,0.1374313414705882,6.12e-06,6.036923076923078e-06,5.875882352941183e-06
104,6.05e-06,1553961600,6.11e-06,6.05e-06,6.11e-06,174.57078037,0.00106213,6.08e-06,0.031268663333333425,0.18291739384615383,0.13744480676470583,6.099999999999999e-06,6.0592307692307695e-06,5.887352941176477e-06
105,6.19e-06,1553968800,6.19e-06,6.1e-06,6.1e-06,7309.55742448,0.04520582,6.18e-06,0.0338633900000001,0.18600420538461535,0.13873558441176465,6.13e-06,6.089230769230768e-06,5.903235294117653e-06
106,6.16e-06,1553976000,6.19e-06,6.16e-06,6.18e-06,4444.38048505,0.02743831,6.17e-06,0.024568753333333426,0.18795006538461534,0.13724479117647054,6.133333333333334e-06,6.1169230769230754e-06,5.918529411764712e-06
107,6.12e-06,1553983200,6.2e-06,6.12e-06,6.15e-06,10841.63237261,0.06643854,6.12e-06,0.0463608900000001,0.19297762076923075,0.13811330882352935,6.156666666666666e-06,6.139230769230768e-06,5.931176470588241e-06
108,6.08e-06,1553990400,6.12e-06,6.08e-06,6.11e-06,5986.05770399,0.03653646,6.1e-06,0.04347110333333343,0.15700667999999998,0.13882649735294111,6.119999999999999e-06,6.14153846153846e-06,5.9414705882353e-06
109,6.05e-06,1553997600,6.08e-06,6.05e-06,6.08e-06,502509.14863856,3.05023317,6.07e-06,1.05106939,0.34841040307692306,0.22516507441176464,6.083333333333332e-06,6.123846153846152e-06,5.949705882352948e-06
110,6.08e-06,1554004800,6.86e-06,6.05e-06,6.05e-06,550779.50910324,3.48096019,6.32e-06,2.1892432733333336,0.5574692376923076,0.32609556764705877,6.069999999999999e-06,6.120769230769228e-06,5.960000000000007e-06
111,6.09e-06,1554012000,6.81e-06,6.07e-06,6.09e-06,628820.98903981,3.95290539,6.28e-06,3.494699583333333,0.8510157953846154,0.441173929117647,6.0733333333333325e-06,6.113846153846152e-06,5.970588235294125e-06
112,6.17e-06,1554019200,9.49e-06,6.06e-06,6.09e-06,2067561.1053819,13.40019737,6.48e-06,6.944687650000001,1.8750944984615385,0.835248005,6.113333333333332e-06,6.114615384615384e-06,5.983235294117654e-06
113,6.14e-06,1554026400,7.08e-06,6.09e-06,6.11e-06,458734.77735276,2.86972657,6.25e-06,6.740943110000001,2.081222503846154,0.9155151705882353,6.133333333333332e-06,6.114615384615384e-06,5.9917647058823595e-06
114,6.1e-06,1554033600,6.16e-06,6.06e-06,6.15e-06,125295.36678884,0.76498194,6.1e-06,5.67830196,2.1375715192307694,0.9216533711764706,6.136666666666665e-06,6.1138461538461536e-06,5.99676470588236e-06
115,6.08e-06,1554040800,6.08e-06,6.05e-06,6.08e-06,178434.38645394,1.08177676,6.06e-06,1.5721617566666666,2.2179065284615387,0.9470091385294116,6.106666666666664e-06,6.112307692307692e-06,6.002352941176477e-06
116,6.16e-06,1554048000,6.16e-06,6.07e-06,6.11e-06,6651.16728287,0.04095057,6.15e-06,0.6292364233333331,2.216801016923077,0.9414818752941175,6.113333333333332e-06,6.113076923076922e-06,6.011176470588242e-06
117,6.16e-06,1554055200,6.17e-06,6.11e-06,6.17e-06,158.05973007,0.0009706,6.14e-06,0.37456597666666647,2.2167939761538458,0.9412740661764706,6.133333333333334e-06,6.12153846153846e-06,6.020588235294125e-06
118,6.16e-06,1554062400,6.16e-06,6.16e-06,6.16e-06,295.12662338,0.00181798,6.16e-06,0.014579716666666501,2.21345645,0.9410797526470587,6.160000000000001e-06,6.119230769230768e-06,6.0294117647058894e-06
119,6.15e-06,1554069600,6.18e-06,6.14e-06,6.14e-06,79884.23838305,0.49203398,6.15e-06,0.16494085333333317,2.249194578461538,0.9551076635294118,6.156666666666668e-06,6.118461538461537e-06,6.038529411764712e-06
120,6.27e-06,1554076800,6.29e-06,6.13e-06,6.16e-06,271954.28133509,1.68595085,6.19e-06,0.7266009366666665,2.373772448461538,1.003117764117647,6.193333333333334e-06,6.129999999999999e-06,6.052647058823536e-06
121,6.28e-06,1554084000,6.28e-06,6.22e-06,6.26e-06,43460.4732773,0.2724049,6.26e-06,0.8167965766666665,2.3919161746153845,1.0074407811764705,6.2333333333333335e-06,6.145384615384615e-06,6.067941176470595e-06
122,6.29e-06,1554091200,6.31e-06,6.17e-06,6.26e-06,722729.77316856,4.53786598,6.27e-06,2.1654072433333336,2.5063494676923077,1.1236032755882353,6.28e-06,6.163846153846153e-06,6.082352941176477e-06
123,6.09e-06,1554098400,6.25e-06,6.07e-06,6.25e-06,61557.3837815,0.37858159,6.15e-06,1.7296174899999999,2.26770496,1.1345063335294117,6.220000000000001e-06,6.164615384615385e-06,6.0911764705882405e-06
124,6.14e-06,1554105600,6.14e-06,6.09e-06,6.09e-06,16920.7813554,0.10338754,6.11e-06,1.67327837,1.9715882023076925,1.137404582352941,6.173333333333333e-06,6.1684615384615384e-06,6.102647058823535e-06
125,6.05e-06,1554112800,6.16e-06,6.05e-06,6.13e-06,89576.73892938,0.5438187,6.07e-06,0.34192927666666656,0.9826359969230769,1.1532973332352943,6.093333333333332e-06,6.159230769230769e-06,6.11117647058824e-06
126,6.08e-06,1554120000,6.08e-06,6e-06,6.07e-06,104414.40966831,0.63008224,6.03e-06,0.4257628266666666,0.8103556638461538,1.1716798323529414,6.0899999999999984e-06,6.154615384615384e-06,6.119411764705888e-06
127,6.23e-06,1554127200,6.31e-06,6.09e-06,6.09e-06,640274.62062648,4.02496851,6.28e-06,1.7329564833333333,1.0611238615384615,1.2899982552941176,6.119999999999999e-06,6.164615384615384e-06,6.132058823529416e-06
128,6.14e-06,1554134400,6.23e-06,6.14e-06,6.23e-06,26849.12526933,0.16706911,6.22e-06,1.6073732866666666,0.9907617346153845,1.2948802785294118,6.149999999999998e-06,6.169230769230769e-06,6.14117647058824e-06
129,6.13e-06,1554141600,6.18e-06,6.13e-06,6.16e-06,2677.25287937,0.0164626,6.14e-06,1.4028334066666666,0.9888780446153846,1.280536275882353,6.1666666666666655e-06,6.166923076923077e-06,6.1435294117647104e-06
130,6.14e-06,1554148800,6.14e-06,6.13e-06,6.13e-06,4090.85892181,0.02507715,6.13e-06,0.06953628666666667,0.9907323946153845,1.2647448752941177,6.136666666666665e-06,6.1653846153846166e-06,6.139411764705887e-06
131,6.09e-06,1554156000,6.12e-06,6.05e-06,6.1e-06,77137.82784048,0.46816399,6.06e-06,0.16990124666666664,1.0266051646153846,1.2560674826470588,6.119999999999999e-06,6.160000000000001e-06,6.13852941176471e-06
132,6.07e-06,1554163200,6.1e-06,6.06e-06,6.1e-06,299.60667441,0.0018222,6.08e-06,0.16502111333333333,0.988896566153846,1.252097543235294,6.099999999999999e-06,6.153846153846156e-06,6.135294117647063e-06
133,5.96e-06,1554170400,6.07e-06,5.96e-06,6.07e-06,40282.86699659,0.24268207,6.02e-06,0.23755608666666664,0.8778758907692308,1.256671303235294,6.04e-06,6.1300000000000014e-06,6.129411764705886e-06
134,5.46e-06,1554177600,6e-06,5.4e-06,5.96e-06,205287.90291293,1.14623034,5.58e-06,0.4635782033333333,0.9450932323076924,1.2847938867647057,5.83e-06,6.0669230769230785e-06,6.109411764705886e-06
135,5.6e-06,1554184800,5.65e-06,5.49e-06,5.51e-06,554900.91452661,3.08642355,5.56e-06,1.4917786533333333,0.8334438146153846,1.3746167929411763,5.673333333333333e-06,6.013846153846156e-06,6.094411764705886e-06
136,5.48e-06,1554192000,5.65e-06,5.48e-06,5.62e-06,255030.02715359,1.42386373,5.58e-06,1.8855058733333332,0.9138501330769232,1.4153945014705882,5.513333333333333e-06,5.9669230769230786e-06,6.076176470588239e-06
137,5.46e-06,1554199200,5.57e-06,5.45e-06,5.52e-06,609769.24300141,3.33682481,5.47e-06,2.6157040300000003,1.162576076923077,1.5119092835294117,5.513333333333334e-06,5.914615384615386e-06,6.05588235294118e-06
138,5.68e-06,1554206400,5.73e-06,5.48e-06,5.5e-06,288158.64603216,1.60089305,5.55e-06,2.120527196666667,1.2438894884615386,1.558963134117647,5.54e-06,5.886153846153848e-06,6.045000000000003e-06
139,5.64e-06,1554213600,5.77e-06,5.59e-06,5.68e-06,30691.86083404,0.17512589,5.7e-06,1.7042812500000004,1.2088928461538464,1.5627843126470589,5.593333333333333e-06,5.852307692307693e-06,6.028823529411768e-06
140,5.72e-06,1554220800,5.72e-06,5.59e-06,5.63e-06,26784.02616545,0.15167792,5.66e-06,0.6425656200000005,0.9109474161538463,1.5664384188235292,5.68e-06,5.813076923076925e-06,6.01588235294118e-06
141,5.72e-06,1554228000,5.72e-06,5.71e-06,5.71e-06,19600.48535387,0.11191898,5.71e-06,0.1462409300000005,0.9067050984615387,1.5677760788235293,5.693333333333333e-06,5.780769230769232e-06,6.0041176470588264e-06
142,5.69e-06,1554235200,5.72e-06,5.69e-06,5.72e-06,30710.67307552,0.17536178,5.71e-06,0.1463195600000005,0.9189281123076924,1.571859176470588,5.71e-06,5.746923076923079e-06,5.992647058823532e-06
143,5.6e-06,1554242400,5.7e-06,5.58e-06,5.7e-06,107802.69922045,0.60217711,5.58e-06,0.29648595666666716,0.963320416923077,1.4998575276470587,5.670000000000001e-06,5.705384615384617e-06,5.979411764705885e-06
144,5.95e-06,1554249600,6.32e-06,5.6e-06,5.6e-06,461370.00732469,2.76159046,5.98e-06,1.1797097833333339,1.1397378376923077,1.4786995944117647,5.746666666666667e-06,5.694615384615385e-06,5.975588235294121e-06
145,6.1e-06,1554256800,6.32e-06,5.96e-06,6e-06,150396.16120133,0.92175193,6.12e-06,1.4285065000000003,1.2105016630769232,1.3895480220588237,5.883333333333334e-06,5.696923076923078e-06,5.97588235294118e-06
146,5.96e-06,1554264000,6.13e-06,5.82e-06,6.06e-06,109033.65520671,0.6511914,5.97e-06,1.4448445966666672,1.2419254576923076,1.014577258235294,6.003333333333334e-06,5.696923076923078e-06,5.969705882352945e-06
147,6.12e-06,1554271200,6.32e-06,5.95e-06,5.95e-06,109070.46116706,0.67587291,6.19e-06,0.749605413333334,1.2057441169230767,0.9500521505882356,6.0600000000000004e-06,5.747692307692308e-06,5.969117647058828e-06
148,6.18e-06,1554278400,6.18e-06,5.97e-06,6.05e-06,47716.40201905,0.28684982,6.01e-06,0.5379713766666673,0.9903922915384613,0.9359894411764709,6.086666666666668e-06,5.792307692307692e-06,5.971470588235298e-06
149,6.22e-06,1554285600,6.3e-06,6.13e-06,6.13e-06,124881.00059297,0.77437051,6.2e-06,0.5790310800000006,0.9404312746153843,0.9269480808823531,6.173333333333334e-06,5.84923076923077e-06,5.975588235294122e-06
150,6.08e-06,1554292800,6.17e-06,6.07e-06,6.13e-06,8130.72111922,0.04986672,6.13e-06,0.3703623500000006,0.6875883446153844,0.9272103205882355,6.160000000000001e-06,5.896923076923077e-06,5.9732352941176505e-06
151,6.11e-06,1554300000,6.15e-06,6.07e-06,6.11e-06,37245.28517159,0.22780102,6.11e-06,0.3506794166666673,0.5819658807692305,0.9338818035294121,6.1366666666666675e-06,5.93e-06,5.971764705882356e-06
152,6.02e-06,1554307200,6.12e-06,5.97e-06,6.12e-06,40759.01113111,0.24426188,5.99e-06,0.17397654000000062,0.5872840338461536,0.9410125064705885,6.070000000000001e-06,5.95923076923077e-06,5.9676470588235325e-06
153,6.06e-06,1554314400,6.08e-06,5.97e-06,6.05e-06,45644.66949487,0.27653878,6.05e-06,0.24953389333333395,0.5968887153846152,0.9346744123529416,6.063333333333334e-06,5.985384615384616e-06,5.965000000000003e-06
154,5.86e-06,1554321600,6.05e-06,5.82e-06,6.05e-06,39393.70309602,0.2331094,5.91e-06,0.2513033533333339,0.6062110553846151,0.8919437814705886,5.98e-06,5.996153846153846e-06,5.952941176470591e-06
155,5.72e-06,1554328800,5.9e-06,5.65e-06,5.86e-06,111050.60231019,0.63659901,5.73e-06,0.38208239666666727,0.641690842307692,0.9026553729411768,5.8800000000000005e-06,5.998461538461539e-06,5.936470588235297e-06
156,5.73e-06,1554336000,5.77e-06,5.65e-06,5.72e-06,15290.57142724,0.08745074,5.71e-06,0.31905305000000056,0.6020965061538459,0.771760807058824,5.770000000000001e-06,6.008461538461539e-06,5.920000000000003e-06
157,5.64e-06,1554343200,5.7e-06,5.6e-06,5.7e-06,6154.74662967,0.0347649,5.64e-06,0.2529382166666672,0.39234069384615355,0.7616485514705886,5.696666666666667e-06,5.984615384615385e-06,5.906764705882356e-06
158,5.71e-06,1554350400,5.76e-06,5.7e-06,5.7e-06,2985.73922521,0.01711761,5.73e-06,0.046444416666667244,0.32275343846153814,0.7591112005882357,5.6933333333333344e-06,5.954615384615385e-06,5.894117647058827e-06
159,5.73e-06,1554357600,5.77e-06,5.73e-06,5.75e-06,19320.60495261,0.11113897,5.75e-06,0.05434049333333391,0.2812109438461535,0.746385326176471,5.6933333333333344e-06,5.936923076923077e-06,5.884705882352943e-06
160,5.77e-06,1554364800,5.77e-06,5.77e-06,5.77e-06,6395.0,0.03689915,5.77e-06,0.05505191000000057,0.23205911615384583,0.7289387647058828,5.736666666666668e-06,5.909999999999999e-06,5.87558823529412e-06
161,5.68e-06,1554372000,5.76e-06,5.62e-06,5.76e-06,16167.2806912,0.09235919,5.71e-06,0.08013243666666724,0.21709829846153814,0.6132737847058828,5.726666666666667e-06,5.8715384615384615e-06,5.859411764705885e-06
162,5.7e-06,1554379200,5.7e-06,5.68e-06,5.69e-06,27508.2843237,0.15633264,5.68e-06,0.09519699333333388,0.16955692384615353,0.6129580061764709,5.7166666666666664e-06,5.831538461538461e-06,5.846470588235297e-06
163,5.7e-06,1554386400,5.75e-06,5.7e-06,5.72e-06,4380.6224717,0.0250897,5.72e-06,0.09126051000000056,0.16765099923076893,0.613211744411765,5.693333333333333e-06,5.802307692307692e-06,5.833823529411768e-06
164,5.66e-06,1554393600,5.69e-06,5.66e-06,5.68e-06,15158.0711211,0.08603942,5.67e-06,0.08915392000000057,0.1567462607692305,0.6150047523529414,5.686666666666667e-06,5.767692307692308e-06,5.8197058823529445e-06
165,5.69e-06,1554400800,5.69e-06,5.64e-06,5.68e-06,2064.24689316,0.01172228,5.67e-06,0.04095046666666723,0.13885859923076896,0.6015799961764708,5.683333333333333e-06,5.742307692307692e-06,5.807941176470592e-06
166,5.69e-06,1554408000,5.69e-06,5.69e-06,5.69e-06,137.61586252,0.00078303,5.69e-06,0.032848243333333894,0.11764661846153819,0.6015494323529414,5.679999999999999e-06,5.713846153846154e-06,5.796764705882357e-06
167,5.67e-06,1554415200,5.7e-06,5.67e-06,5.7e-06,1649.91443059,0.00939408,5.69e-06,0.007299796666667228,0.10043774769230743,0.5946880208823532,5.683333333333333e-06,5.69923076923077e-06,5.788235294117651e-06
168,5.67e-06,1554422400,5.72e-06,5.66e-06,5.67e-06,62569.04154262,0.35627694,5.69e-06,0.12215135000000056,0.07887451153846128,0.5714540973529415,5.676666666666666e-06,5.695384615384616e-06,5.794411764705886e-06
169,5.75e-06,1554429600,5.75e-06,5.73e-06,5.73e-06,4329.57945143,0.02486282,5.74e-06,0.13017794666666724,0.07406005615384591,0.48140819352941205,5.696666666666667e-06,5.696923076923078e-06,5.7988235294117685e-06
170,5.77e-06,1554436800,5.87e-06,5.74e-06,5.74e-06,35515.65023672,0.20667738,5.81e-06,0.19593904666666725,0.08728409307692282,0.4456085950000002,5.730000000000001e-06,5.706923076923076e-06,5.807352941176474e-06
171,5.79e-06,1554444000,5.79e-06,5.72e-06,5.72e-06,420.38935128,0.00242039,5.75e-06,0.07798686333333393,0.08615353769230744,0.3475378767647061,5.770000000000001e-06,5.713076923076922e-06,5.817058823529416e-06
172,5.74e-06,1554451200,5.75e-06,5.74e-06,5.75e-06,854.56187639,0.00490921,5.74e-06,0.07133566000000059,0.07798201769230745,0.3005971755882355,5.766666666666667e-06,5.713846153846153e-06,5.818823529411768e-06
173,5.78e-06,1554458400,5.79e-06,5.75e-06,5.78e-06,2869.1814464,0.01651257,5.75e-06,0.0079473900000006,0.07641381923076898,0.29593207794117665,5.77e-06,5.714615384615384e-06,5.822941176470591e-06
174,5.73e-06,1554465600,5.78e-06,5.72e-06,5.78e-06,8855.1348057,0.05082656,5.73e-06,0.0240827800000006,0.07321900153846128,0.29296586147058845,5.75e-06,5.7184615384615385e-06,5.82323529411765e-06
175,5.77e-06,1554472800,5.77e-06,5.72e-06,5.77e-06,3684.99990737,0.02125043,5.76e-06,0.029529853333333935,0.06282806230769206,0.29029913941176494,5.76e-06,5.723846153846153e-06,5.8247058823529445e-06
176,5.8e-06,1554480000,5.8e-06,5.75e-06,5.75e-06,9939.87288903,0.05749785,5.78e-06,0.043191613333333934,0.06532099692307666,0.2868325532352944,5.766666666666668e-06,5.731538461538461e-06,5.827941176470591e-06
177,5.79e-06,1554487200,5.84e-06,5.79e-06,5.79e-06,8649.59037809,0.05047401,5.83e-06,0.043074096666667276,0.06258519615384589,0.2706059914705885,5.7866666666666674e-06,5.741538461538461e-06,5.833529411764709e-06
178,5.81e-06,1554494400,5.85e-06,5.79e-06,5.82e-06,3818.69112477,0.02215122,5.8e-06,0.04337436000000061,0.06338742230769205,0.19003424911764735,5.800000000000001e-06,5.75076923076923e-06,5.8294117647058854e-06
179,5.81e-06,1554501600,5.81e-06,5.81e-06,5.81e-06,10851.16844127,0.06304528,5.81e-06,0.045223503333333935,0.06817682615384589,0.16477817117647087,5.803333333333335e-06,5.76e-06,5.820882352941179e-06
180,5.85e-06,1554508800,5.85e-06,5.81e-06,5.81e-06,1351.45483822,0.00789499,5.84e-06,0.031030496666667264,0.06806151153846128,0.14585768852941203,5.823333333333335e-06,5.7738461538461534e-06,5.817647058823532e-06
181,5.78e-06,1554516000,5.85e-06,5.78e-06,5.84e-06,4508.40598154,0.02622786,5.81e-06,0.03238937666666727,0.042673120769230515,0.12675048117647084,5.813333333333334e-06,5.7823076923076915e-06,5.8076470588235315e-06
182,5.84e-06,1554523200,5.84e-06,5.84e-06,5.84e-06,22.01684544,0.00012857,5.84e-06,0.011417140000000598,0.0407704861538459,0.1183175032352944,5.823333333333333e-06,5.789230769230768e-06,5.7976470588235324e-06
183,5.85e-06,1554530400,5.86e-06,5.81e-06,5.85e-06,16791.56860714,0.09778695,5.82e-06,0.04138112666666726,0.03239429923076898,0.09841798676470616,5.823333333333333e-06,5.795384615384615e-06,5.7867647058823555e-06
184,5.74e-06,1554537600,5.85e-06,5.74e-06,5.85e-06,27745.55551166,0.16037218,5.78e-06,0.0860959000000006,0.04454443692307667,0.10166814735294145,5.81e-06,5.7915384615384606e-06,5.7767647058823564e-06
185,5.78e-06,1554544800,5.78e-06,5.72e-06,5.74e-06,3245.72348079,0.01867845,5.75e-06,0.09227919333333394,0.04560360923076898,0.09551748352941204,5.79e-06,5.794615384615384e-06,5.767058823529415e-06
186,5.78e-06,1554552000,5.81e-06,5.75e-06,5.75e-06,41458.46761771,0.24000013,5.78e-06,0.13968358666666728,0.06279495999999975,0.09539213794117675,5.766666666666666e-06,5.794615384615384e-06,5.7600000000000024e-06
187,5.83e-06,1554559200,5.83e-06,5.78e-06,5.8e-06,64965.68574279,0.37870814,5.82e-06,0.2124622400000006,0.08801661999999975,0.09839711911764734,5.796666666666666e-06,5.802307692307692e-06,5.753235294117649e-06
188,5.76e-06,1554566400,5.85e-06,5.69e-06,5.85e-06,13552.49879846,0.077351,5.7e-06,0.23201975666666727,0.09233204846153821,0.09381598970588265,5.79e-06,5.801538461538462e-06,5.750294117647061e-06
189,5.69e-06,1554573600,5.75e-06,5.69e-06,5.75e-06,12112.81615023,0.06906507,5.7e-06,0.17504140333333396,0.09322183461538436,0.0771238150000003,5.76e-06,5.793076923076922e-06,5.7494117647058845e-06
190,5.76e-06,1554580800,5.76e-06,5.7e-06,5.7e-06,5387.96893391,0.03088366,5.73e-06,0.05909991000000061,0.09171488461538435,0.07546007735294148,5.736666666666666e-06,5.7907692307692305e-06,5.7502941176470616e-06
191,5.73e-06,1554588000,5.73e-06,5.68e-06,5.68e-06,1531.86402049,0.00870535,5.68e-06,0.03621802666666727,0.09068058692307666,0.07469362000000031,5.726666666666667e-06,5.784615384615384e-06,5.75294117647059e-06
192,5.7e-06,1554595200,5.7e-06,5.7e-06,5.7e-06,7147.3685614,0.04074,5.7e-06,0.02677633666666727,0.08896479615384588,0.07538839617647089,5.730000000000001e-06,5.776153846153846e-06,5.752647058823531e-06
193,5.67e-06,1554602400,5.71e-06,5.67e-06,5.71e-06,5166.20208262,0.02934416,5.68e-06,0.026263170000000603,0.09061473230769203,0.07298266647058854,5.7000000000000005e-06,5.762307692307693e-06,5.750882352941179e-06
194,5.66e-06,1554609600,5.68e-06,5.6e-06,5.65e-06,36432.31108842,0.20440771,5.61e-06,0.0914972900000006,0.10432087461538432,0.07790938882352971,5.676666666666667e-06,5.753076923076923e-06,5.747647058823532e-06
195,5.7e-06,1554616800,5.7e-06,5.6e-06,5.66e-06,16297.42264502,0.09212527,5.65e-06,0.10862571333333393,0.11139754384615355,0.07790250882352973,5.676666666666667e-06,5.742307692307692e-06,5.748235294117649e-06
196,5.7e-06,1554624000,5.71e-06,5.7e-06,5.71e-06,194.52680054,0.00110901,5.7e-06,0.09921399666666726,0.10396077923076893,0.07333710794117677,5.6866666666666676e-06,5.73076923076923e-06,5.748235294117649e-06
197,5.72e-06,1554631200,5.74e-06,5.69e-06,5.69e-06,3171.35230463,0.01811363,5.71e-06,0.0371159700000006,0.09301781384615355,0.07313192941176502,5.706666666666667e-06,5.729230769230769e-06,5.7488235294117665e-06
198,5.65e-06,1554638400,5.74e-06,5.5e-06,5.72e-06,154600.5065789,0.86990658,5.62e-06,0.29637640666666726,0.15849690076923048,0.09618684588235325,5.690000000000001e-06,5.719230769230769e-06,5.7485294117647074e-06
199,5.63e-06,1554645600,5.64e-06,5.61e-06,5.61e-06,154.29461681,0.00086823,5.62e-06,0.29629614666666726,0.14010213923076895,0.09586760911764737,5.666666666666668e-06,5.707692307692308e-06,5.746764705882355e-06
200,5.65e-06,1554652800,5.65e-06,5.59e-06,5.59e-06,8907.94224178,0.05007175,5.62e-06,0.30694885333333394,0.11482241692307664,0.09731727735294149,5.643333333333334e-06,5.693846153846154e-06,5.74558823529412e-06
201,5.58e-06,1554660000,5.63e-06,5.58e-06,5.62e-06,14034.74491182,0.07885755,5.61e-06,0.04326584333333391,0.11493830538461511,0.0993603205882356,5.620000000000001e-06,5.68e-06,5.74294117647059e-06
202,5.65e-06,1554667200,5.65e-06,5.6e-06,5.61e-06,10444.38020727,0.05853365,5.6e-06,0.06248765000000057,0.11412819615384587,0.09060316500000032,5.626666666666669e-06,5.676923076923077e-06,5.742352941176473e-06
203,5.64e-06,1554674400,5.64e-06,5.58e-06,5.58e-06,1975.9199455,0.01105398,5.59e-06,0.04948172666666723,0.11260283615384588,0.09019702264705913,5.623333333333335e-06,5.667692307692309e-06,5.7391176470588264e-06
204,5.58e-06,1554681600,5.63e-06,5.55e-06,5.61e-06,31771.0307142,0.17779285,5.59e-06,0.08246016000000057,0.12560956692307665,0.08934747764705914,5.623333333333335e-06,5.656153846153847e-06,5.733529411764709e-06
205,5.5e-06,1554688800,5.62e-06,5.49e-06,5.6e-06,201816.15692836,1.11011852,5.5e-06,0.4329884500000006,0.20786945307692278,0.12192683441176501,5.573333333333334e-06,5.640769230769231e-06,5.725000000000003e-06
206,5.46e-06,1554696000,5.51e-06,5.45e-06,5.49e-06,11745.75960102,0.06434435,5.47e-06,0.45075190666666726,0.2105617753846151,0.12367492676470618,5.513333333333334e-06,5.624615384615385e-06,5.716764705882355e-06
207,5.41e-06,1554703200,5.5e-06,5.41e-06,5.46e-06,2322.28932738,0.01261544,5.43e-06,0.3956927700000006,0.19580852384615355,0.12356030529411796,5.456666666666667e-06,5.605384615384616e-06,5.705882352941179e-06
208,5.39e-06,1554710400,5.46e-06,5.37e-06,5.44e-06,44994.20724656,0.24298872,5.4e-06,0.1066495033333339,0.20741340461538432,0.12921213352941208,5.4200000000000015e-06,5.5815384615384626e-06,5.695882352941179e-06
209,5.39e-06,1554717600,5.41e-06,5.34e-06,5.39e-06,136950.96470278,0.73748382,5.38e-06,0.33102932666666723,0.2640576207692305,0.15027782147058855,5.396666666666669e-06,5.557692307692308e-06,5.684705882352944e-06
210,5.39e-06,1554724800,5.39e-06,5.32e-06,5.36e-06,26450.27611085,0.14109967,5.33e-06,0.3738574033333339,0.2735180853846151,0.15273669852941207,5.390000000000002e-06,5.532307692307692e-06,5.672647058823532e-06
211,5.38e-06,1554732000,5.41e-06,5.38e-06,5.41e-06,2030.47238053,0.01097939,5.4e-06,0.2965209600000005,0.2074467630769228,0.15157509205882383,5.386666666666668e-06,5.511538461538462e-06,5.660588235294121e-06
212,5.38e-06,1554739200,5.39e-06,5.38e-06,5.39e-06,803.56219347,0.00433016,5.38e-06,0.052136406666667155,0.2077130653846151,0.15105094323529444,5.383333333333334e-06,5.4923076923076935e-06,5.647941176470591e-06
213,5.4e-06,1554746400,5.41e-06,5.39e-06,5.41e-06,44020.31804166,0.23787614,5.4e-06,0.08439523000000049,0.22215955692307665,0.1561930273529415,5.386666666666667e-06,5.473076923076924e-06,5.635882352941179e-06
214,5.39e-06,1554753600,5.45e-06,5.39e-06,5.41e-06,8311.18397349,0.0449418,5.4e-06,0.09571603333333382,0.2195506530769228,0.15728263941176504,5.390000000000001e-06,5.458461538461539e-06,5.622352941176473e-06
215,5.41e-06,1554760800,5.41e-06,5.41e-06,5.41e-06,30.80508923,0.00016665,5.41e-06,0.09432819666666714,0.21506088384615357,0.15651613323529445,5.400000000000002e-06,5.440000000000001e-06,5.6114705882352964e-06
216,5.35e-06,1554768000,5.43e-06,5.35e-06,5.43e-06,7929.00300725,0.04275303,5.39e-06,0.02928716000000046,0.21749927230769206,0.15776979382352976,5.383333333333334e-06,5.417692307692309e-06,5.597058823529414e-06
217,5.26e-06,1554775200,5.36e-06,5.25e-06,5.36e-06,9243.27731346,0.04905167,5.3e-06,0.030657116666667122,0.20759610461538436,0.15633640323529446,5.3400000000000005e-06,5.3930769230769245e-06,5.579705882352943e-06
218,5.2e-06,1554782400,5.26e-06,5.2e-06,5.26e-06,21615.04633857,0.11300109,5.22e-06,0.06826859666666713,0.1308947638461536,0.15494313588235328,5.270000000000001e-06,5.370000000000002e-06,5.563823529411766e-06
219,5.27e-06,1554789600,5.27e-06,5.2e-06,5.2e-06,4897.82961335,0.02566067,5.23e-06,0.06257114333333379,0.1279190961538459,0.15514849529411798,5.243333333333334e-06,5.355384615384617e-06,5.548823529411767e-06
220,5.26e-06,1554796800,5.26e-06,5.25e-06,5.25e-06,362.68631441,0.00190535,5.25e-06,0.0468557033333338,0.1270952430769228,0.14814570764705914,5.243333333333334e-06,5.343846153846155e-06,5.533529411764708e-06
221,5.26e-06,1554804000,5.26e-06,5.22e-06,5.25e-06,282.77570262,0.00148419,5.24e-06,0.009683403333333793,0.10851797153846127,0.13705088558823564,5.2633333333333335e-06,5.333846153846154e-06,5.516764705882355e-06
222,5.32e-06,1554811200,5.36e-06,5.26e-06,5.26e-06,1636.08843395,0.00867175,5.3e-06,0.00402043000000046,0.052455504615384334,0.13503090764705916,5.279999999999999e-06,5.328461538461539e-06,5.503823529411766e-06
223,5.31e-06,1554818400,5.33e-06,5.31e-06,5.33e-06,1994.24461512,0.01062745,5.32e-06,0.006927796666667127,0.042419179999999716,0.1333121541176474,5.296666666666666e-06,5.3223076923076926e-06,5.49264705882353e-06
224,5.36e-06,1554825600,5.37e-06,5.33e-06,5.33e-06,23724.43662914,0.12675529,5.34e-06,0.048684830000000456,0.051325018461538176,0.13613190794117686,5.329999999999999e-06,5.320769230769231e-06,5.480882352941177e-06
225,5.35e-06,1554832800,5.35e-06,5.35e-06,5.35e-06,688.27752343,0.00368228,5.35e-06,0.04702167333333379,0.05127518153846126,0.13598417058823567,5.339999999999999e-06,5.318461538461538e-06,5.469705882352942e-06
226,5.33e-06,1554840000,5.37e-06,5.33e-06,5.37e-06,62005.54089051,0.33104021,5.33e-06,0.15382592666666714,0.058441648461538175,0.14452241205882393,5.346666666666665e-06,5.3130769230769236e-06,5.458823529411766e-06
227,5.33e-06,1554847200,5.33e-06,5.33e-06,5.33e-06,0.0,0.0,5.33e-06,0.11157416333333381,0.05498458692307663,0.14365934852941217,5.336666666666665e-06,5.308461538461539e-06,5.448823529411766e-06
228,5.31e-06,1554854400,5.32e-06,5.26e-06,5.31e-06,6837.84886679,0.03613126,5.28e-06,0.12239049000000048,0.05775109538461509,0.138710041176471,5.32333333333333e-06,5.300769230769231e-06,5.438529411764707e-06
229,5.34e-06,1554861600,5.34e-06,5.34e-06,5.34e-06,154.79564945,0.0008266,5.34e-06,0.01231928666666715,0.054525985384615096,0.13602478617647099,5.326666666666664e-06,5.300000000000001e-06,5.427941176470589e-06
230,5.36e-06,1554868800,5.36e-06,5.36e-06,5.36e-06,2417.94402985,0.01296017,5.36e-06,0.016639343333333816,0.05174971615384587,0.13637334970588275,5.336666666666663e-06,5.307692307692308e-06,5.417941176470589e-06
231,5.36e-06,1554876000,5.36e-06,5.36e-06,5.36e-06,0.0,0.0,5.36e-06,0.004595590000000485,0.04305732461538433,0.13584059588235334,5.353333333333331e-06,5.320000000000001e-06,5.407352941176471e-06
232,5.37e-06,1554883200,5.37e-06,5.32e-06,5.37e-06,12775.82551629,0.06836782,5.35e-06,0.027109330000000483,0.04634248999999971,0.11226592647058863,5.363333333333331e-06,5.327692307692309e-06,5.399117647058825e-06
233,5.32e-06,1554890400,5.36e-06,5.32e-06,5.36e-06,3495.4016,0.01865049,5.33e-06,0.02900610333333382,0.04763057769230739,0.11278893411764745,5.349999999999998e-06,5.3323076923076925e-06,5.390000000000001e-06
234,5.33e-06,1554897600,5.33e-06,5.31e-06,5.31e-06,1459.66228893,0.00776999,5.32e-06,0.03159610000000049,0.04811410076923047,0.11154476470588275,5.339999999999999e-06,5.337692307692309e-06,5.380588235294119e-06
235,5.32e-06,1554904800,5.32e-06,5.32e-06,5.32e-06,51.25187969,0.00027265,5.32e-06,0.008897710000000489,0.047468016153845854,0.10923344411764745,5.323333333333331e-06,5.337692307692309e-06,5.37294117647059e-06
236,5.32e-06,1554912000,5.34e-06,5.32e-06,5.32e-06,1778.17718834,0.00949315,5.33e-06,0.005845263333333822,0.04738076230769201,0.10779107647058861,5.323333333333331e-06,5.338461538461539e-06,5.363235294117648e-06
237,5.29e-06,1554919200,5.31e-06,5.23e-06,5.31e-06,43320.70636081,0.22807344,5.26e-06,0.07927974666666715,0.05517446615384585,0.11417400176470627,5.309999999999999e-06,5.333076923076923e-06,5.352941176470589e-06
238,5.27e-06,1554926400,5.34e-06,5.25e-06,5.26e-06,10802.8471749,0.05730764,5.3e-06,0.09829141000000048,0.059299493846153545,0.11063031911764745,5.293333333333333e-06,5.326923076923077e-06,5.343823529411765e-06
239,5.28e-06,1554933600,5.33e-06,5.26e-06,5.31e-06,19148.50462635,0.10186515,5.31e-06,0.12908207666666716,0.04167064307692277,0.0809758082352945,5.28e-06,5.3230769230769235e-06,5.337352941176472e-06
240,5.14e-06,1554940800,5.24e-06,5.14e-06,5.24e-06,10036.14568141,0.05180786,5.16e-06,0.07032688333333383,0.04565586307692277,0.08060708794117685,5.23e-06,5.308461538461538e-06,5.327941176470589e-06
241,4.93e-06,1554948000,5.14e-06,4.91e-06,5.14e-06,195756.45789159,0.99025271,5.05e-06,0.38130857333333384,0.11904982076923046,0.10936112529411804,5.116666666666667e-06,5.279230769230768e-06,5.313823529411766e-06
242,4.95e-06,1554955200,4.95e-06,4.87e-06,4.92e-06,34720.11961308,0.17022922,4.9e-06,0.40409659666666714,0.13208079153846122,0.10722114000000038,5.0066666666666664e-06,5.249230769230768e-06,5.300882352941178e-06
243,5.02e-06,1554962400,5.05e-06,4.95e-06,4.95e-06,24034.63591217,0.12057882,5.01e-06,0.42702025000000043,0.14035914923076892,0.08907687529411804,4.966666666666666e-06,5.223076923076922e-06,5.290000000000002e-06
244,5.03e-06,1554969600,5.06e-06,5e-06,5.05e-06,806.45742533,0.00406418,5.03e-06,0.09829074000000045,0.14067177846153817,0.08504641970588274,4.999999999999999e-06,5.197692307692306e-06,5.279411764705884e-06
245,4.86e-06,1554976800,4.98e-06,4.8e-06,4.98e-06,144455.96592507,0.71532646,4.95e-06,0.27998982000000044,0.19043782769230738,0.10576251000000038,4.969999999999999e-06,5.158461538461537e-06,5.264117647058825e-06
246,4.89e-06,1554984000,4.92e-06,4.85e-06,4.85e-06,10150.77861369,0.04969277,4.89e-06,0.25636113666666716,0.19282569538461508,0.1070967044117651,4.9266666666666655e-06,5.125384615384615e-06,5.249705882352942e-06
247,4.91e-06,1554991200,4.96e-06,4.88e-06,4.89e-06,3176.19350054,0.01561769,4.91e-06,0.26021230666666717,0.19342936461538432,0.10055969117647097,4.886666666666665e-06,5.093076923076922e-06,5.23529411764706e-06
248,4.93e-06,1554998400,4.94e-06,4.91e-06,4.91e-06,587.79759256,0.00289856,4.93e-06,0.022736340000000504,0.1936313576923074,0.09932312529411803,4.909999999999998e-06,5.0630769230769226e-06,5.221764705882354e-06
249,4.94e-06,1555005600,4.94e-06,4.9e-06,4.93e-06,29467.15170684,0.14502505,4.92e-06,0.054513766666667164,0.2040568884615382,0.10358366647058861,4.926666666666665e-06,5.033846153846154e-06,5.2079411764705895e-06
250,4.92e-06,1555012800,4.95e-06,4.88e-06,4.91e-06,7202.35931378,0.03536974,4.91e-06,0.06109778333333383,0.18923352692307666,0.10336651088235332,4.9299999999999985e-06,5.005384615384615e-06,5.19529411764706e-06
251,4.89e-06,1555020000,4.95e-06,4.89e-06,4.95e-06,4715.86297449,0.02306514,4.89e-06,0.06781997666666717,0.1865994884615382,0.10260220117647098,4.916666666666665e-06,4.976153846153847e-06,5.184411764705884e-06
252,4.89e-06,1555027200,4.94e-06,4.89e-06,4.93e-06,27157.16107935,0.13371917,4.92e-06,0.0640513500000005,0.18904979769230743,0.10321155647058862,4.899999999999998e-06,4.9461538461538464e-06,5.17529411764706e-06
