,close,date,high,low,open,quoteVolume,volume,weightedAverage,avg_vol_3,avg_vol_13,avg_vol_34,avg_close_3,avg_close_13,avg_close_34
0,7.24e-06,1553040817,7.24e-06,7.24e-06,7.24e-06,0.0,0.0,7.24e-06,-99999.0,-99999.0,-99999.0,-99999.0,-99999.0,-99999.0
1,7.24e-06,1553048017,7.24e-06,7.24e-06,7.24e-06,0.0,0.0,7.24e-06,-99999.0,-99999.0,-99999.0,-99999.0,-99999.0,-99999.0
2,7.17e-06,1553054400,7.22e-06,7.17e-06,7.22e-06,1522.64405149,0.01093778,7.18e-06,0.0036459266666666666,-99999.0,-99999.0,7.216666666666667e-06,-99999.0,-99999.0
3,7.2e-06,1553061600,7.23e-06,7.2e-06,7.2e-06,474.02639088,0.00341479,7.2e-06,0.00478419,-99999.0,-99999.0,7.203333333333333e-06,-99999.0,-99999.0
4,7.19e-06,1553068800,7.2e-06,7.14e-06,7.2e-06,16446.97596893,0.11765767,7.15e-06,0.04400341333333333,-99999.0,-99999.0,7.186666666666666e-06,-99999.0,-99999.0
5,7.12e-06,1553076000,7.13e-06,7.09e-06,7.13e-06,3766.82383018,0.02676891,7.1e-06,0.04928045666666667,-99999.0,-99999.0,7.169999999999998e-06,-99999.0,-99999.0
6,7.08e-06,1553083200,7.16e-06,7.03e-06,7.1e-06,30821.54891647,0.21775801,7.06e-06,0.12072819666666668,-99999.0,-99999.0,7.129999999999999e-06,-99999.0,-99999.0
7,7.07e-06,1553090400,7.07e-06,7.03e-06,7.03e-06,781.6723509,0.00549653,7.03e-06,0.08334115000000002,-99999.0,-99999.0,7.089999999999998e-06,-99999.0,-99999.0
8,7.02e-06,1553097600,7.11e-06,7.01e-06,7.11e-06,1411.99468314,0.00993045,7.03e-06,0.07772833,-99999.0,-99999.0,7.0566666666666655e-06,-99999.0,-99999.0
9,7.01e-06,1553104800,7.02e-06,7.01e-06,7.02e-06,2761.57833102,0.019386,7.01e-06,0.011604326666666664,-99999.0,-99999.0,7.033333333333332e-06,-99999.0,-99999.0
10,7.11e-06,1553112000,7.12e-06,7.02e-06,7.02e-06,2502.49839045,0.01778246,7.1e-06,0.015699636666666666,-99999.0,-99999.0,7.0466666666666656e-06,-99999.0,-99999.0
11,6.99e-06,1553119200,7.1e-06,6.92e-06,7.1e-06,33414.1042503,0.2330442,6.97e-06,0.09007088666666668,-99999.0,-99999.0,7.036666666666666e-06,-99999.0,-99999.0
12,7e-06,1553126400,7e-06,6.99e-06,7e-06,10421.22658686,0.07291797,6.99e-06,0.10791487666666667,0.05654575153846154,-99999.0,7.033333333333333e-06,7.110769230769231e-06,-99999.0
13,6.99e-06,1553133600,7.07e-06,6.93e-06,7e-06,16629.3818279,0.11690391,7.02e-06,0.14095536,0.06553836,-99999.0,6.993333333333333e-06,7.091538461538462e-06,-99999.0
14,6.98e-06,1553140800,7.07e-06,6.93e-06,6.93e-06,16966.13111261,0.11928882,7.03e-06,0.10303689999999999,0.07471442307692308,-99999.0,6.99e-06,7.071538461538461e-06,-99999.0
15,6.93e-06,1553148000,7.02e-06,6.93e-06,6.97e-06,12655.59044186,0.08803708,6.95e-06,0.10807660333333331,0.08064513846153847,-99999.0,6.966666666666666e-06,7.053076923076923e-06,-99999.0
16,7.02e-06,1553155200,7.09e-06,6.96e-06,7e-06,19953.52124137,0.14006524,7.01e-06,0.11579704666666664,0.09115671153846155,-99999.0,6.976666666666667e-06,7.039230769230769e-06,-99999.0
17,7.07e-06,1553162400,7.08e-06,7.03e-06,7.05e-06,7343.9263824,0.05183034,7.05e-06,0.09331088666666663,0.08609307076923077,-99999.0,7.006666666666668e-06,7.03e-06,-99999.0
18,7.07e-06,1553169600,7.09e-06,7.06e-06,7.09e-06,15806.81214854,0.11177268,7.07e-06,0.1012227533333333,0.09263182230769232,-99999.0,7.053333333333335e-06,7.026153846153845e-06,-99999.0
19,6.96e-06,1553176800,7.1e-06,6.93e-06,7.07e-06,33065.41040975,0.23135143,6.99e-06,0.13165148333333332,0.09367747000000001,-99999.0,7.033333333333335e-06,7.016923076923075e-06,-99999.0
20,6.98e-06,1553184000,6.98e-06,6.97e-06,6.97e-06,3102.84077087,0.02165396,6.97e-06,0.12159268999999999,0.09492034923076924,-99999.0,7.003333333333335e-06,7.009999999999999e-06,-99999.0
21,7.14e-06,1553191200,7.14e-06,7e-06,7e-06,18250.92760924,0.12958689,7.1e-06,0.12753076,0.1041246907692308,-99999.0,7.0266666666666674e-06,7.019230769230769e-06,-99999.0
22,6.97e-06,1553198400,7.01e-06,6.97e-06,7.01e-06,934.94150017,0.00652399,6.97e-06,0.05258827999999998,0.10313530538461542,-99999.0,7.03e-06,7.016153846153845e-06,-99999.0
23,7.01e-06,1553205600,7.01e-06,6.97e-06,7e-06,1218.94232523,0.00851523,6.98e-06,0.04820870333333332,0.10242244153846157,-99999.0,7.0399999999999995e-06,7.008461538461537e-06,-99999.0
24,7e-06,1553212800,7e-06,7e-06,7e-06,502.37911739,0.00351665,7e-06,0.006185289999999982,0.08476647615384618,-99999.0,6.993333333333333e-06,7.009230769230768e-06,-99999.0
25,7.01e-06,1553220000,7.05e-06,7e-06,7.04e-06,500.47841257,0.00351085,7.01e-06,0.005180909999999982,0.07942746692307695,-99999.0,7.006666666666666e-06,7.009999999999999e-06,-99999.0
26,7e-06,1553227200,7e-06,7e-06,7e-06,3163.96158963,0.02214773,7e-06,0.00972507666666665,0.07213853000000002,-99999.0,7.003333333333334e-06,7.01076923076923e-06,-99999.0
27,7.01e-06,1553234400,7.01e-06,6.95e-06,7e-06,4684.4606621,0.03271313,6.98e-06,0.019457236666666648,0.06547886153846157,-99999.0,7.006666666666666e-06,7.013076923076922e-06,-99999.0
28,7.02e-06,1553241600,7.02e-06,7e-06,7e-06,754.35413106,0.00528802,7e-06,0.020049626666666646,0.05911354923076925,-99999.0,7.01e-06,7.019999999999998e-06,-99999.0
29,6.95e-06,1553248800,6.98e-06,6.95e-06,6.98e-06,1573.44719985,0.01096414,6.96e-06,0.016321763333333312,0.04918269538461541,-99999.0,6.993333333333333e-06,7.0146153846153835e-06,-99999.0
30,6.98e-06,1553256000,6.98e-06,6.92e-06,6.95e-06,7848.9629482,0.05452367,6.94e-06,0.02359194333333331,0.049389874615384646,-99999.0,6.983333333333334e-06,7.007692307692307e-06,-99999.0
31,6.99e-06,1553263200,7.11e-06,6.98e-06,6.98e-06,14869.15210212,0.10434112,7.01e-06,0.056609643333333313,0.04881821615384618,-99999.0,6.973333333333333e-06,7.001538461538461e-06,-99999.0
32,7.07e-06,1553270400,7.08e-06,6.99e-06,7.08e-06,3123.61435328,0.02186355,6.99e-06,0.060242779999999975,0.03270376384615387,-99999.0,7.013333333333334e-06,7.009999999999999e-06,-99999.0
33,7.03e-06,1553277600,7.06e-06,7e-06,7.06e-06,2300.49855072,0.01612433,7e-06,0.04744299999999998,0.03227840769230772,0.0598711038235294,7.03e-06,7.013846153846153e-06,7.04764705882353e-06
34,7.03e-06,1553284800,7.03e-06,6.96e-06,6.97e-06,16800.2728699,0.11730981,6.98e-06,0.051765896666666644,0.03133401692307695,0.06332139235294117,7.043333333333333e-06,7.005384615384615e-06,7.041470588235295e-06
35,7.1e-06,1553292000,7.14e-06,7.06e-06,7.06e-06,5423.77211617,0.03853465,7.1e-06,0.05732292999999997,0.03379637538461541,0.06445476441176469,7.053333333333333e-06,7.015384615384615e-06,7.037352941176472e-06
36,7.11e-06,1553299200,7.14e-06,7.07e-06,7.09e-06,13675.60640605,0.0973514,7.11e-06,0.08439861999999998,0.04062992692307695,0.06699634147058822,7.08e-06,7.0230769230769224e-06,7.0355882352941184e-06
37,7.18e-06,1553306400,7.18e-06,7.07e-06,7.1e-06,9003.76113786,0.06443274,7.15e-06,0.06677292999999997,0.04531578000000003,0.06879098705882353,7.13e-06,7.036923076923077e-06,7.035e-06
38,7.32e-06,1553313600,7.33e-06,7.18e-06,7.19e-06,12558.44292043,0.09109449,7.25e-06,0.08429287666666663,0.05205298307692311,0.06800971705882353,7.2033333333333335e-06,7.060769230769231e-06,7.038823529411766e-06
39,7.32e-06,1553320800,7.4e-06,7.28e-06,7.28e-06,1853.17247997,0.01356746,7.32e-06,0.056364896666666615,0.05139296230769234,0.06762143911764706,7.2733333333333346e-06,7.085384615384616e-06,7.044705882352941e-06
40,7.45e-06,1553328000,8.13e-06,7.29e-06,7.38e-06,93070.90341139,0.70687642,7.59e-06,0.27051278999999995,0.10325167692307693,0.08200727470588236,7.3633333333333345e-06,7.11923076923077e-06,7.055588235294118e-06
41,7.44e-06,1553335200,7.54e-06,7.43e-06,7.45e-06,23057.88050968,0.17324059,7.51e-06,0.2978948233333333,0.1161711053846154,0.08694092352941177,7.403333333333334e-06,7.151538461538463e-06,7.066470588235295e-06
42,7.31e-06,1553342400,7.49e-06,7.22e-06,7.49e-06,35597.28249718,0.26120465,7.33e-06,0.38044055333333326,0.1354203753846154,0.09433134117647059,7.4e-06,7.17923076923077e-06,7.075000000000001e-06
43,7.33e-06,1553349600,7.35e-06,7.3e-06,7.3e-06,11048.44740716,0.08073828,7.3e-06,0.17172783999999996,0.13743688384615388,0.09613582,7.36e-06,7.206153846153846e-06,7.084411764705883e-06
44,7.27e-06,1553356800,7.29e-06,7.22e-06,7.29e-06,2363.80104172,0.01710438,7.23e-06,0.11968243666666663,0.1307263653846154,0.09611587647058824,7.303333333333333e-06,7.2276923076923076e-06,7.089117647058823e-06
45,7.29e-06,1553364000,7.31e-06,7.21e-06,7.31e-06,7317.47499613,0.05288741,7.22e-06,0.05024335666666665,0.13311281615384618,0.09081714735294118,7.2966666666666665e-06,7.244615384615385e-06,7.097941176470588e-06
46,7.38e-06,1553371200,7.79e-06,7.29e-06,7.29e-06,135906.1441088,1.01660993,7.48e-06,0.3622005733333333,0.21007324692307694,0.11857279323529413,7.313333333333333e-06,7.271538461538461e-06,7.109117647058823e-06
47,7.41e-06,1553378400,7.59e-06,7.38e-06,7.5e-06,406.92831021,0.00304561,7.48e-06,0.3575143166666666,0.2012836930769231,0.11522401970588236,7.360000000000001e-06,7.30076923076923e-06,7.121470588235293e-06
48,7.54e-06,1553385600,7.64e-06,7.41e-06,7.41e-06,2866.41820922,0.02182918,7.61e-06,0.34716157333333325,0.19999865692307697,0.11235755970588238,7.443333333333334e-06,7.334615384615384e-06,7.137941176470587e-06
49,7.63e-06,1553392800,7.63e-06,7.53e-06,7.59e-06,14913.66255781,0.11250136,7.54e-06,0.0457920499999999,0.2011640384615385,0.1130770973529412,7.526666666666667e-06,7.374615384615383e-06,7.158529411764705e-06
50,7.76e-06,1553400000,7.96e-06,7.58e-06,7.58e-06,23869.05347698,0.18770129,7.86e-06,0.10734394333333325,0.21064623461538468,0.11447815764705883,7.643333333333334e-06,7.419230769230768e-06,7.180294117647057e-06
51,7.56e-06,1553407200,7.7e-06,7.44e-06,7.7e-06,8356.50834433,0.06267303,7.49e-06,0.12095855999999992,0.2084599684615385,0.11479706029411765,7.65e-06,7.437692307692306e-06,7.194705882352939e-06
52,7.64e-06,1553414400,7.71e-06,7.56e-06,7.56e-06,29496.29829135,0.22543151,7.64e-06,0.15860194333333325,0.22475720307692312,0.11813996705882357,7.653333333333332e-06,7.462307692307691e-06,7.211470588235291e-06
53,7.49e-06,1553421600,7.64e-06,7.46e-06,7.64e-06,17530.70056021,0.13138338,7.49e-06,0.1398293066666666,0.18048850769230773,0.11519973029411767,7.563333333333333e-06,7.4653846153846134e-06,7.22705882352941e-06
54,7.51e-06,1553428800,7.55e-06,7.43e-06,7.49e-06,13148.31363675,0.09790582,7.44e-06,0.15157356999999994,0.1746935253846154,0.11744243205882356,7.546666666666667e-06,7.470769230769229e-06,7.242647058823528e-06
55,7.82e-06,1553436000,7.94e-06,7.5e-06,7.55e-06,36428.74457691,0.27960044,7.67e-06,0.16962987999999993,0.1761085861538462,0.1218545952941177,7.606666666666667e-06,7.509999999999999e-06,7.262647058823529e-06
56,8.05e-06,1553443200,8.56e-06,7.7e-06,7.82e-06,254064.67370748,2.10666052,8.29e-06,0.8280555933333332,0.33194875846153854,0.18362331676470595,7.793333333333334e-06,7.565384615384613e-06,7.294411764705881e-06
57,8.26e-06,1553450400,9e-06,7.96e-06,8.16e-06,238214.11008711,2.05022184,8.6e-06,1.4788275999999998,0.48834240923076927,0.24367351117647065,8.043333333333333e-06,7.64153846153846e-06,7.331176470588234e-06
58,8.07e-06,1553457600,8.23e-06,7.96e-06,8.23e-06,10882.00362451,0.08782101,8.07e-06,1.414901123333333,0.4910296092307692,0.24615305117647068,8.126666666666668e-06,7.701538461538461e-06,7.362647058823528e-06
59,8.07e-06,1553464800,8.15e-06,8.03e-06,8.03e-06,22980.87503112,0.18543113,8.06e-06,0.7744913266666664,0.42709277846153854,0.2515036476470589,8.133333333333334e-06,7.754615384615382e-06,7.3938235294117626e-06
60,7.89e-06,1553472000,8.1e-06,7.84e-06,8.03e-06,23410.58550398,0.18698226,7.98e-06,0.15341146666666652,0.44124175153846157,0.2563517220588236,8.010000000000001e-06,7.79153846153846e-06,7.4199999999999976e-06
61,7.68e-06,1553479200,7.95e-06,7.68e-06,7.87e-06,34315.6019046,0.26887302,7.83e-06,0.21376213666666655,0.4602451238461539,0.2632976011764707,7.88e-06,7.80230769230769e-06,7.4397058823529375e-06
62,7.61e-06,1553486400,7.69e-06,7.61e-06,7.68e-06,3374.84112444,0.02579475,7.64e-06,0.16055000999999988,0.45357538461538466,0.26390074029411775,7.726666666666667e-06,7.80076923076923e-06,7.457058823529409e-06
63,7.62e-06,1553493600,7.69e-06,7.55e-06,7.67e-06,30044.06394799,0.2291561,7.62e-06,0.1746079566666665,0.4567642161538462,0.27031815088235306,7.636666666666666e-06,7.789999999999998e-06,7.476764705882351e-06
64,7.67e-06,1553500800,7.67e-06,7.59e-06,7.6e-06,9922.61324221,0.07552581,7.61e-06,0.11015888666666651,0.4577528915384616,0.2709358608823531,7.633333333333332e-06,7.798461538461536e-06,7.497058823529409e-06
65,7.62e-06,1553508000,7.76e-06,7.6e-06,7.67e-06,11543.79596378,0.08859333,7.67e-06,0.13109174666666654,0.4472268776923078,0.2704726905882354,7.636666666666664e-06,7.796923076923075e-06,7.515588235294115e-06
66,7.6e-06,1553515200,7.7e-06,7.6e-06,7.65e-06,11336.88994767,0.08678826,7.65e-06,0.08363579999999986,0.4437964838461539,0.2723822408823531,7.629999999999998e-06,7.805384615384613e-06,7.531176470588233e-06
67,7.59e-06,1553522400,7.62e-06,7.52e-06,7.6e-06,8961.7803218,0.06761314,7.54e-06,0.08099824333333319,0.44146627769230773,0.27389661764705897,7.603333333333331e-06,7.81153846153846e-06,7.5476470588235276e-06
68,7.57e-06,1553529600,7.61e-06,7.57e-06,7.59e-06,221.39182771,0.00167922,7.58e-06,0.052026873333333196,0.4200877223076923,0.2704957179411766,7.586666666666664e-06,7.79230769230769e-06,7.563529411764704e-06
69,7.57e-06,1553536800,7.57e-06,7.57e-06,7.57e-06,0.0,0.0,7.57e-06,0.023097453333333195,0.25803691307692306,0.269362345882353,7.576666666666665e-06,7.755384615384613e-06,7.577352941176467e-06
70,7.57e-06,1553544000,7.57e-06,7.57e-06,7.57e-06,0.0,0.0,7.57e-06,0.0005597399999998596,0.10032754076923076,0.26649906941176477,7.569999999999998e-06,7.70230769230769e-06,7.590882352941173e-06
71,7.57e-06,1553551200,7.57e-06,7.57e-06,7.57e-06,1248.71598414,0.00945277,7.57e-06,0.0031509233333331926,0.09429921461538458,0.26488201147058826,7.569999999999998e-06,7.66384615384615e-06,7.602352941176466e-06
72,7.61e-06,1553558400,7.62e-06,7.57e-06,7.57e-06,6921.21323689,0.05251713,7.58e-06,0.02065663333333319,0.08407506076923074,0.2637473832352941,7.583333333333332e-06,7.628461538461536e-06,7.610882352941172e-06
73,7.55e-06,1553565600,7.58e-06,7.55e-06,7.55e-06,1919.58633053,0.01451139,7.55e-06,0.025493763333333194,0.07080807076923075,0.2637751458823529,7.576666666666665e-06,7.60230769230769e-06,7.617647058823525e-06
74,7.73e-06,1553572800,7.83e-06,7.55e-06,7.55e-06,63236.17009501,0.48552003,7.67e-06,0.18418284999999987,0.08747322538461536,0.25726466382352936,7.629999999999998e-06,7.606153846153844e-06,7.625882352941173e-06
75,7.81e-06,1553580000,7.81e-06,7.73e-06,7.73e-06,4509.03427122,0.03511091,7.78e-06,0.17838077666666652,0.08818985307692305,0.25320202617647053,7.696666666666665e-06,7.621538461538459e-06,7.63676470588235e-06
76,7.87e-06,1553587200,8.15e-06,7.81e-06,7.82e-06,45431.08209869,0.35965482,7.91e-06,0.29342858666666655,0.09822821615384614,0.2560976194117646,7.803333333333332e-06,7.640769230769229e-06,7.653235294117643e-06
77,7.77e-06,1553594400,7.84e-06,7.71e-06,7.84e-06,15205.03501992,0.1181559,7.77e-06,0.17097387666666652,0.10150745384615384,0.25719813764705873,7.816666666666664e-06,7.648461538461536e-06,7.666176470588231e-06
78,7.59e-06,1553601600,7.75e-06,7.53e-06,7.71e-06,34055.70875628,0.25976945,7.62e-06,0.24586005666666652,0.1146748476923077,0.26433534558823524,7.743333333333331e-06,7.646153846153845e-06,7.675588235294115e-06
79,7.53e-06,1553608800,7.53e-06,7.52e-06,7.52e-06,6952.81215419,0.05230994,7.52e-06,0.1434117633333332,0.11202266923076923,0.26431836117647056,7.629999999999998e-06,7.640769230769229e-06,7.682647058823526e-06
80,7.69e-06,1553616000,7.74e-06,7.52e-06,7.52e-06,22935.70886931,0.17575727,7.66e-06,0.16261221999999986,0.12034144846153846,0.23958740058823527,7.603333333333331e-06,7.648461538461538e-06,7.69176470588235e-06
81,7.53e-06,1553623200,7.77e-06,7.51e-06,7.65e-06,31894.10618817,0.24293642,7.61e-06,0.15700120999999986,0.13889969461538462,0.24664301264705882,7.583333333333332e-06,7.645384615384614e-06,7.695294117647055e-06
82,7.54e-06,1553630400,7.54e-06,7.53e-06,7.53e-06,6719.42116205,0.05065945,7.53e-06,0.15645104666666654,0.14279657538461538,0.24749096176470586,7.586666666666664e-06,7.643076923076923e-06,7.695294117647055e-06
83,7.64e-06,1553637600,7.64e-06,7.54e-06,7.54e-06,4304.87884537,0.03263646,7.58e-06,0.10874410999999988,0.1453070723076923,0.2451419941176471,7.569999999999998e-06,7.648461538461538e-06,7.695588235294115e-06
84,7.65e-06,1553644800,7.65e-06,7.54e-06,7.58e-06,13379.74023815,0.10220336,7.63e-06,0.06183308999999987,0.15244173307692307,0.24262734911764713,7.6099999999999974e-06,7.654615384615385e-06,7.692352941176468e-06
85,7.64e-06,1553652000,7.65e-06,7.57e-06,7.65e-06,2977.03442537,0.02257632,7.58e-06,0.05247204666666654,0.15013859384615386,0.24144803411764718,7.64333333333333e-06,7.656923076923078e-06,7.694705882352938e-06
86,7.53e-06,1553659200,7.68e-06,7.53e-06,7.57e-06,34563.43077774,0.26215493,7.58e-06,0.1289782033333332,0.16918809692307693,0.24252813470588244,7.606666666666665e-06,7.655384615384616e-06,7.691470588235292e-06
87,7.56e-06,1553666400,7.66e-06,7.53e-06,7.63e-06,10166.31752401,0.07698202,7.57e-06,0.12057108999999988,0.13776209615384616,0.24092809470588245,7.576666666666665e-06,7.642307692307694e-06,7.693529411764702e-06
88,7.56e-06,1553673600,7.65e-06,7.53e-06,7.57e-06,21722.22961525,0.16379282,7.54e-06,0.16764325666666657,0.14766070461538464,0.24286594764705893,7.549999999999998e-06,7.623076923076925e-06,7.694999999999995e-06
89,7.64e-06,1553680800,7.7e-06,7.53e-06,7.56e-06,32447.04363989,0.24900732,7.67e-06,0.16326071999999991,0.13914935846153847,0.24196615000000013,7.5866666666666655e-06,7.605384615384617e-06,7.689705882352936e-06
90,7.72e-06,1553688000,7.79e-06,7.59e-06,7.68e-06,20048.34345984,0.15499159,7.73e-06,0.1892639099999999,0.1419828730769231,0.18456412264705893,7.64e-06,7.601538461538463e-06,7.679999999999994e-06
91,7.77e-06,1553695200,7.79e-06,7.68e-06,7.72e-06,7159.10597107,0.05546981,7.74e-06,0.1531562399999999,0.12626751615384615,0.12589494529411777,7.71e-06,7.615384615384617e-06,7.665588235294112e-06
92,7.9e-06,1553702400,8.08e-06,7.77e-06,7.77e-06,52657.62827146,0.41574262,7.89e-06,0.2087346733333332,0.15422387615384617,0.1355396985294119,7.796666666666666e-06,7.643846153846156e-06,7.66058823529411e-06
93,7.89e-06,1553709600,8.06e-06,7.81e-06,8.02e-06,111957.72091398,0.87890899,7.85e-06,0.4500404733333332,0.20831247000000003,0.1559361061764707,7.853333333333333e-06,7.65923076923077e-06,7.655294117647052e-06
94,7.8e-06,1553716800,7.8e-06,7.8e-06,7.8e-06,2340.780387,0.01825808,7.8e-06,0.43763656333333323,0.19102952076923077,0.15097363029411776,7.863333333333331e-06,7.680000000000001e-06,7.652647058823523e-06
95,7.85e-06,1553724000,7.85e-06,7.79e-06,7.8e-06,697.00175597,0.00543097,7.79e-06,0.3008660133333332,0.18755040692307692,0.14322533470588247,7.846666666666666e-06,7.703846153846155e-06,7.657647058823524e-06
96,7.83e-06,1553731200,7.9e-06,7.79e-06,7.81e-06,16109.78349711,0.12686154,7.87e-06,0.05018352999999983,0.19479849000000002,0.14619788735294129,7.826666666666664e-06,7.71846153846154e-06,7.664117647058817e-06
97,7.89e-06,1553738400,7.9e-06,7.83e-06,7.9e-06,4266.96500389,0.03361917,7.87e-06,0.05530389333333316,0.1895227830769231,0.14044680117647068,7.856666666666664e-06,7.736923076923079e-06,7.672058823529405e-06
98,7.84e-06,1553745600,7.84e-06,7.77e-06,7.81e-06,16804.44929773,0.13073649,7.77e-06,0.09707239999999984,0.19784279615384617,0.14207064470588246,7.85333333333333e-06,7.752307692307695e-06,7.677058823529406e-06
99,7.83e-06,1553752800,7.87e-06,7.77e-06,7.84e-06,32637.96124078,0.25563936,7.83e-06,0.13999833999999983,0.19734159846153848,0.14698376323529422,7.85333333333333e-06,7.775384615384616e-06,7.683235294117641e-06
100,7.85e-06,1553760000,7.85e-06,7.83e-06,7.83e-06,20617.67380096,0.16184753,7.84e-06,0.1827411266666665,0.20386971461538467,0.14919138882352953,7.839999999999998e-06,7.797692307692309e-06,7.69058823529411e-06
101,7.82e-06,1553767200,7.86e-06,7.82e-06,7.83e-06,15790.08189718,0.12389823,7.84e-06,0.1804617066666665,0.20080090000000006,0.15084683264705895,7.833333333333332e-06,7.817692307692309e-06,7.697352941176464e-06
102,7.86e-06,1553774400,7.86e-06,7.85e-06,7.86e-06,23269.27816426,0.18289621,7.85e-06,0.15621398999999983,0.19571543000000005,0.15617674411764718,7.843333333333333e-06,7.834615384615385e-06,7.70588235294117e-06
103,7.85e-06,1553781600,7.86e-06,7.85e-06,7.86e-06,26675.69204912,0.20967032,7.85e-06,0.17215491999999985,0.1999214861538462,0.16234351823529425,7.843333333333333e-06,7.844615384615385e-06,7.714117647058817e-06
104,7.86e-06,1553788800,7.86e-06,7.85e-06,7.86e-06,22774.32610752,0.1790038,7.85e-06,0.19052344333333315,0.20942410076923082,0.16760833588235308,7.856666666666665e-06,7.851538461538461e-06,7.722647058823522e-06
105,7.9e-06,1553796000,7.9e-06,7.85e-06,7.86e-06,3859.27654815,0.03035634,7.86e-06,0.1396768199999998,0.17977900230769234,0.168223146764706,7.87e-06,7.851538461538461e-06,7.732352941176464e-06
106,7.95e-06,1553803200,7.95e-06,7.84e-06,7.85e-06,33858.89243466,0.26712152,7.88e-06,0.15882721999999982,0.1327184276923077,0.1745350405882354,7.903333333333331e-06,7.856153846153847e-06,7.742352941176464e-06
107,7.98e-06,1553810400,8.1e-06,7.87e-06,7.87e-06,65634.07978375,0.52620242,8.01e-06,0.27456009333333314,0.17179106923076926,0.189584776764706,7.943333333333332e-06,7.870000000000001e-06,7.754999999999993e-06
108,7.97e-06,1553817600,7.98e-06,7.97e-06,7.98e-06,5892.37229469,0.04698176,7.97e-06,0.2801018999999998,0.1749872838461539,0.1766865923529413,7.966666666666666e-06,7.87923076923077e-06,7.762058823529404e-06
109,8e-06,1553824800,8.05e-06,7.96e-06,7.96e-06,1350.02564211,0.01078538,7.98e-06,0.19465651999999978,0.1660583484615385,0.1759711355882354,7.983333333333332e-06,7.892307692307693e-06,7.767647058823521e-06
110,8.15e-06,1553832000,8.15e-06,7.95e-06,8.01e-06,20866.25617356,0.16799871,8.05e-06,0.07525528333333313,0.17639523615384617,0.1703341911764707,8.039999999999998e-06,7.912307692307693e-06,7.775882352941169e-06
111,7.94e-06,1553839200,8.1e-06,7.94e-06,8.1e-06,7343.46021406,0.05863563,7.98e-06,0.07913990666666647,0.17084901615384618,0.1685835950000001,8.029999999999998e-06,7.92e-06,7.78088235294117e-06
112,7.94e-06,1553846400,7.99e-06,7.94e-06,7.98e-06,22006.40513383,0.17576245,7.98e-06,0.1341322633333331,0.16470463846153852,0.16611280088235306,8.01e-06,7.928461538461539e-06,7.79117647058823e-06
113,8.09e-06,1553853600,8.14e-06,7.94e-06,8.02e-06,8786.50012456,0.07065225,8.04e-06,0.10168344333333312,0.15768961692307698,0.16665228058823542,7.989999999999998e-06,7.946923076923077e-06,7.807647058823523e-06
114,8.26e-06,1553860800,8.27e-06,8.09e-06,8.09e-06,42447.18297311,0.34968598,8.23e-06,0.19870022666666645,0.1750579053846154,0.17176783088235306,8.096666666666665e-06,7.98076923076923e-06,7.824411764705876e-06
115,8.24e-06,1553868000,8.31e-06,8.24e-06,8.31e-06,1716.46577079,0.01420906,8.27e-06,0.14484909666666645,0.1620819707692308,0.1650405555882354,8.196666666666664e-06,8.010000000000001e-06,7.845294117647053e-06
116,8.19e-06,1553875200,8.28e-06,8.17e-06,8.22e-06,8872.49233027,0.07281025,8.2e-06,0.14556842999999978,0.1515542730769231,0.16569204970588244,8.229999999999999e-06,8.036153846153846e-06,7.864411764705875e-06
117,8.13e-06,1553882400,8.4e-06,8.06e-06,8.19e-06,43946.87403423,0.36105496,8.21e-06,0.1493580899999998,0.16555820846153851,0.17535141735294127,8.186666666666666e-06,8.056923076923079e-06,7.87882352941176e-06
118,8.24e-06,1553889600,8.24e-06,8.06e-06,8.06e-06,38795.39160644,0.31879117,8.21e-06,0.25088545999999984,0.18774550307692311,0.18172164705882363,8.186666666666666e-06,8.083076923076924e-06,7.89617647058823e-06
119,8.18e-06,1553896800,8.34e-06,8.15e-06,8.23e-06,10800.0255707,0.08901839,8.24e-06,0.25628817333333315,0.17404526230769235,0.18367582558823536,8.183333333333332e-06,8.100769230769231e-06,7.912058823529406e-06
120,8.2e-06,1553904000,8.29e-06,8.17e-06,8.17e-06,349.21579575,0.00288867,8.27e-06,0.13689940999999986,0.1337903584615385,0.17605034735294126,8.206666666666665e-06,8.117692307692308e-06,7.931764705882346e-06
121,8.27e-06,1553911200,8.4e-06,8.18e-06,8.18e-06,7140.00089356,0.05899601,8.26e-06,0.050301023333333174,0.13471453153846158,0.1755213470588236,8.216666666666665e-06,8.140769230769231e-06,7.952647058823524e-06
122,8.16e-06,1553918400,8.27e-06,8.16e-06,8.27e-06,6581.44180288,0.05389439,8.18e-06,0.03859302333333318,0.1380306092307693,0.17228904029411773,8.209999999999998e-06,8.153076923076923e-06,7.970294117647053e-06
123,8.15e-06,1553925600,8.25e-06,8.15e-06,8.25e-06,5159.25968677,0.0420657,8.15e-06,0.051652033333333174,0.12834345461538466,0.16620252205882363,8.193333333333332e-06,8.153076923076923e-06,7.985294117647054e-06
124,8.08e-06,1553932800,8.17e-06,8e-06,8.17e-06,16744.91159391,0.13485874,8.05e-06,0.07693960999999984,0.13420677076923082,0.16561037941176482,8.129999999999998e-06,8.163846153846154e-06,7.99588235294117e-06
125,7.97e-06,1553940000,8.01e-06,7.91e-06,8.01e-06,12390.14462276,0.09856084,7.95e-06,0.0918284266666665,0.12826818538461546,0.16687776264705895,8.066666666666665e-06,8.166153846153847e-06,8.001764705882347e-06
126,8.14e-06,1553947200,8.14e-06,7.95e-06,7.98e-06,27014.67268721,0.21662142,8.01e-06,0.15001366666666652,0.13949658307692314,0.16102125676470602,8.06333333333333e-06,8.170000000000001e-06,8.00882352941176e-06
127,7.96e-06,1553954400,7.98e-06,7.9e-06,7.98e-06,3969.65149758,0.0314198,7.91e-06,0.11553401999999983,0.11501456923076929,0.1360951041176472,8.02333333333333e-06,8.146923076923078e-06,8.010882352941172e-06
128,7.95e-06,1553961600,7.99e-06,7.95e-06,7.99e-06,198.94508552,0.00158461,7.96e-06,0.08320860999999984,0.11404345769230775,0.1356047079411766,8.016666666666662e-06,8.124615384615386e-06,8.015294117647053e-06
129,7.99e-06,1553968800,8e-06,7.92e-06,7.94e-06,2429.32387772,0.01939038,7.98e-06,0.017464929999999823,0.10993423692307698,0.13601527882352954,7.966666666666661e-06,8.10923076923077e-06,8.019411764705876e-06
130,8.05e-06,1553976000,8.5e-06,7.93e-06,7.99e-06,138686.68714989,1.13938371,8.21e-06,0.3867862333333331,0.16980567923076928,0.16579534264705895,7.996666666666662e-06,8.103076923076924e-06,8.025882352941171e-06
131,8.03e-06,1553983200,8.05e-06,7.94e-06,8.05e-06,11241.10288463,0.08946514,7.95e-06,0.41607974333333303,0.15216521538461544,0.16743787117647072,8.023333333333327e-06,8.086923076923077e-06,8.029999999999996e-06
132,7.94e-06,1553990400,7.94e-06,7.94e-06,7.94e-06,732.0,0.00581208,7.94e-06,0.4115536433333331,0.14576473000000006,0.16376362382352952,8.00666666666666e-06,8.068461538461539e-06,8.032941176470584e-06
133,7.94e-06,1553997600,8.05e-06,7.94e-06,7.99e-06,2190.46670594,0.017406,7.94e-06,0.03756107333333314,0.14688144769230776,0.15675676029411778,7.969999999999993e-06,8.048461538461539e-06,8.036176470588231e-06
134,8.02e-06,1554004800,8.1e-06,8.02e-06,8.03e-06,11709.78115991,0.09460275,8.07e-06,0.03927360999999981,0.14962042769230777,0.15477897264705895,7.966666666666661e-06,8.029230769230768e-06,8.041176470588232e-06
135,8.06e-06,1554012000,8.19e-06,8.05e-06,8.05e-06,8741.40540317,0.07080015,8.09e-06,0.06093629999999981,0.15092087076923086,0.15321726441176484,8.00666666666666e-06,8.021538461538461e-06,8.048235294117643e-06
136,8.05e-06,1554019200,8.11e-06,8.05e-06,8.05e-06,8656.98194489,0.06999294,8.08e-06,0.07846527999999982,0.15306912000000011,0.1498965800000001,8.043333333333326e-06,8.013846153846154e-06,8.05382352941176e-06
137,8.06e-06,1554026400,8.11e-06,8.05e-06,8.05e-06,7801.52408533,0.06304543,8.08e-06,0.06794617333333314,0.14754501923076935,0.14558408323529423,8.05666666666666e-06,8.012307692307692e-06,8.059999999999996e-06
138,8.03e-06,1554033600,8.06e-06,8.01e-06,8.06e-06,3908.0490849,0.03141108,8.03e-06,0.05481648333333314,0.14237965307692318,0.14124312088235302,8.04666666666666e-06,8.016923076923078e-06,8.064999999999996e-06
139,8.05e-06,1554040800,8.09e-06,8.03e-06,8.03e-06,2540.23714867,0.02049941,8.06e-06,0.0383186399999998,0.12729334461538472,0.1409532111764707,8.04666666666666e-06,8.010000000000001e-06,8.06941176470588e-06
140,8.09e-06,1554048000,8.09e-06,8.07e-06,8.09e-06,4764.84795008,0.03852719,8.08e-06,0.030145893333333142,0.127840066923077,0.13422984852941186,8.05666666666666e-06,8.020000000000001e-06,8.073529411764702e-06
141,8.09e-06,1554055200,8.11e-06,8.09e-06,8.1e-06,19359.65409159,0.15663049,8.09e-06,0.07188569666666647,0.13976667307692317,0.12336008588235306,8.07666666666666e-06,8.03076923076923e-06,8.07676470588235e-06
142,8.09e-06,1554062400,8.11e-06,8.09e-06,8.1e-06,20451.52480331,0.16549735,8.09e-06,0.12021834333333314,0.15100567076923085,0.12684583852941186,8.089999999999994e-06,8.03846153846154e-06,8.080294117647055e-06
143,8.09e-06,1554069600,8.12e-06,8.09e-06,8.12e-06,12983.08900925,0.10523159,8.1e-06,0.14245314333333314,0.07145550769230777,0.12962366823529423,8.089999999999994e-06,8.041538461538461e-06,8.082941176470586e-06
144,8e-06,1554076800,8.14e-06,8e-06,8.14e-06,33048.65620893,0.26673057,8.07e-06,0.17915316999999983,0.08509131000000007,0.13252754647058834,8.059999999999994e-06,8.03923076923077e-06,8.078529411764701e-06
145,8.03e-06,1554084000,8.05e-06,8.03e-06,8.05e-06,811.18012424,0.00652012,8.03e-06,0.12616075999999984,0.08514577461538468,0.1309947373529413,8.039999999999992e-06,8.046153846153846e-06,8.081176470588232e-06
146,8.04e-06,1554091200,8.13e-06,7.96e-06,8.05e-06,67939.99867932,0.54685811,8.04e-06,0.2733695999999998,0.12587286000000006,0.14190931558823539,8.023333333333327e-06,8.053846153846155e-06,8.08411764705882e-06
147,8.11e-06,1554098400,8.12e-06,8e-06,8.03e-06,18380.45744622,0.14848106,8.07e-06,0.23395309666666644,0.13001734538461543,0.1441983982352942,8.059999999999994e-06,8.060769230769232e-06,8.084705882352936e-06
148,8.02e-06,1554105600,8.11e-06,8.01e-06,8.01e-06,6225.66870668,0.05020477,8.06e-06,0.24851464666666645,0.12843308538461543,0.13539012735294126,8.056666666666662e-06,8.057692307692308e-06,8.077647058823525e-06
149,8.02e-06,1554112800,8.02e-06,8.02e-06,8.02e-06,0.0,0.0,8.02e-06,0.0662286099999998,0.12304901307692313,0.1349722138235295,8.049999999999994e-06,8.055384615384617e-06,8.071176470588232e-06
150,7.94e-06,1554120000,8.05e-06,7.94e-06,8.05e-06,8172.38421696,0.06522867,7.98e-06,0.03847781333333313,0.12321695461538466,0.13474922617647067,7.993333333333329e-06,8.046153846153846e-06,8.063823529411762e-06
151,7.96e-06,1554127200,8.02e-06,7.84e-06,7.94e-06,67543.3234289,0.5323074,7.88e-06,0.19917868999999977,0.16174744076923084,0.1397860626470589,7.973333333333327e-06,8.040769230769232e-06,8.058823529411761e-06
152,7.93e-06,1554134400,7.95e-06,7.85e-06,7.95e-06,11908.24343306,0.09421355,7.91e-06,0.23058320666666643,0.1674177592307693,0.13318083852941184,7.943333333333327e-06,8.031538461538463e-06,8.049705882352938e-06
153,7.85e-06,1554141600,7.94e-06,7.85e-06,7.86e-06,4606.79098658,0.03625861,7.87e-06,0.22092651999999977,0.16724325307692314,0.13162908029411774,7.913333333333326e-06,8.013076923076925e-06,8.039999999999998e-06
154,7.85e-06,1554148800,7.93e-06,7.85e-06,7.85e-06,35987.18241699,0.28303327,7.86e-06,0.1378351433333331,0.1769665438461539,0.13986862735294125,7.87666666666666e-06,7.994615384615385e-06,8.029705882352938e-06
155,7.85e-06,1554156000,7.91e-06,7.85e-06,7.86e-06,3622.77070064,0.02849946,7.86e-06,0.11593044666666642,0.16642824461538466,0.13897167000000007,7.849999999999994e-06,7.976153846153847e-06,8.017352941176467e-06
156,7.85e-06,1554163200,7.85e-06,7.85e-06,7.85e-06,59.85,0.00046982,7.85e-06,0.10400084999999977,0.158369646923077,0.13740035911764714,7.849999999999994e-06,7.957692307692309e-06,8.008235294117644e-06
157,7.9e-06,1554170400,7.92e-06,7.85e-06,7.85e-06,2446.72356691,0.01936724,7.91e-06,0.016112173333333108,0.13934169846153852,0.13673275735294127,7.866666666666662e-06,7.950000000000002e-06,8.000882352941172e-06
158,7.51e-06,1554177600,7.93e-06,7.39e-06,7.92e-06,250083.83461087,1.89464554,7.57e-06,0.6381608666666665,0.2845821153846155,0.1884911926470589,7.753333333333327e-06,7.91e-06,7.984117647058821e-06
159,7.55e-06,1554184800,7.57e-06,7.46e-06,7.46e-06,5109.32910134,0.03835515,7.5e-06,0.6507893099999998,0.24546650307692316,0.1867204370588236,7.653333333333328e-06,7.872307692307694e-06,7.97176470588235e-06
160,7.49e-06,1554192000,7.54e-06,7.49e-06,7.51e-06,1338.48491107,0.01004178,7.5e-06,0.6476808233333331,0.23481732769230776,0.1806445652941177,7.516666666666662e-06,7.824615384615385e-06,7.952647058823527e-06
161,7.47e-06,1554199200,7.53e-06,7.46e-06,7.49e-06,8169.50326882,0.06110818,7.48e-06,0.0365017033333331,0.23565605153846161,0.18151775294117653,7.503333333333329e-06,7.782307692307693e-06,7.938235294117644e-06
162,7.39e-06,1554206400,7.53e-06,7.37e-06,7.5e-06,20152.98252621,0.14960293,7.42e-06,0.07358429666666644,0.2471639692307693,0.18587123294117652,7.449999999999996e-06,7.733846153846155e-06,7.921764705882351e-06
163,7.13e-06,1554213600,7.43e-06,7.06e-06,7.39e-06,51492.69757021,0.36958794,7.17e-06,0.19343301666666643,0.2705762207692308,0.19617116117647065,7.329999999999996e-06,7.671538461538463e-06,7.896470588235292e-06
164,7.83e-06,1554220800,7.88e-06,7.13e-06,7.13e-06,188988.93709628,1.41215318,7.47e-06,0.6437813499999997,0.3382566653846155,0.2041937926470589,7.449999999999996e-06,7.661538461538463e-06,7.889999999999997e-06
165,7.86e-06,1554228000,7.86e-06,7.67e-06,7.8e-06,15375.59113423,0.1200208,7.8e-06,0.6339206399999998,0.34024183846153855,0.20509248852941184,7.606666666666663e-06,7.656153846153847e-06,7.884999999999997e-06
166,7.71e-06,1554235200,7.84e-06,7.61e-06,7.75e-06,24550.2118609,0.1887721,7.68e-06,0.5736486933333331,0.35197364538461545,0.21047366558823533,7.799999999999995e-06,7.645384615384616e-06,7.878235294117645e-06
167,7.68e-06,1554242400,7.68e-06,7.62e-06,7.65e-06,5076.14313949,0.03875528,7.63e-06,0.1158493933333331,0.33318303076923084,0.21110158558823533,7.749999999999997e-06,7.632307692307692e-06,7.870588235294114e-06
168,7.57e-06,1554249600,7.71e-06,7.54e-06,7.64e-06,22876.57632913,0.17400518,7.6e-06,0.13384418666666645,0.34437577846153855,0.21343695117647063,7.653333333333332e-06,7.610769230769231e-06,7.857352941176466e-06
169,7.5e-06,1554256800,7.56e-06,7.5e-06,7.56e-06,1801.46132995,0.01353919,7.51e-06,0.07543321666666643,0.34538111461538473,0.2117528052941177,7.58333333333333e-06,7.583846153846154e-06,7.840882352941172e-06
170,7.48e-06,1554264000,7.5e-06,7.48e-06,7.5e-06,2655.38806151,0.01986604,7.48e-06,0.0691368033333331,0.34541948384615395,0.21027848470588242,7.5166666666666644e-06,7.5515384615384615e-06,7.82411764705882e-06
171,7.44e-06,1554271200,7.55e-06,7.42e-06,7.48e-06,98159.47280548,0.73525902,7.49e-06,0.2562214166666664,0.2562359053846155,0.23004947264705888,7.473333333333331e-06,7.546153846153846e-06,7.805882352941172e-06
172,7.35e-06,1554278400,7.52e-06,7.31e-06,7.44e-06,34891.99201207,0.25936805,7.43e-06,0.3381643699999998,0.2732368976923078,0.2367540894117648,7.423333333333331e-06,7.530769230769232e-06,7.78588235294117e-06
173,7.42e-06,1554285600,7.47e-06,7.31e-06,7.4e-06,15079.65772515,0.11163711,7.4e-06,0.3687547266666665,0.28105192307692317,0.2394346100000001,7.403333333333331e-06,7.525384615384615e-06,7.767352941176465e-06
174,7.38e-06,1554292800,7.47e-06,7.37e-06,7.42e-06,31642.63872517,0.23458585,7.41e-06,0.20186366999999983,0.29439635923076934,0.24520104117647068,7.383333333333331e-06,7.518461538461539e-06,7.746470588235289e-06
175,7.36e-06,1554300000,7.45e-06,7.29e-06,7.37e-06,39666.75971871,0.29178159,7.35e-06,0.21266818333333318,0.30533317923076936,0.24917607352941187,7.386666666666665e-06,7.516153846153847e-06,7.724999999999995e-06
176,7.32e-06,1554307200,7.41e-06,7.27e-06,7.37e-06,54366.76210617,0.3976879,7.31e-06,0.3080184466666665,0.3074947146153847,0.25600520735294124,7.353333333333332e-06,7.5307692307692325e-06,7.702352941176465e-06
177,7.46e-06,1554314400,7.75e-06,7.3e-06,7.32e-06,188551.40974567,1.42339602,7.54e-06,0.7042885033333331,0.30835954846153857,0.29477474941176474,7.379999999999998e-06,7.502307692307694e-06,7.683823529411759e-06
178,7.16e-06,1554321600,7.46e-06,7.16e-06,7.46e-06,28527.91159982,0.20876898,7.31e-06,0.6766176333333331,0.31518633153846165,0.2930699967647059,7.313333333333331e-06,7.4484615384615414e-06,7.659117647058818e-06
179,7.19e-06,1554328800,7.25e-06,7.13e-06,7.14e-06,10737.49362361,0.07730356,7.19e-06,0.569822853333333,0.30661182846153856,0.2951518626470589,7.269999999999997e-06,7.408461538461541e-06,7.634411764705877e-06
180,7.21e-06,1554336000,7.29e-06,7.21e-06,7.26e-06,12605.41442529,0.09143295,7.25e-06,0.12583516333333308,0.310663956923077,0.28175700500000006,7.186666666666664e-06,7.372307692307695e-06,7.609999999999995e-06
181,7.25e-06,1554343200,7.26e-06,7.19e-06,7.25e-06,27220.93415919,0.19730064,7.24e-06,0.12201238333333309,0.3124559153846155,0.28319287500000007,7.216666666666665e-06,7.347692307692311e-06,7.584705882352936e-06
182,7.18e-06,1554350400,7.22e-06,7.12e-06,7.2e-06,48278.53378998,0.34659463,7.17e-06,0.21177607333333306,0.3380755646153847,0.2919102238235295,7.213333333333331e-06,7.323076923076925e-06,7.559999999999995e-06
183,7.2e-06,1554357600,7.2e-06,7.13e-06,7.2e-06,622.2578464,0.00445595,7.16e-06,0.18278373999999975,0.33689017307692315,0.29204128117647066,7.209999999999997e-06,7.301538461538463e-06,7.535882352941171e-06
184,7.31e-06,1554364800,7.31e-06,7.16e-06,7.2e-06,30627.80073951,0.22195921,7.24e-06,0.19100326333333306,0.2974055723076923,0.2966510029411765,7.229999999999997e-06,7.291538461538463e-06,7.5173529411764654e-06
185,7.19e-06,1554372000,7.34e-06,7.17e-06,7.3e-06,25274.67704878,0.18411561,7.28e-06,0.1368435899999997,0.2916169230769231,0.2864100679411765,7.233333333333331e-06,7.2792307692307706e-06,7.494705882352936e-06
186,7.27e-06,1554379200,7.28e-06,7.22e-06,7.28e-06,479.7208974,0.0034901,7.27e-06,0.13652163999999972,0.28329792230769235,0.28374173117647067,7.256666666666664e-06,7.26769230769231e-06,7.475294117647053e-06
187,7.2e-06,1554386400,7.26e-06,7.17e-06,7.26e-06,18914.98215734,0.13693911,7.23e-06,0.10818160666666639,0.27578663461538466,0.2867029223529412,7.219999999999998e-06,7.253846153846156e-06,7.45617647058823e-06
188,7.18e-06,1554393600,7.2e-06,7.11e-06,7.16e-06,58962.80620476,0.42045088,7.13e-06,0.18696002999999972,0.28568427230769233,0.2907446167647059,7.216666666666664e-06,7.240000000000002e-06,7.436470588235289e-06
189,7.13e-06,1554400800,7.17e-06,7.1e-06,7.12e-06,3260.73290974,0.02318282,7.1e-06,0.19352426999999972,0.25687618923076927,0.290588245,7.169999999999997e-06,7.2253846153846166e-06,7.415294117647054e-06
190,7.16e-06,1554408000,7.16e-06,7.09e-06,7.15e-06,18553.67378941,0.13188273,7.1e-06,0.19183880999999972,0.1575290130769231,0.2944533305882353,7.1566666666666645e-06,7.202307692307694e-06,7.394999999999994e-06
191,7.06e-06,1554415200,7.17e-06,7.03e-06,7.17e-06,22956.76096554,0.16227261,7.06e-06,0.1057793866666664,0.15395236923076927,0.2986564297058824,7.116666666666665e-06,7.194615384615386e-06,7.370294117647053e-06
192,7.63e-06,1554422400,8.8e-06,7.04e-06,7.04e-06,547408.50081675,4.47399485,8.17e-06,1.5893833966666666,0.4921593915384616,0.3745196447058824,7.283333333333331e-06,7.228461538461539e-06,7.3738235294117585e-06
193,7.55e-06,1554429600,7.74e-06,7.44e-06,7.6e-06,28795.10501758,0.21651027,7.51e-06,1.6175925766666666,0.5017807238461539,0.37975950117647067,7.4133333333333315e-06,7.254615384615385e-06,7.3738235294117585e-06
194,7.47e-06,1554436800,7.68e-06,7.42e-06,7.55e-06,30154.95396297,0.22937129,7.6e-06,1.6399588033333332,0.504247696923077,0.38621036911764717,7.549999999999997e-06,7.271538461538462e-06,7.37323529411764e-06
195,7.62e-06,1554444000,7.68e-06,7.4e-06,7.47e-06,45143.45324575,0.34135413,7.56e-06,0.2624118966666664,0.5038445815384617,0.3944528970588236,7.546666666666664e-06,7.305384615384616e-06,7.377647058823523e-06
196,7.5e-06,1554451200,7.63e-06,7.42e-06,7.62e-06,30695.572064,0.23192287,7.55e-06,0.26754942999999975,0.521342036923077,0.39687407176470596,7.529999999999997e-06,7.328461538461539e-06,7.38088235294117e-06
197,7.42e-06,1554458400,7.51e-06,7.34e-06,7.51e-06,19419.65813482,0.14304055,7.36e-06,0.2387725166666664,0.5152713707692309,0.39021091323529417,7.5133333333333306e-06,7.336923076923078e-06,7.3894117647058764e-06
198,7.45e-06,1554465600,7.5e-06,7.38e-06,7.48e-06,28758.61044373,0.21421935,7.44e-06,0.1963942566666664,0.5175870430769233,0.35497756529411767,7.456666666666663e-06,7.356923076923078e-06,7.3782352941176404e-06
199,7.32e-06,1554472800,7.39e-06,7.32e-06,7.39e-06,5581.17290409,0.04104555,7.35e-06,0.13276848333333305,0.520475923846154,0.35265476382352945,7.396666666666664e-06,7.3607692307692316e-06,7.362352941176464e-06
200,7.32e-06,1554480000,7.33e-06,7.32e-06,7.33e-06,4129.53103791,0.03023698,7.32e-06,0.09516729333333307,0.5122680676923078,0.3479919661764706,7.363333333333331e-06,7.3700000000000014e-06,7.350882352941169e-06
201,7.33e-06,1554487200,7.39e-06,7.32e-06,7.32e-06,13515.43321202,0.09932961,7.34e-06,0.05687071333333307,0.4875664315384617,0.3497735641176471,7.3233333333333315e-06,7.381538461538463e-06,7.340588235294111e-06
202,7.39e-06,1554494400,7.39e-06,7.33e-06,7.33e-06,7793.5178037,0.05715369,7.33e-06,0.06224009333333308,0.49017957538461554,0.3463367555882353,7.346666666666665e-06,7.401538461538464e-06,7.335294117647054e-06
203,7.4e-06,1554501600,7.41e-06,7.4e-06,7.4e-06,3496.57338723,0.02588003,7.4e-06,0.06078777666666641,0.4820255215384617,0.34669972147058825,7.373333333333332e-06,7.420000000000002e-06,7.3323529411764655e-06
204,7.42e-06,1554508800,7.42e-06,7.4e-06,7.4e-06,1721.82958688,0.01274936,7.4e-06,0.031927693333333076,0.47052373307692325,0.34649040735294123,7.403333333333332e-06,7.447692307692309e-06,7.330588235294113e-06
205,7.42e-06,1554516000,7.44e-06,7.42e-06,7.43e-06,1089.19850159,0.00810185,7.43e-06,0.015577079999999745,0.12699350230769244,0.3251034317647059,7.413333333333332e-06,7.431538461538463e-06,7.329999999999996e-06
206,7.46e-06,1554523200,7.63e-06,7.4e-06,7.4e-06,16658.53542114,0.12539875,7.52e-06,0.04874998666666641,0.11998492384615396,0.3211631582352941,7.433333333333332e-06,7.424615384615386e-06,7.333235294117643e-06
207,7.56e-06,1554530400,7.56e-06,7.46e-06,7.48e-06,5951.14657099,0.04459847,7.49e-06,0.05936635666666642,0.1057716300000001,0.3191914335294118,7.479999999999999e-06,7.4315384615384635e-06,7.337352941176466e-06
208,7.56e-06,1554537600,7.56e-06,7.56e-06,7.56e-06,0.0,0.0,7.56e-06,0.05666573999999975,0.0795136200000001,0.31229184970588236,7.526666666666664e-06,7.426923076923079e-06,7.342647058823525e-06
209,7.54e-06,1554544800,7.55e-06,7.45e-06,7.55e-06,1351.26713679,0.01016613,7.52e-06,0.018254866666666415,0.06245540923076934,0.30400904205882356,7.553333333333331e-06,7.430000000000002e-06,7.347941176470584e-06
210,7.54e-06,1554552000,7.54e-06,7.54e-06,7.54e-06,9134.41049475,0.06887345,7.54e-06,0.026346526666666415,0.056750247692307805,0.2943380288235295,7.546666666666664e-06,7.439230769230771e-06,7.3544117647058785e-06
211,7.49e-06,1554559200,7.49e-06,7.42e-06,7.47e-06,22062.72066202,0.16424312,7.44e-06,0.08109423333333309,0.052905922307692414,0.2573041200000001,7.523333333333332e-06,7.442307692307693e-06,7.355294117647056e-06
212,7.4e-06,1554566400,7.43e-06,7.4e-06,7.43e-06,40069.25385062,0.29709799,7.41e-06,0.1767381866666664,0.07260226384615395,0.25990203205882356,7.476666666666666e-06,7.448461538461539e-06,7.3623529411764695e-06
213,7.37e-06,1554573600,7.47e-06,7.37e-06,7.47e-06,4566.47775992,0.03372771,7.38e-06,0.16502293999999973,0.07287078153846165,0.25862038941176474,7.419999999999999e-06,7.4523076923076925e-06,7.367647058823527e-06
214,7.43e-06,1554580800,7.44e-06,7.37e-06,7.4e-06,3267.96650394,0.02420154,7.4e-06,0.11834241333333306,0.06709169923076934,0.25664299500000004,7.399999999999998e-06,7.4600000000000006e-06,7.374117647058821e-06
215,7.37e-06,1554588000,7.43e-06,7.36e-06,7.37e-06,1766.07597006,0.013012,7.36e-06,0.02364708333333308,0.06369618461538472,0.25122274088235297,7.389999999999998e-06,7.45846153846154e-06,7.377647058823527e-06
216,7.36e-06,1554595200,7.41e-06,7.36e-06,7.41e-06,180.17,0.00133115,7.38e-06,0.012848229999999745,0.06180780923076933,0.24106793264705886,7.386666666666665e-06,7.455384615384616e-06,7.382941176470584e-06
217,7.35e-06,1554602400,7.36e-06,7.35e-06,7.36e-06,1543.43930009,0.0113585,7.35e-06,0.008567216666666412,0.0617008200000001,0.24127094882352942,7.359999999999997e-06,7.4500000000000015e-06,7.387352941176466e-06
218,7.42e-06,1554609600,7.42e-06,7.35e-06,7.42e-06,546.45438548,0.00405301,7.41e-06,0.005580886666666412,0.06138937076923087,0.2348619429411765,7.376666666666664e-06,7.4500000000000015e-06,7.3905882352941125e-06
219,7.48e-06,1554616800,7.48e-06,7.42e-06,7.42e-06,9507.24291854,0.07077398,7.44e-06,0.02872849666666641,0.05718746538461549,0.23152836558823534,7.416666666666664e-06,7.451538461538463e-06,7.399117647058817e-06
220,7.39e-06,1554624000,7.49e-06,7.38e-06,7.49e-06,976.33127706,0.00721608,7.39e-06,0.02734768999999974,0.05431189692307702,0.23163795323529415,7.429999999999998e-06,7.43846153846154e-06,7.402647058823525e-06
221,7.43e-06,1554631200,7.44e-06,7.35e-06,7.4e-06,7622.4246011,0.05633345,7.39e-06,0.04477450333333308,0.05864523923076933,0.22926719852941183,7.433333333333331e-06,7.42846153846154e-06,7.409411764705877e-06
222,7.43e-06,1554638400,7.43e-06,7.39e-06,7.43e-06,1661.98658566,0.01234624,7.42e-06,0.025298589999999746,0.0588129400000001,0.217264120882353,7.416666666666665e-06,7.420000000000002e-06,7.4167647058823475e-06
223,7.47e-06,1554645600,7.54e-06,7.43e-06,7.43e-06,14644.46522628,0.10998372,7.51e-06,0.05955446999999975,0.06197526846153856,0.21981708852941184,7.44333333333333e-06,7.4146153846153856e-06,7.4267647058823466e-06
224,7.43e-06,1554652800,7.46e-06,7.43e-06,7.46e-06,1294.84615699,0.00965132,7.45e-06,0.04399375999999974,0.05008359153846164,0.21622204705882359,7.44333333333333e-06,7.410000000000002e-06,7.434705882352936e-06
225,7.49e-06,1554660000,7.49e-06,7.45e-06,7.45e-06,608.82743981,0.00453948,7.45e-06,0.04139150666666642,0.027579090769230874,0.21158283735294126,7.463333333333331e-06,7.416923076923078e-06,7.447352941176466e-06
226,7.52e-06,1554667200,7.55e-06,7.44e-06,7.49e-06,6725.93882967,0.05060907,7.52e-06,0.021599956666666417,0.028877656923077026,0.08148325558823535,7.479999999999999e-06,7.428461538461539e-06,7.444117647058819e-06
227,7.53e-06,1554674400,7.55e-06,7.45e-06,7.45e-06,17633.77317421,0.13265069,7.52e-06,0.06259974666666641,0.037219899230769335,0.07901679735294125,7.513333333333332e-06,7.436153846153847e-06,7.443529411764702e-06
228,7.48e-06,1554681600,7.56e-06,7.42e-06,7.56e-06,28747.49783674,0.21498487,7.47e-06,0.13274820999999976,0.05275627384615395,0.07859366735294124,7.509999999999998e-06,7.444615384615385e-06,7.443823529411761e-06
229,7.41e-06,1554688800,7.43e-06,7.4e-06,7.43e-06,4414.39543002,0.0327216,7.41e-06,0.12678571999999977,0.055170923846153956,0.06951624000000006,7.473333333333332e-06,7.448461538461539e-06,7.437647058823525e-06
230,7.41e-06,1554696000,7.41e-06,7.4e-06,7.4e-06,1420.35727898,0.01052467,7.4e-06,0.08607704666666645,0.05510678307692318,0.06300452823529418,7.433333333333332e-06,7.453076923076923e-06,7.434999999999996e-06
231,7.39e-06,1554703200,7.41e-06,7.39e-06,7.41e-06,2781.57245808,0.0205787,7.39e-06,0.02127498999999979,0.0563779900000001,0.05940270911764713,7.403333333333332e-06,7.45076923076923e-06,7.4341176470588195e-06
232,7.7e-06,1554710400,7.72e-06,7.39e-06,7.39e-06,58670.97541298,0.44578653,7.59e-06,0.1589632999999998,0.08522510923076933,0.06621350852941184,7.499999999999999e-06,7.467692307692307e-06,7.441470588235292e-06
233,7.73e-06,1554717600,7.81e-06,7.69e-06,7.7e-06,10081.88326186,0.07802261,7.73e-06,0.18146261333333313,0.09067176538461548,0.06730106911764712,7.606666666666667e-06,7.493846153846153e-06,7.453529411764703e-06
234,7.85e-06,1554724800,7.99e-06,7.7e-06,7.79e-06,131643.79714473,1.0364737,7.87e-06,0.5200942799999998,0.16606716923076933,0.09689626676470593,7.76e-06,7.526153846153845e-06,7.469117647058821e-06
235,8.17e-06,1554732000,8.33e-06,7.85e-06,7.86e-06,53304.59355378,0.42726809,8.01e-06,0.5139214666666665,0.19798423461538472,0.10654151617647065,7.916666666666667e-06,7.583076923076921e-06,7.4938235294117625e-06
236,8.12e-06,1554739200,8.37e-06,7.97e-06,8.17e-06,53671.98844153,0.4366039,8.13e-06,0.6334485633333331,0.223108863846154,0.1177018164705883,8.046666666666665e-06,7.633076923076922e-06,7.5152941176470565e-06
237,8.03e-06,1554746400,8.2e-06,7.93e-06,8.12e-06,25650.60468915,0.20598043,8.03e-06,0.35661747333333316,0.2382111030769232,0.12299888705882361,8.106666666666666e-06,7.679230769230768e-06,7.533823529411762e-06
238,8.13e-06,1554753600,8.25e-06,7.93e-06,7.99e-06,30670.00296279,0.24858429,8.1e-06,0.2970562066666665,0.2569837807692309,0.12993520852941187,8.093333333333333e-06,7.728461538461537e-06,7.554705882352939e-06
239,8.38e-06,1554760800,9.49e-06,8.24e-06,8.25e-06,360440.86175365,3.14642738,8.72e-06,1.2003306999999999,0.49512365076923087,0.22223890058823537,8.179999999999998e-06,7.794615384615384e-06,7.582941176470585e-06
240,8.53e-06,1554768000,8.68e-06,8.38e-06,8.38e-06,20498.7765131,0.17451718,8.51e-06,1.1898429499999998,0.49834415000000004,0.2236835602941177,8.346666666666664e-06,7.871538461538461e-06,7.614411764705879e-06
241,7.99e-06,1554775200,8.53e-06,7.93e-06,8.53e-06,35260.27407774,0.2864405,8.12e-06,1.2024616866666664,0.503840736923077,0.23079656117647063,8.299999999999998e-06,7.91076923076923e-06,7.627058823529409e-06
242,7.8e-06,1554782400,7.95e-06,7.8e-06,7.93e-06,15157.95277836,0.11959112,7.88e-06,0.19351626666666646,0.5105230076923077,0.23431394705882358,8.106666666666666e-06,7.94076923076923e-06,7.634117647058821e-06
243,7.95e-06,1554789600,8.2e-06,7.77e-06,7.78e-06,41158.3244834,0.32728326,7.95e-06,0.2444382933333331,0.5348890530769231,0.24364092147058827,7.913333333333333e-06,7.98230769230769e-06,7.646176470588233e-06
244,7.95e-06,1554796800,7.95e-06,7.95e-06,7.95e-06,0.0,0.0,7.95e-06,0.14895812666666644,0.5333060761538462,0.24161523176470592,7.9e-06,8.025384615384616e-06,7.658235294117645e-06
245,7.96e-06,1554804000,7.96e-06,7.9e-06,7.95e-06,1590.27619332,0.01260413,7.92e-06,0.11329579666666645,0.49998435307692307,0.23715526147058827,7.953333333333336e-06,8.045384615384616e-06,7.67205882352941e-06
246,8e-06,1554811200,8.01e-06,7.95e-06,7.96e-06,6947.73814401,0.05550556,7.98e-06,0.02270322999999978,0.49825227230769237,0.23004960176470593,7.970000000000002e-06,8.066153846153846e-06,7.689705882352938e-06
247,8.09e-06,1554818400,8.21e-06,8e-06,8e-06,15962.69101366,0.12933904,8.1e-06,0.06581624333333311,0.4284726830769231,0.23286169970588239,8.016666666666669e-06,8.084615384615386e-06,7.710882352941174e-06
248,8.19e-06,1554825600,8.31e-06,8.12e-06,8.2e-06,8128.2623457,0.06677157,8.21e-06,0.08387205666666643,0.40074218153846153,0.23411375941176474,8.093333333333334e-06,8.086153846153848e-06,7.733235294117644e-06
249,8.11e-06,1554832800,8.15e-06,8.11e-06,8.15e-06,3941.35274592,0.03200715,8.12e-06,0.0760392533333331,0.36961935461538464,0.23467244029411768,8.130000000000003e-06,8.085384615384617e-06,7.754999999999996e-06
250,8.26e-06,1554840000,8.4e-06,8.12e-06,8.12e-06,5428.92779533,0.0452517,8.33e-06,0.048010139999999764,0.35725560615384616,0.23596422117647062,8.186666666666669e-06,8.103076923076924e-06,7.781470588235291e-06
251,8.37e-06,1554847200,8.5e-06,8.18e-06,8.25e-06,4603.19363383,0.03863304,8.39e-06,0.03863062999999977,0.34110550999999995,0.2367664135294118,8.24666666666667e-06,8.121538461538462e-06,7.81147058823529e-06
252,8.67e-06,1554854400,9.83e-06,8.38e-06,8.38e-06,206106.17293015,1.90089693,9.22e-06,0.6615938899999998,0.24529547538461532,0.29255594058823536,8.433333333333334e-06,8.143846153846154e-06,7.848235294117644e-06
