,close,date,high,low,open,quoteVolume,volume,weightedAverage,avg_vol_3,avg_vol_13,avg_vol_34,avg_close_3,avg_close_13,avg_close_34
0,0.01408,1549137517,0.01408,0.01408,0.01408,0.0,0.0,0.01408,-99999.0,-99999.0,-99999.0,-99999.0,-99999.0,-99999.0
1,0.014025,1549137600,0.014075,0.01402,0.014075,77.54023503,1.08773698,0.01402803,-99999.0,-99999.0,-99999.0,-99999.0,-99999.0,-99999.0
2,0.014025,1549144800,0.01406,0.013985,0.014025,77.91371481,1.0908302,0.01400049,0.7261890599999999,-99999.0,-99999.0,0.014043333333333333,-99999.0,-99999.0
3,0.01415843,1549152000,0.01415976,0.01400997,0.01400997,218.23927988,3.07002345,0.01406723,1.7495302099999999,-99999.0,-99999.0,0.014069476666666665,-99999.0,-99999.0
4,0.01412499,1549159200,0.01414999,0.01411,0.014135,43.34069417,0.61226396,0.01412676,1.5910392033333334,-99999.0,-99999.0,0.014102806666666667,-99999.0,-99999.0
5,0.01412625,1549166400,0.014145,0.01409026,0.01412498,9.86038378,0.1392846,0.01412567,1.2738573366666666,-99999.0,-99999.0,0.014136556666666666,-99999.0,-99999.0
6,0.01412,1549173600,0.01416634,0.01412,0.014125,44.35244946,0.6272028,0.01414133,0.4595837866666666,-99999.0,-99999.0,0.014123746666666666,-99999.0,-99999.0
7,0.014065,1549180800,0.01415998,0.01405,0.01414,22.11446544,0.31129873,0.0140767,0.3592620433333333,-99999.0,-99999.0,0.014103749999999998,-99999.0,-99999.0
8,0.01405,1549188000,0.01409,0.01403,0.01408688,181.96643421,2.5553556,0.014043,1.1646190433333332,-99999.0,-99999.0,0.014078333333333332,-99999.0,-99999.0
9,0.014005,1549195200,0.014045,0.01399,0.014045,72.25299234,1.01187661,0.01400463,1.2928436466666666,-99999.0,-99999.0,0.014039999999999999,-99999.0,-99999.0
10,0.014005,1549202400,0.0142,0.013985,0.013985,126.24242325,1.77688535,0.01407518,1.78137252,-99999.0,-99999.0,0.014019999999999998,-99999.0,-99999.0
11,0.013985,1549209600,0.01401,0.01398,0.01398999,11.46490221,0.16045085,0.01399496,0.9830709366666667,-99999.0,-99999.0,0.01399833333333333,-99999.0,-99999.0
12,0.013985,1549216800,0.014005,0.013985,0.0139995,19.79904608,0.27728041,0.01400473,0.7382055366666668,0.9784991953846153,-99999.0,0.013991666666666661,0.014058051538461538,-99999.0
13,0.013995,1549224000,0.01399501,0.01399,0.01399501,18.13395217,0.25377663,0.01399455,0.23050263000000007,0.9980204746153846,-99999.0,0.01398833333333333,0.014051513076923075,-99999.0
14,0.01397701,1549231200,0.01401,0.01397701,0.01401,10.12355083,0.14161845,0.01398901,0.2242251633333334,0.925242126153846,-99999.0,0.013985669999999997,0.014047821538461538,-99999.0
15,0.01393048,1549238400,0.01397682,0.01393047,0.01397682,2.55695692,0.035654,0.01394392,0.1436830266666667,0.844074726153846,-99999.0,0.013967496666666664,0.014040550769230766,-99999.0
16,0.01390083,1549245600,0.013955,0.01387573,0.01393048,154.19068286,2.1422977,0.01389382,0.7731900500000001,0.7727112069230768,-99999.0,0.013936106666666663,0.014020735384615382,-99999.0
17,0.0139,1549252800,0.013905,0.013895,0.013905,1.71632637,0.02385064,0.01389633,0.7339341133333334,0.7274486438461536,-99999.0,0.013910436666666665,0.014003428461538459,-99999.0
18,0.01391,1549260000,0.013925,0.01385937,0.01387445,14.98470141,0.20813314,0.0138897,0.79142716,0.7327446853846151,-99999.0,0.013903609999999997,0.013986793846153842,-99999.0
19,0.013915,1549267200,0.013955,0.013885,0.01391,35.46203296,0.49349024,0.01391601,0.24182467333333335,0.7224591038461536,-99999.0,0.013908333333333328,0.013971024615384613,-99999.0
20,0.01395295,1549274400,0.013965,0.01391,0.01391,105.06091113,1.46384019,0.01393325,0.72182119,0.8111161392307691,-99999.0,0.013925983333333327,0.013962405384615382,-99999.0
21,0.013995,1549281600,0.013995,0.01393801,0.01395295,28.90794817,0.40387696,0.01397113,0.7870691299999999,0.6456177823076921,-99999.0,0.01395431666666666,0.013958174615384613,-99999.0
22,0.01394,1549288800,0.01397601,0.01394,0.013943,6.66607716,0.09294718,0.01394331,0.6535547766666665,0.5749309030769229,-99999.0,0.013962649999999993,0.013953174615384615,-99999.0
23,0.01396,1549296000,0.01399,0.01394253,0.01396,10.51061849,0.14671988,0.0139592,0.2145146733333331,0.449533559230769,-99999.0,0.013964999999999993,0.013949713076923078,-99999.0
24,0.01398,1549303200,0.01398,0.01395497,0.013965,0.98425879,0.01374266,0.01396245,0.08446990666666644,0.4382483138461536,-99999.0,0.013959999999999993,0.01394932846153846,-99999.0
25,0.01395,1549310400,0.01398,0.01392581,0.013975,26.32397855,0.36703062,0.01394282,0.17583105333333313,0.44515217615384584,-99999.0,0.013963333333333326,0.013946636153846153,-99999.0
26,0.013985,1549317600,0.0139886,0.01395,0.01395,79.01527577,1.10311243,0.01396074,0.4946285699999997,0.5104856992307689,-99999.0,0.013971666666666658,0.013945866923076922,-99999.0
27,0.013995,1549324800,0.01399501,0.013975,0.01399501,20.74776195,0.29030159,0.01399194,0.5868148799999997,0.5219228638461536,-99999.0,0.013976666666666658,0.013947250769230767,-99999.0
28,0.01396,1549332000,0.01399,0.013945,0.01398999,39.60077724,0.55395731,0.01398854,0.6491237766666664,0.561792349230769,-99999.0,0.013979999999999992,0.013949521538461537,-99999.0
29,0.01396,1549339200,0.01396,0.01393,0.01393,22.09849666,0.30849361,0.01395993,0.38425083666666654,0.42073049615384595,-99999.0,0.01397166666666666,0.013954073076923075,-99999.0
30,0.013965,1549346400,0.013965,0.01393,0.013955,7.40736654,0.10324413,0.01393803,0.32189834999999983,0.4268376876923075,-99999.0,0.013961666666666659,0.013959073076923076,-99999.0
31,0.013935,1549353600,0.0139549,0.013935,0.01395001,3.52754597,0.04916235,0.0139367,0.15363336333333313,0.4146091653846152,-99999.0,0.013953333333333326,0.013960996153846153,-99999.0
32,0.013945,1549360800,0.013975,0.013935,0.013935,2.90615326,0.04053573,0.01394824,0.06431406999999982,0.37976651076923057,-99999.0,0.013948333333333326,0.013963303846153845,-99999.0
33,0.01392,1549368000,0.013945,0.01391,0.013945,47.78792048,0.66498818,0.0139154,0.2515620866666665,0.31831635615384596,0.6359195047058822,0.013933333333333327,0.01396076923076923,0.013991939411764702
34,0.013915,1549375200,0.01397222,0.01389,0.01390016,154.47957541,2.15651008,0.01395983,0.9540113299999997,0.45313428846153825,0.6993462717647058,0.013926666666666662,0.013954615384615383,0.013987086470588233
35,0.01388,1549382400,0.0139,0.01387948,0.0139,42.31833927,0.5875906,0.01388501,1.136362953333333,0.4911837823076921,0.6846360841176469,0.013904999999999995,0.013949999999999999,0.01398282176470588
36,0.01390498,1549389600,0.01390499,0.013855,0.01387869,24.75934491,0.34397066,0.01389255,1.029357113333333,0.506356919230769,0.6626696270588234,0.013899993333333327,0.013945767692307692,0.01397929176470588
37,0.01386501,1549396800,0.01387,0.01386501,0.01387,4.2847703,0.05942296,0.01386841,0.3303280733333331,0.5098707884615382,0.5741225538235293,0.013883329999999994,0.013936922307692308,0.01397066176470588
38,0.01389208,1549404000,0.01391,0.01386,0.01386501,28.60194677,0.39680932,0.0138735,0.2667343133333331,0.5121614576923075,0.5677856526470586,0.013887356666666661,0.013932466923076925,0.013963811470588233
39,0.01332503,1549411200,0.01386,0.013315,0.01386,403.02596011,5.49490649,0.01363412,1.983712923333333,0.8499917699999998,0.7253039435294116,0.013694039999999996,0.0138817,0.013940246176470586
40,0.013515,1549418400,0.01361435,0.01335993,0.01335996,89.77900261,1.21316605,0.0135128,2.368293953333333,0.9209813438461537,0.7425381567647058,0.013577369999999997,0.013844776923076924,0.013922452058823526
41,0.0135,1549425600,0.01359,0.0135,0.01351502,93.56656978,1.26875114,0.01355987,2.658941226666666,0.9759654846153845,0.7706985217647058,0.013446676666666662,0.01380939230769231,0.013905834411764703
42,0.0135,1549432800,0.01352,0.01348501,0.01350498,63.42979049,0.85625305,0.01349922,1.1127234133333328,1.018100826153846,0.7207249173529411,0.013504999999999994,0.013774007692307695,0.013889657941176468
43,0.013525,1549440000,0.013545,0.013475,0.01351,84.638794,1.14369016,0.01351259,1.0895647833333328,1.098135136153846,0.724601786470588,0.013508333333333329,0.013740161538461542,0.013875540294117646
44,0.01354,1549447200,0.013545,0.013505,0.01353,167.0789384,2.26001533,0.01352663,1.4199861799999995,1.2682007499999997,0.7388114917647056,0.013521666666666663,0.013709776923076926,0.01386186382352941
45,0.01350001,1549454400,0.013534,0.01349,0.013525,422.91914353,5.71430156,0.01351156,3.039335683333333,1.7046442753846152,0.9021600420588233,0.013521669999999998,0.013675546923076924,0.013847599411764704
46,0.01355,1549461600,0.01356488,0.01352495,0.01353997,41.47740433,0.56185214,0.01354598,2.845389676666666,1.6967107338461533,0.9105297988235291,0.01353000333333333,0.013647085384615388,0.013834805294117644
47,0.01354001,1549468800,0.01365994,0.0135275,0.01355993,84.98179942,1.15414747,0.01358111,2.476767056666666,1.6196059176923074,0.9370112941176467,0.013530006666666664,0.013618240000000002,0.013821423235294115
48,0.01351,1549476000,0.01355497,0.01351,0.01352999,68.41023213,0.92546239,0.01352812,0.8804873333333326,1.6455960553846152,0.9600655276470585,0.013533336666666665,0.013589778461538462,0.013807687647058822
49,0.013605,1549483200,0.013625,0.0136,0.0136,4.98976953,0.06794225,0.01361631,0.7158507033333327,1.6243631007692305,0.9610151820588233,0.013551669999999997,0.013566703076923077,0.01379811470588235
50,0.01362499,1549490400,0.013625,0.01357001,0.01357001,103.1199786,1.4047948,0.01362291,0.7993998133333328,1.7278532423076922,0.9393239202941173,0.013579996666666665,0.01354824,0.01379000176470588
51,0.01366004,1549497600,0.01366004,0.01362499,0.01362499,150.97701329,2.05859389,0.01363514,1.1771103133333327,1.8556828246153847,0.9991693099999996,0.013630009999999998,0.01353039076923077,0.013782944117647055
52,0.01373,1549504800,0.01373495,0.013645,0.01366004,72.28736367,0.99142497,0.01371505,1.484937886666666,1.5092611692307696,1.0222073049999996,0.013671676666666665,0.013561542307692308,0.013777649999999997
53,0.0137598,1549512000,0.0137598,0.0137,0.0137,7.74089506,0.10607784,0.01370356,1.052032233333333,1.424100537692308,1.0108128226470583,0.01371661333333333,0.013580373076923077,0.013773085294117644
54,0.01383,1549519200,0.01385542,0.013735,0.0137574,190.57470932,2.62416732,0.01376975,1.2405567099999997,1.5283633207692313,1.04494009117647,0.013773266666666666,0.013605757692307692,0.013769469117647055
55,0.01384998,1549526400,0.01384998,0.01378,0.01378,22.78172839,0.31453385,0.0138064,1.0149263366666663,1.4866926130769236,1.0423123526470581,0.013813259999999999,0.01363267923076923,0.013765203823529408
56,0.01382611,1549533600,0.01385,0.013825,0.013825,33.30390914,0.46105057,0.01384373,1.1332505799999997,1.434181875384616,1.0531389229411756,0.013835363333333331,0.013655841538461538,0.013761854117647056
57,0.013765,1549540800,0.01382757,0.013765,0.01382611,83.35260182,1.1484192,0.01377784,0.6413345399999995,1.3486744807692317,1.082600667647058,0.013813696666666665,0.013673149230769231,0.013756118823529409
58,0.01381497,1549548000,0.01381497,0.013765,0.013765,8.32737553,0.11497832,0.01380727,0.5748160299999995,0.9179573084615392,1.0855781870588228,0.013802026666666667,0.013697376923076923,0.013751264999999997
59,0.01385,1549555200,0.01388,0.01379501,0.013805,29.67015206,0.41069945,0.01384217,0.5580323233333327,0.9063301784615393,1.086862564411764,0.01380999,0.013720453846153845,0.013748323823529406
60,0.0138,1549562400,0.01385,0.0138,0.01385,22.11996528,0.30595147,0.01383146,0.2772097466666661,0.8410843323076931,1.0634166538235286,0.013821656666666666,0.013740453076923077,0.013742882647058818
61,0.0138,1549569600,0.01381,0.01377,0.01378,24.79744524,0.34186377,0.01378624,0.3528382299999994,0.7961921307692316,1.0649331885294109,0.013816666666666666,0.013762760769230772,0.01373714735294117
62,0.01373497,1549576800,0.01378497,0.01373497,0.01378,16.20031347,0.2231415,0.0137739,0.29031891333333276,0.8081305346153855,1.055203311764705,0.013778323333333333,0.013772758461538463,0.013730528823529405
63,0.01373,1549584000,0.01373997,0.013705,0.013735,5.14819078,0.07070558,0.01373406,0.2119036166666661,0.7055082869230779,1.0482095461764698,0.01375499,0.013780836153846156,0.013723764117647053
64,0.013725,1549591200,0.013735,0.01371,0.01371,1.52219264,0.02087689,0.01371501,0.10490798999999944,0.5487608253846163,1.0457869802941167,0.01372999,0.013785833076923076,0.013716705294117641
65,0.013715,1549598400,0.01372497,0.01369666,0.01371001,13.09107105,0.17935505,0.01370056,0.09031250666666608,0.4862939084615394,1.04961617735294,0.013723333333333332,0.013784679230769231,0.013710234705882347
66,0.01368,1549605600,0.013735,0.01368,0.01371497,18.94198509,0.25956577,0.01370319,0.15326590333333273,0.4981006723076933,1.0560582373529401,0.013706666666666666,0.01377854076923077,0.01370244058823529
67,0.01378001,1549612800,0.01378201,0.01361908,0.01367833,373.38244253,5.09982869,0.01365845,1.846249836666666,0.6885361623076933,1.1864947229411753,0.013725003333333333,0.013774695384615386,0.013698323235294114
68,0.01384,1549620000,0.01388212,0.013775,0.013775,53.24791044,0.73574539,0.01381735,2.0317132833333327,0.720937050000001,1.1447075261764696,0.01376667,0.013773927692307692,0.013696117352941172
69,0.013745,1549627200,0.013835,0.01374001,0.01382997,39.99046635,0.55092883,0.0137765,2.1288343033333326,0.7278507623076933,1.1436292388235283,0.013788336666666666,0.013767688461538462,0.013692146764705879
70,0.01402501,1549634400,0.01402501,0.013785,0.01379001,378.45151506,5.26094976,0.01390125,2.1825413266666662,1.044199266923078,1.2882462711764697,0.013870003333333332,0.01378768923076923,0.013695677058823526
71,0.01382761,1549641600,0.014155,0.01373032,0.01402502,772.55724367,10.80414423,0.01398491,5.538674273333332,1.86644279846154,1.6042674849999992,0.013865873333333332,0.013788661538461536,0.013694577058823525
72,0.01359759,1549648800,0.01382761,0.01356998,0.01382761,405.33352693,5.55849737,0.01371339,7.207863786666667,2.2624272538461554,1.7560818394117637,0.013816736666666664,0.013769245384615382,0.01368591558823529
73,0.013795,1549656000,0.013795,0.01360728,0.01361799,89.9888564,1.23671859,0.01374301,5.8664533966666665,2.3340247246153862,1.6308410188235285,0.013740066666666667,0.013768860769230767,0.013699738235294114
74,0.0136,1549663200,0.01374497,0.013595,0.01374497,81.61027487,1.11453722,0.01365682,2.6365843933333326,2.3934611438461553,1.6279401708823522,0.013664196666666665,0.013753476153846152,0.013702238235294113
75,0.013655,1549670400,0.013885,0.01356,0.0136,175.62827282,2.40153727,0.01367397,1.584264359999999,2.5610300492307707,1.6612574099999993,0.013683333333333332,0.013747324615384611,0.013706797058823526
76,0.01369003,1549677600,0.01374242,0.01369001,0.01369001,87.18614658,1.19625856,0.01372074,1.5707776833333325,2.6476110476923087,1.6712575720588225,0.013648343333333332,0.013744249999999996,0.013712386176470585
77,0.013645,1549684800,0.01372,0.01359,0.01369756,25.73193848,0.35206115,0.01368187,1.3166189933333323,2.6730867600000012,1.647974365882352,0.01366334333333333,0.013738096153846151,0.01371591558823529
78,0.01373001,1549692000,0.01375463,0.013645,0.013645,42.9524938,0.58961777,0.0137272,0.7126458266666659,2.704645430769232,1.598845025882352,0.013688346666666663,0.013739250769230764,0.013721504117647056
79,0.01381041,1549699200,0.01381041,0.01367,0.01375463,160.24380019,2.19907924,0.01372333,1.046919386666666,2.8538387746153857,1.495456134117646,0.013728473333333331,0.013749282307692302,0.013730633529411762
80,0.01378,1549706400,0.01385399,0.013755,0.01380504,164.29527475,2.26691121,0.01379778,1.6852027399999991,2.635922045384616,1.5456049302941164,0.013773473333333333,0.013749281538461534,0.013737398235294115
81,0.01378,1549713600,0.01387878,0.01377545,0.01381,134.85684191,1.8634717,0.01381814,2.1098207166666656,2.722670223076924,1.5664674076470577,0.013790136666666666,0.01374466615384615,0.01374445676470588
82,0.013765,1549720800,0.013805,0.01376,0.0137723,23.6923793,0.32628758,0.01377183,1.485556829999999,2.705390126923078,1.548844619117646,0.013774999999999997,0.013746204615384613,0.01375195676470588
83,0.01364221,1549728000,0.013785,0.01364221,0.013785,11.10315322,0.15207937,0.01369695,0.7806128833333323,2.3124000969230782,1.5513192402941165,0.013729069999999998,0.013716758461538458,0.013753051176470587
84,0.01355496,1549735200,0.0136372,0.01352708,0.0136372,73.142808,0.99191536,0.01356135,0.49009410333333236,1.5576132607692317,1.53917572735294,0.013654056666666664,0.013695785384615381,0.013750991470588234
85,0.013545,1549742400,0.013565,0.01351,0.01355997,15.39092777,0.20842544,0.01354209,0.4508067233333324,1.146069266153847,1.484759008235293,0.01358072333333333,0.013691739999999997,0.013747607941176469
86,0.01362,1549749600,0.01362,0.013505,0.01354593,75.98277066,1.03128498,0.01357261,0.743875259999999,1.1302666807692316,1.4859313614705874,0.013573319999999998,0.013678278461538459,0.013744372647058821
87,0.013675,1549756800,0.01368563,0.01360001,0.01360001,82.05713638,1.12005769,0.01364972,0.7865893699999992,1.130691332307693,1.5157542982352934,0.013613333333333331,0.013684047692307688,0.013741878529411763
88,0.01348492,1549764000,0.01380241,0.013475,0.01366,220.03886206,2.99273125,0.01360092,1.7146913066666658,1.176167792307693,1.5265944138235288,0.013593306666666664,0.013670964615384612,0.013731729117647057
89,0.01353,1549771200,0.0135939,0.01348493,0.013525,15.08155464,0.203713,0.01350742,1.4388339799999992,1.0998181338461546,1.523334977058823,0.013563306666666664,0.013658654615384614,0.013722317941176468
90,0.013575,1549778400,0.013575,0.01347,0.01355001,85.68561306,1.15502805,0.01347983,1.4504907666666658,1.1615848184615392,1.5437460794117641,0.013529973333333332,0.013653269999999999,0.013714932352941175
91,0.013435,1549785600,0.01356999,0.0134146,0.013525,332.29561169,4.47636745,0.01347103,1.9450361666666656,1.4605655630769239,1.641626910294117,0.013513333333333334,0.013630576923076924,0.013705226470588234
92,0.01364001,1549792800,0.01374244,0.01343417,0.01343417,658.79040706,8.95654474,0.01359543,4.862646746666665,1.9803706015384626,1.9016729814705877,0.013550003333333333,0.013617469230769232,0.013700080588235292
93,0.013635,1549800000,0.01367,0.013625,0.01363593,9.74203548,0.13299773,0.01365194,4.521969973333332,1.8162234107692317,1.893505283823529,0.013570003333333336,0.013606315384615387,0.013693757058823528
94,0.013555,1549807200,0.013675,0.013555,0.01365974,194.17744005,2.64010664,0.01359636,3.909883036666665,1.8759645600000008,1.9621569064705877,0.013610003333333334,0.013589007692307697,0.013686551176470588
95,0.01356,1549814400,0.01359,0.01353,0.01354999,23.33069308,0.31619458,0.01355273,1.0297663166666648,1.8751881753846162,1.9614019302941172,0.013583333333333334,0.013573238461538465,0.013679492352941178
96,0.013505,1549821600,0.01357,0.013505,0.01355,31.79059197,0.43025974,0.01353418,1.1288536533333315,1.8965866653846164,1.9674936432352936,0.013539999999999998,0.01356268384615385,0.013672728529411765
97,0.0135275,1549828800,0.013545,0.013515,0.013545,7.30194144,0.09885343,0.01353796,0.2817692499999982,1.8278895938461548,1.9683215211764704,0.013530833333333332,0.013560571538461543,0.013666772647058824
98,0.0137,1549836000,0.0137,0.013505,0.01355,95.67038231,1.30086598,0.01359737,0.6099930499999983,1.9119234815384625,2.005968259117647,0.013577499999999998,0.01357249461538462,0.013666037352941177
99,0.01352989,1549843200,0.01368004,0.0135123,0.01368004,95.0897818,1.2952662,0.0136215,0.898328536666665,1.9322297292307704,2.0387891752941174,0.013585796666666664,0.01356556307692308,0.013660592941176471
100,0.01354,1549850400,0.013545,0.01350002,0.013515,10.22982268,0.13832693,0.01352192,0.9114863699999982,1.8567119784615398,2.035223327058824,0.01358996333333333,0.013555178461538465,0.013656475294117646
101,0.013555,1549857600,0.0135581,0.01353,0.01353674,2.03799112,0.02760673,0.01354605,0.48706661999999823,1.6286254769230781,1.8860403282352944,0.013541629999999994,0.013560569230769233,0.013649857352941176
102,0.01362,1549864800,0.01362496,0.01353,0.01353,37.55285426,0.51123909,0.01361385,0.2257242499999982,1.6522813300000012,1.8794372017647065,0.013571666666666662,0.01356749230769231,0.01364338676470588
103,0.01369616,1549872000,0.01369616,0.01358418,0.01361286,28.50331863,0.38822281,0.01362026,0.3090228766666649,1.5932963115384629,1.8746517305882358,0.013623719999999997,0.01357681230769231,0.013641950294117647
104,0.013935,1549879200,0.01407336,0.01369054,0.01369616,441.51814424,6.15255135,0.01393499,2.350671083333332,1.7222335346153856,1.9008753067647064,0.013750386666666664,0.013615273846153849,0.013639302941176469
105,0.01380322,1549886400,0.014015,0.0138031,0.013935,163.56031018,2.27843137,0.01393022,2.9397351766666646,1.2085325061538472,1.6501190461764714,0.013811459999999998,0.013627828461538464,0.013638585588235292
106,0.013815,1549893600,0.01403,0.01380323,0.013835,181.17508082,2.52673713,0.01394638,3.6525732833333318,1.3926663061538471,1.560949627352942,0.013851073333333332,0.013641674615384616,0.01364498
107,0.013945,1549900800,0.013945,0.01380501,0.013815,39.46932244,0.54969467,0.01392713,1.7849543899999978,1.2318653853846167,1.5407430414705892,0.013854406666666666,0.013671674615384617,0.01364939176470588
108,0.01399,1549908000,0.01402,0.01368,0.013915,731.9423477,10.09836613,0.01379666,4.3915993099999975,1.984340120000001,1.8049733035294127,0.013916666666666667,0.01370475153846154,0.013660862352941176
109,0.01416371,1549915200,0.01420899,0.01402,0.01403001,354.52913809,5.02062942,0.0141614,5.222896739999997,2.337445480000001,1.8820054255882361,0.014032903333333334,0.013755421538461541,0.013675824411764704
110,0.01411,1549922400,0.01415199,0.014065,0.01415001,71.33720316,1.00755329,0.01412381,5.375516279999997,2.40734546923077,1.8764552705882362,0.014087903333333334,0.013800229230769234,0.013688176470588233
111,0.0141,1549929600,0.01417196,0.01406105,0.014115,208.20723389,2.93432017,0.01409326,2.9875009599999967,2.532995791538463,1.9524040652941186,0.014124570000000001,0.013830998461538466,0.013701558823529409
112,0.01418416,1549936800,0.01418416,0.01406,0.0141,226.88883303,3.20914297,0.01414412,2.3836721433333303,2.680217081538463,2.029448924117648,0.014131386666666667,0.013881326923076929,0.013714916176470585
113,0.01424923,1549944000,0.0145707,0.01420507,0.01420507,547.85751974,7.90136433,0.01442229,4.6816091566666636,3.277373804615386,2.197163191470589,0.014177796666666668,0.013935883076923082,0.01372782264705882
114,0.01423001,1549951200,0.014275,0.014195,0.01426714,26.41918751,0.37595549,0.01423039,3.8288209299999973,3.3041698630769245,2.1415468467647063,0.014221133333333335,0.013987806923076928,0.013741058235294114
115,0.014185,1549958400,0.014255,0.01418001,0.01423758,268.55598066,3.81624811,0.01421025,4.031189309999998,3.558401326153848,2.1989814470588236,0.014221413333333335,0.014031268461538467,0.013752969999999996
116,0.01435905,1549965600,0.01435905,0.01418,0.01418,490.36682522,6.97741239,0.01422896,3.7232053299999968,4.065262063076924,2.394602765,0.014258020000000001,0.014082260000000004,0.013770442058823525
117,0.014568,1549972800,0.01483898,0.014305,0.01434,1047.57826845,15.31550237,0.01461991,8.703054289999997,4.77010444923077,2.840585794411765,0.014370683333333334,0.014130952307692311,0.013797671176470586
118,0.01478499,1549980000,0.01485599,0.014465,0.014568,2706.04620144,39.77132913,0.0146972,20.688081296666663,7.65417350769231,3.9811567876470586,0.014570679999999997,0.01420647307692308,0.01383384852941176
119,0.01467487,1549987200,0.0148,0.01467,0.01478499,121.29376804,1.78662156,0.0147297,18.95781768666666,7.597241540769232,4.027574320588235,0.014675953333333332,0.014272616923076928,0.013867079999999997
120,0.01464,1549994400,0.01471514,0.01457381,0.014655,1486.64790549,21.80515035,0.01466732,21.121033679999996,9.232276593076925,4.638570360882351,0.014699953333333333,0.014326078461538466,0.013897079999999996
121,0.01481095,1550001600,0.01481096,0.01463001,0.01463001,1162.85460927,17.16958056,0.01476502,13.587117489999997,9.776216164615386,5.110615151176469,0.014708606666666665,0.014389228461538466,0.013930490294117644
122,0.01474501,1550008800,0.01481095,0.014705,0.01481095,95.5469031,1.41015338,0.01475875,13.461628096666663,9.49848723846154,5.064068743235293,0.014731986666666667,0.01443394384615385,0.013967551764705878
123,0.014755,1550016000,0.014795,0.01473,0.0147599,69.2236905,1.02132644,0.014754,6.53368679333333,9.499546711538462,5.08811619735294,0.014770319999999998,0.014483559230769234,0.014003581176470586
124,0.01495501,1550023200,0.01496,0.014775,0.014795,203.10483067,3.01645835,0.01485173,1.8159793899999965,9.505865033076923,5.14286414735294,0.01481834,0.014549329230769233,0.01404416970588235
125,0.01494,1550030400,0.01525945,0.01492,0.01495007,393.95203622,5.95130337,0.01510666,3.3296960533333295,9.71680044846154,5.186244615588234,0.014883336666666669,0.014607470769230772,0.014088434411764703
126,0.01509002,1550037600,0.01509002,0.01487029,0.014955,139.8992759,2.08822979,0.01492666,3.6853305033333297,9.269636253076923,4.984235352352941,0.014995010000000003,0.014672146923076926,0.01413108176470588
127,0.014745,1550044800,0.015095,0.01474492,0.01509002,701.95446355,10.46775735,0.0149123,6.169096836666664,10.045928703846155,5.288198870588235,0.01492500666666667,0.014711761538461543,0.01416372882352941
128,0.01475997,1550052000,0.015,0.01473335,0.01475,541.16783472,8.05757437,0.01488923,6.871187169999996,10.37218457,5.447536156764706,0.01486499666666667,0.014755990000000005,0.014199169117647056
129,0.01493,1550059200,0.01512236,0.0147,0.014733,913.65332695,13.67212926,0.01496424,10.73248699333333,10.887162790769228,5.840357764999999,0.014811656666666667,0.014799909230769235,0.014239463235294115
130,0.01475,1550066400,0.01511,0.0147178,0.01491,374.55121314,5.58760424,0.01491813,9.105769289999996,10.138862934615382,5.992044367941175,0.014813323333333335,0.014813909230769235,0.014276080882352939
131,0.014725,1550073600,0.014735,0.014705,0.01471501,37.75127073,0.55569247,0.01471983,6.6051419899999955,7.122275499230767,6.005480810294117,0.014801666666666666,0.01480929461538462,0.014311301470588234
132,0.01473497,1550080800,0.01474193,0.01469683,0.01471929,91.1138322,1.34122656,0.01472033,2.4948410899999947,7.088014345384613,6.006667886176469,0.014736656666666667,0.014813917692307695,0.014341741764705882
133,0.014625,1550088000,0.014715,0.014604,0.014715,38.10704544,0.55821221,0.01464853,0.818377079999995,5.453634488461535,5.984989827647058,0.01469499,0.01481276384615385,0.014373950882352942
134,0.014595,1550095200,0.01463999,0.01459261,0.01461996,108.53502713,1.58571686,0.01461018,1.1617185433333284,4.254875742307689,6.027560119705881,0.014651656666666665,0.014796152307692313,0.014404980294117646
135,0.014715,1550102400,0.014715,0.01456563,0.014595,118.36362546,1.72734729,0.01459356,1.2904254533333281,4.279275273846151,6.077552489117646,0.014644999999999998,0.014793843846153851,0.014439097941176472
136,0.014565,1550109600,0.014705,0.014565,0.01469,128.63837598,1.88653603,0.01466542,1.733200059999995,4.345829857692305,6.118002399117646,0.014624999999999999,0.014779228461538467,0.014466892058823531
137,0.01456043,1550116800,0.014595,0.01456043,0.014595,3.60366878,0.05254298,0.01458041,1.222142099999995,4.117836367692305,6.108129462941175,0.014613476666666667,0.014748876153846159,0.014492311764705884
138,0.0145,1550124000,0.014585,0.01448865,0.01456043,38.38581887,0.5575535,0.01452498,0.8322108366666617,3.7029325315384582,5.943570702647058,0.01454181,0.014715030000000006,0.01450892941176471
139,0.01443,1550131200,0.014495,0.014425,0.014495,270.56815644,3.91143606,0.01445637,1.5071775133333283,3.8431791676923046,5.99160025235294,0.014496809999999999,0.014664259230769234,0.014527364117647061
140,0.014425,1550138400,0.01443,0.014401,0.01442545,120.2346354,1.73392719,0.01442119,2.0676389166666618,3.1713460784615353,5.968282312941176,0.014451666666666666,0.01463964384615385,0.01454530529411765
141,0.01442,1550145600,0.014495,0.014405,0.014405,48.94186557,0.70728286,0.01445148,2.1175487033333282,2.6059390392307664,5.9729172597058815,0.014425,0.01461349230769231,0.014559275882352944
142,0.01442997,1550152800,0.01449,0.01441,0.014445,127.60839976,1.84639884,0.01446925,1.4292029633333285,1.6962674684615355,5.730212339411764,0.01442499,0.014575028461538464,0.014572216176470592
143,0.01436449,1550160000,0.014415,0.01436243,0.014401,211.48154361,3.04033437,0.01437635,1.8646720233333285,1.5003236323076894,5.671968367352941,0.01440482,0.01454537384615385,0.01457812147058824
144,0.014325,1550167200,0.014365,0.01429402,0.01436449,357.82013967,5.12695726,0.0143283,3.337896823333329,1.8519593853846126,5.793127307647059,0.014373153333333333,0.01451460461538462,0.014584445000000003
145,0.01429302,1550174400,0.01435,0.014293,0.01432,85.91585949,1.22939351,0.01430927,3.132228379999995,1.8433568430769205,5.742982405882352,0.014327503333333333,0.014480608461538468,0.014590122058823533
146,0.01431284,1550181600,0.01431284,0.01429161,0.01429163,20.82832049,0.29768766,0.01429244,2.2180128099999945,1.8233164930769203,5.657351367352941,0.014310286666666667,0.014456596153846158,0.014593906764705886
147,0.01429994,1550188800,0.01431,0.01429531,0.01429531,8.19527145,0.11718073,0.01429857,0.5480872999999947,1.7103521753846127,5.428404790882353,0.014301933333333334,0.014433899230769237,0.014595398235294122
148,0.01421678,1550196000,0.01429999,0.01421678,0.01429999,86.7691958,1.23899554,0.0142792,0.5512879766666613,1.6727866561538436,5.453788321764706,0.014276520000000001,0.014395574615384623,0.014595009117647065
149,0.01414,1550203200,0.01421678,0.01413,0.01421678,101.70596762,1.44073614,0.01416569,0.9323041366666613,1.6384943569230743,5.383920322647059,0.014218906666666668,0.014362882307692316,0.014593685588235301
150,0.01412494,1550210400,0.01416011,0.01411535,0.01416011,5.72248743,0.08099684,0.01415413,0.9202428399999948,1.6406831153846129,5.181084571176471,0.014160573333333334,0.014329383076923087,0.014586800000000006
151,0.01414369,1550217600,0.01414369,0.01412497,0.01412497,54.9231479,0.77608682,0.01413041,0.7659399333333282,1.6574933707692283,4.753454702058824,0.014136210000000001,0.014301974615384624,0.014574320294117652
152,0.014135,1550224800,0.01416011,0.01413,0.01414369,110.68531696,1.56575259,0.01414598,0.8076120833333281,1.4770561807692282,3.6297612744117647,0.014134543333333334,0.014279282307692317,0.014555202941176475
153,0.01415995,1550232000,0.01416,0.01413,0.01413,25.01479958,0.35410709,0.0141559,0.8986488333333281,1.3709161730769206,3.5876284958823526,0.014146213333333333,0.014258893846153855,0.014540058235294124
154,0.01414,1550239200,0.01419,0.01413,0.01415994,50.69718879,0.71833271,0.01416908,0.8793974633333281,1.3717661615384589,2.967427977058823,0.014144983333333333,0.014237355384615394,0.014525352352941183
155,0.01409999,1550246400,0.01415,0.014085,0.01415,102.92034647,1.4522294,0.01411022,0.841556399999995,1.3414454353846128,2.505152942941176,0.014133313333333333,0.014211972307692316,0.014504441764705889
156,0.01411666,1550253600,0.014335,0.01409,0.01409,142.22004865,2.02566202,0.01424315,1.3987413766666614,1.2633937161538435,2.5232561382352934,0.014118883333333334,0.01419290846153847,0.014485960882352947
157,0.01405001,1550260800,0.01409486,0.01404,0.01409,96.69789406,1.3592718,0.01405689,1.6123877399999946,0.9735717576923049,2.5331957076470584,0.014088886666666668,0.014171755384615393,0.014465225882352948
158,0.01407,1550268000,0.014075,0.014045,0.01405001,43.04197365,0.60550217,0.01406771,1.3301453299999946,0.9255801161538433,2.4622852317647057,0.014078890000000002,0.014154600000000008,0.014439196176470593
159,0.014131,1550275200,0.01414102,0.01407,0.01407,29.14576658,0.41177291,0.01412805,0.7921822933333279,0.9343559046153818,2.299357865294117,0.014083670000000001,0.014140612307692316,0.014415402058823535
160,0.014055,1550282400,0.0141,0.014055,0.01409,15.53842841,0.21879604,0.01408096,0.41202370666666127,0.9421724669230742,2.244374519705882,0.014085333333333333,0.014121770769230779,0.014384960294117653
161,0.01408209,1550289600,0.01408209,0.01404,0.01404,0.33814479,0.00475122,0.01405086,0.21177338999999462,0.8472305961538434,1.9366390452941171,0.014089363333333334,0.014111410000000008,0.014365462941176476
162,0.01404003,1550296800,0.01412984,0.01404002,0.014115,33.72744232,0.47456757,0.01407066,0.23270494333332792,0.7729099369230741,1.7136094335294114,0.014059040000000002,0.014103720000000007,0.014344288235294121
163,0.014045,1550304000,0.01407999,0.01404,0.01404003,28.61002722,0.40170773,0.0140408,0.29367550666666126,0.7975800053846126,1.3233029179411762,0.01405570666666667,0.014097570769230777,0.014318258823529417
164,0.01404,1550311200,0.01407,0.01404,0.0140445,93.03599116,1.30709454,0.01404934,0.7277899466666612,0.8384267530769203,1.1974055738235292,0.014041676666666671,0.014089594615384624,0.014297376470588243
165,0.01409,1550318400,0.01409,0.01402497,0.01404,14.62516587,0.20554881,0.01405446,0.6381170266666611,0.7337956930769203,1.187107230882353,0.014058333333333338,0.014086133076923083,0.014278700000000007
166,0.0141585,1550325600,0.01415999,0.014075,0.014075,71.80438784,1.01403294,0.01412215,0.8422254299999944,0.7845592199999972,1.1774838891176471,0.014096166666666668,0.014086021538461545,0.014261745000000006
167,0.01414,1550332800,0.01421696,0.01410854,0.01415354,176.36343545,2.50340976,0.0141946,1.2409971699999944,0.9218728392307665,1.2346955817647058,0.014129500000000003,0.014086021538461545,0.014247480294117654
168,0.01412,1550340000,0.014165,0.014105,0.014165,16.77658622,0.23699895,0.01412676,1.2514805499999946,0.8283935738461511,1.1950274079411765,0.014139500000000004,0.014087560769230774,0.01423350970588236
169,0.014095,1550347200,0.014145,0.014095,0.014145,23.54343857,0.33200233,0.01410169,1.0241370133333279,0.6981120592307664,1.1539878502941177,0.014118333333333337,0.01408589461538462,0.014215274411764714
170,0.014175,1550354400,0.01417501,0.01412703,0.01417,66.36585759,0.93964503,0.01415856,0.5028821033333281,0.665833076923074,1.126138115,0.014130000000000004,0.014095509230769234,0.01420380382352942
171,0.014005,1550361600,0.014175,0.014,0.014175,271.49116435,3.82218464,0.01407848,1.6979439999999946,0.9132701899999971,1.237009928529412,0.01409166666666667,0.014090509230769235,0.01418746764705883
172,0.014,1550368800,0.01400001,0.014,0.014,461.54556317,6.46163791,0.014,3.7411558599999952,1.3786444207692279,1.4106594700000004,0.014060000000000003,0.014080432307692311,0.01417276176470589
173,0.013965,1550376000,0.014,0.01391749,0.014,101.8476745,1.42072187,0.01394947,3.9015148066666616,1.4711002538461508,1.337403170294118,0.013990000000000002,0.014073509230769233,0.014159085294117654
174,0.01400002,1550383200,0.01400002,0.01393,0.01396145,14.76892782,0.20599386,0.01394778,2.696117879999995,1.486580456923074,1.2924639547058825,0.013988340000000002,0.014067196153846159,0.014146585882352947
175,0.01403,1550390400,0.01406492,0.01400002,0.01400002,162.56949764,2.28492428,0.01405506,1.3038800033333284,1.6258386653846122,1.3388651729411767,0.013998340000000003,0.014066424615384618,0.014135115294117654
176,0.01406821,1550397600,0.01408,0.014015,0.014025,10.27154919,0.14436675,0.01405501,0.8784282966666616,1.6060432053846123,1.2888054055882356,0.014032743333333335,0.014068210000000001,0.014124475294117655
177,0.014015,1550404800,0.014055,0.01401013,0.014055,50.89624713,0.71343076,0.01401735,1.0475739299999949,1.5603767607692278,1.2203670641176476,0.014037736666666668,0.014066286923076925,0.014114196176470596
178,0.013975,1550412000,0.01401498,0.01397007,0.01401013,38.3357729,0.53628381,0.01398912,0.46469377333332834,1.5858179146153817,1.0853472567647064,0.014019403333333335,0.01405744076923077,0.014103902058823538
179,0.01407,1550419200,0.01407,0.01397686,0.01404994,319.57230516,4.48206677,0.0140252,1.910593779999995,1.8525897476923048,1.1810141173529418,0.014020000000000003,0.014050633076923079,0.01409734264705883
180,0.014045,1550426400,0.014075,0.01403,0.014075,59.93004717,0.84207153,0.0140509,1.9534740366666619,1.724794499230766,1.1970254076470592,0.014030000000000003,0.014043325384615387,0.014089465000000008
181,0.01409,1550433600,0.01409,0.0140648,0.01407135,22.32490622,0.31437696,0.01408189,1.879505086666662,1.7307466538461507,1.2028252967647062,0.014068333333333335,0.014041017692307693,0.014083290294117654
182,0.01415006,1550440800,0.01425127,0.014067,0.01409,393.31371904,5.5664609,0.01415272,2.240969796666662,2.13339731307692,1.3301036897058829,0.014095020000000002,0.014045253076923078,0.014081327941176478
183,0.01406885,1550448000,0.01424789,0.01406885,0.01417003,215.81131836,3.05645631,0.01416263,2.9790980566666625,2.2962289499999966,1.3776248711764711,0.014102970000000001,0.014037087692307694,0.014079235294117656
184,0.01420197,1550455200,0.01426847,0.01402323,0.01404487,494.27041915,6.99612506,0.01415444,5.206347423333329,2.5403782130769197,1.5810109952941183,0.014140293333333337,0.014052239230769233,0.014081500882352951
185,0.01416053,1550462400,0.01419996,0.01410087,0.01419996,104.84176265,1.48428031,0.01415733,3.8456205599999955,2.1575045515384583,1.6018402155882359,0.014143783333333335,0.014064587692307694,0.014081996176470598
186,0.014025,1550469600,0.01417574,0.01402402,0.01410173,185.47932974,2.61080263,0.01407597,3.6970693333333293,2.2490492253846117,1.6325769814705888,0.014129166666666667,0.01406920307692308,0.01407876088235295
187,0.014064,1550476800,0.01408264,0.01402501,0.01402501,121.46949763,1.70834376,0.01406397,1.9344755666666626,2.364614602307689,1.6724074717647064,0.014083176666666667,0.014074124615384617,0.014075938823529423
188,0.01408454,1550484000,0.014116,0.01403592,0.01405675,168.90608316,2.37849071,0.01408173,2.232545699999996,2.371812019999997,1.7212356482352948,0.014057846666666667,0.014078320000000004,0.014074307647058835
189,0.01438772,1550491200,0.01439004,0.01408454,0.01408454,121.90889509,1.74031226,0.01427551,1.9423822433333295,2.494577059230766,1.7297086735294125,0.014178753333333335,0.014102897692307695,0.014082770294117657
190,0.01417834,1550498400,0.014347,0.01414502,0.01428977,100.73241237,1.43112125,0.01420715,1.8499747399999962,2.5497840199999966,1.7122221802941182,0.014216866666666668,0.014115462307692311,0.014084584411764717
191,0.0140915,1550505600,0.0141958,0.01395199,0.01417834,192.44899226,2.70908638,0.0140769,1.9601732966666632,2.7169226792307657,1.7519226091176476,0.014219186666666668,0.01412442384615385,0.014085804705882363
192,0.014039,1550512800,0.0140652,0.014,0.01405,60.1074675,0.84303849,0.01402552,1.6610820399999966,2.4369974269230736,1.7589089714705888,0.01410294666666667,0.014122039230769236,0.014084892941176482
193,0.013945,1550520000,0.014039,0.01393447,0.014039,126.95678347,1.7724814,0.01396129,1.7748687566666632,2.5085674169230736,1.7989298094117652,0.01402516666666667,0.014114346923076929,0.014079422352941188
194,0.01398458,1550527200,0.01398458,0.013915,0.01394544,100.88823193,1.40617318,0.01393793,1.340564356666663,2.5925517415384585,1.8338526664705888,0.01398952666666667,0.014106237692307698,0.0140773511764706
195,0.01397001,1550534400,0.01402,0.01393827,0.013975,33.5148033,0.46745643,0.01394776,1.215370336666663,2.2003206284615358,1.8474616432352944,0.013966530000000005,0.014092387692307699,0.014074054705882365
196,0.01397499,1550541600,0.01397499,0.01391003,0.01397001,91.13475751,1.27094316,0.01394575,1.0481909233333297,2.0629734630769203,1.8708844547058825,0.013976526666666671,0.0140851676923077,0.014072141764705896
197,0.01398999,1550548800,0.01398999,0.01392505,0.013935,7.73681936,0.10798679,0.01395751,0.6154621266666631,1.5331166730769203,1.862245603529412,0.013978330000000006,0.014068861538461545,0.014070523823529427
198,0.01402,1550556000,0.01402999,0.01397501,0.01398999,56.93321993,0.79684567,0.01399614,0.7252585399999965,1.4802370853846125,1.8472382838235297,0.013994993333333339,0.014058051538461545,0.014069935588235308
199,0.01410818,1550563200,0.01427989,0.01400505,0.01403618,723.90071715,10.2278995,0.01412887,3.7109106533333294,2.0661676138461513,2.1420133041176475,0.014039390000000006,0.014064450000000006,0.014070470294117662
200,0.01404099,1550570400,0.01409399,0.01401972,0.01404504,129.29379494,1.81714162,0.01405436,4.280628929999996,2.0745366799999974,2.165634147647059,0.014056390000000004,0.014062680000000006,0.014067014117647072
201,0.01426185,1550577600,0.01432493,0.01404099,0.01404099,103.15801077,1.46885896,0.01423892,4.504633359999996,2.004565006923074,2.135206182941177,0.014137006666666672,0.014076319230769237,0.014070597941176485
202,0.01403502,1550584800,0.01418001,0.01402501,0.01418001,83.07249583,1.16823716,0.01406286,1.4847459133333298,1.9605592299999974,2.162595542058824,0.014112620000000006,0.014049188461538468,0.01406809852941178
203,0.01400499,1550592000,0.01408502,0.01398,0.01408498,48.37181055,0.67835909,0.01402385,1.105151736666663,1.902654448461536,2.172782505588236,0.014100620000000008,0.014035853846153853,0.014065451176470602
204,0.01396,1550599200,0.01400499,0.01395505,0.01397316,49.51884862,0.69195972,0.01397366,0.8461853233333296,1.7474908592307667,2.1654976435294127,0.014000003333333342,0.014025738461538467,0.014059127647058838
205,0.01392482,1550606400,0.01396,0.01392482,0.01395507,157.26452716,2.19258993,0.01394205,1.1876362466666628,1.851302508461536,2.117568387352942,0.013963270000000007,0.014016955384615391,0.01405676941176472
206,0.01390852,1550613600,0.01394558,0.01390852,0.01392482,189.71451873,2.64215183,0.01392698,1.8422338266666627,1.9182002338461512,2.0052305614705888,0.01393111333333334,0.014014149230769237,0.014054078823529425
207,0.01366499,1550620800,0.01390694,0.013635,0.01390694,96.12009491,1.32576602,0.0137928,2.0535025933333295,1.9120150676923051,2.0024377423529423,0.013832776666666673,0.013989565384615389,0.014045255000000013
208,0.01368747,1550628000,0.01368747,0.01366,0.01366499,137.95093067,1.88718237,0.01368009,1.9517000733333294,2.0212247553846128,2.051884463235295,0.013753660000000008,0.013967831538461543,0.014036062352941189
209,0.01364883,1550635200,0.01369999,0.013607,0.01368747,194.287137,2.65016705,0.01364046,1.9543718133333297,2.1273189007692284,2.0626268976470596,0.013667096666666675,0.013942742307692314,0.014024851470588249
210,0.01364585,1550642400,0.01364698,0.01360406,0.01360974,15.98351298,0.21756809,0.01361203,1.58497250333333,2.135748231538459,2.064779878235295,0.013660716666666675,0.013916270000000005,0.01401242911764707
211,0.01374099,1550649600,0.01374241,0.013619,0.013619,41.01605016,0.56130014,0.01368489,1.1430117599999965,2.117629344615382,2.0603054482352947,0.013678556666666675,0.013894807692307696,0.014004370000000013
212,0.01380974,1550656800,0.01380975,0.01367301,0.01374199,19.13250865,0.26320127,0.01375675,0.3473564999999967,1.3511140961538435,2.05227360882353,0.013732193333333342,0.013871850769230773,0.013999509411764718
213,0.0138316,1550664000,0.01397406,0.01380569,0.01380976,77.36036241,1.0735414,0.01387715,0.6326809366666635,1.2939140792307666,1.9520228626470593,0.013794110000000007,0.013855743846153849,0.013992497647058837
214,0.01375178,1550671200,0.01382555,0.01373547,0.01382555,58.75270693,0.80803085,0.01375308,0.7149245066666635,1.2430811476923052,1.951021666176471,0.013797706666666673,0.013816507692307696,0.01398387352941178
215,0.0137699,1550678400,0.01384539,0.01371796,0.01375178,209.42102774,2.89000015,0.01379995,1.5905241333333304,1.375524454615382,2.026775289411765,0.013784426666666674,0.013796113846153849,0.013974458823529426
216,0.01367998,1550685600,0.01376778,0.01367998,0.01371797,83.67734827,1.14787574,0.01371787,1.6153022466666638,1.4116411199999974,1.8968169023529418,0.013733886666666674,0.01377111307692308,0.013960632941176485
217,0.01367,1550692800,0.013687,0.013662,0.01368,69.756451,0.95397128,0.01367574,1.663949056666664,1.4317958553846128,1.8349791073529418,0.013706626666666675,0.013748805384615388,0.013948902058823542
218,0.01368747,1550700000,0.01368747,0.01365936,0.013662,2.06597952,0.02825171,0.01367472,0.7100329099999972,1.2653082999999974,1.6300416558823536,0.013679150000000008,0.013730547692307695,0.013933769705882365
219,0.01374873,1550707200,0.01374873,0.01368927,0.01368927,4.08588513,0.05610108,0.01373046,0.3461080233333306,1.0663813192307667,1.5880363844117653,0.013702066666666674,0.013718256153846158,0.013921657941176483
220,0.01373972,1550714400,0.01376992,0.01368841,0.01374244,38.54783545,0.52991029,0.01374682,0.20475435999999733,1.0051616476923053,1.5268336685294122,0.013725306666666673,0.01372400461538462,0.013913267352941188
221,0.01367005,1550721600,0.01376988,0.01366541,0.01373072,13.94464905,0.19089315,0.01368934,0.2589681733333306,0.8746778615384592,1.4822027682352947,0.013719500000000008,0.013722664615384619,0.013901680588235306
222,0.01366635,1550728800,0.01375253,0.01366538,0.01372538,20.6973658,0.28344502,0.01369473,0.334749486666664,0.6926223207692284,1.4205837773529417,0.013692040000000008,0.013724012307692312,0.013889380882352953
223,0.01349999,1550736000,0.01376162,0.01349999,0.01369018,272.05019674,3.69406403,0.01357861,1.3894673999999974,0.960045085384613,1.4780470647058828,0.013612130000000009,0.01371279230769231,0.0138632711764706
224,0.01350932,1550743200,0.01358,0.013469,0.0135,107.00089734,1.44513257,0.01350579,1.807547206666664,1.028032195384613,1.4784591623529417,0.013558553333333343,0.013694971538461541,0.01384359411764707
225,0.01346801,1550750400,0.013604,0.013468,0.0135559,65.45118169,0.88790313,0.01356588,2.0090332433333304,1.0760861846153822,1.4248949491176475,0.01349244000000001,0.013668684615384619,0.0138252561764706
226,0.01349999,1550757600,0.013535,0.0134,0.013468,17.1077686,0.23010129,0.0134501,0.8543789966666641,1.0112061761538438,1.4068673844117652,0.013492440000000008,0.013643176153846156,0.013809402941176482
227,0.01344501,1550764800,0.01355414,0.01340601,0.01349649,66.11842924,0.8892489,0.01344933,0.6690844399999974,1.0174537184615362,1.3808899579411769,0.013471003333333342,0.013619578461538466,0.013794697352941187
228,0.01344555,1550772000,0.01349669,0.013435,0.01344501,2.31040076,0.03104545,0.01343725,0.3834652133333308,0.7975341261538438,1.3404450247058828,0.013463516666666675,0.013594628461538465,0.013778843529411774
229,0.01347355,1550779200,0.01349,0.01343501,0.01344555,111.00264627,1.49659713,0.01348253,0.8056304933333309,0.8243588484615361,1.3707138688235299,0.01345470333333334,0.013578749230769235,0.013764241764705892
230,0.01347651,1550786400,0.01350498,0.01343001,0.01343002,6.93988523,0.09325171,0.01343706,0.5402980966666643,0.7581496507692285,1.3360758850000003,0.01346520333333334,0.013563865384615388,0.013749580588235303
231,0.01367,1550793600,0.0136727,0.01344018,0.01344018,90.91762329,1.23259539,0.01355727,0.9408147433333309,0.8507914723076901,1.3691526085294121,0.013540020000000007,0.01356252153846154,0.01374016911764707
232,0.01363,1550800800,0.01367,0.013595,0.013655,16.22954525,0.22105692,0.01362064,0.5156346733333309,0.863480383076921,1.352217645294118,0.013592170000000006,0.013553388461538465,0.013728698529411774
233,0.01365765,1550808000,0.01368704,0.01358,0.01358,126.42281008,1.7262023,0.01365419,1.0599515366666643,0.9555028453846133,1.102167727647059,0.013652550000000005,0.013547075384615387,0.013715447647058832
234,0.01351598,1550815200,0.013735,0.01351598,0.0137,63.94544021,0.87664426,0.01370925,0.9413011599999977,1.0082529307692287,1.0745060405882354,0.013601210000000002,0.01353522384615385,0.013700006176470597
235,0.01357,1550822400,0.01359416,0.0134933,0.013519,24.8994704,0.33676796,0.0135251,0.9798715066666643,1.0123546953846132,1.0412092464705884,0.013581210000000002,0.013527812307692313,0.013679657647058833
236,0.0136,1550829600,0.013623,0.01356001,0.01360786,29.42232341,0.39990018,0.01359172,0.5377707999999977,0.758957476153844,1.0186111000000004,0.013561993333333335,0.01353550538461539,0.01366686294117648
237,0.01381,1550836800,0.01381,0.01362395,0.01362395,315.04634301,4.31247082,0.01368836,1.6830463199999974,0.9795219569230748,1.1254967391176476,0.01366,0.01355863461538462,0.013661127941176479
238,0.01367,1550844000,0.01385175,0.01367,0.01380635,34.07211655,0.46932562,0.01377447,1.7272322066666643,0.9473236869230747,1.1189486773529416,0.013693333333333335,0.013574172307692312,0.013652598529411775
239,0.01363994,1550851200,0.0137487,0.01363347,0.01366509,42.95309389,0.58977388,0.01373064,1.7905234399999976,0.974990809230767,1.07180702882353,0.01370664666666667,0.013584937692307696,0.013644219705882364
240,0.01359034,1550858400,0.01369169,0.01359001,0.013645,24.31687645,0.33128184,0.01362353,0.46346044666666436,0.9320702661538439,1.0038402644117654,0.01363342666666667,0.013596116923076927,0.013634861470588247
241,0.013555,1550865600,0.01362494,0.01352177,0.01362489,26.68082807,0.36230463,0.01357921,0.4277867833333311,0.9575517415384593,0.9755031647058828,0.013595093333333336,0.013604536153846158,0.013631626470588246
242,0.013555,1550872800,0.013555,0.013555,0.013555,0.0,0.0,0.013555,0.23119548999999776,0.8424288853846131,0.9199978008823534,0.01356678,0.013610801538461543,0.013627730294117658
243,0.013555,1550880000,0.013555,0.013555,0.013555,0.0,0.0,0.013555,0.12076820999999777,0.8352556769230747,0.842051711176471,0.013555,0.013616839230769237,0.013624970588235304
244,0.013555,1550887200,0.013555,0.013555,0.013555,0.0,0.0,0.013555,0.0,0.7404406469230747,0.8356526497058827,0.013555,0.013607993076923085,0.013622298529411775
245,0.013555,1550894400,0.013555,0.013555,0.013555,0.0,0.0,0.013555,0.0,0.7234362684615362,0.819143822058824,0.013555,0.013602223846153855,0.013616828235294127
246,0.01349294,1550901600,0.01355499,0.01349294,0.01355494,296.35650169,4.00237031,0.01350525,1.3341234366666643,0.898526115384613,0.9291193820588239,0.013534313333333334,0.013589553846153856,0.013607510588235302
247,0.013475,1550908800,0.01351195,0.01346,0.01348122,34.98288443,0.47141479,0.01347558,1.4912616999999975,0.8673546176923055,0.9114097758823534,0.01350764666666667,0.013586401538461548,0.013597022352941185
248,0.013485,1550916000,0.01350499,0.01344997,0.013485,123.06237092,1.65660868,0.01346153,2.0434645933333306,0.9688808269230746,0.9363679473529416,0.013484313333333336,0.013579863076923085,0.013589175882352951
249,0.013495,1550923200,0.0135484,0.013455,0.013455,156.66310928,2.11730166,0.01351499,1.4151083766666641,1.100988633076921,0.9136415211764711,0.013485000000000002,0.013571786153846162,0.013581090588235303
250,0.013505,1550930400,0.01353,0.01349,0.01351995,7.25386039,0.09799966,0.01351,1.2906366666666642,0.7767985438461517,0.882762812941177,0.013495000000000002,0.013548324615384624,0.013575944117647069
251,0.01377,1550937600,0.013865,0.01351364,0.01351364,349.32033018,4.79502864,0.01372673,2.336776653333331,1.109544929999998,0.9957350882352948,0.01359,0.013556016923076933,0.013578885294117656
252,0.013535,1550944800,0.0137,0.0135,0.01369231,293.92262999,4.00038384,0.01361032,2.9644707133333306,1.37189954230769,1.11256250382353,0.013603333333333334,0.013547944615384626,0.013574400882352951
