,close,date,high,low,open,quoteVolume,volume,weightedAverage,avg_vol_3,avg_vol_13,avg_vol_34,avg_close_3,avg_close_13,avg_close_34
0,6.503e-05,1552914661,6.503e-05,6.503e-05,6.503e-05,0.0,0.0,6.503e-05,-99999.0,-99999.0,-99999.0,-99999.0,-99999.0,-99999.0
1,6.57e-05,1552917600,6.57e-05,6.512e-05,6.512e-05,2708.21504991,0.17790551,6.569e-05,-99999.0,-99999.0,-99999.0,-99999.0,-99999.0,-99999.0
2,6.529e-05,1552924800,6.57e-05,6.518e-05,6.57e-05,2119.16081771,0.13891589,6.555e-05,0.10560713333333333,-99999.0,-99999.0,6.534000000000001e-05,-99999.0,-99999.0
3,6.518e-05,1552932000,6.57e-05,6.516e-05,6.524e-05,95.41298868,0.00622902,6.528e-05,0.10768347333333332,-99999.0,-99999.0,6.539000000000002e-05,-99999.0,-99999.0
4,6.537e-05,1552939200,6.539e-05,6.529e-05,6.532e-05,361.7971891,0.02365056,6.536e-05,0.05626515666666665,-99999.0,-99999.0,6.528000000000004e-05,-99999.0,-99999.0
5,6.549e-05,1552946400,6.549e-05,6.537e-05,6.537e-05,1637.41365831,0.10705793,6.538e-05,0.04564583666666664,-99999.0,-99999.0,6.534666666666669e-05,-99999.0,-99999.0
6,6.531e-05,1552953600,6.551e-05,6.531e-05,6.551e-05,60.83204269,0.0039815,6.545e-05,0.04489666333333331,-99999.0,-99999.0,6.539000000000004e-05,-99999.0,-99999.0
7,6.585e-05,1552960800,6.614e-05,6.569e-05,6.569e-05,90.42205293,0.00596927,6.601e-05,0.03900289999999997,-99999.0,-99999.0,6.555000000000002e-05,-99999.0,-99999.0
8,6.643e-05,1552968000,6.643e-05,6.585e-05,6.585e-05,243.58582397,0.01610576,6.611e-05,0.00868550999999998,-99999.0,-99999.0,6.586333333333335e-05,-99999.0,-99999.0
9,6.609e-05,1552975200,6.649e-05,6.609e-05,6.643e-05,2048.71697835,0.13574275,6.625e-05,0.05260592666666664,-99999.0,-99999.0,6.612333333333335e-05,-99999.0,-99999.0
10,6.642e-05,1552982400,6.642e-05,6.642e-05,6.642e-05,5.0,0.0003321,6.642e-05,0.05072686999999998,-99999.0,-99999.0,6.631333333333336e-05,-99999.0,-99999.0
11,6.602e-05,1552989600,6.64e-05,6.587e-05,6.64e-05,543.51499545,0.03596906,6.617e-05,0.05734796999999998,-99999.0,-99999.0,6.617666666666669e-05,-99999.0,-99999.0
12,6.618e-05,1552996800,6.618e-05,6.585e-05,6.615e-05,68.53934092,0.00452959,6.608e-05,0.013610249999999982,0.05049145692307692,-99999.0,6.62066666666667e-05,6.572e-05,-99999.0
13,6.619e-05,1553004000,6.658e-05,6.609e-05,6.618e-05,4537.49432426,0.30173845,6.649e-05,0.1140790333333333,0.07370210692307691,-99999.0,6.613000000000003e-05,6.580923076923077e-05,-99999.0
14,6.6e-05,1553011200,6.619e-05,6.6e-05,6.619e-05,2228.41738782,0.1470891,6.6e-05,0.15111904666666665,0.07133161384615384,-99999.0,6.612333333333336e-05,6.583230769230768e-05,-99999.0
15,6.726e-05,1553018400,6.726e-05,6.609e-05,6.635e-05,4307.78539793,0.28677777,6.657e-05,0.2452017733333333,0.0827056046153846,-99999.0,6.648333333333337e-05,6.598384615384615e-05,-99999.0
16,6.59e-05,1553025600,6.692e-05,6.568e-05,6.692e-05,3227.26425184,0.21461194,6.649e-05,0.21615960333333328,0.09873506,-99999.0,6.638666666666672e-05,6.603923076923077e-05,-99999.0
17,6.59e-05,1553032800,6.59e-05,6.59e-05,6.59e-05,1074.51783186,0.07081072,6.59e-05,0.19073347666666662,0.1023627646153846,-99999.0,6.635333333333337e-05,6.608e-05,-99999.0
18,6.665e-05,1553040000,6.665e-05,6.61e-05,6.61e-05,793.91379321,0.05284949,6.656e-05,0.11275738333333331,0.09819288461538458,-99999.0,6.615000000000004e-05,6.616923076923077e-05,-99999.0
19,6.608e-05,1553047200,6.665e-05,6.608e-05,6.665e-05,313.83251674,0.02087358,6.651e-05,0.04817792999999998,0.09949227538461534,-99999.0,6.621000000000005e-05,6.622846153846155e-05,-99999.0
20,6.623e-05,1553054400,6.652e-05,6.623e-05,6.623e-05,124.42741505,0.00826733,6.644e-05,0.027330133333333312,0.09966904923076919,-99999.0,6.632000000000004e-05,6.625769230769232e-05,-99999.0
21,6.639e-05,1553061600,6.65e-05,6.623e-05,6.623e-05,63.23779562,0.00419318,6.63e-05,0.011111363333333313,0.09875269692307688,-99999.0,6.623333333333338e-05,6.62546153846154e-05,-99999.0
22,6.642e-05,1553068800,6.642e-05,6.639e-05,6.639e-05,391.00299576,0.02595892,6.639e-05,0.012806476666666644,0.0903077869230769,-99999.0,6.634666666666671e-05,6.628000000000002e-05,-99999.0
23,6.584e-05,1553076000,6.965e-05,6.512e-05,6.672e-05,16789.44252018,1.13622409,6.767e-05,0.3887920633333333,0.17768409384615383,-99999.0,6.621666666666673e-05,6.623538461538464e-05,-99999.0
24,6.608e-05,1553083200,6.655e-05,6.567e-05,6.598e-05,2099.36859029,0.139053,6.623e-05,0.43374533666666676,0.18561362769230766,-99999.0,6.61133333333334e-05,6.624000000000003e-05,-99999.0
25,6.576e-05,1553090400,6.615e-05,6.55e-05,6.587e-05,1234.13802201,0.08100599,6.563e-05,0.45209436000000003,0.19149642769230765,-99999.0,6.589333333333339e-05,6.620769230769233e-05,-99999.0
26,6.585e-05,1553097600,6.585e-05,6.585e-05,6.585e-05,10.0,0.0006585,6.585e-05,0.07357249666666665,0.16833643153846148,-99999.0,6.589666666666673e-05,6.618153846153848e-05,-99999.0
27,6.602e-05,1553104800,6.602e-05,6.585e-05,6.585e-05,565.85498474,0.03735639,6.601e-05,0.039673626666666656,0.15989545384615378,-99999.0,6.587666666666674e-05,6.618307692307694e-05,-99999.0
28,6.564e-05,1553112000,6.598e-05,6.564e-05,6.598e-05,19.10510515,0.00125933,6.591e-05,0.013091406666666658,0.13793249692307682,-99999.0,6.583666666666675e-05,6.605846153846157e-05,-99999.0
29,6.688e-05,1553119200,6.688e-05,6.597e-05,6.597e-05,1285.68639029,0.08552986,6.652e-05,0.041381859999999986,0.12800310615384608,-99999.0,6.618000000000009e-05,6.613384615384617e-05,-99999.0
30,6.639e-05,1553126400,6.929e-05,6.632e-05,6.699e-05,5205.73077366,0.35453896,6.81e-05,0.14710938333333332,0.14982835538461534,-99999.0,6.630333333333342e-05,6.617153846153847e-05,-99999.0
31,6.672e-05,1553133600,6.672e-05,6.672e-05,6.672e-05,50.65444662,0.00337966,6.672e-05,0.14781616,0.14602298384615378,-99999.0,6.666333333333342e-05,6.61769230769231e-05,-99999.0
32,6.631e-05,1553140800,6.642e-05,6.63e-05,6.642e-05,23.37812281,0.00155036,6.631e-05,0.11982299333333331,0.14453658230769226,-99999.0,6.647333333333341e-05,6.61946153846154e-05,-99999.0
33,6.719e-05,1553148000,6.729e-05,6.671e-05,6.671e-05,3230.14557278,0.21700119,6.718e-05,0.07397706999999996,0.16059303307692302,0.1131504926470588,6.674000000000008e-05,6.626846153846155e-05,6.606058823529412e-05
34,6.763e-05,1553155200,6.763e-05,6.629e-05,6.692e-05,3079.41955959,0.2055795,6.675e-05,0.1413770166666666,0.1760842884615384,0.11919694852941175,6.704333333333342e-05,6.636384615384616e-05,6.613705882352942e-05
35,6.766e-05,1553162400,6.819e-05,6.759e-05,6.763e-05,1400.22196857,0.09501387,6.785e-05,0.17253151999999994,0.18139620769230763,0.11675895911764704,6.749333333333343e-05,6.645923076923077e-05,6.619470588235295e-05
36,6.632e-05,1553169600,6.802e-05,6.632e-05,6.76e-05,8722.95975091,0.58991462,6.762e-05,0.29683599666666655,0.13937240230769224,0.1300236276470588,6.720333333333342e-05,6.649615384615386e-05,6.6225e-05
37,6.518e-05,1553176800,6.627e-05,6.273e-05,6.627e-05,14862.13935023,0.95586946,6.431e-05,0.5469326499999999,0.20220443769230761,0.15795422882352939,6.638666666666675e-05,6.642692307692308e-05,6.6225e-05
38,6.64e-05,1553184000,7.031e-05,6.543e-05,6.543e-05,57479.92633975,3.95186573,6.875e-05,1.8325499366666664,0.4999628792307691,0.273489969117647,6.596666666666675e-05,6.647615384615385e-05,6.625529411764706e-05
39,6.615e-05,1553191200,6.64e-05,6.567e-05,6.64e-05,1862.9229623,0.12299661,6.602e-05,1.6769106,0.509373503076923,0.27395875382352936,6.591000000000009e-05,6.649923076923077e-05,6.627470588235295e-05
40,6.676e-05,1553198400,6.676e-05,6.577e-05,6.581e-05,612.09948865,0.04047561,6.612e-05,1.3717793166666665,0.5096134430769229,0.27503210999999994,6.643666666666675e-05,6.655615384615385e-05,6.631735294117647e-05
41,6.741e-05,1553205600,6.786e-05,6.676e-05,6.676e-05,1532.57289795,0.10322395,6.735e-05,0.0888987233333333,0.5174568753846153,0.27789254176470585,6.677333333333342e-05,6.669230769230769e-05,6.636323529411765e-05
42,6.591e-05,1553212800,6.759e-05,6.591e-05,6.741e-05,3753.21166999,0.25035841,6.67e-05,0.13135265666666665,0.5301359946153844,0.28478232558823524,6.669333333333341e-05,6.661769230769231e-05,6.634794117647059e-05
43,6.792e-05,1553220000,6.82e-05,6.64e-05,6.64e-05,9236.87344768,0.62567495,6.773e-05,0.3264191033333333,0.550992609230769,0.2991920961764705,6.708000000000007e-05,6.67353846153846e-05,6.640176470588235e-05
44,6.788e-05,1553227200,6.788e-05,6.75e-05,6.772e-05,1759.62276203,0.11879183,6.75e-05,0.33160839666666664,0.5598704684615382,0.3026762058823529,6.723666666666673e-05,6.682461538461537e-05,6.644470588235294e-05
45,6.807e-05,1553234400,6.981e-05,6.774e-05,6.783e-05,7145.54967338,0.4902429,6.86e-05,0.4115698933333333,0.5974622023076921,0.31603720117647055,6.795666666666672e-05,6.696e-05,6.6505e-05
46,6.679e-05,1553241600,6.847e-05,6.664e-05,6.799e-05,4298.10114996,0.290301,6.754e-05,0.29977857666666663,0.603100649230769,0.3244422426470588,6.758000000000004e-05,6.692923076923076e-05,6.652294117647059e-05
47,6.718e-05,1553248800,6.758e-05,6.698e-05,6.698e-05,1255.07432529,0.08460616,6.741e-05,0.28838335333333326,0.5937950076923074,0.31805599882352936,6.734666666666672e-05,6.689461538461538e-05,6.655205882352942e-05
48,6.827e-05,1553256000,6.841e-05,6.758e-05,6.758e-05,1392.19005692,0.09490673,6.817e-05,0.15660462999999997,0.593786766153846,0.316521223235294,6.741333333333339e-05,6.694153846153845e-05,6.661882352941177e-05
49,6.751e-05,1553263200,6.83e-05,6.745e-05,6.83e-05,662.92078713,0.04518039,6.815e-05,0.07489775999999998,0.5518841330769229,0.3094154179411764,6.76533333333334e-05,6.703307692307692e-05,6.662617647058823e-05
50,6.788e-05,1553270400,6.83e-05,6.751e-05,6.788e-05,4217.18917647,0.28789828,6.826e-05,0.14266179999999998,0.5005017346153844,0.3115708985294117,6.788666666666672e-05,6.724076923076922e-05,6.66844117647059e-05
51,6.822e-05,1553277600,6.822e-05,6.791e-05,6.791e-05,637.64852813,0.04346613,6.816e-05,0.12551493333333333,0.19985561153846126,0.31076664588235287,6.787000000000005e-05,6.738076923076923e-05,6.675264705882354e-05
52,6.745e-05,1553284800,6.844e-05,6.745e-05,6.775e-05,1376.69544602,0.09355347,6.795e-05,0.1416392933333333,0.19759075461538433,0.31196382176470583,6.785000000000005e-05,6.748076923076924e-05,6.677617647058825e-05
53,6.79e-05,1553292000,6.794e-05,6.788e-05,6.788e-05,200.05274831,0.01358432,6.79e-05,0.05020130666666663,0.19552219384615357,0.3117494317647058,6.785666666666672e-05,6.756846153846154e-05,6.682970588235296e-05
54,6.808e-05,1553299200,6.808e-05,6.788e-05,6.802e-05,990.60861631,0.06744023,6.807e-05,0.0581926733333333,0.1927695999999997,0.3134898111764705,6.781000000000004e-05,6.762e-05,6.688411764705883e-05
55,6.716e-05,1553306400,6.803e-05,6.716e-05,6.803e-05,1173.22707381,0.07899306,6.732e-05,0.0533392033333333,0.17958764999999974,0.3156898076470588,6.771333333333338e-05,6.771615384615386e-05,6.690676470588237e-05
56,6.735e-05,1553313600,6.739e-05,6.732e-05,6.739e-05,77.82637655,0.00524449,6.738e-05,0.05055925999999996,0.13186222999999972,0.3150805597058823,6.753000000000004e-05,6.767230769230771e-05,6.693411764705884e-05
57,6.708e-05,1553320800,6.708e-05,6.687e-05,6.697e-05,345.45521114,0.02312031,6.692e-05,0.035785953333333294,0.12450288230769203,0.282342213235294,6.719666666666671e-05,6.761076923076924e-05,6.697058823529412e-05
58,6.747e-05,1553328000,6.755e-05,6.617e-05,6.708e-05,16354.44289699,1.09606069,6.701e-05,0.37480849666666666,0.17110425076923047,0.310489498235294,6.730000000000004e-05,6.75646153846154e-05,6.70114705882353e-05
59,6.673e-05,1553335200,6.748e-05,6.673e-05,6.747e-05,2816.40953531,0.18918389,6.717e-05,0.43612163,0.16332601153846124,0.3136712011764705,6.709333333333338e-05,6.756000000000001e-05,6.704000000000001e-05
60,6.661e-05,1553342400,6.696e-05,6.661e-05,6.673e-05,544.12871251,0.03636291,6.682e-05,0.44053583,0.159614992307692,0.3147213308823528,6.69366666666667e-05,6.751615384615386e-05,6.706235294117648e-05
61,6.661e-05,1553349600,6.663e-05,6.658e-05,6.663e-05,161.30802943,0.0107419,6.659e-05,0.07876290000000001,0.15314077461538433,0.31393855176470575,6.665000000000003e-05,6.738846153846156e-05,6.707970588235295e-05
62,6.688e-05,1553356800,6.688e-05,6.688e-05,6.688e-05,4.48564593,0.00029999,6.688e-05,0.01580160000000001,0.14968843615384586,0.31391033588235284,6.670000000000002e-05,6.734000000000002e-05,6.711617647058824e-05
63,6.689e-05,1553364000,6.689e-05,6.688e-05,6.688e-05,3.28062177,0.00021941,6.688e-05,0.0037537666666666767,0.127559292307692,0.3114012049999999,6.679333333333336e-05,6.726384615384616e-05,6.711647058823529e-05
64,6.647e-05,1553371200,6.686e-05,6.647e-05,6.663e-05,90.59768276,0.00604636,6.673e-05,0.0021885866666666765,0.12468084846153817,0.30115142264705874,6.67466666666667e-05,6.712923076923078e-05,6.711882352941177e-05
65,6.686e-05,1553378400,6.688e-05,6.65e-05,6.65e-05,158.78840763,0.01061391,6.684e-05,0.00562656000000001,0.118300882307692,0.30136419470588227,6.674000000000001e-05,6.708384615384616e-05,6.712294117647059e-05
66,6.744e-05,1553385600,6.987e-05,6.688e-05,6.688e-05,9174.65215175,0.62943244,6.86e-05,0.21536423666666668,0.1656738146153843,0.3198313147058823,6.692333333333334e-05,6.704846153846154e-05,6.715617647058824e-05
67,6.774e-05,1553392800,6.83e-05,6.742e-05,6.744e-05,2670.68706307,0.18115443,6.783e-05,0.2737335933333333,0.17442106076923045,0.31877699823529404,6.734666666666667e-05,6.70223076923077e-05,6.717235294117649e-05
68,6.824e-05,1553400000,6.824e-05,6.722e-05,6.774e-05,326.54816583,0.02210767,6.77e-05,0.27756484666666664,0.17004526153846122,0.3133807679411764,6.780666666666668e-05,6.710538461538463e-05,6.719029411764707e-05
69,6.83e-05,1553407200,6.879e-05,6.791e-05,6.839e-05,542.30816408,0.03708672,6.838e-05,0.08011627333333333,0.17249466384615353,0.31167702823529403,6.809333333333335e-05,6.717846153846154e-05,6.720911764705882e-05
70,6.818e-05,1553414400,6.905e-05,6.774e-05,6.827e-05,981.67309715,0.06720449,6.845e-05,0.042132960000000004,0.1758857546153843,0.29630320088235285,6.824000000000001e-05,6.726307692307694e-05,6.726382352941177e-05
71,6.788e-05,1553421600,6.82e-05,6.788e-05,6.808e-05,98.23598731,0.00667709,6.796e-05,0.03698943333333334,0.09208701615384585,0.26838577823529397,6.812e-05,6.72946153846154e-05,6.734323529411765e-05
72,6.844e-05,1553428800,6.878e-05,6.785e-05,6.788e-05,589.55921044,0.04029158,6.834e-05,0.03805772000000001,0.08063376153846123,0.15333947970588224,6.816666666666667e-05,6.742615384615386e-05,6.740323529411765e-05
73,6.867e-05,1553436000,6.871e-05,6.837e-05,6.868e-05,2133.18932375,0.14615529,6.851e-05,0.06437465333333335,0.08907932923076893,0.15402061735294104,6.833e-05,6.75846153846154e-05,6.747735294117647e-05
74,6.868e-05,1553443200,6.87e-05,6.818e-05,6.87e-05,735.29168046,0.05045968,6.862e-05,0.07896885000000002,0.09213454307692277,0.15431426647058813,6.859666666666667e-05,6.774384615384616e-05,6.753382352941177e-05
75,6.868e-05,1553450400,6.885e-05,6.868e-05,6.868e-05,427.15742462,0.02934718,6.87e-05,0.07532071666666669,0.09436894230769201,0.15214142029411754,6.867666666666667e-05,6.788230769230771e-05,6.757117647058824e-05
76,6.817e-05,1553457600,6.868e-05,6.777e-05,6.868e-05,2768.15290279,0.18873884,6.818e-05,0.08951523333333335,0.10887043692307663,0.1503290799999999,6.850999999999999e-05,6.798076923076923e-05,6.763764705882353e-05
77,6.779e-05,1553464800,6.802e-05,6.774e-05,6.776e-05,1306.46754303,0.08883316,6.799e-05,0.10230639333333336,0.11523865230769202,0.1345396155882352,6.821333333333333e-05,6.80823076923077e-05,6.763382352941176e-05
78,6.768e-05,1553472000,6.809e-05,6.768e-05,6.809e-05,227.49863978,0.01547153,6.8e-05,0.09768117666666669,0.11561231538461508,0.13150078323529404,6.787999999999998e-05,6.814538461538462e-05,6.762794117647059e-05
79,6.729e-05,1553479200,6.753e-05,6.729e-05,6.753e-05,625.34697056,0.04210621,6.733e-05,0.048803633333333346,0.07043337461538432,0.11832029235294109,6.758666666666665e-05,6.813384615384616e-05,6.760499999999999e-05
80,6.694e-05,1553486400,6.76e-05,6.692e-05,6.728e-05,793.64759784,0.05316951,6.699e-05,0.03691575000000002,0.06058838076923048,0.1113458367647058,6.730333333333334e-05,6.80723076923077e-05,6.760941176470588e-05
81,6.694e-05,1553493600,6.695e-05,6.661e-05,6.661e-05,57.22297288,0.00382928,6.691e-05,0.033035000000000016,0.05918235076923048,0.10897004617647052,6.705666666666667e-05,6.79723076923077e-05,6.760235294117647e-05
82,6.645e-05,1553500800,6.694e-05,6.608e-05,6.692e-05,2769.13490726,0.18449295,6.662e-05,0.08049724666666667,0.07052129153846125,0.11160493499999993,6.677666666666665e-05,6.783e-05,6.754882352941176e-05
83,6.657e-05,1553508000,6.657e-05,6.642e-05,6.645e-05,587.00668888,0.03899679,6.643e-05,0.07577300666666668,0.06835146846153818,0.11142306441176464,6.665333333333332e-05,6.770615384615385e-05,6.752117647058824e-05
84,6.65e-05,1553515200,6.692e-05,6.6e-05,6.659e-05,1327.83884052,0.08817964,6.64e-05,0.10388979333333336,0.0746208953846151,0.10554898676470581,6.650666666666666e-05,6.76e-05,6.748058823529412e-05
85,6.6e-05,1553522400,6.682e-05,6.6e-05,6.65e-05,1283.23275743,0.08516739,6.636e-05,0.07078127333333335,0.07807288076923048,0.10677549441176463,6.635666666666665e-05,6.741230769230769e-05,6.741529411764707e-05
86,6.756e-05,1553529600,6.879e-05,6.61e-05,6.61e-05,7565.94770354,0.5116911,6.763e-05,0.22834604333333333,0.1061910199999997,0.11907365999999993,6.668666666666665e-05,6.732692307692308e-05,6.741852941176471e-05
87,6.756e-05,1553536800,6.756e-05,6.756e-05,6.756e-05,0.0,0.0,6.756e-05,0.19895283,0.10230950615384586,0.11867412117647053,6.703999999999998e-05,6.724076923076925e-05,6.74085294117647e-05
88,6.756e-05,1553544000,6.756e-05,6.756e-05,6.756e-05,0.0,0.0,6.756e-05,0.1705637,0.10005203076923047,0.11669058499999994,6.755999999999997e-05,6.71546153846154e-05,6.739323529411764e-05
89,6.694e-05,1553551200,6.722e-05,6.692e-05,6.722e-05,1090.70883894,0.07300701,6.693e-05,0.02433567000000003,0.091149582307692,0.1165145247058823,6.735333333333331e-05,6.706000000000003e-05,6.738676470588235e-05
90,6.621e-05,1553558400,6.693e-05,6.619e-05,6.693e-05,545.13234532,0.03615808,6.632e-05,0.03638836333333337,0.08709765307692277,0.11742374794117642,6.690333333333331e-05,6.693846153846156e-05,6.735323529411766e-05
91,6.6e-05,1553565600,6.642e-05,6.6e-05,6.616e-05,1242.61867579,0.08223928,6.618e-05,0.0638014566666667,0.09223363384615356,0.11916254117647052,6.638333333333333e-05,6.68092307692308e-05,6.73214705882353e-05
92,6.627e-05,1553572800,6.627e-05,6.587e-05,6.593e-05,159.10768427,0.01049208,6.594e-05,0.04296314666666671,0.08980177769230739,0.08723405264705875,6.615999999999999e-05,6.673076923076926e-05,6.728617647058823e-05
93,6.692e-05,1553580000,6.809e-05,6.646e-05,6.646e-05,1527.86702897,0.10310936,6.748e-05,0.06528024000000003,0.09364330461538431,0.08470244882352934,6.639666666666666e-05,6.67292307692308e-05,6.729176470588235e-05
94,6.642e-05,1553587200,6.692e-05,6.625e-05,6.692e-05,1939.034578,0.12903564,6.654e-05,0.0808790266666667,0.10327456307692279,0.0874281173529411,6.653666666666667e-05,6.668923076923079e-05,6.728617647058823e-05
95,6.659e-05,1553594400,6.692e-05,6.623e-05,6.657e-05,9028.45483372,0.60280406,6.676e-05,0.2783163533333333,0.1354523407692305,0.10484171029411758,6.664333333333333e-05,6.670000000000002e-05,6.728558823529412e-05
96,6.506e-05,1553601600,6.677e-05,6.48e-05,6.677e-05,5247.16642231,0.34475096,6.57e-05,0.35886355333333336,0.158971892307692,0.11497262117647052,6.602333333333334e-05,6.658384615384618e-05,6.723205882352942e-05
97,6.607e-05,1553608800,6.844e-05,6.507e-05,6.507e-05,6286.70272212,0.42031775,6.685e-05,0.45595758999999997,0.1845209776923074,0.1273284547058823,6.590666666666667e-05,6.655076923076924e-05,6.720794117647059e-05
98,6.839e-05,1553616000,7.1e-05,6.642e-05,6.642e-05,22920.38353935,1.60009122,6.981e-05,0.7883866433333333,0.3010535799999997,0.1742121270588235,6.650666666666667e-05,6.67346153846154e-05,6.72644117647059e-05
99,7.016e-05,1553623200,7.15e-05,6.804e-05,6.847e-05,23162.28099252,1.63548406,7.06e-05,1.2186310100000002,0.387499192307692,0.22200242558823527,6.820666666666667e-05,6.69346153846154e-05,6.736147058823531e-05
100,6.995e-05,1553630400,7.033e-05,6.899e-05,7.001e-05,900.18794493,0.06248101,6.94e-05,1.0993520966666668,0.3923054238461535,0.20532738352941174,6.950000000000001e-05,6.711846153846156e-05,6.743529411764706e-05
101,6.873e-05,1553637600,6.979e-05,6.86e-05,6.979e-05,268.57585594,0.01856914,6.913e-05,0.5721780700000001,0.39373381923076894,0.2005454632352941,6.961333333333336e-05,6.720846153846155e-05,6.746441176470589e-05
102,6.921e-05,1553644800,7.01e-05,6.907e-05,6.908e-05,1811.14962699,0.1261205,6.963e-05,0.06905688333333344,0.397819472307692,0.20360466411764705,6.929666666666669e-05,6.738307692307693e-05,6.749294117647059e-05
103,6.89e-05,1553652000,6.925e-05,6.872e-05,6.922e-05,385.82497019,0.02661896,6.899e-05,0.05710286666666678,0.39708569384615355,0.20329678882352942,6.89466666666667e-05,6.759000000000001e-05,6.751058823529413e-05
104,6.892e-05,1553659200,6.907e-05,6.812e-05,6.87e-05,16354.20038207,1.11533014,6.819e-05,0.42268986666666675,0.4765542215384613,0.23412401382352943,6.901000000000002e-05,6.781461538461539e-05,6.753235294117648e-05
105,6.885e-05,1553666400,6.926e-05,6.885e-05,6.893e-05,963.31285353,0.06665403,6.919e-05,0.40286771000000005,0.4808743715384613,0.23588804147058826,6.889000000000001e-05,6.801307692307693e-05,6.756088235294118e-05
106,6.971e-05,1553673600,6.996e-05,6.933e-05,6.941e-05,1172.5187179,0.08182949,6.978e-05,0.4212712200000001,0.47923745846153815,0.2371097447058824,6.916000000000002e-05,6.82276923076923e-05,6.759823529411766e-05
107,6.968e-05,1553680800,6.971e-05,6.927e-05,6.971e-05,348.14029879,0.02419815,6.95e-05,0.05756055666666674,0.47117303615384587,0.23352277000000005,6.941333333333336e-05,6.847846153846155e-05,6.76279411764706e-05
108,7.057e-05,1553688000,7.135e-05,6.971e-05,6.971e-05,2965.46511821,0.20828889,7.023e-05,0.10477217666666676,0.4408257153846151,0.23816480558823533,6.998666666666667e-05,6.878461538461537e-05,6.768352941176472e-05
109,7.135e-05,1553695200,7.135e-05,6.999e-05,7.057e-05,3319.4133364,0.23418186,7.054e-05,0.15555630000000006,0.4323203999999997,0.24418935500000002,7.053333333333333e-05,6.926846153846153e-05,6.776205882352941e-05
110,7.024e-05,1553702400,7.136e-05,6.983e-05,7.136e-05,2849.31785646,0.20005962,7.021e-05,0.21417679000000003,0.41537746692307664,0.2445223191176471,7.072e-05,6.958923076923077e-05,6.782294117647058e-05
111,7.036e-05,1553709600,7.053e-05,6.997e-05,7.03e-05,9700.85508705,0.683732,7.048e-05,0.37265782666666675,0.3448882961538459,0.2620193438235295,7.065e-05,6.974076923076923e-05,6.789852941176472e-05
112,7.047e-05,1553716800,7.047e-05,6.951e-05,7.036e-05,7564.51991236,0.53283279,7.043e-05,0.4722081366666668,0.2600689676923075,0.2772358514705883,7.035666666666666e-05,6.976461538461537e-05,6.798058823529413e-05
113,7.014e-05,1553724000,7.061e-05,6.999e-05,7.048e-05,1141.01172164,0.08049764,7.054e-05,0.4323541433333334,0.26145486230769205,0.2783650111764707,7.032333333333332e-05,6.977923076923076e-05,6.806441176470589e-05
114,7.05e-05,1553731200,7.052e-05,6.997e-05,7.051e-05,809.20362838,0.05704053,7.048e-05,0.22345698666666677,0.26441419999999977,0.27847886470588246,7.036999999999998e-05,6.991538461538461e-05,6.816911764705882e-05
115,7.288e-05,1553738400,7.329e-05,7.027e-05,7.051e-05,19892.88504494,1.44262072,7.251e-05,0.5267196300000001,0.3656834476923075,0.32079626000000017,7.117333333333331e-05,7.01976923076923e-05,6.834382352941176e-05
116,7.237e-05,1553745600,7.323e-05,7.219e-05,7.323e-05,1804.45834661,0.13149247,7.287e-05,0.5437179066666668,0.37375064076923054,0.31923742235294134,7.191666666666663e-05,7.046461538461537e-05,6.851794117647058e-05
117,7.29e-05,1553752800,7.595e-05,7.218e-05,7.236e-05,37547.98174315,2.80117175,7.46e-05,1.4584283133333333,0.5034307646153844,0.4004778623529413,7.271666666666663e-05,7.077076923076923e-05,6.870411764705881e-05
118,7.323e-05,1553760000,7.374e-05,7.238e-05,7.287e-05,404.00161278,0.02952513,7.308e-05,0.98739645,0.5005746953846152,0.3987527297058825,7.283333333333329e-05,7.110769230769232e-05,6.890205882352939e-05
119,7.696e-05,1553767200,7.796e-05,7.323e-05,7.358e-05,10630.90895536,0.80996417,7.618e-05,1.2135536833333334,0.5565850553846151,0.4200702820588237,7.43633333333333e-05,7.166538461538461e-05,6.922441176470587e-05
120,7.582e-05,1553774400,8.09e-05,7.533e-05,7.73e-05,75012.48268237,5.95288599,7.935e-05,2.264125096666667,1.012637966153846,0.5801054258823531,7.533666666666664e-05,7.213769230769231e-05,6.946735294117645e-05
121,7.504e-05,1553781600,7.581e-05,7.459e-05,7.581e-05,9095.83865433,0.68053145,7.481e-05,2.4811272033333336,1.0489643169230767,0.6001210567647061,7.593999999999997e-05,7.248153846153847e-05,6.968735294117646e-05
122,7.389e-05,1553788800,7.493e-05,7.35e-05,7.483e-05,2780.04372256,0.20721041,7.453e-05,2.280209283333334,1.0468895899999997,0.6062154805882355,7.491666666666664e-05,7.267692307692309e-05,6.98735294117647e-05
123,7.294e-05,1553796000,7.377e-05,7.253e-05,7.377e-05,4819.28978634,0.35174442,7.298e-05,0.41316209333333376,1.0585576515384614,0.6144136397058825,7.395666666666665e-05,7.28846153846154e-05,7.005e-05
124,7.262e-05,1553803200,7.309e-05,7.194e-05,7.293e-05,19378.29026219,1.41093235,7.28e-05,0.6566290600000003,1.1144961399999997,0.6548481770588236,7.314999999999998e-05,7.305846153846156e-05,7.023852941176469e-05
125,7.354e-05,1553810400,7.398e-05,7.262e-05,7.266e-05,10479.22715071,0.76700877,7.319e-05,0.8432285133333336,1.1325096769230767,0.6749884561764707,7.30333333333333e-05,7.32946153846154e-05,7.046029411764704e-05
126,7.285e-05,1553817600,7.388e-05,7.278e-05,7.355e-05,4481.64026779,0.33059151,7.376e-05,0.8361775433333336,1.1517476669230766,0.6844031452941178,7.30033333333333e-05,7.350307692307693e-05,7.065382352941174e-05
127,7.41e-05,1553824800,7.411e-05,7.335e-05,7.335e-05,4639.35090349,0.34159107,7.362e-05,0.47973045000000036,1.1736361699999995,0.6914173132352942,7.349666666666663e-05,7.378e-05,7.086499999999998e-05
128,7.352e-05,1553832000,7.522e-05,7.3e-05,7.374e-05,13412.90560848,0.99519397,7.419e-05,0.5557921833333337,1.1392187276923071,0.7168925582352942,7.348999999999996e-05,7.382923076923078e-05,7.107382352941174e-05
129,7.318e-05,1553839200,7.34e-05,7.281e-05,7.34e-05,1169.01167353,0.08555978,7.318e-05,0.4741149400000004,1.1356854438461534,0.7016794911764707,7.359999999999996e-05,7.389153846153847e-05,7.126764705882351e-05
130,7.251e-05,1553846400,7.34e-05,7.244e-05,7.283e-05,817.64142065,0.05960155,7.289e-05,0.38011843333333367,0.924795428461538,0.6932927438235295,7.306999999999995e-05,7.386153846153848e-05,7.148676470588233e-05
131,7.208e-05,1553853600,7.245e-05,7.147e-05,7.245e-05,4407.02399106,0.31577975,7.165e-05,0.15364702666666707,0.9468150146153842,0.690218096764706,7.258999999999994e-05,7.377307692307694e-05,7.166352941176468e-05
132,7.169e-05,1553860800,7.209e-05,7.07e-05,7.209e-05,11760.35244334,0.83774677,7.123e-05,0.4043760233333337,0.9489521376923074,0.6677962011764708,7.209333333333328e-05,7.336769230769232e-05,7.176058823529408e-05
133,7.162e-05,1553868000,7.206e-05,7.149e-05,7.177e-05,1892.96770239,0.13562678,7.164e-05,0.429717766666667,0.5014706599999996,0.623682751764706,7.179666666666662e-05,7.304461538461539e-05,7.180352941176467e-05
134,7.1e-05,1553875200,7.139e-05,7.072e-05,7.139e-05,1618.65219524,0.1150854,7.109e-05,0.3628196500000003,0.4579748099999996,0.6252299397058826,7.143666666666663e-05,7.273384615384616e-05,7.183441176470585e-05
135,7.06e-05,1553882400,7.072e-05,7.052e-05,7.072e-05,1975.05637801,0.13958708,7.067e-05,0.1300997533333337,0.452773015384615,0.6287892908823531,7.107333333333328e-05,7.248076923076925e-05,7.188941176470586e-05
136,7.137e-05,1553889600,7.137e-05,7.055e-05,7.065e-05,2711.98445605,0.19208307,7.082e-05,0.14891851666666706,0.44049137307692265,0.6307293664705884,7.098999999999996e-05,7.236000000000002e-05,7.195294117647055e-05
137,7.118e-05,1553896800,7.118e-05,7.083e-05,7.1e-05,1560.91240339,0.11096893,7.109e-05,0.1475463600000004,0.3404941869230766,0.6332102479411765,7.104999999999997e-05,7.224923076923078e-05,7.201999999999998e-05
138,7.077e-05,1553904000,7.103e-05,7.043e-05,7.103e-05,6530.24448563,0.46182961,7.072e-05,0.25496053666666707,0.3170188669230765,0.6139896441176471,7.110666666666663e-05,7.203615384615386e-05,7.207441176470586e-05
139,7.198e-05,1553911200,7.199e-05,7.012e-05,7.043e-05,3515.17576848,0.25003662,7.113e-05,0.2742783866666671,0.3108223369230766,0.6193832497058824,7.130999999999998e-05,7.196923076923078e-05,7.216647058823526e-05
140,7.383e-05,1553918400,7.578e-05,7.181e-05,7.198e-05,15486.65195883,1.1427212,7.378e-05,0.6181958100000003,0.3724477315384612,0.6505859470588236,7.21933333333333e-05,7.194846153846155e-05,7.22876470588235e-05
141,7.431e-05,1553925600,7.554e-05,7.389e-05,7.389e-05,7434.87121889,0.55629124,7.482e-05,0.6496830200000003,0.3386859830769228,0.6662357438235295,7.337333333333331e-05,7.200923076923079e-05,7.242382352941173e-05
142,7.421e-05,1553932800,7.514e-05,7.411e-05,7.43e-05,1110.38611985,0.08303327,7.477e-05,0.594015236666667,0.33849163615384587,0.6625517550000001,7.411666666666665e-05,7.208846153846156e-05,7.253088235294116e-05
143,7.4e-05,1553940000,7.411e-05,7.356e-05,7.411e-05,75.56893235,0.00559034,7.397e-05,0.214971616666667,0.33433692769230744,0.6558284750000002,7.41733333333333e-05,7.220307692307694e-05,7.260882352941173e-05
144,7.544e-05,1553947200,7.544e-05,7.386e-05,7.394e-05,2773.6385377,0.20828986,7.509e-05,0.09897115666666705,0.32606847461538435,0.6560705408823531,7.454999999999996e-05,7.246153846153848e-05,7.276176470588232e-05
145,7.582e-05,1553954400,7.88e-05,7.493e-05,7.493e-05,30170.43801614,2.34941001,7.787e-05,0.8544300700000004,0.44235026230769214,0.7050610705882354,7.508666666666662e-05,7.277923076923081e-05,7.292235294117644e-05
146,7.612e-05,1553961600,7.774e-05,7.561e-05,7.561e-05,3388.75422831,0.26011832,7.675e-05,0.9392727300000004,0.45192653461538446,0.697040056764706,7.579333333333328e-05,7.312538461538464e-05,7.308852941176467e-05
147,7.489e-05,1553968800,7.654e-05,7.482e-05,7.633e-05,498.51682064,0.03760516,7.543e-05,0.8823778300000006,0.44596651615384597,0.6957785132352942,7.560999999999995e-05,7.342461538461542e-05,7.322823529411762e-05
148,7.494e-05,1553976000,7.53e-05,7.464e-05,7.489e-05,2914.08344977,0.21925237,7.523e-05,0.17232528333333383,0.45209461538461526,0.7005494497058825,7.531666666666661e-05,7.375846153846158e-05,7.335882352941174e-05
149,7.468e-05,1553983200,7.518e-05,7.427e-05,7.494e-05,2230.81499323,0.16690385,7.481e-05,0.1412537933333338,0.45015775230769217,0.6630283652941178,7.48366666666666e-05,7.401307692307697e-05,7.341176470588232e-05
150,7.691e-05,1553990400,7.963e-05,7.469e-05,7.469e-05,19169.79350306,1.48581486,7.75e-05,0.6239903600000005,0.5559151315384614,0.7028613767647061,7.550999999999995e-05,7.44538461538462e-05,7.354529411764703e-05
151,7.87e-05,1553997600,7.879e-05,7.625e-05,7.67e-05,7173.13701898,0.55422207,7.726e-05,0.7356469266666671,0.5630222438461537,0.6367746214705884,7.676333333333329e-05,7.50638461538462e-05,7.371588235294115e-05
152,7.92e-05,1554004800,8.051e-05,7.774e-05,7.875e-05,19239.38973254,1.52765361,7.94e-05,1.1892301800000005,0.6613004738461539,0.6808372238235296,7.826999999999995e-05,7.561923076923083e-05,7.389147058823528e-05
153,8.021e-05,1554012000,8.067e-05,7.883e-05,7.887e-05,24477.05842211,1.95759255,7.997e-05,1.3464894100000002,0.7239828853846153,0.7145909997058826,7.936999999999995e-05,7.611000000000006e-05,7.398705882352939e-05
154,8.151e-05,1554019200,8.452e-05,7.889e-05,8.021e-05,27981.26313846,2.29214403,8.191e-05,1.9257967300000003,0.857510023076923,0.606922118529412,8.030666666666661e-05,7.666384615384622e-05,7.415441176470586e-05
155,8.739e-05,1554026400,9.237e-05,8.15e-05,8.15e-05,125709.97591798,11.03170667,8.775e-05,5.093814416666667,1.6997156692307693,0.9113684485294119,8.303666666666662e-05,7.767769230769237e-05,7.45176470588235e-05
156,8.122e-05,1554033600,8.921e-05,8.122e-05,8.749e-05,19828.93049612,1.71025149,8.625e-05,5.0113673966666665,1.83084345,0.9555755391176471,8.33733333333333e-05,7.823307692307697e-05,7.473323529411762e-05
157,8.088e-05,1554040800,8.235e-05,8.085e-05,8.118e-05,8163.03597526,0.66345749,8.127e-05,4.468471883333334,1.8658563446153844,0.9647435705882353,8.31633333333333e-05,7.86515384615385e-05,7.496676470588233e-05
158,7.92e-05,1554048000,8.088e-05,7.872e-05,8.088e-05,24017.43399933,1.92584199,8.018e-05,1.4331836566666674,1.833274189230769,0.9798879717647059,8.043333333333329e-05,7.891153846153849e-05,7.516029411764704e-05
159,8.019e-05,1554055200,8.083e-05,7.846e-05,7.926e-05,5042.56441201,0.40114337,7.955e-05,0.9968142833333339,1.8441222699999997,0.9691272247058824,8.008999999999995e-05,7.922461538461542e-05,7.535588235294116e-05
160,7.964e-05,1554062400,8.091e-05,7.935e-05,8.052e-05,7100.11550013,0.57136859,8.047e-05,0.966117983333334,1.8851809953846153,0.9762089035294119,7.967666666666661e-05,7.959000000000003e-05,7.55555882352941e-05
161,7.933e-05,1554069600,7.953e-05,7.857e-05,7.953e-05,3000.47227133,0.23655806,7.884e-05,0.40302334000000073,1.8865122023076921,0.9731196973529412,7.971999999999995e-05,7.992769230769234e-05,7.570941176470586e-05
162,7.696e-05,1554076800,7.928e-05,7.613e-05,7.928e-05,4692.25995175,0.36233511,7.721e-05,0.3900872533333341,1.901545376153846,0.9545062014705882,7.864333333333327e-05,8.010307692307697e-05,7.581058823529409e-05
163,7.744e-05,1554084000,7.804e-05,7.696e-05,7.696e-05,10642.16503787,0.82614817,7.762e-05,0.4750137800000007,1.8508017846153844,0.9762882129411766,7.790999999999994e-05,8.01438461538462e-05,7.593588235294114e-05
164,7.8e-05,1554091200,7.841e-05,7.733e-05,7.799e-05,509.1500047,0.03942318,7.742e-05,0.4093021533333341,1.8112018699999994,0.9756947314705885,7.74666666666666e-05,8.009000000000005e-05,7.609735294117643e-05
165,7.656e-05,1554098400,7.8e-05,7.594e-05,7.8e-05,4898.86959212,0.37587406,7.672e-05,0.41381513666666736,1.7226034430769226,0.9774622111764709,7.733333333333327e-05,7.988692307692314e-05,7.62291176470588e-05
166,7.721e-05,1554105600,7.759e-05,7.649e-05,7.658e-05,11963.47074914,0.91985449,7.688e-05,0.4450505766666674,1.6427774384615377,0.9798771441176473,7.725666666666658e-05,7.965615384615391e-05,7.639147058823524e-05
167,7.739e-05,1554112800,7.76e-05,7.69e-05,7.722e-05,2505.57524384,0.19407027,7.745e-05,0.49659960666666736,1.4813871492307686,0.9815960702941178,7.705333333333325e-05,7.933923076923085e-05,7.65611764705882e-05
168,7.937e-05,1554120000,8.403e-05,7.683e-05,7.709e-05,42936.28932112,3.45829083,8.054e-05,1.5240718633333339,0.8988166999999994,1.079925641764706,7.798999999999991e-05,7.872230769230779e-05,7.680735294117643e-05
169,7.917e-05,1554127200,8.019e-05,7.917e-05,7.982e-05,919.23312099,0.0734147,7.986e-05,1.2419252666666671,0.7729061776923072,1.077979395294118,7.864333333333324e-05,7.856461538461547e-05,7.705941176470584e-05
170,7.854e-05,1554134400,8.052e-05,7.825e-05,7.915e-05,1614.59576494,0.12722518,7.879e-05,1.2196435700000003,0.7316575384615379,1.076071810294118,7.902666666666659e-05,7.838461538461549e-05,7.727029411764702e-05
171,7.899e-05,1554141600,7.899e-05,7.83e-05,7.861e-05,286.10856133,0.02248928,7.86e-05,0.07437638666666697,0.5852457915384609,1.0734694676470593,7.889999999999993e-05,7.836846153846163e-05,7.749999999999997e-05
172,7.919e-05,1554148800,7.919e-05,7.854e-05,7.854e-05,84.87943025,0.00671145,7.907e-05,0.052141970000000315,0.5549048746153841,1.060083639411765,7.89066666666666e-05,7.829153846153855e-05,7.774764705882349e-05
173,7.92e-05,1554156000,7.92e-05,7.859e-05,7.876e-05,380.82653024,0.0300301,7.885e-05,0.019743610000000317,0.5132634523076918,1.0536128594117649,7.91266666666666e-05,7.825769230769241e-05,7.795999999999997e-05
174,7.887e-05,1554163200,7.97e-05,7.887e-05,7.953e-05,794.75584769,0.06285644,7.908e-05,0.03319933000000032,0.4999017892307687,1.0218521311764708,7.90866666666666e-05,7.822230769230779e-05,7.810823529411761e-05
175,7.707e-05,1554170400,7.919e-05,7.707e-05,7.912e-05,12168.6149482,0.95204264,7.823e-05,0.348309726666667,0.5452639069230764,1.0334918782352942,7.837999999999994e-05,7.823076923076932e-05,7.818941176470583e-05
176,6.883e-05,1554177600,7.774e-05,6.654e-05,7.718e-05,69803.34874109,4.96516266,7.113e-05,1.9933539133333336,0.8636496369230765,1.1770839191176472,7.492333333333327e-05,7.756846153846162e-05,7.80311764705882e-05
177,7.043e-05,1554184800,7.094e-05,6.867e-05,6.884e-05,14967.88691242,1.04552532,6.985e-05,2.320910206666667,0.9410421092307687,1.2076702420588237,7.210999999999994e-05,7.698615384615394e-05,7.79261764705882e-05
178,7.022e-05,1554192000,7.329e-05,6.986e-05,7.046e-05,12108.812217,0.86349624,7.131e-05,2.2913947400000003,0.9785515076923073,1.2269410179411768,6.982666666666662e-05,7.649846153846162e-05,7.77726470588235e-05
179,7.082e-05,1554199200,7.164e-05,6.872e-05,6.977e-05,5895.08511165,0.41193935,6.987e-05,0.773653636666667,0.9394811123076919,1.1699565867647062,7.048999999999994e-05,7.600692307692317e-05,7.76255882352941e-05
180,7.157e-05,1554206400,7.451e-05,7.02e-05,7.066e-05,15907.3907237,1.15546518,7.263e-05,0.8103002566666669,1.0134345669230767,1.1962903179411768,7.086999999999994e-05,7.555923076923085e-05,7.749176470588234e-05
181,7.041e-05,1554213600,7.248e-05,7.029e-05,7.202e-05,1692.54077911,0.12020917,7.102e-05,0.5625379000000003,0.7566590546153844,1.1987198476470593,7.093333333333327e-05,7.487000000000007e-05,7.735999999999996e-05
182,7.208e-05,1554220800,7.248e-05,7.037e-05,7.041e-05,1432.28236464,0.1033324,7.214e-05,0.459668916666667,0.7589604161538458,1.1953104367647063,7.135333333333327e-05,7.432461538461545e-05,7.727588235294115e-05
183,7.226e-05,1554228000,7.23e-05,7.152e-05,7.198e-05,2749.42505041,0.19820397,7.208e-05,0.14058184666666698,0.7644203230769228,1.1962310285294124,7.158333333333329e-05,7.384153846153853e-05,7.720470588235291e-05
184,7.104e-05,1554235200,7.237e-05,7.025e-05,7.223e-05,6560.5963964,0.46403274,7.073e-05,0.25518970333333363,0.7983852046153843,1.1661786132352947,7.179333333333329e-05,7.323000000000007e-05,7.703205882352938e-05
185,7.024e-05,1554242400,7.129e-05,6.986e-05,7.119e-05,3163.78172585,0.22294743,7.046e-05,0.2950613800000003,0.8150187415384612,1.1564352414705887,7.117999999999997e-05,7.254153846153854e-05,7.678323529411762e-05
186,6.806e-05,1554249600,6.996e-05,6.713e-05,6.996e-05,8041.39166271,0.55075178,6.848e-05,0.4125773166666669,0.8550742553846151,1.1277028347058828,6.977999999999997e-05,7.168461538461546e-05,7.645558823529409e-05
187,6.794e-05,1554256800,6.92e-05,6.679e-05,6.829e-05,8874.07002324,0.60009859,6.762e-05,0.4579326000000003,0.8964005746153845,1.0877765417647063,6.874666666666664e-05,7.084384615384624e-05,7.609470588235292e-05
188,6.822e-05,1554264000,6.871e-05,6.7e-05,6.807e-05,5115.52293326,0.34602054,6.764e-05,0.4989569700000003,0.8497834899999999,1.0305376155882355,6.80733333333333e-05,7.016307692307698e-05,7.570382352941174e-05
189,6.813e-05,1554271200,6.857e-05,6.79e-05,6.853e-05,4539.06550477,0.3094082,6.816e-05,0.4185091100000003,0.4916485315384614,0.7151758958823533,6.809666666666665e-05,7.010923076923083e-05,7.513735294117644e-05
190,6.838e-05,1554278400,6.896e-05,6.75e-05,6.79e-05,4301.18377574,0.29301114,6.812e-05,0.316146626666667,0.4337628253846152,0.673492356176471,6.824333333333331e-05,6.995153846153854e-05,7.47597058823529e-05
191,6.842e-05,1554285600,6.882e-05,6.804e-05,6.875e-05,2587.9111679,0.17668303,6.827e-05,0.2597007900000003,0.38093103999999983,0.659175460294118,6.830999999999996e-05,6.9813076923077e-05,7.439323529411761e-05
192,6.977e-05,1554292800,7.034e-05,6.798e-05,6.801e-05,4913.71227258,0.33938872,6.906e-05,0.26969429666666694,0.3753502223076921,0.6125150700000004,6.885666666666663e-05,6.973230769230778e-05,7.411588235294112e-05
193,7.098e-05,1554300000,7.098e-05,6.925e-05,6.965e-05,9545.14908149,0.67244089,7.044e-05,0.3961708800000003,0.33819450769230747,0.6204944088235298,6.97233333333333e-05,6.968692307692315e-05,7.384499999999995e-05
194,6.802e-05,1554307200,7.087e-05,6.717e-05,7.087e-05,8748.27441863,0.60113867,6.871e-05,0.5376560933333336,0.3751890846153844,0.6213699994117652,6.958999999999998e-05,6.9503076923077e-05,7.350323529411758e-05
195,6.753e-05,1554314400,6.789e-05,6.7e-05,6.769e-05,4791.74208905,0.32304067,6.741e-05,0.5322067433333336,0.39208972076923054,0.6239136055882358,6.884333333333331e-05,6.9153076923077e-05,7.315617647058819e-05
196,6.527e-05,1554321600,6.74e-05,6.493e-05,6.72e-05,141534.60664044,9.30229466,6.572e-05,3.4088246666666664,1.092404389230769,0.8868535923529416,6.693999999999998e-05,6.861538461538469e-05,7.281235294117641e-05
197,6.635e-05,1554328800,6.643e-05,6.508e-05,6.528e-05,4142.10474227,0.27181596,6.562e-05,3.29905043,1.0776184830769229,0.8705497038235299,6.638333333333331e-05,6.825461538461546e-05,7.24861764705882e-05
198,6.541e-05,1554336000,6.874e-05,6.51e-05,6.65e-05,25182.07785416,1.72370837,6.844e-05,3.765939663333334,1.1930616323076921,0.9200875035294123,6.567666666666665e-05,6.7883076923077e-05,7.211588235294114e-05
199,6.483e-05,1554343200,6.534e-05,6.453e-05,6.53e-05,3038.41701295,0.1969652,6.482e-05,0.7308298433333338,1.1658472799999997,0.9148254782352946,6.552999999999998e-05,6.763461538461547e-05,7.177088235294114e-05
200,6.491e-05,1554350400,6.505e-05,6.448e-05,6.482e-05,1098.34219726,0.07120685,6.483e-05,0.6639601400000004,1.1251632999999996,0.8898652535294123,6.504999999999997e-05,6.740153846153853e-05,7.14091176470588e-05
201,6.529e-05,1554357600,6.529e-05,6.456e-05,6.456e-05,3123.11897249,0.20275723,6.492e-05,0.15697642666666703,1.114143045384615,0.8901207523529416,6.500999999999996e-05,6.717615384615391e-05,7.105323529411762e-05
202,6.613e-05,1554364800,6.65e-05,6.532e-05,6.532e-05,14332.60915874,0.94882505,6.62e-05,0.40759637666666704,1.1633289569230767,0.8163129352941182,6.544333333333331e-05,6.702230769230776e-05,7.066382352941175e-05
203,6.629e-05,1554372000,6.839e-05,6.541e-05,6.612e-05,17844.38913188,1.18073487,6.616e-05,0.7774390500000004,1.2316153976923074,0.8488811755882357,6.59033333333333e-05,6.686153846153852e-05,7.028499999999998e-05
204,6.642e-05,1554379200,6.642e-05,6.555e-05,6.618e-05,2492.00812435,0.16478447,6.612e-05,0.7647814633333336,1.2307001238461537,0.8499858605882358,6.627999999999995e-05,6.670769230769236e-05,6.992852941176468e-05
205,6.655e-05,1554386400,6.726e-05,6.639e-05,6.646e-05,2513.52138846,0.1675022,6.664e-05,0.5043405133333336,1.2174780838461536,0.8542509464705887,6.641999999999996e-05,6.646000000000005e-05,6.956264705882351e-05
206,6.483e-05,1554393600,6.655e-05,6.421e-05,6.655e-05,3756.58670557,0.24375875,6.488e-05,0.1920151400000003,1.1845025346153844,0.8612229258823535,6.593333333333329e-05,6.598692307692313e-05,6.914029411764705e-05
207,6.484e-05,1554400800,6.509e-05,6.482e-05,6.482e-05,2244.0182613,0.14568335,6.492e-05,0.18564810000000032,1.1494675099999998,0.864624492058824,6.540666666666662e-05,6.574230769230774e-05,6.871794117647057e-05
208,6.509e-05,1554408000,6.573e-05,6.476e-05,6.476e-05,9218.57693,0.60415966,6.553e-05,0.331200586666667,1.1710920476923077,0.8805451750000005,6.491999999999994e-05,6.555461538461543e-05,6.83126470588235e-05
209,6.551e-05,1554415200,6.551e-05,6.509e-05,6.509e-05,1302.91379604,0.08481157,6.509e-05,0.2782181933333337,0.46205488692307684,0.85503837882353,6.514666666666662e-05,6.557307692307696e-05,6.79726470588235e-05
210,6.542e-05,1554422400,6.563e-05,6.511e-05,6.551e-05,533.36900381,0.03488542,6.54e-05,0.24128555000000038,0.44382946076923074,0.7100302247058828,6.533999999999995e-05,6.550153846153851e-05,6.787235294117645e-05
211,6.639e-05,1554429600,6.639e-05,6.582e-05,6.582e-05,5915.73463281,0.39245922,6.634e-05,0.17071873666666704,0.34142568,0.6908223982352946,6.577333333333329e-05,6.557692307692312e-05,6.775352941176468e-05
212,6.512e-05,1554436800,6.645e-05,6.451e-05,6.639e-05,17730.8089112,1.17544863,6.629e-05,0.5342644233333337,0.41669363615384614,0.6999974685294121,6.564333333333327e-05,6.559923076923081e-05,6.760352941176468e-05
213,6.504e-05,1554444000,6.534e-05,6.481e-05,6.512e-05,734.10788588,0.04764396,6.49e-05,0.5385172700000004,0.4148811061538461,0.6892828982352944,6.55166666666666e-05,6.560923076923082e-05,6.743352941176469e-05
214,6.512e-05,1554451200,6.523e-05,6.51e-05,6.51e-05,75.24647864,0.00490021,6.512e-05,0.40933093333333365,0.3996613353846153,0.6554427520588239,6.509333333333327e-05,6.55961538461539e-05,6.724382352941174e-05
215,6.556e-05,1554458400,6.607e-05,6.533e-05,6.533e-05,2153.86372367,0.1412204,6.556e-05,0.06458819000000027,0.3375379007692307,0.6560607294117651,6.523999999999994e-05,6.555230769230775e-05,6.710117647058822e-05
216,6.608e-05,1554465600,6.608e-05,6.546e-05,6.558e-05,451.99349455,0.0296598,6.561e-05,0.05859347000000028,0.24899366461538452,0.6538938882352945,6.55866666666666e-05,6.55361538461539e-05,6.692470588235293e-05
217,6.617e-05,1554472800,6.628e-05,6.617e-05,6.617e-05,6090.3833816,0.40305608,6.617e-05,0.19131209333333363,0.26732224999999993,0.659918950294118,6.59366666666666e-05,6.551692307692314e-05,6.67455882352941e-05
218,6.617e-05,1554480000,6.631e-05,6.617e-05,6.63e-05,2031.84926577,0.13445534,6.617e-05,0.18905707333333363,0.26478018384615376,0.6502254973529414,6.613999999999995e-05,6.548769230769238e-05,6.660235294117644e-05
219,6.555e-05,1554487200,6.625e-05,6.515e-05,6.625e-05,950.74535596,0.06215417,6.537e-05,0.1998885300000003,0.2508106007692307,0.6454962838235296,6.596333333333327e-05,6.554307692307699e-05,6.646441176470586e-05
220,6.61e-05,1554494400,6.66e-05,6.531e-05,6.531e-05,2317.49513065,0.1538012,6.636e-05,0.11680357000000029,0.2514350507692307,0.6338212667647062,6.593999999999994e-05,6.564000000000007e-05,6.640676470588233e-05
221,6.568e-05,1554501600,6.692e-05,6.562e-05,6.632e-05,8434.49128448,0.55956777,6.634e-05,0.2585077133333336,0.2480049053846153,0.6326291838235297,6.57766666666666e-05,6.56853846153847e-05,6.634029411764703e-05
222,6.535e-05,1554508800,6.565e-05,6.502e-05,6.554e-05,9766.1097318,0.63833606,6.536e-05,0.4505683433333336,0.29058371230769225,0.6412266991176474,6.570999999999992e-05,6.5673076923077e-05,6.625588235294115e-05
223,6.535e-05,1554516000,6.535e-05,6.535e-05,6.535e-05,0.0,0.0,6.535e-05,0.399301276666667,0.28790021846153835,0.6321264579411768,6.545999999999993e-05,6.56676923076924e-05,6.617411764705881e-05
224,6.532e-05,1554523200,6.565e-05,6.532e-05,6.548e-05,224.91121687,0.0147523,6.559e-05,0.2176961200000003,0.2588458399999999,0.623942374411765,6.533999999999994e-05,6.558538461538471e-05,6.608411764705882e-05
225,6.552e-05,1554530400,6.607e-05,6.552e-05,6.565e-05,821.91828193,0.05419854,6.594e-05,0.022983613333333652,0.17259583307692297,0.6203398894117651,6.539666666666661e-05,6.561615384615393e-05,6.599882352941175e-05
226,6.514e-05,1554537600,6.655e-05,6.479e-05,6.552e-05,1051.56023186,0.06869855,6.533e-05,0.04588313000000032,0.17421541692307685,0.6123784138235299,6.532666666666662e-05,6.562384615384624e-05,6.586264705882353e-05
227,6.5e-05,1554544800,6.534e-05,6.491e-05,6.515e-05,709.24946305,0.04612067,6.502e-05,0.05633925333333365,0.17738622153846145,0.5939572308823534,6.521999999999995e-05,6.561461538461547e-05,6.568676470588235e-05
228,6.484e-05,1554552000,6.523e-05,6.484e-05,6.5e-05,364.06262163,0.02373554,6.519e-05,0.04618492000000032,0.16834892461538453,0.5769747858823534,6.499333333333327e-05,6.555923076923086e-05,6.559323529411765e-05
229,6.447e-05,1554559200,6.497e-05,6.447e-05,6.49e-05,17590.82148926,1.13747539,6.466e-05,0.40244386666666704,0.25356550846153836,0.6009287482352945,6.476999999999995e-05,6.543538461538469e-05,6.550323529411764e-05
230,6.331e-05,1554566400,6.431e-05,6.134e-05,6.431e-05,41748.29735548,2.59438613,6.214e-05,1.251865686666667,0.4221293584615384,0.4036373208823533,6.420666666666662e-05,6.521538461538468e-05,6.544558823529411e-05
231,6.313e-05,1554573600,6.356e-05,6.304e-05,6.318e-05,4448.09594044,0.28150091,6.328e-05,1.3377874766666673,0.4334405561538461,0.4039221723529416,6.363666666666663e-05,6.498153846153855e-05,6.535088235294118e-05
232,6.379e-05,1554580800,6.412e-05,6.313e-05,6.313e-05,2539.18948458,0.16177988,6.371e-05,1.0125556400000006,0.4411040723076922,0.3579830991176474,6.340999999999995e-05,6.484615384615392e-05,6.530323529411765e-05
233,6.412e-05,1554588000,6.412e-05,6.379e-05,6.379e-05,1643.77539535,0.10518281,6.398e-05,0.18282120000000054,0.43736419615384603,0.35528361705882394,6.367999999999995e-05,6.469384615384623e-05,6.528235294117646e-05
234,6.348e-05,1554595200,6.379e-05,6.348e-05,6.379e-05,166.86677631,0.01061574,6.361e-05,0.09252614333333387,0.39513711692307685,0.3535015255882357,6.379666666666661e-05,6.452461538461547e-05,6.524029411764706e-05
235,6.275e-05,1554602400,6.372e-05,6.231e-05,6.372e-05,1454.78346267,0.09129724,6.275e-05,0.06903193000000053,0.3530572076923076,0.3502232905882357,6.344999999999994e-05,6.432461538461546e-05,6.516558823529411e-05
236,6.245e-05,1554609600,6.276e-05,6.245e-05,6.275e-05,415.4426311,0.02606846,6.274e-05,0.042660480000000535,0.35506247384615375,0.3230833908823533,6.289333333333329e-05,6.410153846153853e-05,6.505735294117646e-05
237,6.278e-05,1554616800,6.302e-05,6.276e-05,6.276e-05,86.03357748,0.00541904,6.298e-05,0.0409282466666672,0.35434453076923067,0.2885152782352945,6.265999999999996e-05,6.390615384615391e-05,6.49541176470588e-05
238,6.302e-05,1554624000,6.302e-05,6.248e-05,6.285e-05,3359.15213663,0.21118038,6.286e-05,0.08088929333333388,0.3664200569230769,0.28987986382352976,6.274999999999997e-05,6.371384615384623e-05,6.48541176470588e-05
239,6.3e-05,1554631200,6.303e-05,6.298e-05,6.302e-05,397.38076545,0.02503952,6.301e-05,0.08054631333333385,0.36306166999999995,0.28568978500000036,6.29333333333333e-05,6.354923076923084e-05,6.474970588235292e-05
240,6.284e-05,1554638400,6.338e-05,6.284e-05,6.3e-05,488.57669387,0.03081617,6.307e-05,0.08901202333333386,0.36188440076923073,0.2794267679411768,6.29533333333333e-05,6.3383076923077e-05,6.469117647058822e-05
241,6.32e-05,1554645600,6.32e-05,6.297e-05,6.297e-05,1550.04721331,0.09760686,6.297e-05,0.05115418333333386,0.36756680999999997,0.2780127535294121,6.301333333333331e-05,6.325692307692314e-05,6.464294117647058e-05
242,6.338e-05,1554652800,6.338e-05,6.284e-05,6.32e-05,782.32255147,0.04935046,6.308e-05,0.05925783000000052,0.2838648923076923,0.2616948358823533,6.313999999999998e-05,6.3173076923077e-05,6.459264705882352e-05
243,6.302e-05,1554660000,6.328e-05,6.265e-05,6.286e-05,1255.18706008,0.07892171,6.287e-05,0.07529301000000052,0.09036762923076921,0.2615216047058827,6.319999999999998e-05,6.315076923076931e-05,6.451941176470587e-05
244,6.281e-05,1554667200,6.331e-05,6.281e-05,6.302e-05,1038.9364143,0.06557138,6.311e-05,0.06461451666666718,0.07375766538461537,0.26242413294117684,6.306999999999998e-05,6.312615384615392e-05,6.444264705882352e-05
245,6.231e-05,1554674400,6.297e-05,6.231e-05,6.297e-05,1056.80117332,0.06617395,6.261e-05,0.07022234666666717,0.06640336307692306,0.2528275073529415,6.27133333333333e-05,6.301230769230776e-05,6.432264705882351e-05
246,6.124e-05,1554681600,6.28e-05,6.124e-05,6.245e-05,4967.76793261,0.30989633,6.238e-05,0.14721388666666715,0.0821505569230769,0.22737008676470627,6.211999999999997e-05,6.27907692307693e-05,6.420852941176469e-05
247,6.055e-05,1554688800,6.143e-05,6.055e-05,6.135e-05,3713.00944307,0.22652398,6.1e-05,0.20086475333333387,0.09875888307692306,0.23263126382352978,6.136666666666662e-05,6.25653846153847e-05,6.407647058823528e-05
248,6.083e-05,1554696000,6.083e-05,6.035e-05,6.055e-05,939.155052,0.05687195,6.055e-05,0.1977640866666672,0.09611078384615382,0.23415984441176507,6.087333333333329e-05,6.24176923076924e-05,6.395029411764704e-05
249,6.065e-05,1554703200,6.13e-05,6.047e-05,6.057e-05,3663.68389173,0.22245719,6.071e-05,0.1686177066666672,0.1112176092307692,0.23654916176470622,6.067666666666662e-05,6.227923076923085e-05,6.380588235294115e-05
250,5.962e-05,1554710400,6.095e-05,5.95e-05,6.065e-05,5400.48831314,0.32556936,6.028e-05,0.20163283333333384,0.1358445569230769,0.2452523841176474,6.036666666666662e-05,6.203615384615393e-05,6.361588235294115e-05
251,5.94e-05,1554717600,6.022e-05,5.881e-05,5.962e-05,1746.59830353,0.10333467,5.916e-05,0.21712040666666718,0.12754873307692305,0.2364370485294121,5.988999999999995e-05,6.175769230769239e-05,6.341676470588232e-05
252,5.962e-05,1554724800,5.962e-05,5.876e-05,5.9e-05,266.72052073,0.01576037,5.908e-05,0.14822146666666716,0.12683495230769226,0.23294602000000036,5.954666666666662e-05,6.14976923076924e-05,6.322411764705879e-05
