,close,date,high,low,open,quoteVolume,volume,weightedAverage,avg_vol_3,avg_vol_13,avg_vol_34,avg_close_3,avg_close_13,avg_close_34
0,1.45e-05,1553218424,1.45e-05,1.45e-05,1.45e-05,0.0,0.0,1.45e-05,-99999.0,-99999.0,-99999.0,-99999.0,-99999.0,-99999.0
1,1.444e-05,1553220000,1.45e-05,1.441e-05,1.441e-05,18384.23306558,0.26629042,1.448e-05,-99999.0,-99999.0,-99999.0,-99999.0,-99999.0,-99999.0
2,1.453e-05,1553227200,1.453e-05,1.453e-05,1.453e-05,182.05781142,0.00264529,1.453e-05,0.08964523666666668,-99999.0,-99999.0,1.449e-05,-99999.0,-99999.0
3,1.453e-05,1553234400,1.453e-05,1.453e-05,1.453e-05,0.0,0.0,1.453e-05,0.08964523666666668,-99999.0,-99999.0,1.45e-05,-99999.0,-99999.0
4,1.465e-05,1553241600,1.465e-05,1.446e-05,1.446e-05,17209.27682817,0.25096344,1.458e-05,0.08453624333333336,-99999.0,-99999.0,1.457e-05,-99999.0,-99999.0
5,1.463e-05,1553248800,1.474e-05,1.46e-05,1.466e-05,43467.4145025,0.63802123,1.467e-05,0.29632822333333336,-99999.0,-99999.0,1.4603333333333335e-05,-99999.0,-99999.0
6,1.475e-05,1553256000,1.476e-05,1.46e-05,1.463e-05,56501.14463246,0.83301603,1.474e-05,0.5740002333333334,-99999.0,-99999.0,1.4676666666666668e-05,-99999.0,-99999.0
7,1.475e-05,1553263200,1.476e-05,1.475e-05,1.475e-05,35954.47266031,0.53035347,1.475e-05,0.6671302433333334,-99999.0,-99999.0,1.471e-05,-99999.0,-99999.0
8,1.471e-05,1553270400,1.473e-05,1.471e-05,1.473e-05,13587.19330336,0.20000339,1.471e-05,0.5211242966666667,-99999.0,-99999.0,1.4736666666666666e-05,-99999.0,-99999.0
9,1.478e-05,1553277600,1.479e-05,1.473e-05,1.473e-05,18238.4071246,0.26966551,1.478e-05,0.33334079000000005,-99999.0,-99999.0,1.4746666666666667e-05,-99999.0,-99999.0
10,1.477e-05,1553284800,1.479e-05,1.477e-05,1.478e-05,64531.31245972,0.95417396,1.478e-05,0.4746142866666667,-99999.0,-99999.0,1.4753333333333335e-05,-99999.0,-99999.0
11,1.477e-05,1553292000,1.477e-05,1.477e-05,1.477e-05,0.0,0.0,1.477e-05,0.40794649000000005,-99999.0,-99999.0,1.4773333333333336e-05,-99999.0,-99999.0
12,1.481e-05,1553299200,1.481e-05,1.477e-05,1.478e-05,36901.15013618,0.54570931,1.478e-05,0.49996109,0.3454493884615385,-99999.0,1.4783333333333336e-05,1.4663076923076922e-05,-99999.0
13,1.469e-05,1553306400,1.49e-05,1.469e-05,1.481e-05,6947.10422922,0.10333005,1.487e-05,0.21634645333333336,0.3533978538461539,-99999.0,1.4756666666666669e-05,1.4677692307692307e-05,-99999.0
14,1.479e-05,1553313600,1.479e-05,1.479e-05,1.479e-05,14.96260985,0.00022129,1.479e-05,0.2164202166666667,0.3329309976923077,-99999.0,1.4763333333333337e-05,1.4704615384615385e-05,-99999.0
15,1.47e-05,1553320800,1.47e-05,1.47e-05,1.47e-05,500.04791434,0.0073507,1.47e-05,0.03696734666666671,0.33329295230769235,-99999.0,1.4726666666666669e-05,1.4717692307692307e-05,-99999.0
16,1.483e-05,1553328000,1.483e-05,1.469e-05,1.473e-05,8308.88585785,0.12256403,1.475e-05,0.043378673333333374,0.34272095461538465,-99999.0,1.4773333333333336e-05,1.4740769230769229e-05,-99999.0
17,1.459e-05,1553335200,1.475e-05,1.455e-05,1.475e-05,20372.84850155,0.29832707,1.464e-05,0.14274726666666673,0.34636431076923085,-99999.0,1.4706666666666671e-05,1.4736153846153845e-05,-99999.0
18,1.455e-05,1553342400,1.467e-05,1.455e-05,1.46e-05,13882.95632831,0.20269685,1.46e-05,0.20786265000000004,0.3128778200000001,-99999.0,1.4656666666666671e-05,1.473e-05,-99999.0
19,1.463e-05,1553349600,1.472e-05,1.463e-05,1.464e-05,7751.37543486,0.11373428,1.467e-05,0.2049194,0.2575484546153847,-99999.0,1.4590000000000006e-05,1.472076923076923e-05,-99999.0
20,1.463e-05,1553356800,1.467e-05,1.463e-05,1.463e-05,73.81007574,0.00108024,1.463e-05,0.10583712333333332,0.2168351292307693,-99999.0,1.4603333333333338e-05,1.4711538461538463e-05,-99999.0
21,1.46e-05,1553364000,1.475e-05,1.45e-05,1.469e-05,15784.56430217,0.23134705,1.465e-05,0.11538718999999997,0.2192461800000001,-99999.0,1.4620000000000006e-05,1.4703076923076925e-05,-99999.0
22,1.449e-05,1553371200,1.463e-05,1.449e-05,1.456e-05,5259.72448092,0.07676705,1.459e-05,0.10306477999999997,0.204407836923077,-99999.0,1.4573333333333338e-05,1.4680769230769233e-05,-99999.0
23,1.46e-05,1553378400,1.461e-05,1.451e-05,1.458e-05,596.39152013,0.00870085,1.458e-05,0.10560498333333329,0.13167913615384624,-99999.0,1.4563333333333338e-05,1.4667692307692311e-05,-99999.0
24,1.448e-05,1553385600,1.454e-05,1.448e-05,1.453e-05,1815.56198074,0.02630958,1.449e-05,0.03725915999999996,0.1337029500000001,-99999.0,1.4523333333333339e-05,1.464538461538462e-05,-99999.0
25,1.448e-05,1553392800,1.451e-05,1.442e-05,1.448e-05,6218.14430535,0.08988028,1.445e-05,0.041630236666666626,0.09863917846153857,-99999.0,1.4520000000000005e-05,1.4620000000000004e-05,-99999.0
26,1.441e-05,1553400000,1.442e-05,1.441e-05,1.442e-05,1166.69913224,0.01681511,1.441e-05,0.044334989999999956,0.09198418307692317,-99999.0,1.4456666666666672e-05,1.4598461538461542e-05,-99999.0
27,1.441e-05,1553407200,1.442e-05,1.441e-05,1.442e-05,510.46023113,0.00735773,1.441e-05,0.03801770666666662,0.0925331400000001,-99999.0,1.4433333333333336e-05,1.456923076923077e-05,-99999.0
28,1.443e-05,1553414400,1.443e-05,1.443e-05,1.443e-05,7.0,0.00010101,1.443e-05,0.008091283333333288,0.09197547153846165,-99999.0,1.4416666666666669e-05,1.4548461538461541e-05,-99999.0
29,1.441e-05,1553421600,1.45e-05,1.441e-05,1.441e-05,1354.22672959,0.01951772,1.441e-05,0.008992153333333287,0.08404883230769243,-99999.0,1.4416666666666669e-05,1.4516153846153849e-05,-99999.0
30,1.438e-05,1553428800,1.449e-05,1.437e-05,1.449e-05,1701.03933946,0.02450792,1.44e-05,0.014708883333333285,0.06298582076923089,-99999.0,1.440666666666667e-05,1.4500000000000002e-05,-99999.0
31,1.438e-05,1553436000,1.447e-05,1.435e-05,1.447e-05,2391.66833088,0.03440596,1.438e-05,0.026143866666666623,0.050040367692307804,-99999.0,1.4390000000000003e-05,1.448692307692308e-05,-99999.0
32,1.443e-05,1553443200,1.443e-05,1.443e-05,1.443e-05,38.19182914,0.0005511,1.443e-05,0.019821659999999953,0.041333969230769346,-99999.0,1.439666666666667e-05,1.4471538461538466e-05,-99999.0
33,1.475e-05,1553450400,1.476e-05,1.446e-05,1.446e-05,21970.44905796,0.32166182,1.464e-05,0.11887295999999996,0.06599409076923089,0.18229616882352942,1.4520000000000003e-05,1.4480769230769235e-05,1.4596470588235294e-05
34,1.444e-05,1553457600,1.468e-05,1.436e-05,1.468e-05,6505.24000864,0.09427928,1.449e-05,0.13883073333333326,0.05545041615384627,0.18506908882352943,1.4540000000000005e-05,1.4468461538461542e-05,1.4594705882352942e-05
35,1.439e-05,1553464800,1.439e-05,1.437e-05,1.437e-05,1217.14860243,0.01750886,1.438e-05,0.14448331999999994,0.050892093846153966,0.1777519841176471,1.452666666666667e-05,1.4460769230769235e-05,1.4593235294117646e-05
36,1.426e-05,1553472000,1.439e-05,1.424e-05,1.439e-05,18612.93055837,0.26656832,1.432e-05,0.12611881999999996,0.07072805307692319,0.18551442617647063,1.4363333333333337e-05,1.4434615384615388e-05,1.4585294117647058e-05
37,1.424e-05,1553479200,1.425e-05,1.424e-05,1.425e-05,1211.0,0.01724522,1.424e-05,0.10044079999999996,0.07003079461538472,0.1860216385294118,1.4296666666666668e-05,1.4416153846153848e-05,1.4576764705882351e-05
38,1.403e-05,1553486400,1.423e-05,1.395e-05,1.423e-05,17763.95211815,0.25037423,1.409e-05,0.17806259,0.08237648307692319,0.18600430882352947,1.4176666666666668e-05,1.4381538461538463e-05,1.4558529411764707e-05
39,1.403e-05,1553493600,1.408e-05,1.403e-05,1.403e-05,410.47056248,0.00577087,1.405e-05,0.09113010666666664,0.08152692615384627,0.16740871000000007,1.4099999999999999e-05,1.4352307692307694e-05,1.4540882352941178e-05
40,1.412e-05,1553500800,1.412e-05,1.399e-05,1.4e-05,7948.96539467,0.11198472,1.408e-05,0.12270993999999996,0.08957515615384626,0.14620190676470593,1.406e-05,1.4330000000000003e-05,1.452235294117647e-05
41,1.421e-05,1553508000,1.422e-05,1.415e-05,1.415e-05,4497.88175071,0.06371879,1.416e-05,0.06049145999999996,0.09446883153846164,0.13247735735294125,1.412e-05,1.4313076923076924e-05,1.4506470588235292e-05
42,1.434e-05,1553515200,1.434e-05,1.413e-05,1.423e-05,5309.88325684,0.07583132,1.428e-05,0.0838449433333333,0.09880064692307702,0.1288252376470589,1.4223333333333335e-05,1.430769230769231e-05,1.4495588235294114e-05
43,1.474e-05,1553522400,1.504e-05,1.423e-05,1.434e-05,86390.29570584,1.27111375,1.471e-05,0.4702212866666666,0.1946934030769232,0.1582795976470589,1.443e-05,1.4335384615384618e-05,1.4494411764705876e-05
44,1.445e-05,1553529600,1.471e-05,1.415e-05,1.471e-05,26179.23496778,0.37442424,1.43e-05,0.57378977,0.2208486553846155,0.1412281352941177,1.451e-05,1.4340769230769233e-05,1.4484999999999994e-05
45,1.445e-05,1553536800,1.445e-05,1.445e-05,1.445e-05,0.0,0.0,1.445e-05,0.5485126633333333,0.22080626307692322,0.1412281352941177,1.4546666666666666e-05,1.4342307692307693e-05,1.4475588235294114e-05
46,1.445e-05,1553544000,1.445e-05,1.445e-05,1.445e-05,0.0,0.0,1.445e-05,0.12480807999999992,0.1960630461538463,0.1251778614705883,1.4449999999999999e-05,1.431923076923077e-05,1.4465e-05
47,1.446e-05,1553551200,1.447e-05,1.445e-05,1.445e-05,89.66353946,0.00129702,1.446e-05,0.0004323399999999015,0.18891056461538475,0.12217689000000004,1.4453333333333333e-05,1.432076923076923e-05,1.4458235294117645e-05
48,1.463e-05,1553558400,1.472e-05,1.452e-05,1.455e-05,9113.49111506,0.13268322,1.455e-05,0.0446600799999999,0.19777013076923092,0.12607282911764708,1.4513333333333334e-05,1.4339230769230769e-05,1.4453529411764704e-05
49,1.492e-05,1553565600,1.522e-05,1.463e-05,1.463e-05,74617.14569337,1.12093781,1.502e-05,0.41830601666666656,0.2634908607692309,0.15882539117647063,1.467e-05,1.4390000000000001e-05,1.4459999999999997e-05
50,1.511e-05,1553572800,1.513e-05,1.484e-05,1.5e-05,26072.7612771,0.39107492,1.499e-05,0.5482319833333332,0.2922469915384617,0.16672277029411767,1.4886666666666668e-05,1.4456923076923079e-05,1.4468235294117646e-05
51,1.554e-05,1553580000,1.591e-05,1.511e-05,1.514e-05,368429.30029203,5.7149804,1.551e-05,2.40899771,0.7126013123076924,0.32603610352941176,1.519e-05,1.4573076923076925e-05,1.4496176470588234e-05
52,1.537e-05,1553587200,1.554e-05,1.514e-05,1.554e-05,22948.82574173,0.34949672,1.522e-05,2.15185068,0.7390417623076924,0.33035374676470586,1.534e-05,1.4676153846153849e-05,1.4520294117647058e-05
53,1.501e-05,1553594400,1.587e-05,1.499e-05,1.537e-05,596295.03268406,9.03880432,1.515e-05,5.034427146666667,1.4257201930769234,0.5928558067647058,1.5306666666666664e-05,1.4744615384615387e-05,1.4531470588235294e-05
54,1.446e-05,1553601600,1.501e-05,1.426e-05,1.501e-05,932279.15939341,13.62363712,1.461e-05,7.670646053333333,2.468790833846154,0.9935192444117646,1.4946666666666665e-05,1.4763846153846157e-05,1.4526470588235295e-05
55,1.456e-05,1553608800,1.458e-05,1.442e-05,1.442e-05,10515.09300196,0.15284095,1.453e-05,7.60509413,2.474714651538462,0.9912102414705882,1.4676666666666666e-05,1.4780769230769233e-05,1.452529411764706e-05
56,1.463e-05,1553616000,1.463e-05,1.451e-05,1.458e-05,19135.81125647,0.27832353,1.454e-05,4.684933866666667,2.398346173076923,0.9971383732352941,1.455e-05,1.4772307692307695e-05,1.4529411764705882e-05
57,1.448e-05,1553623200,1.467e-05,1.448e-05,1.464e-05,34427.52476487,0.50311217,1.461e-05,0.31142555000000033,2.408245244615385,1.011679882647059,1.4556666666666667e-05,1.4774615384615388e-05,1.4525882352941174e-05
58,1.462e-05,1553630400,1.462e-05,1.449e-05,1.449e-05,15788.70850616,0.23082845,1.461e-05,0.33742138333333366,2.4260012792307695,1.0176951435294117,1.4576666666666667e-05,1.4787692307692311e-05,1.4529999999999998e-05
59,1.466e-05,1553637600,1.466e-05,1.456e-05,1.456e-05,452.72159695,0.00659722,1.457e-05,0.24684594666666695,2.426508757692308,1.0152456417647058,1.4586666666666667e-05,1.4803846153846157e-05,1.4535294117647059e-05
60,1.466e-05,1553644800,1.47e-05,1.466e-05,1.466e-05,8874.89925644,0.13044956,1.469e-05,0.12262507666666696,2.436443568461539,1.0185878314705883,1.4646666666666668e-05,1.4819230769230773e-05,1.454264705882353e-05
61,1.459e-05,1553652000,1.471e-05,1.455e-05,1.467e-05,7011.16189212,0.10249658,1.461e-05,0.07984778666666696,2.4341215192307697,1.0213860329411764,1.4636666666666668e-05,1.4816153846153851e-05,1.4547941176470589e-05
62,1.473e-05,1553659200,1.475e-05,1.467e-05,1.467e-05,5899.25769108,0.08674494,1.47e-05,0.10656369333333364,2.354568221538462,1.0239343838235293,1.4660000000000004e-05,1.4801538461538466e-05,1.4556764705882356e-05
63,1.47e-05,1553666400,1.473e-05,1.461e-05,1.473e-05,24509.52057867,0.35838778,1.462e-05,0.18254310000000032,2.3520538261538464,1.0339011502941176,1.4673333333333336e-05,1.4770000000000004e-05,1.4565294117647062e-05
64,1.481e-05,1553673600,1.485e-05,1.46e-05,1.47e-05,9324.17701044,0.1378787,1.478e-05,0.19433714000000032,1.9230460030769232,1.037235585,1.474666666666667e-05,1.4713846153846158e-05,1.4577941176470589e-05
65,1.488e-05,1553680800,1.498e-05,1.48e-05,1.485e-05,6638.62583074,0.09890447,1.489e-05,0.19839031666666698,1.9037696761538463,1.0391326,1.4796666666666672e-05,1.4676153846153849e-05,1.459264705882353e-05
66,1.486e-05,1553688000,1.504e-05,1.459e-05,1.496e-05,713890.22386773,10.49529037,1.47e-05,3.577357846666667,2.0158070646153847,1.3478014020588234,1.4850000000000007e-05,1.4664615384615387e-05,1.460529411764706e-05
67,1.489e-05,1553695200,1.499e-05,1.485e-05,1.49e-05,4602.16576469,0.0686991,1.492e-05,3.5542979800000007,0.973119524615385,1.3403613220588235,1.4876666666666673e-05,1.4697692307692309e-05,1.4609411764705884e-05
68,1.493e-05,1553702400,1.495e-05,1.484e-05,1.486e-05,39179.9636645,0.58395101,1.49e-05,3.7159801600000004,1.0062818369230773,1.3547634317647057,1.489333333333334e-05,1.4726153846153849e-05,1.4623823529411767e-05
69,1.487e-05,1553709600,1.492e-05,1.481e-05,1.492e-05,468.07645645,0.00693928,1.482e-05,0.21986313000000024,0.9854061253846157,1.3544525617647056,1.4896666666666674e-05,1.4744615384615385e-05,1.4637941176470593e-05
70,1.49e-05,1553716800,1.491e-05,1.48e-05,1.488e-05,16627.02200386,0.24616081,1.48e-05,0.27901703333333355,0.9656406361538464,1.3538523408823528,1.4900000000000005e-05,1.4776923076923077e-05,1.4656764705882359e-05
71,1.538e-05,1553724000,1.555e-05,1.491e-05,1.491e-05,78514.53594243,1.19968656,1.527e-05,0.48426221666666697,1.0401681830769234,1.3886300273529408,1.5050000000000005e-05,1.4835384615384617e-05,1.4690294117647063e-05
72,1.508e-05,1553731200,1.546e-05,1.505e-05,1.538e-05,6265.44934476,0.09542746,1.523e-05,0.513758276666667,1.0470012784615386,1.3840727694117645,1.5120000000000004e-05,1.4867692307692309e-05,1.472117647058824e-05
73,1.511e-05,1553738400,1.519e-05,1.506e-05,1.508e-05,375.90549134,0.00568911,1.513e-05,0.43360104333333355,1.037404320769231,1.3840703647058823,1.5190000000000004e-05,1.4902307692307694e-05,1.4752941176470596e-05
74,1.527e-05,1553745600,1.527e-05,1.507e-05,1.517e-05,1755.81381305,0.02672414,1.522e-05,0.042613570000000246,1.0315756715384619,1.3815627005882352,1.5153333333333338e-05,1.4954615384615386e-05,1.478676470588236e-05
75,1.538e-05,1553752800,1.551e-05,1.52e-05,1.52e-05,9631.79250263,0.14812705,1.537e-05,0.06018010000000026,1.0362973723076925,1.3840452964705878,1.5253333333333339e-05,1.5004615384615387e-05,1.4821176470588243e-05
76,1.548e-05,1553760000,1.58e-05,1.541e-05,1.541e-05,27002.43130744,0.42136215,1.56e-05,0.19873778000000022,1.0411415546153848,1.394207967941176,1.5376666666666675e-05,1.5064615384615389e-05,1.4854705882352951e-05
77,1.534e-05,1553767200,1.54e-05,1.526e-05,1.538e-05,9449.04282614,0.14487295,1.533e-05,0.2381207166666669,1.041679573846154,1.3610832385294116,1.5400000000000005e-05,1.5105384615384619e-05,1.487235294117648e-05
78,1.515e-05,1553774400,1.538e-05,1.504e-05,1.534e-05,57976.93162022,0.87444457,1.508e-05,0.48022655666666686,1.1013365046153847,1.375789718823529,1.532333333333334e-05,1.512615384615385e-05,1.4892941176470597e-05
79,1.515e-05,1553781600,1.527e-05,1.484e-05,1.518e-05,732593.29326461,10.96538657,1.496e-05,3.9949013633333337,1.137497750769231,1.6983010885294114,1.5213333333333337e-05,1.514846153846154e-05,1.4913529411764713e-05
80,1.526e-05,1553788800,1.526e-05,1.51e-05,1.516e-05,5597.29478376,0.08480736,1.515e-05,3.9748795,1.1387368476923077,1.7007954226470585,1.518666666666667e-05,1.5176923076923078e-05,1.4937352941176477e-05
81,1.531e-05,1553796000,1.531e-05,1.519e-05,1.527e-05,4113.24133817,0.06265907,1.523e-05,3.7042843333333337,1.0986374676923079,1.7026001888235291,1.5240000000000003e-05,1.5206153846153847e-05,1.4962352941176478e-05
82,1.55e-05,1553803200,1.55e-05,1.532e-05,1.533e-05,32474.86884477,0.50029237,1.54e-05,0.21591960000000063,1.1365877053846156,1.7134122226470585,1.535666666666667e-05,1.5254615384615387e-05,1.4987941176470597e-05
83,1.588e-05,1553810400,1.59e-05,1.55e-05,1.55e-05,73553.99124467,1.15603473,1.571e-05,0.5729953900000005,1.2065780069230772,1.7144444849999996,1.5563333333333337e-05,1.533e-05,1.5016176470588246e-05
84,1.562e-05,1553817600,1.586e-05,1.559e-05,1.581e-05,9108.91959995,0.14310776,1.571e-05,0.5998116200000005,1.125302714615385,1.7071513332352937,1.5666666666666674e-05,1.534846153846154e-05,1.5031176470588246e-05
85,1.609e-05,1553824800,1.609e-05,1.562e-05,1.562e-05,70030.90899263,1.1196888,1.598e-05,0.8062770966666672,1.2040920484615387,1.571995697941176,1.586333333333334e-05,1.5426153846153845e-05,1.5047352941176481e-05
86,1.722e-05,1553832000,1.816e-05,1.607e-05,1.609e-05,594401.32386531,10.1914393,1.714e-05,3.818078620000001,1.987611293846154,1.8614645973529407,1.6310000000000008e-05,1.5588461538461536e-05,1.5101764705882362e-05
87,1.593e-05,1553839200,1.735e-05,1.569e-05,1.726e-05,128211.89034973,2.09070588,1.63e-05,4.467277993333334,2.1463791200000006,1.6571087608823527,1.641333333333334e-05,1.5639230769230765e-05,1.5128823529411775e-05
88,1.592e-05,1553846400,1.605e-05,1.56e-05,1.593e-05,60309.23410758,0.95603325,1.585e-05,4.412726143333335,2.2085257507692315,1.284532176470588,1.6356666666666672e-05,1.5680769230769226e-05,1.5171764705882365e-05
89,1.561e-05,1553853600,1.608e-05,1.561e-05,1.6e-05,13258.55657229,0.21061259,1.588e-05,1.0857839066666675,2.1923142461538467,1.2862313423529408,1.5820000000000004e-05,1.5690769230769225e-05,1.5202647058823539e-05
90,1.544e-05,1553860800,1.568e-05,1.537e-05,1.56e-05,68373.93867911,1.06140636,1.552e-05,0.7426840666666678,2.2628168161538467,1.3092631902941172,1.565666666666667e-05,1.5698461538461534e-05,1.5226470588235305e-05
91,1.579e-05,1553868000,1.58e-05,1.549e-05,1.549e-05,25016.16192309,0.39278287,1.57e-05,0.5549339400000011,2.2257659161538466,1.3060182108823524,1.5613333333333335e-05,1.5747692307692304e-05,1.526500000000001e-05
92,1.567e-05,1553875200,1.579e-05,1.567e-05,1.578e-05,22576.23258564,0.35590311,1.576e-05,0.6033641133333344,1.4096518038461545,1.3096968773529407,1.5633333333333335e-05,1.5787692307692304e-05,1.5295882352941188e-05
93,1.594e-05,1553882400,1.594e-05,1.564e-05,1.566e-05,16998.67883003,0.26836083,1.578e-05,0.3390156033333343,1.423771301538462,1.317395807058823,1.5800000000000005e-05,1.5839999999999997e-05,1.5333529411764716e-05
94,1.664e-05,1553889600,1.705e-05,1.596e-05,1.596e-05,116205.30209701,1.93052084,1.661e-05,0.8515949266666677,1.5674529761538467,1.3703390799999993,1.608333333333334e-05,1.594230769230769e-05,1.5391764705882363e-05
95,1.625e-05,1553896800,1.673e-05,1.606e-05,1.673e-05,45190.25583632,0.73499938,1.626e-05,0.977960350000001,1.5855073615384623,1.388942103529411,1.6276666666666673e-05,1.5999999999999996e-05,1.5440588235294128e-05
96,1.563e-05,1553904000,1.624e-05,1.563e-05,1.624e-05,62766.3005939,0.99034121,1.577e-05,1.2186204766666677,1.572761706153847,1.4155184644117638,1.617333333333334e-05,1.598076923076923e-05,1.546705882352942e-05
97,1.538e-05,1553911200,1.571e-05,1.534e-05,1.566e-05,58558.90880977,0.90833777,1.551e-05,0.8778927866666679,1.631625553076924,1.4316934641176462,1.5753333333333334e-05,1.5962307692307692e-05,1.5487058823529417e-05
98,1.558e-05,1553918400,1.559e-05,1.53e-05,1.538e-05,41173.88025258,0.63549824,1.543e-05,0.8447257400000012,1.5943801253846164,1.4463293329411755,1.553e-05,1.5923076923076924e-05,1.550970588235295e-05
99,1.56e-05,1553925600,1.563e-05,1.558e-05,1.558e-05,12193.40480685,0.19054472,1.562e-05,0.5781269100000013,0.8250805423076931,1.4490246344117637,1.552e-05,1.579846153846154e-05,1.5530882352941185e-05
100,1.539e-05,1553932800,1.565e-05,1.537e-05,1.563e-05,10185.13356038,0.15829893,1.554e-05,0.3281139633333346,0.6764338538461547,1.1449954744117636,1.5523333333333334e-05,1.5756923076923078e-05,1.5546470588235304e-05
101,1.531e-05,1553940000,1.544e-05,1.529e-05,1.539e-05,6138.89706505,0.09434295,1.536e-05,0.14772886666666793,0.6101499846153855,1.1457497052941166,1.5433333333333334e-05,1.571e-05,1.5558823529411774e-05
102,1.54e-05,1553947200,1.542e-05,1.533e-05,1.541e-05,1693.02414326,0.02607187,1.539e-05,0.09290458333333458,0.5959545446153854,1.1293414952941165,1.536666666666667e-05,1.5693846153846155e-05,1.5572647058823537e-05
103,1.53e-05,1553954400,1.552e-05,1.53e-05,1.541e-05,21589.58899657,0.33361335,1.545e-05,0.15134272333333457,0.5399704669230778,1.1389495561764695,1.533666666666667e-05,1.5683076923076923e-05,1.5585294117647067e-05
104,1.532e-05,1553961600,1.535e-05,1.532e-05,1.535e-05,1050.06707163,0.01609986,1.533e-05,0.12526169333333456,0.5109948507692317,1.1321830576470577,1.534e-05,1.5646923076923077e-05,1.5597647058823538e-05
105,1.588e-05,1553968800,1.631e-05,1.53e-05,1.53e-05,195942.09847612,3.15857581,1.611e-05,1.1694296733333345,0.7265850584615394,1.1897974473529402,1.55e-05,1.5663076923076923e-05,1.561235294117648e-05
106,1.581e-05,1553976000,1.597e-05,1.581e-05,1.587e-05,411.00721268,0.00654222,1.591e-05,1.0604059633333345,0.7064451653846162,1.1871831755882343,1.5669999999999997e-05,1.5653076923076925e-05,1.5633823529411773e-05
107,1.579e-05,1553983200,1.584e-05,1.563e-05,1.58e-05,258805.71680625,4.06291491,1.569e-05,2.4093443133333348,0.8704754784615394,1.3065133461764695,1.5826666666666665e-05,1.558769230769231e-05,1.5653823529411772e-05
108,1.58e-05,1553990400,1.58e-05,1.574e-05,1.576e-05,1731.476167,0.0273376,1.578e-05,1.365598243333335,0.8160399569230777,1.3065313891176462,1.58e-05,1.5553076923076925e-05,1.566941176470589e-05
109,1.464e-05,1553997600,1.58e-05,1.437e-05,1.58e-05,2166581.0659163,31.91822924,1.473e-05,12.002827250000001,3.195108266923078,2.240946159411764,1.541e-05,1.547692307692308e-05,1.564764705882354e-05
110,1.491e-05,1554004800,1.491e-05,1.457e-05,1.464e-05,304499.3230087,4.4900524,1.474e-05,12.145206413333332,3.4706247769230774,2.3606135197058817,1.5116666666666669e-05,1.5440769230769232e-05,1.5630882352941188e-05
111,1.499e-05,1554012000,1.5e-05,1.482e-05,1.487e-05,185755.02720354,2.76988452,1.491e-05,13.059388719999996,3.6348083369230775,2.43781974235294,1.4846666666666668e-05,1.5395384615384616e-05,1.562058823529413e-05
112,1.503e-05,1554019200,1.503e-05,1.48e-05,1.498e-05,41419.75682132,0.61623148,1.487e-05,2.6253894666666646,3.6675534723076932,2.4302252397058814,1.4976666666666667e-05,1.5351538461538462e-05,1.561705882352942e-05
113,1.491e-05,1554026400,1.505e-05,1.49e-05,1.504e-05,22916.6214053,0.34287457,1.496e-05,1.2429968566666645,3.681751598461539,2.11779841617647,1.4976666666666667e-05,1.5314615384615386e-05,1.561000000000001e-05
114,1.512e-05,1554033600,1.517e-05,1.491e-05,1.491e-05,4093.54777295,0.06167749,1.506e-05,0.3402611799999978,3.679238870769232,2.117118125882352,1.5019999999999997e-05,1.53e-05,1.5605882352941187e-05
115,1.523e-05,1554040800,1.524e-05,1.495e-05,1.512e-05,10721.79613576,0.16282586,1.518e-05,0.18912597333333106,3.689758408461539,2.1200642079411756,1.5086666666666666e-05,1.5286923076923077e-05,1.5603529411764715e-05
116,1.529e-05,1554048000,1.539e-05,1.513e-05,1.517e-05,26280.50227588,0.40185768,1.529e-05,0.20878700999999775,3.695007972307693,2.117169069999999,1.5213333333333332e-05,1.5286153846153847e-05,1.559735294117648e-05
117,1.543e-05,1554055200,1.543e-05,1.525e-05,1.537e-05,18569.82730322,0.28435586,1.531e-05,0.28301313333333106,3.71564304923077,2.09153145617647,1.5316666666666665e-05,1.5294615384615386e-05,1.558411764705883e-05
118,1.544e-05,1554062400,1.544e-05,1.542e-05,1.542e-05,2390.46258812,0.03690809,1.543e-05,0.24104054333333105,3.4755147630769234,2.0884079364705874,1.538666666666667e-05,1.5260769230769234e-05,1.557882352941177e-05
119,1.544e-05,1554069600,1.55e-05,1.535e-05,1.542e-05,5981.67037359,0.09250498,1.546e-05,0.1379229766666644,3.4821272830769234,2.058196647647058,1.543666666666667e-05,1.5232307692307694e-05,1.555970588235295e-05
120,1.535e-05,1554076800,1.548e-05,1.535e-05,1.548e-05,8028.57812128,0.12372316,1.541e-05,0.08437874333333102,3.179112533076923,1.7620873494117637,1.541e-05,1.519846153846154e-05,1.5504705882352952e-05
121,1.537e-05,1554084000,1.542e-05,1.528e-05,1.535e-05,2508.42889931,0.03845339,1.532e-05,0.08489384333333101,3.1799675938461536,1.7017269820588226,1.538666666666667e-05,1.5165384615384617e-05,1.5488235294117657e-05
122,1.527e-05,1554091200,1.529e-05,1.527e-05,1.529e-05,1285.25687248,0.01963859,1.527e-05,0.06060504666666435,0.7262298515384615,1.6741859626470579,1.5330000000000004e-05,1.5213846153846156e-05,1.5469117647058833e-05
123,1.523e-05,1554098400,1.528e-05,1.52e-05,1.527e-05,3083.56830169,0.04695509,1.522e-05,0.035015689999997685,0.38445313538461545,1.669372506764705,1.5290000000000004e-05,1.523846153846154e-05,1.5457941176470596e-05
124,1.527e-05,1554105600,1.527e-05,1.519e-05,1.52e-05,7449.55643742,0.11370585,1.526e-05,0.060099843333331016,0.18013169923076924,1.6414989623529403,1.5256666666666672e-05,1.5260000000000003e-05,1.5452941176470595e-05
125,1.523e-05,1554112800,1.528e-05,1.509e-05,1.527e-05,19785.88389416,0.29947293,1.513e-05,0.15337795666666434,0.15576565692307692,1.6387545523529405,1.5243333333333339e-05,1.5275384615384617e-05,1.54364705882353e-05
126,1.517e-05,1554120000,1.523e-05,1.517e-05,1.523e-05,1496.99,0.02274197,1.519e-05,0.14530691666666437,0.13114007230769228,1.6289556952941169,1.5223333333333339e-05,1.5295384615384617e-05,1.5421764705882357e-05
127,1.534e-05,1554127200,1.54e-05,1.525e-05,1.525e-05,19208.55688964,0.29402061,1.53e-05,0.20541183666666438,0.14901261999999998,1.6297103947058815,1.5246666666666671e-05,1.5312307692307693e-05,1.540411764705883e-05
128,1.52e-05,1554134400,1.536e-05,1.517e-05,1.527e-05,35361.56751061,0.53876,1.523e-05,0.285174193333331,0.17793063076923074,1.5887762523529405,1.523666666666667e-05,1.531e-05,1.536176470588236e-05
129,1.529e-05,1554141600,1.529e-05,1.519e-05,1.52e-05,3647.70356195,0.05544055,1.519e-05,0.2960737199999977,0.15128315923076924,1.568789227941176,1.527666666666667e-05,1.531e-05,1.5333529411764716e-05
130,1.529e-05,1554148800,1.531e-05,1.521e-05,1.521e-05,5674.66389398,0.08632589,1.521e-05,0.22684214666666436,0.1360500846153846,1.542200542058823,1.5260000000000003e-05,1.5299230769230772e-05,1.5323529411764717e-05
131,1.523e-05,1554156000,1.523e-05,1.522e-05,1.523e-05,1880.23358352,0.0286215,1.522e-05,0.05679597999999767,0.1354126546153846,1.5163265341176464,1.5270000000000005e-05,1.5283076923076923e-05,1.5319117647058836e-05
132,1.534e-05,1554163200,1.542e-05,1.524e-05,1.529e-05,5571.57845152,0.08561581,1.536e-05,0.06685439999999768,0.13488271846153846,1.5001535214705877,1.528666666666667e-05,1.5275384615384617e-05,1.5312058823529427e-05
133,1.522e-05,1554170400,1.535e-05,1.522e-05,1.534e-05,7454.02211076,0.11388735,1.527e-05,0.076041553333331,0.13412611769230767,1.4978988929411758,1.5263333333333337e-05,1.5265384615384616e-05,1.530088235294119e-05
134,1.342e-05,1554177600,1.521e-05,1.255e-05,1.521e-05,307724.07432694,4.1686644,1.354e-05,1.456055853333331,0.45183465692307695,1.6158508185294111,1.4660000000000004e-05,1.5115384615384616e-05,1.52429411764706e-05
135,1.394e-05,1554184800,1.404e-05,1.341e-05,1.342e-05,91755.53434306,1.26478803,1.378e-05,1.8491132599999975,0.5476153830769231,1.6502756738235287,1.4193333333333337e-05,1.5013076923076922e-05,1.5202647058823542e-05
136,1.371e-05,1554192000,1.407e-05,1.362e-05,1.4e-05,18140.81764761,0.25114489,1.384e-05,1.894865773333331,0.5633222907692308,1.656895468529411,1.3690000000000001e-05,1.4896153846153845e-05,1.51529411764706e-05
137,1.375e-05,1554199200,1.381e-05,1.363e-05,1.363e-05,7964.09419312,0.1095106,1.375e-05,0.5418145066666643,0.5629995792307694,1.6503042111764699,1.3800000000000002e-05,1.4779230769230768e-05,1.5107352941176481e-05
138,1.373e-05,1554206400,1.382e-05,1.363e-05,1.374e-05,24174.30729519,0.33122067,1.37e-05,0.23062538666666432,0.5654417130769231,1.659572470294117,1.373e-05,1.4663846153846153e-05,1.5060588235294128e-05
139,1.364e-05,1554213600,1.378e-05,1.363e-05,1.376e-05,8008.53945285,0.10997783,1.373e-05,0.1835696999999977,0.572152163846154,1.5699078238235287,1.3706666666666667e-05,1.4546153846153845e-05,1.4994705882352952e-05
140,1.391e-05,1554220800,1.396e-05,1.372e-05,1.374e-05,62007.13668539,0.86450994,1.394e-05,0.4352361466666644,0.6160359584615385,1.595142168529411,1.3759999999999999e-05,1.4436153846153846e-05,1.4938823529411775e-05
141,1.393e-05,1554228000,1.394e-05,1.384e-05,1.385e-05,12018.54284307,0.16713374,1.39e-05,0.38054050333333106,0.5874493230769231,1.480560369411764,1.3826666666666666e-05,1.4338461538461538e-05,1.4884117647058833e-05
142,1.385e-05,1554235200,1.393e-05,1.374e-05,1.393e-05,26411.32859949,0.3656604,1.384e-05,0.46576802666666434,0.6113123884615385,1.4905110399999992,1.3896666666666665e-05,1.4227692307692308e-05,1.4826764705882365e-05
143,1.387e-05,1554242400,1.41e-05,1.386e-05,1.386e-05,31396.03886212,0.43817129,1.395e-05,0.323655143333331,0.6383774192307693,0.564626982647058,1.3883333333333331e-05,1.411846153846154e-05,1.4804117647058837e-05
144,1.367e-05,1554249600,1.388e-05,1.354e-05,1.388e-05,102691.24935979,1.39842484,1.361e-05,0.7340855099999977,0.743746906923077,0.47369676029411684,1.3796666666666664e-05,1.399846153846154e-05,1.4767647058823542e-05
145,1.371e-05,1554256800,1.372e-05,1.359e-05,1.371e-05,723.35109811,0.00989832,1.368e-05,0.6154981499999977,0.7379224846153847,0.39252069558823455,1.375e-05,1.3873076923076925e-05,1.4730000000000013e-05
146,1.392e-05,1554264000,1.392e-05,1.358e-05,1.374e-05,46708.56825246,0.64354616,1.377e-05,0.6839564399999977,0.77866547,0.393324068529411,1.3766666666666666e-05,1.3773076923076924e-05,1.4697352941176483e-05
147,1.447e-05,1554271200,1.465e-05,1.388e-05,1.391e-05,91367.9003225,1.31047291,1.434e-05,0.6546391299999977,0.5588045861538461,0.42178284323529336,1.4033333333333335e-05,1.3853846153846156e-05,1.4684411764705895e-05
148,1.446e-05,1554278400,1.481e-05,1.431e-05,1.447e-05,48596.84681992,0.70724547,1.455e-05,0.8870881799999978,0.5159166969230768,0.44077013676470517,1.4283333333333338e-05,1.3893846153846155e-05,1.4665000000000013e-05
149,1.432e-05,1554285600,1.446e-05,1.431e-05,1.446e-05,38019.83899371,0.54505273,1.433e-05,0.8542570366666644,0.5385249923076922,0.45201210352941107,1.4416666666666669e-05,1.3940769230769233e-05,1.463823529411766e-05
150,1.449e-05,1554292800,1.454e-05,1.438e-05,1.44e-05,10122.84285365,0.14593253,1.441e-05,0.46607690999999773,0.5413266792307692,0.4444848932352934,1.4423333333333335e-05,1.3997692307692309e-05,1.4614705882352954e-05
151,1.456e-05,1554300000,1.459e-05,1.45e-05,1.451e-05,25512.37763212,0.37150214,1.456e-05,0.35416246666666434,0.5444252538461538,0.4470480191176463,1.4456666666666668e-05,1.4061538461538463e-05,1.4589117647058838e-05
152,1.403e-05,1554307200,1.461e-05,1.379e-05,1.461e-05,65991.27080528,0.9353399,1.417e-05,0.48425818999999776,0.6079146438461538,0.4734724841176463,1.4360000000000003e-05,1.4091538461538462e-05,1.4547647058823544e-05
153,1.321e-05,1554314400,1.399e-05,1.308e-05,1.399e-05,560270.28897625,7.50948,1.34e-05,2.9387740133333313,1.119066186923077,0.6916188082352933,1.3933333333333336e-05,1.4037692307692307e-05,1.4482058823529428e-05
154,1.291e-05,1554321600,1.328e-05,1.261e-05,1.32e-05,167001.95928822,2.15961863,1.293e-05,3.5348128433333312,1.2723342553846153,0.7514980867647051,1.3383333333333338e-05,1.395923076923077e-05,1.4410294117647073e-05
155,1.288e-05,1554328800,1.302e-05,1.269e-05,1.291e-05,35703.00727311,0.45898925,1.285e-05,3.3760292933333313,1.2795133976923077,0.7638667885294109,1.3000000000000004e-05,1.3884615384615385e-05,1.4337058823529428e-05
156,1.298e-05,1554336000,1.298e-05,1.277e-05,1.287e-05,20955.11855782,0.2690458,1.283e-05,0.9625512266666648,1.2665037446153846,0.7712022947058815,1.2923333333333337e-05,1.3816153846153845e-05,1.4269705882352958e-05
157,1.287e-05,1554343200,1.291e-05,1.279e-05,1.287e-05,2844.12743882,0.03646716,1.282e-05,0.254834069999998,1.1617377692307693,0.7708938261764697,1.2910000000000005e-05,1.3754615384615384e-05,1.4200294117647073e-05
158,1.293e-05,1554350400,1.294e-05,1.286e-05,1.288e-05,14532.30328276,0.18783829,1.292e-05,0.16445041666666468,1.1754254592307694,0.7730741920588227,1.2926666666666673e-05,1.3694615384615385e-05,1.4131470588235308e-05
159,1.321e-05,1554357600,1.328e-05,1.285e-05,1.287e-05,35315.14782519,0.46161928,1.307e-05,0.22864157666666465,1.161431083846154,0.7778432023529404,1.300333333333334e-05,1.364e-05,1.4072058823529427e-05
160,1.363e-05,1554364800,1.375e-05,1.322e-05,1.322e-05,149453.87872516,2.02152231,1.352e-05,0.8903266266666646,1.216127191538462,0.8366308594117638,1.3256666666666673e-05,1.3575384615384615e-05,1.4026764705882368e-05
161,1.363e-05,1554372000,1.373e-05,1.34e-05,1.36e-05,34819.69172109,0.47326423,1.359e-05,0.9854686066666645,1.198128634615385,0.8419027305882345,1.3490000000000008e-05,1.3511538461538461e-05,1.3976470588235312e-05
162,1.375e-05,1554379200,1.375e-05,1.362e-05,1.363e-05,26836.48461273,0.36830185,1.372e-05,0.9543627966666645,1.1845324130769233,0.8368892555882346,1.367000000000001e-05,1.3467692307692307e-05,1.3933823529411782e-05
163,1.377e-05,1554386400,1.383e-05,1.371e-05,1.375e-05,68097.13606794,0.93649283,1.375e-05,0.5926863033333313,1.245344743846154,0.8628025579411757,1.3716666666666675e-05,1.3412307692307691e-05,1.3889117647058842e-05
164,1.37e-05,1554393600,1.382e-05,1.37e-05,1.372e-05,9210.68780722,0.12670847,1.375e-05,0.4771677166666646,1.2265144615384618,0.8639902808823522,1.3740000000000009e-05,1.3346153846153845e-05,1.3842352941176489e-05
165,1.376e-05,1554400800,1.376e-05,1.365e-05,1.372e-05,8369.03621659,0.11437273,1.366e-05,0.3925246766666646,1.1633631407692309,0.8665123758823521,1.3743333333333343e-05,1.3325384615384614e-05,1.3799117647058842e-05
166,1.378e-05,1554408000,1.379e-05,1.369e-05,1.369e-05,9291.52881968,0.12772825,1.374e-05,0.12293648333333118,0.5955360830769233,0.8677509770588228,1.3746666666666677e-05,1.3369230769230768e-05,1.3753235294117667e-05
167,1.378e-05,1554415200,1.378e-05,1.369e-05,1.371e-05,738.01948506,0.01013653,1.373e-05,0.08407916999999783,0.4301913061538463,0.8646994823529405,1.3773333333333344e-05,1.3436153846153844e-05,1.3710882352941197e-05
168,1.374e-05,1554422400,1.379e-05,1.371e-05,1.378e-05,376.88927858,0.00517253,1.372e-05,0.04767910333333117,0.39528232769230787,0.7422438391176462,1.3766666666666677e-05,1.350230769230769e-05,1.372029411764708e-05
169,1.363e-05,1554429600,1.382e-05,1.362e-05,1.374e-05,10060.50015262,0.13825398,1.374e-05,0.05118767999999785,0.3852214184615387,0.7091104847058816,1.3716666666666677e-05,1.3552307692307688e-05,1.3711176470588256e-05
170,1.37e-05,1554436800,1.374e-05,1.37e-05,1.37e-05,326.25317784,0.00447008,1.37e-05,0.049298863333331173,0.3827601046153848,0.7018553432352934,1.3690000000000011e-05,1.3616153846153844e-05,1.3710882352941197e-05
171,1.365e-05,1554444000,1.376e-05,1.365e-05,1.376e-05,170.83169529,0.00234881,1.374e-05,0.04835762333333118,0.36849168307692326,0.6987035258823522,1.366000000000001e-05,1.367153846153846e-05,1.3707941176470609e-05
172,1.36e-05,1554451200,1.369e-05,1.357e-05,1.363e-05,6514.0255393,0.08855079,1.359e-05,0.031789893333331175,0.3397941069230771,0.6915661764705875,1.3650000000000012e-05,1.370153846153846e-05,1.3704117647058846e-05
173,1.363e-05,1554458400,1.37e-05,1.363e-05,1.369e-05,11949.39629144,0.16351847,1.368e-05,0.08480602333333119,0.1968707346153848,0.6931409011764699,1.3626666666666678e-05,1.370153846153846e-05,1.3703823529411786e-05
174,1.363e-05,1554465600,1.363e-05,1.363e-05,1.363e-05,2059.02387816,0.02806449,1.363e-05,0.09337791666666452,0.16262460076923096,0.6685395644117639,1.362000000000001e-05,1.370153846153846e-05,1.3695588235294139e-05
175,1.354e-05,1554472800,1.363e-05,1.352e-05,1.363e-05,10867.72589186,0.14748214,1.357e-05,0.11302169999999785,0.14563846923076945,0.6679615761764698,1.3600000000000012e-05,1.3685384615384614e-05,1.3684117647058844e-05
176,1.348e-05,1554480000,1.36e-05,1.342e-05,1.351e-05,19589.87912637,0.26396773,1.347e-05,0.14650478666666455,0.09390576923076945,0.6649706152941169,1.3550000000000013e-05,1.3663076923076923e-05,1.3673235294117668e-05
177,1.362e-05,1554487200,1.363e-05,1.351e-05,1.351e-05,1012.04663178,0.01374732,1.358e-05,0.14173239666666457,0.08521645000000021,0.6524875573529405,1.3546666666666682e-05,1.3656923076923076e-05,1.3665882352941199e-05
178,1.363e-05,1554494400,1.363e-05,1.36e-05,1.36e-05,241.1345106,0.00328225,1.361e-05,0.09366576666666455,0.07667102846153867,0.6114539517647052,1.3576666666666682e-05,1.3646923076923074e-05,1.3664705882352963e-05
179,1.354e-05,1554501600,1.363e-05,1.351e-05,1.363e-05,9026.89260162,0.12214019,1.353e-05,0.046389919999997885,0.0762411776923079,0.6147551832352933,1.3596666666666683e-05,1.3628461538461538e-05,1.3659705882352962e-05
180,1.356e-05,1554508800,1.368e-05,1.356e-05,1.362e-05,25109.07733025,0.34326493,1.367e-05,0.15622912333333122,0.10186643923076945,0.6059233823529404,1.3576666666666682e-05,1.361153846153846e-05,1.3649117647058846e-05
181,1.355e-05,1554516000,1.362e-05,1.351e-05,1.356e-05,840.24237887,0.01135974,1.351e-05,0.1589216199999979,0.10234237846153868,0.5677141714705874,1.3550000000000013e-05,1.3596923076923075e-05,1.3622058823529433e-05
182,1.355e-05,1554523200,1.355e-05,1.355e-05,1.355e-05,0.0,0.0,1.355e-05,0.11820822333333124,0.09170745692307714,0.5469128341176462,1.3553333333333346e-05,1.3590769230769231e-05,1.359529411764708e-05
183,1.358e-05,1554530400,1.364e-05,1.358e-05,1.361e-05,409.27225261,0.00557918,1.363e-05,0.005646306666664565,0.09179277230769253,0.5310459649999993,1.3560000000000014e-05,1.358153846153846e-05,1.3573529411764726e-05
184,1.364e-05,1554537600,1.371e-05,1.364e-05,1.364e-05,5114.73022556,0.06998544,1.368e-05,0.025188206666664565,0.09699559000000021,0.5288122270588228,1.3590000000000016e-05,1.358076923076923e-05,1.3548529411764727e-05
185,1.374e-05,1554544800,1.374e-05,1.363e-05,1.364e-05,4009.34299041,0.05487805,1.368e-05,0.043480889999997906,0.09440537923076944,0.5194997538235286,1.3653333333333347e-05,1.3591538461538459e-05,1.3524411764705902e-05
186,1.366e-05,1554552000,1.375e-05,1.366e-05,1.37e-05,4373.15562575,0.06010402,1.374e-05,0.061655836666664576,0.08645042153846175,0.49375752205882284,1.3680000000000013e-05,1.3593846153846151e-05,1.3513529411764726e-05
187,1.352e-05,1554559200,1.374e-05,1.344e-05,1.366e-05,75834.10752869,1.0273685,1.354e-05,0.3807835233333312,0.16331996076923097,0.3031071838235288,1.3640000000000013e-05,1.3585384615384613e-05,1.352264705882355e-05
188,1.303e-05,1554566400,1.345e-05,1.234e-05,1.345e-05,130643.74661975,1.67791875,1.284e-05,0.9217970899999978,0.28104585384615405,0.288939540294117,1.3403333333333348e-05,1.3546153846153845e-05,1.3526176470588255e-05
189,1.296e-05,1554573600,1.304e-05,1.296e-05,1.298e-05,7403.7522621,0.09595579,1.296e-05,0.9337476799999979,0.26812185846153863,0.2782620855882346,1.3170000000000013e-05,1.3506153846153847e-05,1.3528529411764725e-05
190,1.295e-05,1554580800,1.311e-05,1.293e-05,1.304e-05,2728.1275769,0.03543995,1.299e-05,0.6031048299999979,0.2697905223076925,0.27139132529411697,1.2980000000000013e-05,1.3454615384615384e-05,1.3527647058823549e-05
191,1.295e-05,1554588000,1.31e-05,1.286e-05,1.303e-05,18048.45153178,0.23557085,1.305e-05,0.12232219666666462,0.2876588761538464,0.2772473161764699,1.2953333333333344e-05,1.3402307692307691e-05,1.3530000000000021e-05
192,1.295e-05,1554595200,1.301e-05,1.295e-05,1.299e-05,5401.89320194,0.07023603,1.3e-05,0.1137489433333313,0.2836662484615387,0.2737884261764699,1.2950000000000012e-05,1.3356923076923074e-05,1.353058823529414e-05
193,1.291e-05,1554602400,1.292e-05,1.291e-05,1.292e-05,53.46240863,0.00069063,1.291e-05,0.10216583666666464,0.25731437923076944,0.2602317011764699,1.2936666666666676e-05,1.3306923076923076e-05,1.3521764705882375e-05
194,1.29e-05,1554609600,1.29e-05,1.286e-05,1.286e-05,1539.77508423,0.01984833,1.289e-05,0.030258329999997984,0.2579673476923079,0.20135893705882282,1.292000000000001e-05,1.3256923076923075e-05,1.3500294117647081e-05
195,1.318e-05,1554616800,1.32e-05,1.286e-05,1.294e-05,20018.96793083,0.26224703,1.309e-05,0.09426199666666464,0.27814019615384633,0.19515254882352873,1.2996666666666677e-05,1.3228461538461535e-05,1.3487058823529435e-05
196,1.307e-05,1554624000,1.321e-05,1.298e-05,1.318e-05,22235.84841412,0.29101884,1.308e-05,0.19103806666666465,0.3000970930769233,0.1928795191176464,1.305000000000001e-05,1.3189230769230768e-05,1.3467058823529435e-05
197,1.296e-05,1554631200,1.308e-05,1.296e-05,1.301e-05,3546.90065664,0.04608806,1.299e-05,0.19978464333333132,0.2982588330769233,0.16669114352941108,1.3070000000000009e-05,1.3136923076923076e-05,1.344323529411767e-05
198,1.299e-05,1554638400,1.31e-05,1.299e-05,1.306e-05,2305.11871444,0.03012642,1.306e-05,0.12241110666666465,0.2963548615384618,0.16385049499999935,1.3006666666666674e-05,1.307923076923077e-05,1.3422352941176493e-05
199,1.302e-05,1554645600,1.302e-05,1.295e-05,1.298e-05,5764.21512303,0.07497446,1.3e-05,0.05039631333333131,0.2974987415384618,0.1626917223529405,1.2990000000000008e-05,1.303e-05,1.340058823529414e-05
200,1.31e-05,1554652800,1.31e-05,1.283e-05,1.294e-05,43632.30452719,0.56247474,1.289e-05,0.22252520666666464,0.26173768307692336,0.17547838382352876,1.3036666666666675e-05,1.2997692307692308e-05,1.3380588235294139e-05
201,1.31e-05,1554660000,1.343e-05,1.307e-05,1.311e-05,43663.07070859,0.58085226,1.33e-05,0.40610048666666465,0.17734795307692333,0.19226414058823466,1.3073333333333341e-05,1.3003076923076923e-05,1.336058823529414e-05
202,1.31e-05,1554667200,1.32e-05,1.305e-05,1.307e-05,50709.38985163,0.66557857,1.312e-05,0.6029685233333314,0.22116509000000026,0.21168784764705817,1.3100000000000007e-05,1.3013846153846152e-05,1.3341764705882374e-05
203,1.284e-05,1554674400,1.307e-05,1.28e-05,1.307e-05,22506.60550454,0.29260453,1.3e-05,0.5130117866666648,0.24094698076923107,0.21622756970588172,1.301333333333334e-05,1.3005384615384614e-05,1.3318529411764727e-05
204,1.237e-05,1554681600,1.288e-05,1.217e-05,1.282e-05,91609.77749022,1.14104165,1.245e-05,0.6997415833333315,0.310598580769231,0.249656145294117,1.2770000000000006e-05,1.2960769230769229e-05,1.3279411764705904e-05
205,1.238e-05,1554688800,1.246e-05,1.231e-05,1.237e-05,72618.38858865,0.90015613,1.239e-05,0.7779341033333315,0.3744385884615387,0.27606224294117576,1.2530000000000005e-05,1.2916923076923075e-05,1.3242058823529433e-05
206,1.241e-05,1554696000,1.249e-05,1.236e-05,1.238e-05,12014.61885349,0.14923941,1.242e-05,0.7301457299999982,0.3858654176923079,0.2778472023529405,1.2386666666666673e-05,1.2878461538461535e-05,1.3207058823529434e-05
207,1.243e-05,1554703200,1.251e-05,1.243e-05,1.249e-05,4386.44491348,0.0547818,1.248e-05,0.3680591133333316,0.38855260769230787,0.27464906499999936,1.2406666666666673e-05,1.284230769230769e-05,1.3171764705882375e-05
208,1.233e-05,1554710400,1.244e-05,1.226e-05,1.244e-05,47724.544424,0.59189143,1.24e-05,0.2653042133333316,0.4139098692307694,0.291232210294117,1.2390000000000007e-05,1.2776923076923074e-05,1.313352941176473e-05
209,1.219e-05,1554717600,1.232e-05,1.219e-05,1.228e-05,103031.74414256,1.25894006,1.221e-05,0.6352044299999983,0.4883653476923078,0.32392214911764644,1.2316666666666672e-05,1.2709230769230766e-05,1.3093823529411788e-05
210,1.25e-05,1554724800,1.25e-05,1.217e-05,1.22e-05,50466.41300572,0.62050958,1.229e-05,0.8237803566666648,0.5325516184615386,0.33440867411764646,1.2340000000000006e-05,1.267384615384615e-05,1.3065000000000023e-05
211,1.232e-05,1554732000,1.25e-05,1.229e-05,1.25e-05,28695.17999288,0.35458091,1.235e-05,0.7446768499999982,0.5575096561538463,0.34443319147058765,1.2336666666666672e-05,1.2622307692307689e-05,1.3026764705882376e-05
212,1.239e-05,1554739200,1.242e-05,1.219e-05,1.227e-05,37292.48945439,0.4575363,1.226e-05,0.47754226333333155,0.5869374900000002,0.35779360470588173,1.2403333333333339e-05,1.2573846153846151e-05,1.2990294117647081e-05
213,1.23e-05,1554746400,1.238e-05,1.23e-05,1.238e-05,915.61591693,0.01126715,1.23e-05,0.27446145333333155,0.5445369061538463,0.3545326329411759,1.2336666666666673e-05,1.251230769230769e-05,1.2953823529411788e-05
214,1.222e-05,1554753600,1.233e-05,1.222e-05,1.23e-05,2288.50577666,0.02804511,1.225e-05,0.16561618666666486,0.5020132792307694,0.3452614617647053,1.2303333333333341e-05,1.2444615384615381e-05,1.2914411764705907e-05
215,1.214e-05,1554760800,1.223e-05,1.21e-05,1.22e-05,58466.07675843,0.71261437,1.218e-05,0.2506422099999982,0.5056314176923078,0.3658865979411759,1.2220000000000008e-05,1.2370769230769228e-05,1.2872941176470613e-05
216,1.208e-05,1554768000,1.216e-05,1.208e-05,1.209e-05,4676.05679002,0.05673601,1.213e-05,0.26579849666666483,0.4874876853846155,0.3675553041176465,1.2146666666666675e-05,1.2312307692307692e-05,1.2829705882352966e-05
217,1.2e-05,1554775200,1.219e-05,1.2e-05,1.208e-05,8028.85488566,0.09743198,1.213e-05,0.28892745333333153,0.40721001846153854,0.37025685705882294,1.207333333333334e-05,1.2283846153846152e-05,1.2783235294117672e-05
218,1.167e-05,1554782400,1.2e-05,1.158e-05,1.2e-05,48581.03355938,0.57202134,1.177e-05,0.24206310999999814,0.38196888076923086,0.38502261882352884,1.1916666666666674e-05,1.2229230769230767e-05,1.2725294117647083e-05
219,1.169e-05,1554789600,1.169e-05,1.165e-05,1.167e-05,27726.14021586,0.32306288,1.165e-05,0.3308387333333314,0.395339916923077,0.39291040794117593,1.1786666666666674e-05,1.2173846153846151e-05,1.2665000000000025e-05
220,1.176e-05,1554796800,1.176e-05,1.159e-05,1.169e-05,36436.72217972,0.4253432,1.167e-05,0.4401424733333314,0.42384464000000016,0.4036527367647053,1.1706666666666674e-05,1.2122307692307692e-05,1.2609117647058849e-05
221,1.176e-05,1554804000,1.176e-05,1.174e-05,1.176e-05,1343.68126284,0.01578908,1.175e-05,0.25473171999999805,0.3795290746153848,0.3739004008823524,1.1736666666666674e-05,1.2078461538461538e-05,1.2557352941176497e-05
222,1.191e-05,1554811200,1.191e-05,1.176e-05,1.176e-05,4939.42957554,0.05857806,1.185e-05,0.16657011333333135,0.2871935361538464,0.3262727335294112,1.1810000000000009e-05,1.2056923076923074e-05,1.2524411764705909e-05
223,1.187e-05,1554818400,1.188e-05,1.175e-05,1.182e-05,18575.94515704,0.21991323,1.183e-05,0.0980934566666647,0.2563784323076925,0.3299185405882347,1.1846666666666676e-05,1.2008461538461537e-05,1.2492352941176497e-05
224,1.196e-05,1554825600,1.196e-05,1.169e-05,1.18e-05,2467.88158908,0.02905375,1.177e-05,0.10251501333333136,0.23133788153846174,0.32973071117646996,1.1913333333333345e-05,1.198076923076923e-05,1.2463235294117671e-05
225,1.194e-05,1554832800,1.205e-05,1.185e-05,1.198e-05,9583.43992774,0.11467671,1.196e-05,0.12121456333333137,0.20496406692307712,0.32617500117646997,1.1923333333333343e-05,1.1946153846153845e-05,1.243352941176473e-05
226,1.206e-05,1554840000,1.206e-05,1.195e-05,1.195e-05,614.56226012,0.00740006,1.204e-05,0.05037683999999804,0.20466659846153867,0.32432688441176405,1.1986666666666678e-05,1.1927692307692305e-05,1.2407352941176493e-05
227,1.206e-05,1554847200,1.206e-05,1.206e-05,1.206e-05,370.42345028,0.0044673,1.206e-05,0.04218135666666472,0.20285292076923098,0.32443796294117583,1.202000000000001e-05,1.1915384615384612e-05,1.2382352941176494e-05
228,1.204e-05,1554854400,1.21e-05,1.197e-05,1.199e-05,2557.57229428,0.03086384,1.206e-05,0.014243733333331385,0.1504105723076925,0.32476194852941115,1.2053333333333344e-05,1.1907692307692305e-05,1.2357058823529435e-05
229,1.198e-05,1554861600,1.207e-05,1.198e-05,1.204e-05,7753.3557624,0.09320061,1.202e-05,0.042843916666664726,0.15321554153846173,0.3197899949999994,1.2026666666666678e-05,1.1899999999999998e-05,1.2321764705882377e-05
230,1.208e-05,1554868800,1.208e-05,1.198e-05,1.203e-05,1650.50757253,0.01985723,1.203e-05,0.04797389333333139,0.14724825307692327,0.3118146535294112,1.2033333333333346e-05,1.1906153846153845e-05,1.2292647058823552e-05
231,1.252e-05,1554876000,1.28e-05,1.211e-05,1.211e-05,113272.22323799,1.41565117,1.249e-05,0.509569669999998,0.21214285538461558,0.35209592147058766,1.2193333333333346e-05,1.1971538461538459e-05,1.2279705882352963e-05
232,1.265e-05,1554883200,1.275e-05,1.238e-05,1.251e-05,13735.20898853,0.17214678,1.253e-05,0.535885059999998,0.20053392461538477,0.3562729908823523,1.241666666666668e-05,1.2045384615384614e-05,1.2269705882352963e-05
233,1.23e-05,1554890400,1.262e-05,1.223e-05,1.262e-05,26374.09398205,0.32492383,1.231e-05,0.6375739266666648,0.19280935769230784,0.36362444294117585,1.2490000000000013e-05,1.2086923076923076e-05,1.224852941176473e-05
234,1.229e-05,1554897600,1.231e-05,1.211e-05,1.225e-05,27537.71688913,0.33589905,1.219e-05,0.27765655333333145,0.2174332015384617,0.3569604520588229,1.2413333333333345e-05,1.2127692307692306e-05,1.2224705882352965e-05
235,1.221e-05,1554904800,1.229e-05,1.211e-05,1.229e-05,9943.7418835,0.12068207,1.213e-05,0.2605016499999981,0.22221043307692326,0.34342603470588173,1.226666666666668e-05,1.2150769230769228e-05,1.2198529411764731e-05
236,1.208e-05,1554912000,1.213e-05,1.208e-05,1.213e-05,868.15687304,0.01051192,1.21e-05,0.15569767999999806,0.20610264000000017,0.3241593685294112,1.2193333333333346e-05,1.2166923076923073e-05,1.216852941176473e-05
237,1.158e-05,1554919200,1.208e-05,1.158e-05,1.208e-05,59644.93851623,0.69758619,1.169e-05,0.2762600599999981,0.25752821230769246,0.33607059382352883,1.195666666666668e-05,1.2137692307692303e-05,1.2131470588235319e-05
238,1.172e-05,1554926400,1.176e-05,1.165e-05,1.168e-05,34112.49587227,0.40000562,1.172e-05,0.3693679099999981,0.2794765900000002,0.31427541647058765,1.1793333333333346e-05,1.2120769230769227e-05,1.2112352941176495e-05
239,1.149e-05,1554933600,1.167e-05,1.149e-05,1.167e-05,18616.2054556,0.21541319,1.157e-05,0.4376683333333315,0.2954776000000002,0.29413591823529345,1.1596666666666679e-05,1.2076923076923074e-05,1.208617647058826e-05
240,1.137e-05,1554940800,1.15e-05,1.133e-05,1.149e-05,18521.78080454,0.2101697,1.134e-05,0.27519616999999813,0.3113008615384617,0.29592798558823463,1.152666666666668e-05,1.2023846153846151e-05,1.2055588235294142e-05
241,1.111e-05,1554948000,1.132e-05,1.111e-05,1.132e-05,95347.61944451,1.06068829,1.112e-05,0.49542372666666484,0.390518126923077,0.3255134705882346,1.1323333333333347e-05,1.195230769230769e-05,1.2016764705882377e-05
242,1.118e-05,1554955200,1.118e-05,1.105e-05,1.111e-05,58984.04360359,0.65427307,1.109e-05,0.6417103533333316,0.43367754692307703,0.32734822470588165,1.1220000000000013e-05,1.1890769230769229e-05,1.1982941176470613e-05
243,1.125e-05,1554962400,1.134e-05,1.119e-05,1.119e-05,26057.39807371,0.29326419,1.125e-05,0.6694085166666649,0.4547088515384617,0.2989459932352934,1.1180000000000013e-05,1.1826923076923075e-05,1.1955294117647083e-05
244,1.112e-05,1554969600,1.124e-05,1.11e-05,1.124e-05,32909.25313805,0.36855185,1.119e-05,0.43869636999999817,0.3741627500000001,0.2915354717647052,1.1183333333333347e-05,1.1719230769230767e-05,1.1914705882352966e-05
245,1.081e-05,1554976800,1.115e-05,1.048e-05,1.112e-05,138052.10284932,1.48205485,1.073e-05,0.7146236299999983,0.47492490923076935,0.32469646999999935,1.1060000000000014e-05,1.1577692307692305e-05,1.1870294117647083e-05
246,1.091e-05,1554984000,1.099e-05,1.08e-05,1.082e-05,16006.24715838,0.17425046,1.088e-05,0.674952386666665,0.46333465000000007,0.31636453352941113,1.0946666666666682e-05,1.1470769230769228e-05,1.1826764705882377e-05
247,1.101e-05,1554991200,1.104e-05,1.091e-05,1.091e-05,7930.87886865,0.08708159,1.098e-05,0.5811289666666649,0.44419484538461546,0.31859436999999935,1.0910000000000014e-05,1.1372307692307687e-05,1.178882352941179e-05
248,1.115e-05,1554998400,1.115e-05,1.097e-05,1.098e-05,17394.9390611,0.19324767,1.11e-05,0.15152657333333167,0.44977681461538466,0.32345326882352876,1.1023333333333347e-05,1.1290769230769226e-05,1.1757352941176496e-05
249,1.138e-05,1555005600,1.17e-05,1.115e-05,1.115e-05,118569.54876297,1.35532514,1.143e-05,0.5452181333333317,0.5532239853846155,0.3423565267647052,1.1180000000000012e-05,1.1236923076923072e-05,1.1735000000000026e-05
250,1.198e-05,1555012800,1.244e-05,1.13e-05,1.135e-05,222555.79714163,2.66098679,1.195e-05,1.4031865333333318,0.7042548007692309,0.41895213794117575,1.1503333333333347e-05,1.1267692307692303e-05,1.1732058823529437e-05
251,1.201e-05,1555020000,1.204e-05,1.177e-05,1.194e-05,5801.19775664,0.06915942,1.192e-05,1.3618237833333318,0.6788050930769232,0.41812059205882285,1.1790000000000014e-05,1.1289999999999994e-05,1.1732352941176495e-05
252,1.202e-05,1555027200,1.224e-05,1.2e-05,1.203e-05,8094.85302889,0.0984719,1.216e-05,0.9428727033333318,0.6698096092307693,0.4041926673529405,1.2003333333333348e-05,1.1330769230769227e-05,1.1742647058823555e-05
