,close,date,high,low,open,quoteVolume,volume,weightedAverage,avg_vol_3,avg_vol_13,avg_vol_34,avg_close_3,avg_close_13,avg_close_34
0,2.71e-05,1549155674,2.71e-05,2.71e-05,2.71e-05,0.0,0.0,2.71e-05,-99999.0,-99999.0,-99999.0,-99999.0,-99999.0,-99999.0
1,2.741e-05,1549159200,2.741e-05,2.724e-05,2.724e-05,2336.33750902,0.06376672,2.729e-05,-99999.0,-99999.0,-99999.0,-99999.0,-99999.0,-99999.0
2,2.711e-05,1549166400,2.711e-05,2.711e-05,2.711e-05,188.12615271,0.00510009,2.711e-05,0.022955603333333335,-99999.0,-99999.0,2.7206666666666668e-05,-99999.0,-99999.0
3,2.7e-05,1549173600,2.7e-05,2.697e-05,2.697e-05,3.71483728,0.0001003,2.699e-05,0.022989036666666667,-99999.0,-99999.0,2.717333333333333e-05,-99999.0,-99999.0
4,2.689e-05,1549180800,2.705e-05,2.677e-05,2.705e-05,83.65585044,0.00224484,2.683e-05,0.0024817433333333325,-99999.0,-99999.0,2.6999999999999996e-05,-99999.0,-99999.0
5,2.691e-05,1549188000,2.694e-05,2.681e-05,2.689e-05,1625.62434846,0.04374004,2.69e-05,0.015361726666666665,-99999.0,-99999.0,2.693333333333333e-05,-99999.0,-99999.0
6,2.684e-05,1549195200,2.704e-05,2.679e-05,2.694e-05,1815.00080873,0.04902111,2.7e-05,0.03166866333333333,-99999.0,-99999.0,2.6879999999999997e-05,-99999.0,-99999.0
7,2.656e-05,1549202400,2.693e-05,2.652e-05,2.686e-05,11399.62843774,0.30491438,2.674e-05,0.13255851,-99999.0,-99999.0,2.677e-05,-99999.0,-99999.0
8,2.652e-05,1549209600,2.652e-05,2.649e-05,2.652e-05,361.81133345,0.00959512,2.651e-05,0.12117686999999999,-99999.0,-99999.0,2.664e-05,-99999.0,-99999.0
9,2.671e-05,1549216800,2.679e-05,2.652e-05,2.652e-05,189.93435583,0.0050616,2.664e-05,0.1065237,-99999.0,-99999.0,2.6596666666666666e-05,-99999.0,-99999.0
10,2.657e-05,1549224000,2.675e-05,2.657e-05,2.675e-05,182.79958821,0.00488589,2.672e-05,0.006514203333333339,-99999.0,-99999.0,2.6599999999999996e-05,-99999.0,-99999.0
11,2.647e-05,1549231200,2.647e-05,2.647e-05,2.647e-05,40.30110736,0.00106677,2.647e-05,0.0036714200000000055,-99999.0,-99999.0,2.658333333333333e-05,-99999.0,-99999.0
12,2.635e-05,1549238400,2.635e-05,2.635e-05,2.635e-05,3.79742033,0.00010006,2.635e-05,0.002017573333333339,0.03766130153846154,-99999.0,2.6463333333333328e-05,2.6803076923076928e-05,-99999.0
13,2.617e-05,1549245600,2.634e-05,2.612e-05,2.634e-05,3757.70124643,0.098377,2.618e-05,0.03318127666666667,0.04522876307692308,-99999.0,2.6329999999999997e-05,2.6731538461538465e-05,-99999.0
14,2.669e-05,1549252800,2.669e-05,2.618e-05,2.618e-05,1607.98091124,0.04236802,2.634e-05,0.04694836,0.043582709230769234,-99999.0,2.6403333333333332e-05,2.6676153846153848e-05,-99999.0
15,2.63e-05,1549260000,2.631e-05,2.63e-05,2.631e-05,1743.755507,0.04586407,2.63e-05,0.06220303,0.04671840000000001,-99999.0,2.6386666666666666e-05,2.6613846153846155e-05,-99999.0
16,2.62e-05,1549267200,2.631e-05,2.62e-05,2.631e-05,3693.24883198,0.09682695,2.621e-05,0.06168634666666667,0.054158911538461536,-99999.0,2.6396666666666664e-05,2.655230769230769e-05,-99999.0
17,2.663e-05,1549274400,2.688e-05,2.601e-05,2.601e-05,2422.48884431,0.06463862,2.668e-05,0.06910988,0.05895843307692307,-99999.0,2.637666666666666e-05,2.653230769230769e-05,-99999.0
18,2.669e-05,1549281600,2.669e-05,2.668e-05,2.668e-05,44.16085577,0.00117821,2.668e-05,0.05421459333333333,0.05568444615384615,-99999.0,2.650666666666666e-05,2.6515384615384615e-05,-99999.0
19,2.685e-05,1549288800,2.685e-05,2.6e-05,2.682e-05,4945.85904103,0.13065793,2.641e-05,0.06549158666666667,0.061964201538461536,-99999.0,2.672333333333333e-05,2.6516153846153842e-05,-99999.0
20,2.611e-05,1549296000,2.614e-05,2.611e-05,2.614e-05,15.36519029,0.00040129,2.611e-05,0.04407914333333333,0.038540117692307696,-99999.0,2.6549999999999995e-05,2.6481538461538456e-05,-99999.0
21,2.604e-05,1549303200,2.611e-05,2.604e-05,2.611e-05,26.87909506,0.00070019,2.604e-05,0.04391980333333332,0.03785589230769231,-99999.0,2.6333333333333327e-05,2.6444615384615383e-05,-99999.0
22,2.665e-05,1549310400,2.665e-05,2.665e-05,2.665e-05,22.13883677,0.00058999,2.665e-05,0.0005638233333333242,0.037511922307692305,-99999.0,2.626666666666666e-05,2.644e-05,-99999.0
23,2.604e-05,1549317600,2.604e-05,2.604e-05,2.604e-05,7.68817204,0.00020019,2.604e-05,0.0004967899999999909,0.03715148384615385,-99999.0,2.6243333333333323e-05,2.639923076923077e-05,-99999.0
24,2.668e-05,1549324800,2.685e-05,2.668e-05,2.685e-05,7.47176722,0.00019997,2.676e-05,0.00033004999999999087,0.037084806923076925,-99999.0,2.6456666666666657e-05,2.6415384615384616e-05,-99999.0
25,2.668e-05,1549332000,2.668e-05,2.668e-05,2.668e-05,0.0,0.0,2.668e-05,0.00013338666666665755,0.037077109999999996,-99999.0,2.6466666666666655e-05,2.644076923076923e-05,-99999.0
26,2.566e-05,1549339200,2.672e-05,2.555e-05,2.586e-05,2194.82130097,0.05662825,2.58e-05,0.01894273999999999,0.03386566769230769,-99999.0,2.6339999999999992e-05,2.640153846153846e-05,-99999.0
27,2.506e-05,1549346400,2.555e-05,2.486e-05,2.555e-05,2561.4146856,0.06386445,2.493e-05,0.04016423333333333,0.03551923923076923,-99999.0,2.579999999999999e-05,2.6276153846153845e-05,-99999.0
28,2.536e-05,1549353600,2.536e-05,2.536e-05,2.536e-05,96.98581983,0.00245956,2.536e-05,0.04098408666666666,0.03218043076923078,-99999.0,2.535999999999999e-05,2.620384615384615e-05,-99999.0
29,2.617e-05,1549360800,2.631e-05,2.617e-05,2.631e-05,56.77999961,0.00148646,2.617e-05,0.022603489999999993,0.02484654692307693,-99999.0,2.552999999999999e-05,2.6201538461538458e-05,-99999.0
30,2.617e-05,1549368000,2.617e-05,2.617e-05,2.617e-05,0.0,0.0,2.617e-05,0.0013153399999999936,0.019874345384615393,-99999.0,2.589999999999999e-05,2.6166153846153847e-05,-99999.0
31,2.631e-05,1549375200,2.631e-05,2.506e-05,2.603e-05,205.67615766,0.0052439,2.549e-05,0.002243453333333327,0.020187090769230778,-99999.0,2.6216666666666652e-05,2.6136923076923073e-05,-99999.0
32,2.516e-05,1549382400,2.516e-05,2.5e-05,2.516e-05,681.12874579,0.01704343,2.502e-05,0.007429109999999993,0.011447513846153853,-99999.0,2.5879999999999986e-05,2.6006923076923076e-05,-99999.0
33,2.503e-05,1549389600,2.535e-05,2.5e-05,2.535e-05,1060.92583369,0.02657106,2.504e-05,0.016286129999999992,0.013460573076923084,0.03367342529411765,2.5499999999999983e-05,2.5923846153846154e-05,2.6384999999999996e-05
34,2.533e-05,1549396800,2.541e-05,2.528e-05,2.535e-05,1216.41825872,0.03086778,2.537e-05,0.02482742333333333,0.015781156923076932,0.03458130117647058,2.5173333333333318e-05,2.5869230769230767e-05,2.6332941176470582e-05
35,2.503e-05,1549404000,2.533e-05,2.503e-05,2.533e-05,3011.09673474,0.07562449,2.511e-05,0.044354443333333333,0.021553041538461548,0.03493005911764706,2.5129999999999985e-05,2.5744615384615383e-05,2.6262941176470584e-05
36,2.399e-05,1549411200,2.535e-05,2.391e-05,2.535e-05,6183.12487981,0.15056895,2.435e-05,0.08568707333333335,0.03311986923076924,0.039208555,2.478333333333332e-05,2.5586923076923074e-05,2.617117647058823e-05
37,2.497e-05,1549418400,2.497e-05,2.382e-05,2.382e-05,1853.90256938,0.04443984,2.397e-05,0.09021109333333334,0.036522936153846164,0.04051265911764706,2.466333333333332e-05,2.5455384615384608e-05,2.6111470588235288e-05
38,2.415e-05,1549425600,2.509e-05,2.415e-05,2.497e-05,2471.59897975,0.06131679,2.48e-05,0.08544186000000002,0.04123961230769232,0.04225006941176471,2.436999999999999e-05,2.5260769230769223e-05,2.6030882352941173e-05
39,2.527e-05,1549432800,2.527e-05,2.527e-05,2.527e-05,12.11620553,0.00030617,2.527e-05,0.03535426666666668,0.03690714461538463,0.04097260264705882,2.4796666666666656e-05,2.523076923076922e-05,2.5982647058823524e-05
40,2.415e-05,1549440000,2.415e-05,2.415e-05,2.415e-05,571.49537108,0.01380161,2.415e-05,0.02514152333333335,0.03305615692307694,0.039936735,2.4523333333333326e-05,2.5160769230769227e-05,2.59035294117647e-05
41,2.433e-05,1549447200,2.529e-05,2.433e-05,2.529e-05,1058.04772194,0.0257915,2.437e-05,0.013299760000000015,0.034850921538461546,0.03172723852941176,2.4583333333333322e-05,2.5081538461538455e-05,2.5837941176470584e-05
42,2.458e-05,1549454400,2.508e-05,2.458e-05,2.508e-05,19.25973905,0.00047539,2.468e-05,0.013356166666666681,0.03477314692307693,0.03145901117647059,2.435333333333332e-05,2.4959230769230764e-05,2.578088235294117e-05
43,2.45e-05,1549461600,2.457e-05,2.423e-05,2.423e-05,843.85401184,0.02071464,2.454e-05,0.015660510000000013,0.03636658076923078,0.03191939470588235,2.4469999999999984e-05,2.4830769230769225e-05,2.571588235294117e-05
44,2.452e-05,1549468800,2.452e-05,2.452e-05,2.452e-05,4.08238173,0.0001001,2.452e-05,0.007096710000000014,0.035970903846153854,0.03177863617647059,2.4533333333333314e-05,2.469307692307692e-05,2.5655588235294114e-05
45,2.457e-05,1549476000,2.457e-05,2.4e-05,2.452e-05,2246.62089524,0.05394815,2.401e-05,0.024920963333333348,0.038809728461538476,0.033333970882352945,2.4529999999999984e-05,2.4647692307692307e-05,2.5599705882352936e-05
46,2.432e-05,1549483200,2.457e-05,2.432e-05,2.457e-05,51.94474449,0.00127426,2.453e-05,0.01844083666666668,0.03686382076923078,0.03336850617647059,2.4469999999999984e-05,2.459307692307692e-05,2.5539999999999996e-05
47,2.432e-05,1549490400,2.44e-05,2.432e-05,2.44e-05,20.54623822,0.0005003,2.434e-05,0.01857423666666668,0.034527860769230784,0.03048977970588235,2.4403333333333314e-05,2.451538461538461e-05,2.5485588235294114e-05
48,2.413e-05,1549497600,2.442e-05,2.413e-05,2.432e-05,100.21077173,0.0024218,2.416e-05,0.0013987866666666817,0.028896884615384626,0.02931489088235294,2.4256666666666647e-05,2.444615384615384e-05,2.5410294117647055e-05
49,2.457e-05,1549504800,2.457e-05,2.457e-05,2.457e-05,155.1953602,0.00381315,2.457e-05,0.002245083333333348,0.017607976923076932,0.028078099117647054,2.4339999999999984e-05,2.4490769230769225e-05,2.535941176470588e-05
50,2.514e-05,1549512000,2.581e-05,2.466e-05,2.466e-05,4946.40353726,0.12499025,2.526e-05,0.043741733333333345,0.023804162307692316,0.028906431470588235,2.4613333333333313e-05,2.4503846153846147e-05,2.5328235294117644e-05
51,2.477e-05,1549519200,2.506e-05,2.431e-05,2.506e-05,20606.81279976,0.51124535,2.48e-05,0.21334958333333334,0.05841405153846155,0.04204192352941177,2.4826666666666647e-05,2.4551538461538455e-05,2.5273529411764702e-05
52,2.45e-05,1549526400,2.461e-05,2.45e-05,2.461e-05,872.93968898,0.02145535,2.457e-05,0.21923031666666667,0.06004091153846155,0.04263831000000001,2.480333333333331e-05,2.4492307692307687e-05,2.520911764705882e-05
53,2.509e-05,1549533600,2.636e-05,2.483e-05,2.533e-05,5026.79916461,0.12701148,2.526e-05,0.21990406000000004,0.06874936307692309,0.042531061470588244,2.4786666666666644e-05,2.456461538461538e-05,2.5157352941176464e-05
54,2.509e-05,1549540800,2.546e-05,2.488e-05,2.53e-05,3096.48859591,0.07775083,2.51e-05,0.0754058866666667,0.07274623461538464,0.04480604794117648,2.489333333333331e-05,2.462307692307692e-05,2.5127352941176466e-05
55,2.623e-05,1549548000,2.864e-05,2.564e-05,2.564e-05,47516.22734827,1.30378213,2.743e-05,0.5028481466666667,0.17300059923076924,0.08313198735294118,2.5469999999999975e-05,2.475e-05,2.5132941176470583e-05
56,2.591e-05,1549555200,2.634e-05,2.589e-05,2.631e-05,975.15469272,0.02554479,2.619e-05,0.46902591666666676,0.17337214923076927,0.08386595205882354,2.574333333333331e-05,2.4858461538461534e-05,2.511117647058823e-05
57,2.569e-05,1549562400,2.576e-05,2.534e-05,2.556e-05,5846.1738002,0.14904227,2.549e-05,0.4927897300000001,0.18482923923076924,0.08824366029411765,2.5943333333333316e-05,2.4948461538461535e-05,2.5100882352941173e-05
58,2.543e-05,1549569600,2.562e-05,2.543e-05,2.562e-05,1902.10946865,0.04859385,2.554e-05,0.07439363666666672,0.18441737,0.08966700970588236,2.5676666666666654e-05,2.501461538461538e-05,2.5064117647058822e-05
59,2.593e-05,1549576800,2.604e-05,2.568e-05,2.588e-05,2905.91405623,0.07532877,2.592e-05,0.09098829666666673,0.19011387076923075,0.09188256176470588,2.5683333333333322e-05,2.5138461538461538e-05,2.504205882352941e-05
60,2.725e-05,1549584000,2.726e-05,2.538e-05,2.573e-05,14290.14958255,0.37918177,2.653e-05,0.16770146333333336,0.21924321461538462,0.10136942999999998,2.6203333333333317e-05,2.5363846153846152e-05,2.5088823529411763e-05
61,2.65e-05,1549591200,2.695e-05,2.624e-05,2.679e-05,2855.93311284,0.07568785,2.65e-05,0.17673279666666666,0.22487906461538462,0.10171717705882352,2.655999999999998e-05,2.5546153846153847e-05,2.5131176470588234e-05
62,2.619e-05,1549598400,2.619e-05,2.619e-05,2.619e-05,3.81970971,0.00010003,2.619e-05,0.15165655000000003,0.22459344,0.10164777911764704,2.6646666666666646e-05,2.5670769230769227e-05,2.515558823529412e-05
63,2.681e-05,1549605600,2.697e-05,2.638e-05,2.68e-05,5140.17873998,0.1373418,2.671e-05,0.0710432266666667,0.22554355923076924,0.1056435244117647,2.649999999999998e-05,2.5799230769230766e-05,2.5174411764705886e-05
64,2.689e-05,1549612800,2.803e-05,2.689e-05,2.705e-05,24851.50342101,0.68410699,2.752e-05,0.2738496066666667,0.23884060846153846,0.1257643182352941,2.662999999999998e-05,2.5962307692307688e-05,2.519558823529412e-05
65,2.699e-05,1549620000,2.741e-05,2.645e-05,2.69e-05,4509.57082751,0.12093292,2.681e-05,0.3141272366666667,0.2464927292307692,0.12916693647058822,2.6896666666666646e-05,2.6153846153846153e-05,2.521558823529412e-05
66,2.646e-05,1549627200,2.771e-05,2.646e-05,2.699e-05,8414.85978831,0.2239146,2.66e-05,0.34298483666666674,0.25394681538461533,0.1352513826470588,2.677999999999998e-05,2.6259230769230765e-05,2.525382352941177e-05
67,2.6e-05,1549634400,2.755e-05,2.6e-05,2.617e-05,7133.92263905,0.18732863,2.625e-05,0.1773920500000001,0.2623758769230769,0.1399795464705882,2.6483333333333314e-05,2.6329230769230763e-05,2.5282352941176474e-05
68,2.613e-05,1549641600,2.613e-05,2.522e-05,2.591e-05,4303.74137904,0.11149582,2.59e-05,0.1742463500000001,0.17066154538461537,0.14235095941176465,2.6196666666666646e-05,2.6321538461538457e-05,2.530588235294118e-05
69,2.554e-05,1549648800,2.558e-05,2.554e-05,2.558e-05,484.27194694,0.01237007,2.554e-05,0.10373150666666679,0.16964810538461533,0.1404905352941176,2.588999999999998e-05,2.6293076923076914e-05,2.532088235294118e-05
70,2.606e-05,1549656000,2.606e-05,2.606e-05,2.606e-05,21.48887183,0.00055999,2.606e-05,0.04147529333333346,0.15822639153846152,0.1360785070588235,2.5909999999999984e-05,2.6321538461538457e-05,2.5381764705882353e-05
71,2.587e-05,1549663200,2.587e-05,2.574e-05,2.574e-05,1322.13083765,0.03419953,2.586e-05,0.015709863333333463,0.15711913615384615,0.13577732147058819,2.5823333333333317e-05,2.635538461538461e-05,2.5408235294117647e-05
72,2.5e-05,1549670400,2.577e-05,2.5e-05,2.572e-05,994.11395852,0.02518723,2.533e-05,0.019982250000000132,0.1532620946153846,0.13471468735294115,2.5643333333333315e-05,2.6283846153846147e-05,2.5433235294117647e-05
73,2.512e-05,1549677600,2.528e-05,2.496e-05,2.512e-05,2873.96122856,0.07212992,2.509e-05,0.04383889333333346,0.12964272153846151,0.13682715058823525,2.532999999999998e-05,2.6119999999999994e-05,2.5428823529411766e-05
74,2.517e-05,1549684800,2.543e-05,2.515e-05,2.515e-05,449.83621356,0.01134553,2.522e-05,0.036220893333333455,0.12469331230769229,0.13675491294117645,2.5096666666666646e-05,2.6017692307692302e-05,2.5458823529411764e-05
75,2.556e-05,1549692000,2.753e-05,2.523e-05,2.549e-05,5699.05024364,0.14995048,2.631e-05,0.07780864333333344,0.13622026999999998,0.1404066476470588,2.5283333333333312e-05,2.5969230769230763e-05,2.5495e-05
76,2.512e-05,1549699200,2.561e-05,2.5e-05,2.517e-05,1242.47235603,0.03119432,2.51e-05,0.06416344333333344,0.1280550792307692,0.14131014558823526,2.5283333333333312e-05,2.5839230769230762e-05,2.5510882352941178e-05
77,2.544e-05,1549706400,2.549e-05,2.544e-05,2.549e-05,3966.17606239,0.1009005,2.544e-05,0.09401510000000012,0.08319304153846153,0.1436685532352941,2.537333333333331e-05,2.57276923076923e-05,2.5538529411764703e-05
78,2.557e-05,1549713600,2.558e-05,2.544e-05,2.544e-05,1750.68444169,0.04474735,2.555e-05,0.05894739000000012,0.07733261307692306,0.14498170764705878,2.5376666666666647e-05,2.561846153846153e-05,2.556941176470588e-05
79,2.531e-05,1549720800,2.576e-05,2.531e-05,2.544e-05,1755.06248707,0.04486412,2.556e-05,0.06350399000000012,0.06355949923076921,0.1447145302941176,2.5439999999999977e-05,2.552999999999999e-05,2.5591176470588233e-05
80,2.556e-05,1549728000,2.556e-05,2.531e-05,2.54e-05,2368.85557927,0.06017418,2.54e-05,0.04992855000000013,0.05377838769230768,0.1464468808823529,2.547999999999998e-05,2.549615384615384e-05,2.5627647058823528e-05
81,2.531e-05,1549735200,2.531e-05,2.531e-05,2.531e-05,1353.11836909,0.03424742,2.531e-05,0.046428573333333466,0.04783620307692306,0.14743944323529407,2.5393333333333313e-05,2.5433076923076916e-05,2.565676470588235e-05
82,2.535e-05,1549742400,2.535e-05,2.503e-05,2.504e-05,19963.4724047,0.49987604,2.503e-05,0.19809921333333347,0.0853366623076923,0.16207045029411762,2.5406666666666645e-05,2.541846153846153e-05,2.569264705882353e-05
83,2.515e-05,1549749600,2.532e-05,2.515e-05,2.532e-05,41.0,0.00103625,2.527e-05,0.17838657000000013,0.08537329769230768,0.16198877676470586,2.526999999999998e-05,2.5348461538461528e-05,2.570970588235294e-05
84,2.505e-05,1549756800,2.519e-05,2.501e-05,2.519e-05,2691.48656826,0.06750838,2.508e-05,0.1894735566666668,0.08793551692307691,0.16029813352941175,2.5183333333333313e-05,2.5285384615384605e-05,2.570705882352941e-05
85,2.501e-05,1549764000,2.543e-05,2.501e-05,2.507e-05,315.68490393,0.00790477,2.504e-05,0.025483133333333463,0.08660609692307691,0.14549399882352937,2.5069999999999985e-05,2.5286153846153835e-05,2.571411764705882e-05
86,2.48e-05,1549771200,2.542e-05,2.48e-05,2.501e-05,1003.41884419,0.02502897,2.494e-05,0.0334807066666668,0.0829829469230769,0.1455991052941176,2.495333333333332e-05,2.526153846153845e-05,2.5722941176470586e-05
87,2.452e-05,1549778400,2.472e-05,2.418e-05,2.472e-05,75.893269,0.00184244,2.427e-05,0.011592060000000126,0.08225193999999997,0.14191766294117641,2.4776666666666652e-05,2.5211538461538453e-05,2.5706176470588235e-05
88,2.501e-05,1549785600,2.501e-05,2.465e-05,2.465e-05,300.6875959,0.00742691,2.469e-05,0.01143277333333346,0.07128858846153842,0.13984931235294112,2.477666666666665e-05,2.516923076923076e-05,2.5703823529411763e-05
89,2.501e-05,1549792800,2.501e-05,2.501e-05,2.501e-05,0.0,0.0,2.501e-05,0.0030897833333334603,0.06888902538461535,0.101502779117647,2.484666666666665e-05,2.516076923076922e-05,2.5667941176470588e-05
90,2.414e-05,1549800000,2.414e-05,2.414e-05,2.414e-05,361.24213018,0.00872038,2.414e-05,0.005382430000000126,0.06179824692307688,0.10100794352941171,2.471999999999998e-05,2.5060769230769225e-05,2.5615882352941174e-05
91,2.503e-05,1549807200,2.562e-05,2.503e-05,2.503e-05,981.9418423,0.02509949,2.556e-05,0.011273290000000125,0.060286873076923035,0.09736256764705878,2.4726666666666648e-05,2.5019230769230763e-05,2.5596470588235294e-05
92,2.469e-05,1549814400,2.503e-05,2.466e-05,2.502e-05,838.92997478,0.02091556,2.493e-05,0.01824514333333346,0.05844467615384612,0.09654850029411761,2.461999999999998e-05,2.4971538461538455e-05,2.557470588235294e-05
93,2.46e-05,1549821600,2.467e-05,2.355e-05,2.463e-05,437.6762474,0.01049826,2.398e-05,0.018837770000000125,0.0546234515384615,0.09464172058823525,2.477333333333332e-05,2.4897692307692303e-05,2.5535588235294115e-05
94,2.455e-05,1549828800,2.5e-05,2.453e-05,2.457e-05,127.78348405,0.00317217,2.482e-05,0.011528663333333458,0.05223304769230766,0.08358261470588231,2.461333333333332e-05,2.4839230769230758e-05,2.5456176470588232e-05
95,2.488e-05,1549836000,2.494e-05,2.442e-05,2.494e-05,4690.54332821,0.11480134,2.447e-05,0.04282392333333346,0.022611916923076885,0.08473301147058819,2.467666666666665e-05,2.4803076923076917e-05,2.5408529411764703e-05
96,2.465e-05,1549843200,2.47e-05,2.452e-05,2.452e-05,40.7399102,0.00100019,2.455e-05,0.03965790000000013,0.02260914307692304,0.08475948676470584,2.469333333333332e-05,2.4764615384615375e-05,2.536323529411764e-05
97,2.457e-05,1549850400,2.458e-05,2.457e-05,2.458e-05,37.07407407,0.00091123,2.457e-05,0.038904253333333465,0.017486285384615344,0.08074682294117641,2.4699999999999987e-05,2.4727692307692303e-05,2.5297352941176463e-05
98,2.462e-05,1549857600,2.472e-05,2.446e-05,2.472e-05,89.7685552,0.00220188,2.452e-05,0.0013711000000001296,0.017047601538461497,0.060690790294117586,2.461333333333332e-05,2.46976923076923e-05,2.523058823529411e-05
99,2.422e-05,1549864800,2.467e-05,2.419e-05,2.467e-05,26064.27191759,0.63098,2.42e-05,0.21136437000000016,0.06365921923076918,0.07569217499999994,2.4469999999999984e-05,2.4653076923076913e-05,2.514911764705882e-05
100,2.438e-05,1549872000,2.438e-05,2.412e-05,2.434e-05,3903.81955008,0.09420669,2.413e-05,0.2424628566666668,0.07076416153846149,0.07187723647058818,2.4406666666666648e-05,2.4642307692307684e-05,2.5087941176470583e-05
101,2.425e-05,1549879200,2.435e-05,2.412e-05,2.435e-05,902.63777969,0.02187941,2.423e-05,0.2490220333333335,0.07187589230769227,0.06701108294117641,2.4283333333333315e-05,2.4583846153846146e-05,2.503647058823529e-05
102,2.428e-05,1549886400,2.449e-05,2.398e-05,2.426e-05,13077.42484835,0.31581062,2.414e-05,0.14396557333333349,0.09616901692307689,0.07302034176470583,2.4303333333333318e-05,2.45276923076923e-05,2.4982058823529407e-05
103,2.47e-05,1549893600,2.47e-05,2.454e-05,2.454e-05,3112.88645658,0.0765247,2.458e-05,0.13807157666666683,0.10138473384615382,0.07490724264705878,2.440999999999998e-05,2.457076923076922e-05,2.4957352941176466e-05
104,2.424e-05,1549900800,2.44e-05,2.422e-05,2.44e-05,3968.92759176,0.09614577,2.422e-05,0.16282703000000015,0.10684983230769228,0.07771858911764701,2.440666666666665e-05,2.450999999999999e-05,2.4903823529411763e-05
105,2.433e-05,1549908000,2.435e-05,2.43e-05,2.43e-05,4536.30987838,0.11023385,2.43e-05,0.09430144000000017,0.11372046999999998,0.07995489264705878,2.4423333333333317e-05,2.448230769230768e-05,2.4858529411764707e-05
106,2.434e-05,1549915200,2.435e-05,2.417e-05,2.435e-05,82.21914616,0.00199899,2.431e-05,0.06945953666666682,0.11306667999999996,0.07927288558823527,2.4303333333333318e-05,2.446230769230768e-05,2.4839117647058823e-05
107,2.429e-05,1549922400,2.429e-05,2.419e-05,2.419e-05,37.12103746,0.00089836,2.42e-05,0.03771040000000015,0.1128917715384615,0.07717783970588232,2.4319999999999984e-05,2.4442307692307676e-05,2.481470588235294e-05
108,2.432e-05,1549929600,2.54e-05,2.43e-05,2.43e-05,44756.83498217,1.10221823,2.462e-05,0.36837186000000016,0.1888469169230769,0.10926233088235292,2.4316666666666654e-05,2.439923076923075e-05,2.4789705882352938e-05
109,2.458e-05,1549936800,2.458e-05,2.452e-05,2.453e-05,1124.01680099,0.02760356,2.455e-05,0.37690671666666686,0.19089333,0.10566389205882351,2.4396666666666653e-05,2.4393846153846136e-05,2.4760882352941173e-05
110,2.457e-05,1549944000,2.457e-05,2.457e-05,2.457e-05,32.56003189,0.00079999,2.457e-05,0.3768739266666668,0.1908847730769231,0.10476994117647057,2.4489999999999987e-05,2.4393846153846136e-05,2.4744705882352938e-05
111,2.432e-05,1549951200,2.454e-05,2.431e-05,2.454e-05,2860.78906658,0.06957813,2.432e-05,0.03266056000000014,0.19606756153846155,0.10384869499999999,2.4489999999999987e-05,2.4370769230769213e-05,2.471176470588235e-05
112,2.435e-05,1549958400,2.44e-05,2.419e-05,2.428e-05,13078.81650888,0.3177537,2.429e-05,0.12937727333333346,0.17197323076923077,0.11187829352941174,2.441333333333332e-05,2.4380769230769218e-05,2.4675882352941173e-05
113,2.499e-05,1549965600,2.499e-05,2.442e-05,2.465e-05,8221.45033513,0.20424396,2.484e-05,0.19719193000000013,0.18043763615384614,0.11656593588235291,2.4553333333333317e-05,2.4427692307692295e-05,2.4666470588235294e-05
114,2.5e-05,1549972800,2.54e-05,2.455e-05,2.513e-05,6187.7321716,0.15505147,2.505e-05,0.22568304333333344,0.19068164076923078,0.11935644441176467,2.4779999999999986e-05,2.4485384615384602e-05,2.465e-05
115,2.5e-05,1549980000,2.5e-05,2.46e-05,2.49e-05,1828.08221519,0.04564527,2.496e-05,0.13498023333333345,0.16989969076923075,0.11969167529411762,2.4996666666666654e-05,2.4540769230769216e-05,2.4640882352941174e-05
116,2.475e-05,1549987200,2.475e-05,2.447e-05,2.47e-05,10176.91924097,0.25118539,2.468e-05,0.15062737666666678,0.18333512846153843,0.11237724441176467,2.4916666666666655e-05,2.454461538461537e-05,2.4623235294117643e-05
117,2.485e-05,1549994400,2.493e-05,2.48e-05,2.493e-05,8848.02447639,0.21985386,2.484e-05,0.17222817333333348,0.19285113538461535,0.11881305647058817,2.4866666666666653e-05,2.459153846153844e-05,2.4614411764705878e-05
118,2.459e-05,1550001600,2.483e-05,2.459e-05,2.483e-05,122.54602896,0.0030158,2.46e-05,0.15801835000000014,0.18460359307692303,0.11691621588235288,2.4729999999999985e-05,2.4611538461538445e-05,2.4600882352941174e-05
119,2.475e-05,1550008800,2.475e-05,2.465e-05,2.467e-05,17406.45526645,0.42989959,2.469e-05,0.21758975000000014,0.21751902384615376,0.12932782823529407,2.472999999999998e-05,2.4643076923076908e-05,2.4593235294117645e-05
120,2.452e-05,1550016000,2.501e-05,2.452e-05,2.501e-05,974.79197133,0.02397229,2.459e-05,0.15229589333333346,0.2192939415384615,0.12929674941176464,2.461999999999998e-05,2.4660769230769215e-05,2.4585e-05
121,2.452e-05,1550023200,2.452e-05,2.452e-05,2.452e-05,0.0,0.0,2.452e-05,0.1512906266666668,0.1345079238461538,0.12924255999999995,2.459666666666665e-05,2.467615384615383e-05,2.4585e-05
122,2.474e-05,1550030400,2.474e-05,2.474e-05,2.474e-05,22.05254648,0.00054557,2.474e-05,0.00817262000000013,0.13242653999999995,0.12904016764705875,2.459333333333332e-05,2.468846153846152e-05,2.457705882352941e-05
123,2.464e-05,1550037600,2.47e-05,2.464e-05,2.47e-05,323.17927299,0.00798089,2.469e-05,0.002842153333333463,0.13297891692307687,0.12927489970588227,2.4633333333333323e-05,2.4693846153846133e-05,2.4566176470588232e-05
124,2.457e-05,1550044800,2.46e-05,2.457e-05,2.46e-05,5470.71391147,0.13457943,2.459e-05,0.047701963333333465,0.13797901692307687,0.13297663647058816,2.464999999999999e-05,2.4713076923076902e-05,2.4578823529411766e-05
125,2.44e-05,1550052000,2.456e-05,2.43e-05,2.456e-05,214.89175443,0.00523939,2.438e-05,0.04926657000000014,0.11393945461538459,0.13239251588235287,2.4536666666666655e-05,2.4716923076923057e-05,2.4560294117647062e-05
126,2.44e-05,1550059200,2.45e-05,2.437e-05,2.437e-05,2379.50327577,0.05824301,2.447e-05,0.06602061000000013,0.10270861230769228,0.13349038205882346,2.4456666666666652e-05,2.4671538461538437e-05,2.4551764705882356e-05
127,2.44e-05,1550066400,2.44e-05,2.44e-05,2.44e-05,0.0,0.0,2.44e-05,0.021160800000000136,0.09078157615384612,0.13318160970588228,2.4399999999999983e-05,2.462538461538459e-05,2.4545882352941183e-05
128,2.44e-05,1550073600,2.44e-05,2.44e-05,2.44e-05,0.0,0.0,2.44e-05,0.019414336666666806,0.0872704015384615,0.13308831058823523,2.4399999999999983e-05,2.4579230769230744e-05,2.45414705882353e-05
129,2.44e-05,1550080800,2.44e-05,2.44e-05,2.44e-05,0.0,0.0,2.44e-05,1.3877787807814457e-16,0.06794844846153841,0.12971180058823523,2.4399999999999983e-05,2.455230769230767e-05,2.452735294117648e-05
130,2.439e-05,1550088000,2.439e-05,2.439e-05,2.439e-05,4.10414104,0.00010009,2.439e-05,3.336333333347211e-05,0.051044312307692255,0.12968532705882346,2.4396666666666653e-05,2.4516923076923055e-05,2.451970588235295e-05
131,2.439e-05,1550095200,2.44e-05,2.43e-05,2.439e-05,61.20844524,0.00148904,2.432e-05,0.0005297100000001387,0.05092686923076918,0.12970232147058816,2.439333333333332e-05,2.450153846153844e-05,2.4514411764705892e-05
132,2.475e-05,1550102400,2.475e-05,2.45e-05,2.45e-05,11909.99917782,0.29405465,2.468e-05,0.0985479266666668,0.040477258461538414,0.13828622647058816,2.4509999999999984e-05,2.450153846153844e-05,2.4518235294117657e-05
133,2.475e-05,1550109600,2.475e-05,2.475e-05,2.475e-05,0.0,0.0,2.475e-05,0.09851456333333347,0.038633236153846104,0.1197279911764705,2.4629999999999986e-05,2.4519230769230744e-05,2.4533823529411772e-05
134,2.449e-05,1550116800,2.449e-05,2.429e-05,2.429e-05,233.58174229,0.00571382,2.446e-05,0.09992282333333347,0.03907276076923072,0.11712525970588228,2.466333333333332e-05,2.4516923076923055e-05,2.453705882352942e-05
135,2.423e-05,1550124000,2.449e-05,2.4e-05,2.436e-05,29200.55363499,0.70189512,2.403e-05,0.2358696466666668,0.0930227261538461,0.13712572176470578,2.4489999999999987e-05,2.4477692307692286e-05,2.4536470588235304e-05
136,2.425e-05,1550131200,2.425e-05,2.424e-05,2.425e-05,16.514746,0.00040039,2.424e-05,0.23600311000000015,0.09243961076923071,0.12784895029411758,2.4323333333333314e-05,2.444769230769229e-05,2.4535588235294125e-05
137,2.425e-05,1550138400,2.425e-05,2.425e-05,2.425e-05,0.0,0.0,2.425e-05,0.23409850333333349,0.08208734692307687,0.12559822382352934,2.4243333333333312e-05,2.4423076923076903e-05,2.4522352941176478e-05
138,2.423e-05,1550145600,2.424e-05,2.423e-05,2.423e-05,2315.42006986,0.0561164,2.423e-05,0.018838930000000143,0.08600096307692302,0.12442088941176462,2.4243333333333312e-05,2.4409999999999978e-05,2.4522058823529418e-05
139,2.421e-05,1550152800,2.424e-05,2.404e-05,2.404e-05,301.99570044,0.00728155,2.411e-05,0.02113265000000014,0.08208085076923072,0.1213928805882352,2.4229999999999976e-05,2.4395384615384594e-05,2.451852941176471e-05
140,2.424e-05,1550160000,2.425e-05,2.421e-05,2.425e-05,12.3920281,0.00030029,2.423e-05,0.021232746666666805,0.08210394999999995,0.12134291882352934,2.4226666666666646e-05,2.4383076923076904e-05,2.4515588235294125e-05
141,2.387e-05,1550167200,2.415e-05,2.352e-05,2.415e-05,52996.06973088,1.26901247,2.394e-05,0.42553143666666676,0.1797202938461538,0.15864039264705876,2.4106666666666644e-05,2.4342307692307673e-05,2.450323529411765e-05
142,2.41e-05,1550174400,2.41e-05,2.41e-05,2.41e-05,16.61410788,0.00040039,2.41e-05,0.42323771666666676,0.17975109307692302,0.12623398558823523,2.4069999999999978e-05,2.431923076923075e-05,2.4496764705882358e-05
143,2.399e-05,1550181600,2.425e-05,2.399e-05,2.407e-05,15259.58196598,0.36815537,2.412e-05,0.5458560766666668,0.20806303769230763,0.13625021529411757,2.398666666666664e-05,2.4288461538461517e-05,2.447941176470589e-05
144,2.408e-05,1550188800,2.408e-05,2.398e-05,2.398e-05,1452.12265302,0.03492455,2.405e-05,0.13449343666666672,0.21063499999999993,0.13725387882352935,2.4056666666666642e-05,2.4264615384615363e-05,2.4465000000000007e-05
145,2.422e-05,1550196000,2.422e-05,2.422e-05,2.422e-05,228.20117638,0.00552703,2.422e-05,0.13620231666666674,0.18844056769230763,0.1353700229411764,2.409666666666664e-05,2.4223846153846133e-05,2.446205882352942e-05
146,2.422e-05,1550203200,2.422e-05,2.422e-05,2.422e-05,0.0,0.0,2.422e-05,0.01348386000000007,0.18844056769230763,0.12602432588235288,2.4173333333333304e-05,2.4183076923076902e-05,2.4458235294117654e-05
147,2.389e-05,1550210400,2.425e-05,2.374e-05,2.425e-05,27470.87350949,0.65396684,2.38e-05,0.21983129000000012,0.23830618461538458,0.1392514694117646,2.410999999999997e-05,2.4136923076923055e-05,2.4425882352941184e-05
148,2.4e-05,1550217600,2.415e-05,2.386e-05,2.4e-05,8965.12057549,0.21439177,2.391e-05,0.28945287000000014,0.2008059269230769,0.14099677235294109,2.403666666666664e-05,2.4119230769230748e-05,2.4396470588235305e-05
149,2.415e-05,1550224800,2.415e-05,2.399e-05,2.4e-05,8595.95088495,0.20629058,2.399e-05,0.35821639666666677,0.21664363384615384,0.14572163441176464,2.401333333333331e-05,2.411153846153844e-05,2.4371470588235308e-05
150,2.409e-05,1550232000,2.412e-05,2.409e-05,2.412e-05,38.74743003,0.0009344,2.411e-05,0.14053891666666676,0.21671551076923073,0.13836131117647052,2.4079999999999976e-05,2.4099230769230745e-05,2.4352058823529425e-05
151,2.409e-05,1550239200,2.409e-05,2.409e-05,2.409e-05,0.0,0.0,2.409e-05,0.06907499333333343,0.2123988646153846,0.13189502117647053,2.410999999999998e-05,2.4088461538461516e-05,2.4329705882352956e-05
152,2.396e-05,1550246400,2.396e-05,2.383e-05,2.396e-05,1233.40663325,0.02953732,2.394e-05,0.010157240000000104,0.21411084692307691,0.1326750658823529,2.4046666666666644e-05,2.406923076923075e-05,2.431117647058825e-05
153,2.384e-05,1550253600,2.389e-05,2.323e-05,2.389e-05,51660.03358858,1.21009425,2.342e-05,0.41321052333333347,0.3071719207692307,0.15562196764705877,2.396333333333331e-05,2.4038461538461518e-05,2.4284411764705896e-05
154,2.38e-05,1550260800,2.401e-05,2.38e-05,2.383e-05,14.64343636,0.00034967,2.387e-05,0.4133270800000002,0.20958247461538454,0.15492718470588232,2.3866666666666643e-05,2.4033076923076902e-05,2.4263235294117663e-05
155,2.398e-05,1550268000,2.398e-05,2.396e-05,2.396e-05,37.13811069,0.00088991,2.396e-05,0.4037779433333335,0.20962012999999996,0.15495335852941172,2.3873333333333304e-05,2.402384615384613e-05,2.4247352941176488e-05
156,2.447e-05,1550275200,2.447e-05,2.399e-05,2.399e-05,457.89931796,0.01109171,2.422e-05,0.004110430000000183,0.1821536946153846,0.155263539117647,2.4083333333333303e-05,2.406076923076921e-05,2.42394117647059e-05
157,2.405e-05,1550282400,2.415e-05,2.4e-05,2.415e-05,136.62039885,0.00329086,2.408e-05,0.00509082666666685,0.17972033384615382,0.15512559705882348,2.416666666666664e-05,2.405846153846152e-05,2.4222058823529424e-05
158,2.395e-05,1550289600,2.402e-05,2.36e-05,2.402e-05,1401.28199281,0.03325221,2.372e-05,0.015878260000000182,0.18185304,0.15214538470588232,2.415666666666664e-05,2.403769230769229e-05,2.4203823529411777e-05
159,2.404e-05,1550296800,2.411e-05,2.404e-05,2.408e-05,103.79734996,0.00250009,2.408e-05,0.013014386666666851,0.1820453546153846,0.1520648170588235,2.401333333333331e-05,2.402384615384614e-05,2.419323529411766e-05
160,2.404e-05,1550304000,2.404e-05,2.404e-05,2.404e-05,0.0,0.0,2.404e-05,0.011917433333333519,0.13174021307692305,0.15035178735294114,2.400999999999998e-05,2.4035384615384605e-05,2.418264705882354e-05
161,2.42e-05,1550311200,2.426e-05,2.398e-05,2.398e-05,6201.75814509,0.15010883,2.42e-05,0.05086964000000018,0.12679537153846152,0.15476675294117642,2.409333333333331e-05,2.405076923076922e-05,2.4176764705882364e-05
162,2.427e-05,1550318400,2.427e-05,2.427e-05,2.427e-05,66.44421386,0.0016126,2.427e-05,0.05057381000000017,0.11105091153846153,0.15481418235294112,2.416999999999998e-05,2.405999999999999e-05,2.4172941176470596e-05
163,2.432e-05,1550325600,2.44e-05,2.432e-05,2.438e-05,135.51539861,0.0033,2.435e-05,0.051673810000000174,0.11123288076923075,0.15491124117647054,2.426333333333331e-05,2.4077692307692297e-05,2.4170588235294124e-05
164,2.429e-05,1550332800,2.446e-05,2.425e-05,2.432e-05,11675.01995677,0.28347046,2.428e-05,0.09612768666666682,0.13303830076923076,0.16324566382352937,2.4293333333333313e-05,2.409307692307691e-05,2.416764705882354e-05
165,2.431e-05,1550340000,2.431e-05,2.431e-05,2.431e-05,182.00287947,0.00442448,2.431e-05,0.09706498000000015,0.13110654384615383,0.1633320002941176,2.430666666666665e-05,2.4119999999999986e-05,2.416529411764707e-05
166,2.433e-05,1550347200,2.44e-05,2.431e-05,2.431e-05,6413.99712053,0.15613221,2.434e-05,0.14800905000000014,0.050032540769230756,0.15927545794117642,2.4309999999999986e-05,2.4157692307692293e-05,2.41529411764706e-05
167,2.447e-05,1550354400,2.447e-05,2.447e-05,2.447e-05,0.41790626,1.022e-05,2.447e-05,0.053522303333333486,0.050006429230769214,0.15927575852941173,2.4369999999999985e-05,2.4209230769230756e-05,2.414470588235295e-05
168,2.489e-05,1550361600,2.495e-05,2.418e-05,2.428e-05,1603.37112218,0.03945372,2.46e-05,0.06519871666666681,0.05297287615384613,0.16026810852941173,2.456333333333332e-05,2.4279230769230757e-05,2.41564705882353e-05
169,2.509e-05,1550368800,2.529e-05,2.509e-05,2.514e-05,1511.53845,0.03806319,2.518e-05,0.025842376666666816,0.05504760538461537,0.14074363999999995,2.4816666666666645e-05,2.4326923076923065e-05,2.418176470588236e-05
170,2.499e-05,1550376000,2.5e-05,2.457e-05,2.5e-05,2215.38622575,0.05472256,2.47e-05,0.04407982333333348,0.05900388999999998,0.1423413508823529,2.498999999999998e-05,2.439923076923076e-05,2.4203529411764714e-05
171,2.495e-05,1550383200,2.495e-05,2.439e-05,2.469e-05,719.82160205,0.01759079,2.443e-05,0.036792180000000146,0.05779916538461537,0.1428587270588235,2.500999999999998e-05,2.447615384615383e-05,2.4224117647058833e-05
172,2.5e-05,1550390400,2.5e-05,2.48e-05,2.494e-05,2062.91740146,0.05140125,2.491e-05,0.04123820000000015,0.061560793076923054,0.14272004617647055,2.4979999999999978e-05,2.4549999999999987e-05,2.4246764705882365e-05
173,2.49e-05,1550397600,2.49e-05,2.49e-05,2.49e-05,474.61767068,0.01181797,2.49e-05,0.026936670000000152,0.06246986769230767,0.1428534702941176,2.4949999999999973e-05,2.461615384615383e-05,2.4267058823529425e-05
174,2.47e-05,1550404800,2.47e-05,2.47e-05,2.47e-05,64.77732849,0.0016,2.47e-05,0.021606406666666824,0.05104611153846152,0.14289169705882346,2.4866666666666643e-05,2.465461538461537e-05,2.4280588235294128e-05
175,2.525e-05,1550412000,2.528e-05,2.454e-05,2.454e-05,5275.92875481,0.13211955,2.504e-05,0.04851250666666682,0.061085107692307676,0.10945366999999993,2.494999999999998e-05,2.4729999999999985e-05,2.4321176470588244e-05
176,2.559e-05,1550419200,2.609e-05,2.529e-05,2.529e-05,20525.97505661,0.53227914,2.593e-05,0.22199956333333348,0.10177581076923074,0.12509716264705875,2.5179999999999983e-05,2.482769230769229e-05,2.436500000000001e-05
177,2.561e-05,1550426400,2.561e-05,2.537e-05,2.549e-05,80.67404602,0.00204905,2.539e-05,0.2221492466666668,0.08012800999999999,0.11432932970588228,2.548333333333331e-05,2.4929230769230756e-05,2.441264705882354e-05
178,2.591e-05,1550433600,2.609e-05,2.557e-05,2.571e-05,13212.9003583,0.34210486,2.589e-05,0.29214435000000016,0.10610342384615384,0.12336404470588226,2.570333333333331e-05,2.5052307692307678e-05,2.4466470588235303e-05
179,2.559e-05,1550440800,2.597e-05,2.559e-05,2.591e-05,3161.40818787,0.08186897,2.589e-05,0.14200762666666686,0.10039086692307692,0.12560939588235287,2.570333333333331e-05,2.5149230769230754e-05,2.4506764705882363e-05
180,2.5e-05,1550448000,2.571e-05,2.479e-05,2.571e-05,2687.26747249,0.06685669,2.487e-05,0.16361017333333353,0.10553290307692306,0.12757576911764698,2.549999999999998e-05,2.5189999999999984e-05,2.4529705882352948e-05
181,2.48e-05,1550455200,2.48e-05,2.48e-05,2.48e-05,2005.0,0.049724,2.48e-05,0.06614988666666687,0.1063229246153846,0.10980392088235288,2.512999999999998e-05,2.5183076923076906e-05,2.45564705882353e-05
182,2.497e-05,1550462400,2.497e-05,2.497e-05,2.497e-05,33.02322787,0.00082458,2.497e-05,0.03913509000000019,0.10345841615384616,0.10352253294117642,2.4923333333333312e-05,2.5173846153846132e-05,2.4585000000000006e-05
183,2.497e-05,1550469600,2.497e-05,2.497e-05,2.497e-05,0.0,0.0,2.497e-05,0.01684952666666686,0.09924898846153846,0.09745516294117641,2.4913333333333314e-05,2.517230769230767e-05,2.4609117647058827e-05
184,2.526e-05,1550476800,2.526e-05,2.494e-05,2.494e-05,1538.75494207,0.03840168,2.495e-05,0.013075420000000197,0.10084982615384613,0.09855714176470584,2.5066666666666645e-05,2.519615384615382e-05,2.464352941176471e-05
185,2.47e-05,1550484000,2.494e-05,2.47e-05,2.494e-05,7711.72673252,0.19230141,2.493e-05,0.0769010300000002,0.11168829999999998,0.10421306558823525,2.4976666666666644e-05,2.5173076923076898e-05,2.4661470588235297e-05
186,2.494e-05,1550491200,2.505e-05,2.493e-05,2.493e-05,1023.40114124,0.02558249,2.499e-05,0.08542852666666688,0.1127471092307692,0.10409674705882348,2.4966666666666646e-05,2.517615384615382e-05,2.4690294117647062e-05
187,2.5e-05,1550498400,2.502e-05,2.5e-05,2.502e-05,666.10013227,0.01666129,2.501e-05,0.07818173000000021,0.11390566999999997,0.06899577764705878,2.487999999999998e-05,2.5199230769230745e-05,2.4724411764705885e-05
188,2.477e-05,1550505600,2.494e-05,2.446e-05,2.494e-05,11606.56127485,0.28552542,2.46e-05,0.10925640000000018,0.1257061215384615,0.0773832997058823,2.490333333333331e-05,2.516230769230767e-05,2.475294117647059e-05
189,2.484e-05,1550512800,2.484e-05,2.458e-05,2.477e-05,896.77256498,0.02227252,2.483e-05,0.10815307666666685,0.08647484307692303,0.07801219999999995,2.4869999999999974e-05,2.5104615384615362e-05,2.4778235294117647e-05
190,2.463e-05,1550520000,2.49e-05,2.463e-05,2.482e-05,454.46414184,0.0112192,2.468e-05,0.10633904666666684,0.08718023923076917,0.0780159497058823,2.474666666666664e-05,2.5029230769230745e-05,2.4782941176470592e-05
191,2.484e-05,1550527200,2.484e-05,2.433e-05,2.463e-05,530.69375968,0.01312179,2.472e-05,0.01553783666666686,0.061873849230769176,0.0783050947058823,2.4769999999999978e-05,2.494692307692305e-05,2.480617647058824e-05
192,2.397e-05,1550534400,2.448e-05,2.397e-05,2.448e-05,4467.90498206,0.10820259,2.421e-05,0.04418119333333353,0.06389951230769225,0.08050951764705877,2.447999999999998e-05,2.4822307692307665e-05,2.4806764705882356e-05
193,2.388e-05,1550541600,2.397e-05,2.385e-05,2.397e-05,1070.8016577,0.02559292,2.39e-05,0.048972433333333516,0.06072537615384609,0.0811887185294117,2.4229999999999976e-05,2.473615384615382e-05,2.4802058823529415e-05
194,2.361e-05,1550548800,2.395e-05,2.361e-05,2.388e-05,1509.53589212,0.03599586,2.384e-05,0.05659712333333352,0.05966936538461532,0.08224742029411758,2.3819999999999975e-05,2.4644615384615356e-05,2.4789411764705885e-05
195,2.402e-05,1550556000,2.407e-05,2.38e-05,2.386e-05,3144.14528606,0.0753251,2.395e-05,0.04563796000000018,0.06540017461538455,0.08004789882352935,2.3836666666666645e-05,2.4571538461538428e-05,2.4784117647058825e-05
196,2.412e-05,1550563200,2.42e-05,2.399e-05,2.41e-05,2616.76241186,0.06317885,2.414e-05,0.05816660333333352,0.0702600861538461,0.08185867088235288,2.3916666666666644e-05,2.450615384615381e-05,2.4779705882352943e-05
197,2.41e-05,1550570400,2.41e-05,2.399e-05,2.399e-05,161.09875637,0.00388246,2.409e-05,0.047462136666666856,0.06760476153846148,0.08187580205882346,2.4079999999999976e-05,2.441692307692304e-05,2.477323529411765e-05
198,2.405e-05,1550577600,2.407e-05,2.395e-05,2.407e-05,145.33929638,0.00348656,2.398e-05,0.023515956666666855,0.053080542307692255,0.07364098147058817,2.4089999999999978e-05,2.436692307692304e-05,2.4766176470588237e-05
199,2.395e-05,1550584800,2.401e-05,2.386e-05,2.401e-05,350.34062398,0.00840061,2.397e-05,0.0052565433333335255,0.05175885923076918,0.07375792647058817,2.4033333333333312e-05,2.4290769230769197e-05,2.4755588235294116e-05
200,2.396e-05,1550592000,2.397e-05,2.396e-05,2.396e-05,1698.06817936,0.04068656,2.396e-05,0.017524576666666857,0.05360695692307687,0.07036246617647052,2.3986666666666648e-05,2.4210769230769197e-05,2.4744705882352938e-05
201,2.387e-05,1550599200,2.401e-05,2.376e-05,2.396e-05,481.98805323,0.01152238,2.39e-05,0.020203183333333527,0.032529799999999956,0.070701059117647,2.3926666666666645e-05,2.4141538461538424e-05,2.4727058823529407e-05
202,2.387e-05,1550606400,2.388e-05,2.381e-05,2.387e-05,80.89965034,0.00192881,2.384e-05,0.01804591666666686,0.030964899230769186,0.06959738529411758,2.389999999999998e-05,2.406692307692304e-05,2.4697058823529412e-05
203,2.392e-05,1550613600,2.392e-05,2.381e-05,2.39e-05,4528.87987149,0.10832746,2.391e-05,0.04059288333333353,0.038434765384615335,0.07166398147058817,2.388666666666665e-05,2.401230769230766e-05,2.466264705882353e-05
204,2.36e-05,1550620800,2.392e-05,2.36e-05,2.392e-05,198.86564263,0.00471418,2.37e-05,0.038323483333333526,0.037788026153846105,0.07019314676470581,2.3796666666666652e-05,2.3916923076923044e-05,2.4621764705882354e-05
205,2.373e-05,1550628000,2.373e-05,2.347e-05,2.372e-05,158.21632512,0.00372816,2.356e-05,0.03892326666666686,0.029751531538461492,0.06978542235294112,2.3749999999999984e-05,2.3898461538461506e-05,2.4585882352941175e-05
206,2.363e-05,1550635200,2.373e-05,2.363e-05,2.372e-05,53.4826841,0.00126512,2.365e-05,0.00323582000000019,0.02788016230769226,0.06831083029411758,2.365333333333332e-05,2.387923076923074e-05,2.4545588235294116e-05
207,2.363e-05,1550642400,2.363e-05,2.363e-05,2.363e-05,0.0,0.0,2.363e-05,0.0016644266666668566,0.025111249999999953,0.0679632429411764,2.3663333333333317e-05,2.3880769230769206e-05,2.4508235294117645e-05
208,2.378e-05,1550649600,2.378e-05,2.378e-05,2.378e-05,1678.75862069,0.03992088,2.378e-05,0.013728666666666856,0.022387848461538414,0.06909032764705876,2.3679999999999987e-05,2.3862307692307668e-05,2.4481176470588235e-05
209,2.382e-05,1550656800,2.382e-05,2.363e-05,2.369e-05,580.28940968,0.0138087,2.379e-05,0.01790986000000019,0.01859014461538457,0.0656105967647058,2.3743333333333317e-05,2.3839230769230748e-05,2.4439117647058824e-05
210,2.37e-05,1550664000,2.372e-05,2.352e-05,2.372e-05,376.35372696,0.00888143,2.359e-05,0.020870336666666853,0.018974680769230725,0.050216546470588166,2.3766666666666654e-05,2.3808461538461515e-05,2.4383529411764705e-05
211,2.363e-05,1550671200,2.377e-05,2.304e-05,2.365e-05,4719.31075892,0.11005403,2.331e-05,0.044248053333333516,0.027172178461538413,0.05339316352941169,2.3716666666666656e-05,2.3776153846153825e-05,2.4325294117647055e-05
212,2.358e-05,1550678400,2.361e-05,2.333e-05,2.339e-05,439.04644909,0.01025241,2.335e-05,0.043062623333333515,0.02731462461538457,0.0436327973529411,2.3636666666666657e-05,2.3747692307692285e-05,2.4256764705882353e-05
213,2.331e-05,1550685600,2.358e-05,2.331e-05,2.358e-05,5468.08839048,0.12776949,2.336e-05,0.08269197666666686,0.034013311538461495,0.04498281264705875,2.3506666666666656e-05,2.3697692307692284e-05,2.418970588235294e-05
214,2.327e-05,1550692800,2.331e-05,2.314e-05,2.329e-05,81.95220983,0.00190647,2.326e-05,0.04664279000000019,0.03327362615384611,0.04307251205882345,2.3386666666666654e-05,2.3651538461538437e-05,2.4138823529411767e-05
215,2.333e-05,1550700000,2.335e-05,2.333e-05,2.335e-05,543.99812531,0.01269176,2.333e-05,0.04745590666666686,0.034101545384615344,0.04198332852941169,2.330333333333332e-05,2.3609999999999976e-05,2.4095588235294122e-05
216,2.365e-05,1550707200,2.388e-05,2.278e-05,2.372e-05,4602.19549333,0.10773704,2.34e-05,0.04077842333333353,0.034056128461538424,0.04512781264705874,2.341666666666666e-05,2.3589230769230748e-05,2.4056764705882355e-05
217,2.373e-05,1550714400,2.38e-05,2.361e-05,2.38e-05,1947.04596691,0.04620699,2.373e-05,0.05554526333333353,0.03724788307692303,0.0464868417647058,2.3569999999999993e-05,2.359923076923075e-05,2.402029411764706e-05
218,2.348e-05,1550721600,2.357e-05,2.348e-05,2.356e-05,19.7497777,0.0004648,2.353e-05,0.05146961000000019,0.03699685538461534,0.04537105117647051,2.3619999999999994e-05,2.357999999999998e-05,2.3967941176470587e-05
219,2.349e-05,1550728800,2.355e-05,2.349e-05,2.355e-05,108.29012676,0.00254661,2.351e-05,0.016406133333333527,0.037095431538461496,0.039790027647058746,2.3566666666666662e-05,2.3569230769230745e-05,2.3932352941176472e-05
220,2.314e-05,1550736000,2.33e-05,2.289e-05,2.33e-05,7886.20239581,0.18092125,2.294e-05,0.06131088666666686,0.05101245076923073,0.04435881470588227,2.336999999999999e-05,2.3531538461538438e-05,2.3879411764705882e-05
221,2.325e-05,1550743200,2.325e-05,2.29e-05,2.311e-05,3518.58199159,0.08058299,2.29e-05,0.08801695000000019,0.05414030538461534,0.046238864705882274,2.3293333333333326e-05,2.3490769230769208e-05,2.3827941176470588e-05
222,2.311e-05,1550750400,2.311e-05,2.306e-05,2.306e-05,90.32583296,0.00208377,2.306e-05,0.08786267000000018,0.05323838769230765,0.037902345588235214,2.316666666666666e-05,2.3436153846153824e-05,2.3779117647058823e-05
223,2.321e-05,1550757600,2.325e-05,2.292e-05,2.304e-05,66.29990913,0.0015233,2.297e-05,0.028063353333333513,0.052672377692307655,0.037292074411764624,2.3189999999999997e-05,2.339846153846152e-05,2.3731176470588234e-05
224,2.33e-05,1550764800,2.33e-05,2.316e-05,2.316e-05,28.86618012,0.00067038,2.322e-05,0.0014258166666668477,0.04425825076923073,0.03698181499999992,2.3206666666666662e-05,2.3373076923076905e-05,2.369205882352941e-05
225,2.321e-05,1550772000,2.321e-05,2.321e-05,2.321e-05,4.31279621,0.0001001,2.321e-05,0.0007645933333335144,0.04347730384615381,0.03659882411764698,2.3239999999999998e-05,2.334461538461537e-05,2.364411764705882e-05
226,2.312e-05,1550779200,2.312e-05,2.312e-05,2.312e-05,4.32958478,0.0001001,2.312e-05,0.0002901933333335144,0.0336565815384615,0.03341933911764698,2.3209999999999993e-05,2.3329999999999985e-05,2.3619117647058818e-05
227,2.335e-05,1550786400,2.335e-05,2.291e-05,2.291e-05,315.67813195,0.00735583,2.33e-05,0.0025186766666668477,0.03407576307692304,0.03288295411764698,2.3226666666666662e-05,2.3336153846153832e-05,2.36035294117647e-05
228,2.308e-05,1550793600,2.309e-05,2.301e-05,2.301e-05,370.09628608,0.00851838,2.301e-05,0.0053247700000001825,0.03375473384615381,0.032074792941176385,2.318333333333333e-05,2.331692307692306e-05,2.3587941176470584e-05
229,2.298e-05,1550800800,2.311e-05,2.281e-05,2.308e-05,7796.55123751,0.17904419,2.296e-05,0.06497280000000018,0.03923989923076919,0.03512535441176462,2.313666666666666e-05,2.3265384615384593e-05,2.3557352941176466e-05
230,2.299e-05,1550808000,2.299e-05,2.284e-05,2.298e-05,539.65512549,0.0123339,2.285e-05,0.06663215666666684,0.03663427692307688,0.03362991470588227,2.3016666666666663e-05,2.3208461538461518e-05,2.3524117647058816e-05
231,2.28e-05,1550815200,2.298e-05,2.28e-05,2.298e-05,1234.65439265,0.02816516,2.281e-05,0.07318108333333352,0.0387650738461538,0.0343441117647058,2.2923333333333328e-05,2.3156153846153827e-05,2.3485882352941172e-05
232,2.288e-05,1550822400,2.288e-05,2.288e-05,2.288e-05,50.0,0.001144,2.288e-05,0.013881020000000188,0.03865718076923072,0.034275212941176386,2.2889999999999993e-05,2.3109230769230756e-05,2.345147058823529e-05
233,2.286e-05,1550829600,2.286e-05,2.28e-05,2.28e-05,1870.6990102,0.04265254,2.28e-05,0.023987233333333524,0.028021126153846103,0.03528262264705874,2.2846666666666663e-05,2.308769230769229e-05,2.3419411764705876e-05
234,2.293e-05,1550836800,2.293e-05,2.258e-05,2.293e-05,4664.92422971,0.10584947,2.269e-05,0.04988200333333353,0.029964701538461484,0.037199178823529334,2.2889999999999996e-05,2.3063076923076906e-05,2.338911764705882e-05
235,2.291e-05,1550844000,2.291e-05,2.287e-05,2.288e-05,131.36174433,0.00300899,2.29e-05,0.050503666666666856,0.030035872307692255,0.03694878499999993,2.2899999999999998e-05,2.304769230769229e-05,2.3360882352941173e-05
236,2.305e-05,1550851200,2.305e-05,2.299e-05,2.301e-05,15.13253044,0.0003483,2.301e-05,0.036402253333333516,0.02994548769230764,0.036902299411764636,2.2963333333333334e-05,2.3035384615384597e-05,2.3336764705882352e-05
237,2.302e-05,1550858400,2.311e-05,2.302e-05,2.307e-05,716.65850641,0.01654439,2.308e-05,0.00663389333333352,0.031166565384615333,0.03420279735294111,2.2993333333333336e-05,2.3013846153846136e-05,2.331029411764706e-05
238,2.291e-05,1550865600,2.302e-05,2.271e-05,2.302e-05,99.61601519,0.00227246,2.281e-05,0.006388383333333521,0.031333669999999945,0.03413098205882346,2.2993333333333336e-05,2.2990769230769212e-05,2.3290000000000002e-05
239,2.291e-05,1550872800,2.291e-05,2.291e-05,2.291e-05,0.0,0.0,2.291e-05,0.0062722833333335205,0.031325969999999946,0.03402133029411757,2.2946666666666665e-05,2.2974615384615364e-05,2.3265882352941178e-05
240,2.291e-05,1550880000,2.291e-05,2.291e-05,2.291e-05,0.0,0.0,2.291e-05,0.0007574866666668541,0.03076013692307687,0.033984120882352864,2.291e-05,2.294076923076921e-05,2.3244705882352942e-05
241,2.291e-05,1550887200,2.291e-05,2.291e-05,2.291e-05,0.0,0.0,2.291e-05,1.874946956951599e-16,0.03010487692307687,0.033984120882352864,2.291e-05,2.2927692307692293e-05,2.322352941176471e-05
242,2.291e-05,1550894400,2.291e-05,2.291e-05,2.291e-05,0.0,0.0,2.291e-05,1.874946956951599e-16,0.01633224692307687,0.032809977352941104,2.291e-05,2.292230769230768e-05,2.319794117647059e-05
243,2.301e-05,1550901600,2.301e-05,2.301e-05,2.301e-05,20.81790872,0.00047902,2.301e-05,0.00015967333333352082,0.015420333076923023,0.0324179279411764,2.2943333333333334e-05,2.2923846153846138e-05,2.3174117647058825e-05
244,2.292e-05,1550908800,2.292e-05,2.292e-05,2.292e-05,292.74950278,0.00670981,2.292e-05,0.0023962766666668542,0.013769921538461486,0.03235405676470581,2.2946666666666672e-05,2.293307692307691e-05,2.3151176470588233e-05
245,2.307e-05,1550916000,2.307e-05,2.292e-05,2.292e-05,633.35348126,0.01458752,2.303e-05,0.007258783333333521,0.014804038461538408,0.02954621823529405,2.3000000000000003e-05,2.294769230769229e-05,2.313470588235294e-05
246,2.307e-05,1550923200,2.318e-05,2.307e-05,2.318e-05,84.37916564,0.00195422,2.315e-05,0.0077505166666668535,0.011673398461538408,0.029302153823529346,2.3020000000000003e-05,2.2963846153846135e-05,2.3119705882352942e-05
247,2.292e-05,1550930400,2.292e-05,2.292e-05,2.292e-05,809.13610373,0.01854539,2.292e-05,0.011695710000000187,0.004957699999999945,0.02608968029411758,2.3020000000000003e-05,2.2963076923076904e-05,2.3108235294117645e-05
248,2.3e-05,1550937600,2.321e-05,2.298e-05,2.32e-05,471.91822958,0.0108735,2.304e-05,0.010457703333333521,0.005562662307692252,0.02635341647058817,2.2996666666666666e-05,2.296999999999998e-05,2.310029411764706e-05
249,2.291e-05,1550944800,2.299e-05,2.282e-05,2.291e-05,782.51957065,0.01789329,2.286e-05,0.015770726666666856,0.006912276923076869,0.026506402647058752,2.2943333333333334e-05,2.2959230769230753e-05,2.3087941176470585e-05
250,2.273e-05,1550952000,2.289e-05,2.271e-05,2.289e-05,316.15800517,0.0072123,2.281e-05,0.011993030000000187,0.006194423846153792,0.02354979264705875,2.2879999999999998e-05,2.293692307692306e-05,2.3060882352941176e-05
251,2.278e-05,1550959200,2.278e-05,2.259e-05,2.27e-05,721.28194299,0.01637637,2.27e-05,0.013827320000000186,0.007279339999999946,0.02267242147058816,2.2806666666666663e-05,2.2926923076923062e-05,2.3032941176470587e-05
252,2.276e-05,1550966400,2.278e-05,2.276e-05,2.278e-05,77.63226326,0.00176775,2.277e-05,0.008452140000000186,0.007415320769230715,0.022710743529411687,2.275666666666666e-05,2.29153846153846e-05,2.3011764705882354e-05
