,close,date,high,low,open,quoteVolume,volume,weightedAverage,avg_vol_3,avg_vol_13,avg_vol_34,avg_close_3,avg_close_13,avg_close_34
0,6.648e-05,1552914661,6.648e-05,6.648e-05,6.648e-05,0.0,0.0,6.648e-05,-99999.0,-99999.0,-99999.0,-99999.0,-99999.0,-99999.0
1,6.38e-05,1552917600,6.611e-05,6.38e-05,6.611e-05,15684.10359328,1.01399473,6.465e-05,-99999.0,-99999.0,-99999.0,-99999.0,-99999.0,-99999.0
2,6.258e-05,1552924800,6.431e-05,6.258e-05,6.38e-05,13781.35310813,0.86920428,6.307e-05,0.6277330033333334,-99999.0,-99999.0,6.428666666666667e-05,-99999.0,-99999.0
3,6.289e-05,1552932000,6.36e-05,6.259e-05,6.259e-05,14875.44296688,0.93782942,6.304e-05,0.9403428100000001,-99999.0,-99999.0,6.309000000000001e-05,-99999.0,-99999.0
4,6.305e-05,1552939200,6.342e-05,6.227e-05,6.342e-05,7949.77833268,0.50020898,6.292e-05,0.7690808933333333,-99999.0,-99999.0,6.284e-05,-99999.0,-99999.0
5,6.345e-05,1552946400,6.394e-05,6.33e-05,6.33e-05,2491.15002316,0.15903378,6.383e-05,0.5323573933333333,-99999.0,-99999.0,6.313e-05,-99999.0,-99999.0
6,6.808e-05,1552953600,6.9e-05,6.457e-05,6.457e-05,36214.53163853,2.45678878,6.783e-05,1.0386771799999999,-99999.0,-99999.0,6.485999999999999e-05,-99999.0,-99999.0
7,6.61e-05,1552960800,6.742e-05,6.553e-05,6.742e-05,11226.22669143,0.74440576,6.63e-05,1.1200761066666667,-99999.0,-99999.0,6.587666666666666e-05,-99999.0,-99999.0
8,6.575e-05,1552968000,6.841e-05,6.536e-05,6.61e-05,6192.22124621,0.40798986,6.588e-05,1.2030614666666666,-99999.0,-99999.0,6.664333333333333e-05,-99999.0,-99999.0
9,6.7e-05,1552975200,6.721e-05,6.543e-05,6.569e-05,20855.55621679,1.39138774,6.671e-05,0.8479277866666667,-99999.0,-99999.0,6.628333333333332e-05,-99999.0,-99999.0
10,6.645e-05,1552982400,6.721e-05,6.534e-05,6.7e-05,3776.51343963,0.25195633,6.671e-05,0.6837779766666667,-99999.0,-99999.0,6.64e-05,-99999.0,-99999.0
11,6.49e-05,1552989600,6.599e-05,6.459e-05,6.561e-05,2520.65540941,0.16394311,6.503e-05,0.6024290600000001,-99999.0,-99999.0,6.611666666666667e-05,-99999.0,-99999.0
12,6.357e-05,1552996800,6.522e-05,6.357e-05,6.52e-05,4215.79779968,0.26925381,6.386e-05,0.22838441666666673,0.7050766600000001,-99999.0,6.497333333333334e-05,6.493076923076924e-05,-99999.0
13,6.409e-05,1553004000,6.474e-05,6.332e-05,6.388e-05,3580.28438795,0.22970214,6.415e-05,0.2209663533333334,0.7227460553846156,-99999.0,6.418666666666667e-05,6.474692307692308e-05,-99999.0
14,6.384e-05,1553011200,6.65e-05,6.384e-05,6.419e-05,6075.70132864,0.39384796,6.482e-05,0.2976013033333334,0.6750424576923079,-99999.0,6.383333333333333e-05,6.475e-05,-99999.0
15,6.486e-05,1553018400,6.486e-05,6.376e-05,6.379e-05,1149.92559444,0.0735188,6.393e-05,0.2323563000000001,0.6138358823076925,-99999.0,6.426333333333333e-05,6.492538461538462e-05,-99999.0
16,6.515e-05,1553025600,6.527e-05,6.483e-05,6.486e-05,1591.56961056,0.10353758,6.505e-05,0.1903014466666668,0.5496595869230771,-99999.0,6.461666666666666e-05,6.509923076923077e-05,-99999.0
17,6.426e-05,1553032800,6.512e-05,6.426e-05,6.438e-05,184.6213495,0.01188513,6.437e-05,0.06298050333333345,0.512096213846154,-99999.0,6.475666666666666e-05,6.519230769230769e-05,-99999.0
18,6.327e-05,1553040000,6.443e-05,6.327e-05,6.443e-05,945.39870566,0.06036117,6.384e-05,0.05859462666666679,0.5045060130769232,-99999.0,6.422666666666665e-05,6.517846153846155e-05,-99999.0
19,6.386e-05,1553047200,6.388e-05,6.28e-05,6.315e-05,3264.47740129,0.20729139,6.349e-05,0.09317923000000011,0.3314677523076925,-99999.0,6.379666666666667e-05,6.485384615384617e-05,-99999.0
20,6.28e-05,1553054400,6.415e-05,6.28e-05,6.345e-05,394.11439795,0.02502762,6.35e-05,0.0975600600000001,0.27613097230769246,-99999.0,6.331e-05,6.460000000000001e-05,-99999.0
21,6.337e-05,1553061600,6.37e-05,6.282e-05,6.31e-05,1068.80825966,0.06785626,6.348e-05,0.10005842333333342,0.24996684923076942,-99999.0,6.334333333333333e-05,6.441692307692309e-05,-99999.0
22,6.411e-05,1553068800,6.411e-05,6.321e-05,6.408e-05,413.18345845,0.02636617,6.381e-05,0.03975001666666677,0.14496519000000022,-99999.0,6.342666666666665e-05,6.41946153846154e-05,-99999.0
23,6.347e-05,1553076000,6.411e-05,6.347e-05,6.411e-05,16.009927,0.00102035,6.373e-05,0.031747593333333435,0.1256624223076925,-99999.0,6.364999999999999e-05,6.396538461538463e-05,-99999.0
24,6.375e-05,1553083200,6.441e-05,6.336e-05,6.36e-05,2758.80544991,0.17570572,6.368e-05,0.06769741333333344,0.12656723846153867,-99999.0,6.377666666666666e-05,6.38769230769231e-05,-99999.0
25,6.406e-05,1553090400,6.458e-05,6.339e-05,6.416e-05,2057.06607722,0.13177455,6.405e-05,0.1028335400000001,0.11599191076923097,-99999.0,6.376e-05,6.39146153846154e-05,-99999.0
26,6.498e-05,1553097600,6.583e-05,6.414e-05,6.414e-05,5258.68559624,0.343003,6.522e-05,0.21682775666666676,0.12470736153846174,-99999.0,6.426333333333334e-05,6.398307692307693e-05,-99999.0
27,6.54e-05,1553104800,6.573e-05,6.474e-05,6.525e-05,17180.17612693,1.12331974,6.538e-05,0.5326990966666667,0.18082057538461557,-99999.0,6.481333333333335e-05,6.410307692307694e-05,-99999.0
28,6.531e-05,1553112000,6.56e-05,6.459e-05,6.54e-05,19906.46883937,1.30092346,6.535e-05,0.9224154000000001,0.2752363184615386,-99999.0,6.523000000000001e-05,6.41376923076923e-05,-99999.0
29,6.408e-05,1553119200,6.545e-05,6.405e-05,6.545e-05,17933.36264625,1.16163727,6.477e-05,1.19529349,0.35662860230769244,-99999.0,6.493e-05,6.405538461538462e-05,-99999.0
30,6.465e-05,1553126400,6.467e-05,6.347e-05,6.463e-05,1332.37777981,0.0852206,6.396e-05,0.8492604433333334,0.3622697923076925,-99999.0,6.468e-05,6.408538461538462e-05,-99999.0
31,6.41e-05,1553133600,6.41e-05,6.41e-05,6.41e-05,5.21112414,0.00033403,6.41e-05,0.41573063333333343,0.35765232000000025,-99999.0,6.427666666666665e-05,6.414923076923076e-05,-99999.0
32,6.514e-05,1553140800,6.7e-05,6.44e-05,6.441e-05,1955.40201201,0.12857036,6.575e-05,0.07137499666666673,0.3515968561538464,-99999.0,6.462999999999998e-05,6.42476923076923e-05,-99999.0
33,6.525e-05,1553148000,6.868e-05,6.459e-05,6.504e-05,10480.85766714,0.70167662,6.694e-05,0.2768603366666667,0.40364677923076947,0.4564287205882352,6.482999999999997e-05,6.443615384615384e-05,6.452647058823532e-05
34,6.625e-05,1553155200,6.86e-05,6.512e-05,6.598e-05,49568.65465521,3.37300785,6.804e-05,1.4010849433333332,0.6578892092307694,0.5556348338235293,6.554666666666664e-05,6.46576923076923e-05,6.451970588235297e-05
35,6.701e-05,1553162400,6.796e-05,6.625e-05,6.64e-05,3133.53107389,0.2125267,6.782e-05,1.4290703899999997,0.6722092500000003,0.5320622447058823,6.616999999999998e-05,6.488076923076923e-05,6.461411764705884e-05
36,6.64e-05,1553169600,6.9e-05,6.525e-05,6.758e-05,2823.26082116,0.18933367,6.706e-05,1.2582894066666663,0.6866948900000003,0.5120660502941174,6.655333333333332e-05,6.510615384615383e-05,6.472647058823532e-05
37,6.3e-05,1553176800,6.602e-05,6.251e-05,6.58e-05,16092.03570407,1.01966211,6.336e-05,0.47384082666666627,0.7516146123076927,0.5144728941176469,6.546999999999998e-05,6.504846153846153e-05,6.472970588235297e-05
38,6.44e-05,1553184000,6.447e-05,6.345e-05,6.396e-05,2888.96251168,0.18446953,6.385e-05,0.4644884366666662,0.7556680723076927,0.5051864397058822,6.459999999999998e-05,6.507461538461537e-05,6.476941176470591e-05
39,6.411e-05,1553191200,6.486e-05,6.371e-05,6.393e-05,5029.94457482,0.32312931,6.424e-05,0.5090869833333329,0.7541393269230774,0.5100127788235291,6.383666666666664e-05,6.50076923076923e-05,6.47888235294118e-05
40,6.438e-05,1553198400,6.498e-05,6.431e-05,6.431e-05,352.09183978,0.02281271,6.479e-05,0.17680384999999954,0.6694849400000005,0.4384252473529409,6.429666666666664e-05,6.492923076923077e-05,6.468000000000004e-05
41,6.659e-05,1553205600,6.719e-05,6.436e-05,6.436e-05,7135.24152841,0.4733058,6.633e-05,0.2730826066666662,0.6058220430769237,0.43045171911764685,6.502666666666664e-05,6.50276923076923e-05,6.469441176470592e-05
42,6.697e-05,1553212800,6.748e-05,6.492e-05,6.65e-05,1261.43633684,0.08373719,6.638e-05,0.19328523333333292,0.5229066523076928,0.4209148758823527,6.597999999999999e-05,6.525e-05,6.47302941176471e-05
43,6.816e-05,1553220000,6.923e-05,6.644e-05,6.644e-05,16164.81533056,1.10444167,6.832e-05,0.5538282199999995,0.6013082730769236,0.41247528558823504,6.723999999999999e-05,6.552e-05,6.476441176470593e-05
44,6.772e-05,1553227200,6.898e-05,6.713e-05,6.817e-05,3070.19883894,0.20933782,6.818e-05,0.46583889333333284,0.6173854876923083,0.41122179999999975,6.761666666666665e-05,6.579846153846152e-05,6.48017647058824e-05
45,6.639e-05,1553234400,6.787e-05,6.639e-05,6.734e-05,1998.00914101,0.1346772,6.74e-05,0.4828188966666662,0.6178552446153852,0.41036103794117623,6.742333333333332e-05,6.589461538461538e-05,6.484558823529415e-05
46,6.524e-05,1553241600,6.723e-05,6.524e-05,6.639e-05,1931.61317857,0.12720226,6.585e-05,0.15707242666666624,0.57366490923077,0.40618305117647036,6.644999999999998e-05,6.589384615384616e-05,6.489470588235297e-05
47,6.628e-05,1553248800,6.628e-05,6.504e-05,6.523e-05,1774.47412693,0.11662482,6.572e-05,0.1261680933333329,0.3231739069230777,0.4028572476470586,6.596999999999998e-05,6.589615384615384e-05,6.495911764705886e-05
48,6.583e-05,1553256000,6.6e-05,6.509e-05,6.586e-05,283.96331577,0.01863005,6.56e-05,0.08748570999999956,0.30825878000000073,0.39182142676470566,6.578333333333331e-05,6.580538461538461e-05,6.501764705882356e-05
49,6.654e-05,1553263200,6.654e-05,6.561e-05,6.595e-05,907.52215903,0.0600311,6.614e-05,0.0650953233333329,0.2983124284615392,0.3914247297058821,6.621666666666665e-05,6.581615384615384e-05,6.506705882352944e-05
50,6.694e-05,1553270400,6.695e-05,6.618e-05,6.678e-05,4832.20717506,0.32296639,6.683e-05,0.13387584666666622,0.24472045000000076,0.39787851823529385,6.643666666666664e-05,6.611923076923076e-05,6.511970588235297e-05
51,6.668e-05,1553277600,6.668e-05,6.542e-05,6.631e-05,4687.65836867,0.31072458,6.628e-05,0.23124068999999955,0.2544323769230777,0.4066679138235292,6.671999999999997e-05,6.629461538461538e-05,6.51908823529412e-05
52,6.591e-05,1553284800,6.655e-05,6.578e-05,6.635e-05,1351.36164731,0.0895474,6.626e-05,0.24107945666666622,0.23646453769230844,0.407526332352941,6.650999999999996e-05,6.643307692307691e-05,6.526852941176475e-05
53,6.642e-05,1553292000,6.654e-05,6.577e-05,6.654e-05,833.71259039,0.05526446,6.628e-05,0.15184547999999956,0.2389608261538469,0.40305495205882336,6.633666666666662e-05,6.658999999999998e-05,6.534382352941182e-05
54,6.65e-05,1553299200,6.65e-05,6.617e-05,6.631e-05,1043.11036816,0.06932066,6.645e-05,0.07137750666666622,0.2078850461538469,0.4043576885294116,6.627666666666663e-05,6.658307692307691e-05,6.545264705882359e-05
55,6.573e-05,1553306400,6.654e-05,6.573e-05,6.603e-05,9058.31549727,0.5963743,6.583e-05,0.24031980666666622,0.24731867000000074,0.4199023367647058,6.621666666666663e-05,6.64876923076923e-05,6.552205882352946e-05
56,6.731e-05,1553313600,6.731e-05,6.61e-05,6.64e-05,3323.45111594,0.22172834,6.671e-05,0.29580776666666625,0.17941764461538534,0.4256482829411764,6.651333333333328e-05,6.642230769230769e-05,6.56161764705883e-05
57,6.748e-05,1553320800,6.79e-05,6.645e-05,6.725e-05,1010.666259,0.06789103,6.717e-05,0.2953312233333329,0.16853712230769305,0.42761506764705876,6.683999999999996e-05,6.640384615384615e-05,6.573411764705889e-05
58,6.752e-05,1553328000,6.803e-05,6.68e-05,6.769e-05,2538.95140702,0.17186686,6.769e-05,0.15382874333333285,0.17139786538461615,0.42750215999999996,6.743666666666662e-05,6.649076923076923e-05,6.584500000000006e-05
59,6.612e-05,1553335200,6.71e-05,6.597e-05,6.71e-05,4147.22223747,0.2755485,6.644e-05,0.1717687966666662,0.1828091146153854,0.43173080558823523,6.703999999999994e-05,6.655846153846154e-05,6.590558823529417e-05
60,6.624e-05,1553342400,6.628e-05,6.526e-05,6.595e-05,5747.35660969,0.37729612,6.564e-05,0.2749038266666662,0.20286075307692386,0.43273942676470584,6.662666666666662e-05,6.65553846153846e-05,6.594264705882358e-05
61,6.532e-05,1553349600,6.599e-05,6.526e-05,6.599e-05,7555.76444972,0.49409262,6.539e-05,0.3823124133333329,0.2394347969230777,0.41423274676470584,6.589333333333328e-05,6.651615384615383e-05,6.594029411764712e-05
62,6.601e-05,1553356800,6.602e-05,6.522e-05,6.559e-05,4684.0088151,0.30696643,6.553e-05,0.3927850566666662,0.2584298223076931,0.3849987164705882,6.58566666666666e-05,6.64753846153846e-05,6.596088235294124e-05
63,6.547e-05,1553364000,6.548e-05,6.537e-05,6.543e-05,4837.19202508,0.31666567,6.546e-05,0.3725749066666662,0.2579451515384623,0.36014661058823527,6.559999999999993e-05,6.636230769230768e-05,6.600176470588243e-05
64,6.559e-05,1553371200,6.559e-05,6.524e-05,6.551e-05,95.59191801,0.00626756,6.556e-05,0.2099665533333329,0.23452538076923155,0.3578244623529412,6.568999999999994e-05,6.627846153846152e-05,6.602941176470596e-05
65,6.56e-05,1553378400,6.562e-05,6.56e-05,6.562e-05,74.62045729,0.00489652,6.561e-05,0.10927658333333286,0.2280137746153854,0.35795865323529413,6.555333333333327e-05,6.625461538461537e-05,6.607352941176478e-05
66,6.575e-05,1553385600,6.594e-05,6.524e-05,6.543e-05,3064.78199747,0.20144134,6.572e-05,0.07086847333333286,0.2392581500000008,0.3601019173529412,6.564666666666662e-05,6.62030769230769e-05,6.609147058823536e-05
67,6.509e-05,1553392800,6.575e-05,6.509e-05,6.545e-05,3593.32060668,0.23497509,6.539e-05,0.1471043166666662,0.2520007984615393,0.34637540176470594,6.547999999999995e-05,6.609461538461536e-05,6.608676470588242e-05
68,6.484e-05,1553400000,6.509e-05,6.439e-05,6.509e-05,1644.39733674,0.10664282,6.485e-05,0.18101974999999956,0.21432914615384696,0.25030584205882356,6.522666666666662e-05,6.602615384615383e-05,6.604529411764712e-05
69,6.431e-05,1553407200,6.496e-05,6.431e-05,6.484e-05,20883.08102982,1.34496575,6.44e-05,0.5621945533333329,0.3007320238461546,0.2836128729411765,6.474666666666662e-05,6.57953846153846e-05,6.596588235294124e-05
70,6.368e-05,1553414400,6.438e-05,6.325e-05,6.438e-05,2146.9340983,0.13671524,6.367e-05,0.5294412699999996,0.3060261938461546,0.28206527205882354,6.427666666666662e-05,6.55030769230769e-05,6.588588235294124e-05
71,6.435e-05,1553421600,6.442e-05,6.332e-05,6.399e-05,32388.90227268,2.08258584,6.429e-05,1.188088943333333,0.45300457692307766,0.3133277347058824,6.41133333333333e-05,6.525923076923076e-05,6.592558823529418e-05
72,6.404e-05,1553428800,6.516e-05,6.404e-05,6.45e-05,9029.97228736,0.58672343,6.497e-05,0.9353415033333329,0.4769411100000008,0.3251587317647059,6.40233333333333e-05,6.509923076923075e-05,6.591500000000005e-05
73,6.46e-05,1553436000,6.522e-05,6.46e-05,6.479e-05,1570.50635495,0.1019496,6.491e-05,0.9237529566666662,0.4557606084615392,0.31865344617647057,6.432999999999998e-05,6.49730769230769e-05,6.592941176470594e-05
74,6.521e-05,1553443200,6.521e-05,6.457e-05,6.507e-05,108.08728009,0.00703006,6.504e-05,0.2319010299999995,0.41829425769230844,0.3181892505882353,6.461666666666663e-05,6.496461538461536e-05,6.595382352941182e-05
75,6.456e-05,1553450400,6.51e-05,6.455e-05,6.504e-05,2154.47639329,0.13908362,6.455e-05,0.08268775999999949,0.4053801953846161,0.30835918647058813,6.478999999999997e-05,6.48530769230769e-05,6.589411764705887e-05
76,6.42e-05,1553457600,6.496e-05,6.42e-05,6.456e-05,20109.32440771,1.29124117,6.421e-05,0.4791182833333328,0.48034754153846226,0.3438740094117646,6.465666666666664e-05,6.47553846153846e-05,6.581264705882358e-05
77,6.42e-05,1553464800,6.481e-05,6.42e-05,6.421e-05,8397.00135724,0.53909768,6.42e-05,0.6564741566666662,0.5213344738461546,0.3272462449999999,6.431999999999997e-05,6.464846153846152e-05,6.56961764705883e-05
78,6.403e-05,1553472000,6.48e-05,6.402e-05,6.421e-05,1279.12884083,0.08205965,6.415e-05,0.6374661666666661,0.52727009923077,0.32350276941176453,6.414333333333329e-05,6.45276923076923e-05,6.558764705882359e-05
79,6.389e-05,1553479200,6.452e-05,6.346e-05,6.401e-05,676.48006988,0.04327697,6.397e-05,0.22147809999999946,0.5151036092307699,0.320814527352941,6.403999999999996e-05,6.438461538461538e-05,6.55141176470589e-05
80,6.301e-05,1553486400,6.391e-05,6.301e-05,6.343e-05,8496.16566405,0.53920901,6.346e-05,0.22151520999999944,0.5385062184615392,0.33293237294117634,6.364333333333331e-05,6.422461538461538e-05,6.544852941176478e-05
81,6.375e-05,1553493600,6.412e-05,6.308e-05,6.36e-05,1752.08666153,0.11214665,6.4e-05,0.23154420999999945,0.5389295900000006,0.33280066205882336,6.354999999999997e-05,6.414076923076922e-05,6.537411764705888e-05
82,6.3e-05,1553500800,6.373e-05,6.297e-05,6.307e-05,966.04624922,0.06095496,6.309e-05,0.23743687333333277,0.4401595292307699,0.334045512352941,6.32533333333333e-05,6.403999999999999e-05,6.529088235294125e-05
83,6.343e-05,1553508000,6.345e-05,6.28e-05,6.3e-05,4916.32171451,0.30927584,6.29e-05,0.16079248333333282,0.4534334215384622,0.34137623999999983,6.33933333333333e-05,6.402076923076921e-05,6.519941176470596e-05
84,6.27e-05,1553515200,6.36e-05,6.27e-05,6.348e-05,3646.14316497,0.23141902,6.346e-05,0.20054993999999948,0.31103597384615445,0.3386836702941175,6.30433333333333e-05,6.389384615384613e-05,6.507470588235302e-05
85,6.289e-05,1553522400,6.296e-05,6.235e-05,6.271e-05,1701.17846636,0.10653148,6.262e-05,0.21574211333333282,0.2740981315384622,0.3326779908823528,6.300666666666664e-05,6.380538461538459e-05,6.496323529411773e-05
86,6.2e-05,1553529600,6.264e-05,6.135e-05,6.258e-05,9340.49797488,0.57844235,6.192e-05,0.3054642833333328,0.31075142000000056,0.3470572541176469,6.252999999999997e-05,6.36053846153846e-05,6.484823529411773e-05
87,6.2e-05,1553536800,6.2e-05,6.2e-05,6.2e-05,4.05544755,0.00025143,6.2e-05,0.2284084199999995,0.31022998692307746,0.3454392238235292,6.229666666666663e-05,6.335846153846151e-05,6.471823529411771e-05
88,6.2e-05,1553544000,6.2e-05,6.2e-05,6.2e-05,0.0,0.0,6.2e-05,0.19289792666666616,0.2995312469230775,0.3434003808823527,6.199999999999995e-05,6.316153846153845e-05,6.458588235294125e-05
89,6.2e-05,1553551200,6.24e-05,6.196e-05,6.196e-05,585.07753423,0.03630694,6.205e-05,0.012186123333332835,0.20299784461538517,0.32692781147058797,6.199999999999995e-05,6.299230769230766e-05,6.44761764705883e-05
90,6.522e-05,1553558400,6.522e-05,6.201e-05,6.201e-05,3843.94140071,0.24302282,6.322e-05,0.0931099199999995,0.18022285538461594,0.3275541197058821,6.307333333333329e-05,6.30707692307692e-05,6.4414705882353e-05
91,6.399e-05,1553565600,6.533e-05,6.397e-05,6.522e-05,2090.66735522,0.13541696,6.477e-05,0.13824890666666614,0.1843272638461544,0.329540176470588,6.373666666666663e-05,6.306769230769229e-05,6.431205882352947e-05
92,6.49e-05,1553572800,6.53e-05,6.395e-05,6.427e-05,3369.8635753,0.21825984,6.476e-05,0.1988998733333328,0.19778748461538515,0.3309046758823527,6.47033333333333e-05,6.314538461538459e-05,6.423500000000005e-05
93,6.679e-05,1553580000,7.353e-05,6.53e-05,6.559e-05,136138.9642172,9.41308316,6.914e-05,3.255586653333333,0.8803931884615389,0.5996556952941174,6.522666666666663e-05,6.343615384615383e-05,6.425470588235302e-05
94,6.583e-05,1553587200,6.802e-05,6.525e-05,6.647e-05,27209.98641554,1.81197683,6.659e-05,3.814439943333333,1.0111493561538467,0.6418521867647057,6.583999999999997e-05,6.359615384615383e-05,6.42426470588236e-05
95,6.556e-05,1553594400,6.7e-05,6.555e-05,6.609e-05,8811.64522881,0.58365024,6.623e-05,3.936236743333333,1.051356685384616,0.6444862344117644,6.605999999999996e-05,6.37930769230769e-05,6.424970588235302e-05
96,6.437e-05,1553601600,6.555e-05,6.425e-05,6.555e-05,1790.06574677,0.11620282,6.491e-05,0.8372766299999999,1.0365049146153853,0.6388755399999999,6.52533333333333e-05,6.38653846153846e-05,6.420147058823536e-05
97,6.469e-05,1553608800,6.586e-05,6.42e-05,6.421e-05,3523.72063615,0.22903658,6.499e-05,0.30962987999999975,1.0363216500000005,0.6362982138235292,6.48733333333333e-05,6.401846153846151e-05,6.417852941176477e-05
98,6.421e-05,1553616000,6.477e-05,6.361e-05,6.477e-05,3951.2820619,0.2537383,6.421e-05,0.1996592333333331,1.0476452515384622,0.6435767649999997,6.44233333333333e-05,6.411999999999998e-05,6.413794117647065e-05
99,6.482e-05,1553623200,6.51e-05,6.434e-05,6.468e-05,10913.26662377,0.70848452,6.491e-05,0.3970864666666664,1.0576484953846161,0.6642705297058821,6.457333333333329e-05,6.433692307692306e-05,6.411500000000007e-05
100,6.509e-05,1553630400,6.512e-05,6.449e-05,6.449e-05,8670.45797466,0.56018486,6.46e-05,0.5074692266666664,1.1007202976923085,0.6748218097058821,6.470666666666663e-05,6.457461538461536e-05,6.409558823529419e-05
101,6.483e-05,1553637600,6.521e-05,6.483e-05,6.484e-05,63.65523566,0.00414708,6.514e-05,0.42427215333333307,1.1010393038461546,0.6680327505882351,6.49133333333333e-05,6.479230769230767e-05,6.408794117647066e-05
102,6.511e-05,1553644800,6.522e-05,6.506e-05,6.509e-05,1024.19122819,0.06665612,6.508e-05,0.21032935333333305,1.1033738561538469,0.6668566711764704,6.500999999999996e-05,6.503153846153844e-05,6.409588235294126e-05
103,6.545e-05,1553652000,6.598e-05,6.508e-05,6.508e-05,15493.85922913,1.01619983,6.558e-05,0.36233434333333303,1.1628490107692313,0.6571870852941175,6.512999999999995e-05,6.504923076923074e-05,6.412941176470596e-05
104,6.617e-05,1553659200,6.617e-05,6.517e-05,6.575e-05,11725.04408458,0.77016545,6.568e-05,0.6176737999999996,1.2116758176923084,0.6758179738235293,6.557666666666662e-05,6.521692307692305e-05,6.42026470588236e-05
105,6.493e-05,1553666400,6.601e-05,6.473e-05,6.601e-05,4800.42240356,0.31338292,6.528e-05,0.6999160666666663,1.218992977692308,0.6237825938235292,6.551666666666663e-05,6.521923076923075e-05,6.421970588235302e-05
106,6.477e-05,1553673600,6.523e-05,6.45e-05,6.523e-05,2753.89783332,0.17842925,6.479e-05,0.42065920666666634,0.508634984615385,0.6117739414705881,6.528999999999997e-05,6.506384615384612e-05,6.42411764705883e-05
107,6.561e-05,1553680800,6.589e-05,6.508e-05,6.539e-05,5068.26042472,0.33276045,6.565e-05,0.2748575399999997,0.3948491092307697,0.6185624958823527,6.510333333333331e-05,6.504692307692306e-05,6.427088235294123e-05
108,6.486e-05,1553688000,6.563e-05,6.486e-05,6.498e-05,200.22592075,0.01308432,6.534e-05,0.17475800666666638,0.35095942307692357,0.618740562352941,6.507999999999997e-05,6.49930769230769e-05,6.426058823529417e-05
109,6.504e-05,1553695200,6.579e-05,6.486e-05,6.521e-05,951.31205759,0.06216413,6.534e-05,0.13600296666666636,0.3468026007692313,0.6164782244117644,6.516999999999996e-05,6.504461538461536e-05,6.4274705882353e-05
110,6.486e-05,1553702400,6.547e-05,6.468e-05,6.547e-05,3342.59919547,0.21696751,6.49e-05,0.09740531999999973,0.3458742107692313,0.5848819402941173,6.491999999999995e-05,6.505769230769229e-05,6.429411764705889e-05
111,6.474e-05,1553709600,6.5e-05,6.463e-05,6.5e-05,4906.10866848,0.31790043,6.479e-05,0.1990106899999997,0.35080975923076974,0.5783761388235291,6.487999999999995e-05,6.509846153846152e-05,6.431000000000007e-05
112,6.497e-05,1553716800,6.525e-05,6.459e-05,6.499e-05,10558.66196254,0.68474001,6.485e-05,0.4065359833333331,0.34898325846153894,0.5961020317647056,6.485666666666662e-05,6.510999999999998e-05,6.43376470588236e-05
113,6.47e-05,1553724000,6.504e-05,6.398e-05,6.504e-05,22385.0483059,1.43469106,6.409e-05,0.812443833333333,0.41625296615384666,0.6370259755882348,6.480333333333329e-05,6.507999999999998e-05,6.436147058823536e-05
114,6.465e-05,1553731200,6.505e-05,6.465e-05,6.478e-05,3437.88419628,0.22250703,6.472e-05,0.780646033333333,0.43304988538461586,0.6277112114705877,6.477333333333329e-05,6.506615384615382e-05,6.4409705882353e-05
115,6.487e-05,1553738400,6.487e-05,6.423e-05,6.465e-05,6196.71848731,0.39963469,6.449e-05,0.6856109266666665,0.458663621538462,0.6361667420588231,6.473999999999995e-05,6.504769230769228e-05,6.444264705882359e-05
116,6.601e-05,1553745600,6.601e-05,6.4e-05,6.462e-05,32727.60371712,2.11422607,6.46e-05,0.9121225966666665,0.5431271784615389,0.696557068823529,6.517666666666661e-05,6.50907692307692e-05,6.45311764705883e-05
117,6.472e-05,1553752800,6.666e-05,6.472e-05,6.552e-05,7657.43824077,0.5045797,6.589e-05,1.0061468199999999,0.5226975053846158,0.7023012999999995,6.519999999999994e-05,6.497923076923074e-05,6.456911764705887e-05
118,6.485e-05,1553760000,6.568e-05,6.474e-05,6.568e-05,487.38237546,0.03162254,6.488e-05,0.883476103333333,0.5010236300000004,0.696424932941176,6.519333333333329e-05,6.497307692307689e-05,6.463235294117652e-05
119,6.487e-05,1553767200,6.524e-05,6.481e-05,6.522e-05,539.30589667,0.03513672,6.515e-05,0.1904463199999998,0.490001127692308,0.694325087058823,6.481333333333328e-05,6.49807692307692e-05,6.469058823529417e-05
120,6.552e-05,1553774400,6.613e-05,6.51e-05,6.51e-05,1475.10085354,0.09702864,6.577e-05,0.054595966666666475,0.4718679115384618,0.6801658602941172,6.507999999999995e-05,6.497384615384612e-05,6.479411764705886e-05
121,6.598e-05,1553781600,6.598e-05,6.555e-05,6.596e-05,1200.98308237,0.07918523,6.593e-05,0.07045019666666648,0.47695259692307723,0.6824874426470584,6.54566666666666e-05,6.505999999999996e-05,6.491117647058828e-05
122,6.591e-05,1553788800,6.655e-05,6.555e-05,6.61e-05,4833.92865248,0.31844089,6.587e-05,0.1648849199999998,0.4966661938461541,0.6918533511764702,6.580333333333327e-05,6.512692307692303e-05,6.502617647058829e-05
123,6.604e-05,1553796000,6.641e-05,6.577e-05,6.577e-05,4500.51807618,0.29700771,6.599e-05,0.23154460999999982,0.5028231323076926,0.6995210208823526,6.597666666666661e-05,6.521769230769226e-05,6.514500000000005e-05
124,6.581e-05,1553803200,6.682e-05,6.579e-05,6.605e-05,10312.93800011,0.68210884,6.614e-05,0.4325191466666665,0.530839163846154,0.7124353155882349,6.591999999999995e-05,6.529999999999996e-05,6.516235294117651e-05
125,6.659e-05,1553810400,6.659e-05,6.565e-05,6.575e-05,1140.288687,0.07579025,6.646e-05,0.3516355999999999,0.4839968746153849,0.710681588823529,6.614666666666661e-05,6.542461538461534e-05,6.523882352941182e-05
126,6.643e-05,1553817600,6.75e-05,6.582e-05,6.641e-05,6064.62959846,0.40499945,6.678e-05,0.3876328466666666,0.404789827692308,0.7161739302941172,6.627666666666661e-05,6.555769230769226e-05,6.528382352941182e-05
127,6.776e-05,1553824800,6.811e-05,6.67e-05,6.67e-05,6303.65122283,0.42640629,6.764e-05,0.30239866333333326,0.42047438615384647,0.45185990470588194,6.69266666666666e-05,6.579692307692305e-05,6.531235294117652e-05
128,6.66e-05,1553832000,6.723e-05,6.607e-05,6.723e-05,9812.77614565,0.65684827,6.693e-05,0.4960846699999999,0.44026004615384645,0.4178855352941172,6.692999999999994e-05,6.592999999999997e-05,6.533500000000005e-05
129,6.798e-05,1553839200,6.809e-05,6.589e-05,6.614e-05,3934.39022496,0.26469496,6.727e-05,0.4493165066666665,0.2979884223076926,0.4085044976470584,6.74466666666666e-05,6.608153846153843e-05,6.54061764705883e-05
130,6.971e-05,1553846400,7.313e-05,6.811e-05,6.835e-05,118757.05940302,8.35256526,7.033e-05,3.091369496666667,0.9016796192307694,0.6507504517647054,6.809666666666661e-05,6.646538461538458e-05,6.556323529411771e-05
131,6.777e-05,1553853600,7.056e-05,6.751e-05,6.93e-05,22875.68157871,1.56670382,6.848e-05,3.394654680000001,1.0197627946153849,0.6900936058823525,6.848666666666661e-05,6.668999999999997e-05,6.565382352941182e-05
132,6.94e-05,1553860800,7.176e-05,6.692e-05,6.719e-05,23000.60469403,1.60202072,6.965e-05,3.8404299333333345,1.1402923330769232,0.7297489711764702,6.895999999999995e-05,6.70384615384615e-05,6.580647058823536e-05
133,7.054e-05,1553868000,7.175e-05,6.878e-05,6.939e-05,8219.51924395,0.57572569,7.004e-05,1.2481500766666678,1.1771151830769233,0.7258442997058819,6.923666666666661e-05,6.742461538461535e-05,6.5974705882353e-05
134,7.033e-05,1553875200,7.3e-05,7.018e-05,7.121e-05,16594.89830896,1.19640743,7.209e-05,1.124717946666668,1.2630553523076924,0.7445567282352937,7.008999999999996e-05,6.775923076923074e-05,6.612882352941182e-05
135,7.071e-05,1553882400,7.124e-05,6.983e-05,7.04e-05,3782.00381544,0.26537855,7.016e-05,0.6791705566666678,1.258973633846154,0.7522400067647056,7.052666666666664e-05,6.81284615384615e-05,6.630176470588241e-05
136,6.98e-05,1553889600,7.037e-05,6.939e-05,7.037e-05,2155.87392128,0.15006126,6.96e-05,0.5372824133333345,1.247670060769231,0.7546930991176467,7.027999999999997e-05,6.841769230769227e-05,6.6439705882353e-05
137,6.965e-05,1553896800,7.037e-05,6.965e-05,7.006e-05,3049.18242641,0.21420392,7.024e-05,0.2098812433333345,1.2116773746153848,0.7311049841176467,7.00533333333333e-05,6.871307692307688e-05,6.65632352941177e-05
138,6.817e-05,1553904000,6.975e-05,6.763e-05,6.975e-05,2549.51207992,0.17580779,6.895e-05,0.1800243233333345,1.2193710315384618,0.7136238764705878,6.920666666666662e-05,6.883461538461535e-05,6.662205882352948e-05
139,6.795e-05,1553911200,6.87e-05,6.743e-05,6.817e-05,533.73035454,0.03641043,6.821e-05,0.14214071333333453,1.1910180300000002,0.7054776267647055,6.858999999999994e-05,6.895153846153843e-05,6.671088235294124e-05
140,6.743e-05,1553918400,6.791e-05,6.705e-05,6.74e-05,6196.30659245,0.41949915,6.77e-05,0.21057245666666782,1.1904867115384619,0.7125679179411761,6.784999999999994e-05,6.89261538461538e-05,6.678911764705888e-05
141,6.803e-05,1553925600,6.847e-05,6.797e-05,6.837e-05,1276.75302011,0.087188,6.828e-05,0.18103252666666783,1.1466666907692311,0.7053451988235291,6.780333333333328e-05,6.90361538461538e-05,6.686029411764713e-05
142,6.762e-05,1553932800,6.779e-05,6.745e-05,6.779e-05,967.72008179,0.06548715,6.767e-05,0.19072476666666785,1.1313430130769233,0.7068864585294115,6.769333333333328e-05,6.900846153846149e-05,6.694147058823537e-05
143,6.717e-05,1553940000,6.763e-05,6.712e-05,6.762e-05,1534.68913088,0.10319481,6.724e-05,0.08528998666666786,0.4967760553846156,0.7080932432352939,6.760666666666663e-05,6.881307692307687e-05,6.70041176470589e-05
144,6.857e-05,1553947200,6.857e-05,6.7e-05,6.713e-05,9674.0243099,0.65624355,6.783e-05,0.27497517000000116,0.4267406500000002,0.7210131267647055,6.778666666666662e-05,6.887461538461534e-05,6.711323529411772e-05
145,6.804e-05,1553954400,6.818e-05,6.736e-05,6.755e-05,2311.58302737,0.1572253,6.801e-05,0.30555455333333453,0.315602540769231,0.7162873876470585,6.792666666666663e-05,6.876999999999995e-05,6.721029411764712e-05
146,6.788e-05,1553961600,6.801e-05,6.727e-05,6.801e-05,2547.25686663,0.1729005,6.787e-05,0.3287897833333346,0.2846159876923079,0.7012332844117645,6.816333333333328e-05,6.856538461538456e-05,6.729588235294124e-05
147,6.738e-05,1553968800,6.803e-05,6.738e-05,6.803e-05,1436.66365652,0.0968692,6.742e-05,0.14233166666666788,0.20003612384615407,0.6618855826470585,6.776666666666662e-05,6.833846153846148e-05,6.737470588235301e-05
148,6.804e-05,1553976000,6.804e-05,6.737e-05,6.738e-05,1527.78983039,0.10370207,6.787e-05,0.12449059000000122,0.1875994715384618,0.6583913191176469,6.776666666666662e-05,6.813307692307688e-05,6.747441176470596e-05
149,6.843e-05,1553983200,6.876e-05,6.767e-05,6.767e-05,2485.12316897,0.16976757,6.831e-05,0.1234462800000012,0.18911534153846177,0.6516305214705881,6.794999999999996e-05,6.802769230769226e-05,6.757911764705891e-05
150,6.776e-05,1553990400,6.779e-05,6.71e-05,6.779e-05,499.8468902,0.03371674,6.745e-05,0.10239546000000121,0.17523171230769252,0.5904390705882351,6.807666666666663e-05,6.788230769230765e-05,6.76305882352942e-05
151,6.703e-05,1553997600,6.775e-05,6.672e-05,6.738e-05,2762.53340674,0.18546763,6.713e-05,0.1296506466666679,0.17597477692307717,0.581053421470588,6.773999999999996e-05,6.779461538461534e-05,6.76985294117648e-05
152,6.593e-05,1554004800,6.73e-05,6.593e-05,6.73e-05,1474.54666385,0.0982947,6.666e-05,0.10582635666666788,0.1807351053846156,0.583014367352941,6.690666666666664e-05,6.763923076923073e-05,6.773029411764715e-05
153,6.677e-05,1554012000,6.677e-05,6.55e-05,6.597e-05,1371.41894038,0.09037493,6.589e-05,0.12471242000000121,0.1554178576923079,0.5846390205882351,6.657666666666664e-05,6.758846153846149e-05,6.778617647058832e-05
154,6.664e-05,1554019200,6.722e-05,6.619e-05,6.676e-05,11264.70476915,0.75127977,6.669e-05,0.3133164666666679,0.20650184000000021,0.6038817008823527,6.644666666666665e-05,6.748153846153842e-05,6.781911764705892e-05
155,6.721e-05,1554026400,6.721e-05,6.656e-05,6.665e-05,1841.5246659,0.12293335,6.675e-05,0.32152935000000127,0.21092077846153867,0.6051684102941174,6.687333333333332e-05,6.744999999999996e-05,6.785529411764714e-05
156,6.959e-05,1554033600,6.959e-05,6.633e-05,6.714e-05,10222.70005295,0.70174109,6.864e-05,0.5253180700000012,0.2569628000000002,0.616441945588235,6.781333333333332e-05,6.763615384615382e-05,6.796352941176479e-05
157,6.965e-05,1554040800,7.049e-05,6.876e-05,6.935e-05,9407.38013067,0.65506395,6.963e-05,0.4932461300000012,0.25687206153846176,0.6269730114705879,6.881666666666664e-05,6.771923076923073e-05,6.806970588235303e-05
158,6.926e-05,1554048000,6.964e-05,6.805e-05,6.964e-05,12054.47332652,0.83022923,6.887e-05,0.7290114233333346,0.30864159461538476,0.6313294935294114,6.949999999999997e-05,6.781307692307689e-05,6.817117647058833e-05
159,6.871e-05,1554055200,7.159e-05,6.827e-05,6.842e-05,28421.81217888,1.96159002,6.901e-05,1.148961066666668,0.4462330961538463,0.6867941926470584,6.920666666666663e-05,6.787692307692306e-05,6.823352941176479e-05
160,6.917e-05,1554062400,6.968e-05,6.866e-05,6.866e-05,1655.38783552,0.11454885,6.919e-05,0.9687893666666682,0.44759306923076936,0.678251527941176,6.904666666666664e-05,6.801461538461535e-05,6.831411764705891e-05
161,6.868e-05,1554069600,6.94e-05,6.824e-05,6.885e-05,2941.23672337,0.20252786,6.885e-05,0.7595555766666681,0.4551950530769232,0.6716668682352938,6.88533333333333e-05,6.806384615384613e-05,6.834117647058832e-05
162,6.904e-05,1554076800,6.932e-05,6.816e-05,6.869e-05,1134.05452258,0.07788716,6.868e-05,0.13165462333333475,0.44812732923076937,0.6546386002941172,6.896333333333332e-05,6.811076923076921e-05,6.841294117647067e-05
163,6.87e-05,1554084000,6.897e-05,6.804e-05,6.897e-05,255.2282684,0.01747005,6.844e-05,0.09929502333333474,0.446877583846154,0.6473672794117643,6.880666666666663e-05,6.81830769230769e-05,6.84341176470589e-05
164,6.897e-05,1554091200,6.897e-05,6.865e-05,6.865e-05,1741.33359516,0.11979772,6.879e-05,0.07171831000000141,0.4418260523076925,0.4052270576470584,6.890333333333331e-05,6.833230769230766e-05,6.841235294117654e-05
165,6.756e-05,1554098400,6.868e-05,6.69e-05,6.822e-05,7071.00652375,0.47993086,6.787e-05,0.2057328766666681,0.47118268000000013,0.3732631470588231,6.840999999999996e-05,6.845769230769228e-05,6.84061764705883e-05
166,6.75e-05,1554105600,6.75e-05,6.703e-05,6.735e-05,534.20503639,0.03599011,6.737e-05,0.21190623000000142,0.46699923230769247,0.32720342323529367,6.800999999999997e-05,6.851384615384613e-05,6.835029411764713e-05
167,6.755e-05,1554112800,6.774e-05,6.703e-05,6.76e-05,2267.79441459,0.1525531,6.726e-05,0.2228246900000014,0.4209433346153848,0.3147571705882348,6.753666666666663e-05,6.858384615384613e-05,6.826235294117653e-05
168,6.872e-05,1554120000,6.964e-05,6.747e-05,6.747e-05,6656.3024492,0.45788977,6.879e-05,0.21547766000000138,0.4467092130769232,0.293036062941176,6.792333333333329e-05,6.869999999999998e-05,6.821500000000006e-05
169,6.875e-05,1554127200,6.94e-05,6.851e-05,6.895e-05,670.38230273,0.04605744,6.87e-05,0.21883343666666807,0.3962720092307694,0.2865854420588231,6.833999999999996e-05,6.86353846153846e-05,6.815735294117653e-05
170,6.82e-05,1554134400,6.94e-05,6.82e-05,6.938e-05,850.3072195,0.05812491,6.835e-05,0.18735737333333471,0.3503536215384617,0.2838814317647054,6.855666666666664e-05,6.852384615384614e-05,6.811029411764713e-05
171,6.82e-05,1554141600,6.87e-05,6.82e-05,6.868e-05,118.89138506,0.00811237,6.823e-05,0.037431573333334724,0.28711386307692327,0.2778199155882349,6.838333333333332e-05,6.844230769230767e-05,6.806764705882359e-05
172,6.882e-05,1554148800,6.927e-05,6.798e-05,6.82e-05,7444.55346263,0.50674366,6.806e-05,0.19099364666666807,0.1752026046153848,0.2875533235294113,6.840666666666665e-05,6.845076923076922e-05,6.808676470588241e-05
173,6.847e-05,1554156000,6.877e-05,6.835e-05,6.875e-05,284.73653796,0.01955163,6.866e-05,0.1781358866666681,0.16789512615384636,0.28705747647058777,6.849666666666664e-05,6.839692307692306e-05,6.810205882352947e-05
174,7.051e-05,1554163200,7.088e-05,6.862e-05,6.862e-05,11395.17679235,0.79999567,7.02e-05,0.442096986666668,0.21385418846153867,0.29824855058823485,6.926666666666664e-05,6.853769230769229e-05,6.81926470588236e-05
175,6.982e-05,1554170400,7.124e-05,6.982e-05,7.051e-05,7871.12903723,0.55939313,7.106e-05,0.45964681000000135,0.25089310923076946,0.31213693676470544,6.959999999999997e-05,6.85976923076923e-05,6.824529411764712e-05
176,6.111e-05,1554177600,7.045e-05,5.67e-05,6.955e-05,93070.52510298,5.89077891,6.329e-05,2.4167225700000015,0.7026860984615386,0.4834690473529407,6.714666666666665e-05,6.801384615384614e-05,6.805382352941183e-05
177,6.31e-05,1554184800,6.379e-05,6.053e-05,6.147e-05,13595.01783611,0.84563965,6.22e-05,2.4319372300000013,0.7585200930769234,0.505305660294117,6.467666666666666e-05,6.756230769230767e-05,6.793411764705887e-05
178,6.251e-05,1554192000,6.385e-05,6.168e-05,6.385e-05,6570.2652179,0.41236747,6.276e-05,2.3829286766666677,0.7533229092307695,0.49813283441176415,6.223999999999999e-05,6.717384615384613e-05,6.775588235294123e-05
179,6.18e-05,1554199200,6.27e-05,6.147e-05,6.21e-05,1762.40157421,0.10951813,6.214e-05,0.45584175000000116,0.758978910769231,0.4967296823529407,6.246999999999998e-05,6.67353846153846e-05,6.757235294117651e-05
180,6.293e-05,1554206400,6.293e-05,6.182e-05,6.182e-05,1849.72856494,0.116084,6.275e-05,0.21265653333333454,0.7561735953846156,0.4950586088235289,6.241333333333331e-05,6.637999999999998e-05,6.74267647058824e-05
181,6.201e-05,1554213600,6.326e-05,6.201e-05,6.317e-05,2380.02545395,0.14963644,6.287e-05,0.12507952333333452,0.7324618007692311,0.49661058647058764,6.224666666666664e-05,6.586384615384614e-05,6.72688235294118e-05
182,6.289e-05,1554220800,6.29e-05,6.175e-05,6.175e-05,2172.07794985,0.13655431,6.286e-05,0.1340915833333345,0.7394230984615386,0.4975768288235289,6.260999999999999e-05,6.541307692307691e-05,6.71173529411765e-05
183,6.314e-05,1554228000,6.314e-05,6.215e-05,6.288e-05,4498.66520372,0.28243303,6.278e-05,0.18954126000000118,0.7566775692307695,0.5008905188235289,6.267999999999998e-05,6.502384615384613e-05,6.69617647058824e-05
184,6.141e-05,1554235200,6.324e-05,6.141e-05,6.324e-05,2328.13014332,0.14434682,6.2e-05,0.18777805333333453,0.7671571423076925,0.5041443447058818,6.247999999999997e-05,6.450153846153844e-05,6.677500000000004e-05
185,6.093e-05,1554242400,6.238e-05,6.048e-05,6.209e-05,12521.08090882,0.76274813,6.091e-05,0.3965093266666679,0.786849793846154,0.5211231829411758,6.182666666666664e-05,6.389461538461536e-05,6.659558823529416e-05
186,5.931e-05,1554249600,6.093e-05,5.89e-05,6.093e-05,59274.40671166,3.50416129,5.911e-05,1.4704187466666678,1.054896690769231,0.6212957297058816,6.054999999999998e-05,6.318999999999998e-05,6.64008823529412e-05
187,6.058e-05,1554256800,6.086e-05,5.884e-05,5.936e-05,100097.82050346,6.00770135,6.001e-05,3.4248702566666673,1.4554894353846153,0.7953347420588228,6.027333333333331e-05,6.242615384615382e-05,6.62188235294118e-05
188,6.037e-05,1554264000,6.134e-05,5.948e-05,5.986e-05,12912.65291678,0.78099763,6.048e-05,3.430953423333334,1.4725359353846155,0.7962087967647051,6.008666666666664e-05,6.169923076923074e-05,6.603441176470592e-05
189,6.035e-05,1554271200,6.038e-05,6e-05,6.038e-05,3044.17908603,0.18374354,6.035e-05,2.3241475066666673,1.0335332146153846,0.7979973317647051,6.043333333333331e-05,6.164076923076921e-05,6.583264705882356e-05
190,6.024e-05,1554278400,6.241e-05,5.99e-05,6e-05,9050.7225029,0.54610552,6.033e-05,0.5036155633333342,1.0104921276923076,0.7934198149999993,6.0319999999999985e-05,6.142076923076922e-05,6.555764705882356e-05
191,6.068e-05,1554285600,6.068e-05,5.998e-05,5.998e-05,3343.25661945,0.20203381,6.043e-05,0.3106276233333343,0.9943126153846152,0.7800953991176464,6.0423333333333314e-05,6.127999999999998e-05,6.529382352941179e-05
192,6.045e-05,1554292800,6.121e-05,5.99e-05,6.034e-05,8120.79295337,0.49246243,6.064e-05,0.41353392000000094,1.023769869230769,0.7701610814705875,6.045666666666665e-05,6.117615384615383e-05,6.503470588235298e-05
193,5.977e-05,1554300000,6.064e-05,5.952e-05,6.059e-05,9067.67665602,0.54493531,6.009e-05,0.4131438500000009,1.0567584315384613,0.7284947664705875,6.029999999999998e-05,6.093307692307691e-05,6.477176470588239e-05
194,5.816e-05,1554307200,6.01e-05,5.787e-05,6.01e-05,17677.09460696,1.04207899,5.895e-05,0.693158910000001,1.1254078584615383,0.7557750647058817,5.945999999999998e-05,6.0636923076923065e-05,6.444794117647062e-05
195,5.756e-05,1554314400,6.029e-05,5.75e-05,5.845e-05,16826.28104086,0.9888886,5.877e-05,0.8586343000000008,1.1909720346153845,0.7789033217647052,5.849666666666665e-05,6.022692307692306e-05,6.41208823529412e-05
196,5.603e-05,1554321600,5.993e-05,5.553e-05,5.836e-05,28089.9461726,1.5850621,5.642e-05,1.2053432300000009,1.2911742707692304,0.8232319964705876,5.724999999999998e-05,5.967999999999999e-05,6.373823529411766e-05
197,5.706e-05,1554328800,5.825e-05,5.55e-05,5.606e-05,28374.84802829,1.61005105,5.674e-05,1.3946672500000006,1.4039207499999997,0.8700726141176465,5.688333333333332e-05,5.934538461538461e-05,6.33958823529412e-05
198,5.659e-05,1554336000,5.697e-05,5.622e-05,5.655e-05,655.59427357,0.03692549,5.632e-05,1.0773462133333338,1.3480882392307691,0.8676351955882347,5.655999999999999e-05,5.9011538461538454e-05,6.303176470588237e-05
199,5.689e-05,1554343200,5.689e-05,5.607e-05,5.659e-05,582.92524315,0.03302732,5.665e-05,0.5600012866666672,1.0810779338461538,0.8544909738235288,5.684666666666666e-05,5.88253846153846e-05,6.271794117647061e-05
200,5.722e-05,1554350400,5.722e-05,5.636e-05,5.656e-05,1237.7703777,0.07065809,5.708e-05,0.04687030000000051,0.6243822984615384,0.855510620294117,5.6899999999999994e-05,5.8566923076923066e-05,6.241558823529415e-05
201,5.685e-05,1554357600,5.75e-05,5.666e-05,5.693e-05,3446.73657956,0.19736424,5.726e-05,0.10034988333333383,0.5794874223076923,0.8568285949999993,5.698666666666666e-05,5.829615384615383e-05,6.210088235294122e-05
202,5.744e-05,1554364800,5.794e-05,5.684e-05,5.684e-05,1755.28511896,0.10090556,5.748e-05,0.12297596333333383,0.57311527,0.8463290594117641,5.716999999999999e-05,5.807230769230767e-05,6.176911764705887e-05
203,5.744e-05,1554372000,5.744e-05,5.744e-05,5.744e-05,0.0,0.0,5.744e-05,0.09942326666666716,0.531107153076923,0.8449744288235288,5.724333333333332e-05,5.7856923076923054e-05,6.143647058823536e-05
204,5.934e-05,1554379200,5.934e-05,5.707e-05,5.709e-05,2942.52750078,0.17148311,5.827e-05,0.09079622333333381,0.5287570992307692,0.8483084935294112,5.807333333333331e-05,5.775384615384612e-05,6.117588235294124e-05
205,5.923e-05,1554386400,6.075e-05,5.887e-05,5.887e-05,18030.13262069,1.08068073,5.993e-05,0.41738794666666723,0.5740046607692307,0.8798546217647053,5.8669999999999985e-05,5.7659999999999966e-05,6.091205882352947e-05
206,5.822e-05,1554393600,5.902e-05,5.764e-05,5.902e-05,2514.0718202,0.14574963,5.797e-05,0.4659711566666673,0.5432980700000001,0.8692371502941171,5.8929999999999986e-05,5.75407692307692e-05,6.0600294117647123e-05
207,5.854e-05,1554400800,5.913e-05,5.76e-05,5.826e-05,1357.50476208,0.0785969,5.789e-05,0.4350090866666672,0.4691840630769231,0.8709737758823524,5.866333333333332e-05,5.7569999999999965e-05,6.0308235294117705e-05
208,5.8e-05,1554408000,5.868e-05,5.8e-05,5.856e-05,1030.16909916,0.06014772,5.838e-05,0.09483141666666721,0.3977424569230769,0.8492135420588229,5.825333333333331e-05,5.7603846153846125e-05,5.994029411764711e-05
209,5.864e-05,1554415200,5.864e-05,5.763e-05,5.833e-05,704.1686539,0.04084347,5.8e-05,0.05986269666666721,0.27895640846153846,0.8339620814705876,5.839333333333331e-05,5.7804615384615354e-05,5.961147058823535e-05
210,5.871e-05,1554422400,5.871e-05,5.813e-05,5.825e-05,397.21476515,0.02324444,5.851e-05,0.04141187666666721,0.15689436153846156,0.6613875382352935,5.8449999999999984e-05,5.7931538461538424e-05,5.954088235294123e-05
211,5.905e-05,1554429600,5.924e-05,5.87e-05,5.871e-05,1744.66691661,0.10308989,5.908e-05,0.055725933333333866,0.16198393076923082,0.6395478394117642,5.8799999999999986e-05,5.812076923076919e-05,5.942176470588241e-05
212,5.831e-05,1554436800,5.952e-05,5.802e-05,5.87e-05,2325.65669059,0.13603313,5.849e-05,0.08745582000000053,0.16990745461538467,0.6314203588235289,5.868999999999999e-05,5.822999999999996e-05,5.9298235294117713e-05
213,5.806e-05,1554444000,5.838e-05,5.763e-05,5.838e-05,601.83142132,0.03494891,5.807e-05,0.09135731000000054,0.16716059461538466,0.6292271464705878,5.847333333333332e-05,5.8294615384615344e-05,5.9188235294117716e-05
214,5.798e-05,1554451200,5.83e-05,5.784e-05,5.83e-05,27.38963513,0.00158635,5.791e-05,0.05752279666666721,0.15210075692307698,0.6258595685294113,5.811666666666666e-05,5.838153846153842e-05,5.90426470588236e-05
215,5.839e-05,1554458400,5.867e-05,5.799e-05,5.799e-05,697.63576948,0.0407332,5.838e-05,0.025756153333333875,0.1474721138461539,0.622656532058823,5.814333333333333e-05,5.845461538461534e-05,5.8936176470588305e-05
216,5.76e-05,1554465600,5.82e-05,5.721e-05,5.806e-05,1811.09104617,0.10392243,5.738e-05,0.0487473266666672,0.15546614692307698,0.6216967708823524,5.799e-05,5.846692307692304e-05,5.87805882352942e-05
217,5.792e-05,1554472800,5.8e-05,5.71e-05,5.763e-05,2848.25099445,0.16467023,5.781e-05,0.10310862000000053,0.1549420792307693,0.6182331591176464,5.7969999999999996e-05,5.835769230769228e-05,5.862705882352948e-05
218,5.747e-05,1554480000,5.797e-05,5.672e-05,5.797e-05,6290.69734421,0.36023175,5.726e-05,0.2096081366666672,0.09952292692307699,0.6245827158823524,5.766333333333333e-05,5.822230769230767e-05,5.851117647058831e-05
219,5.745e-05,1554487200,5.777e-05,5.683e-05,5.756e-05,1024.70472371,0.05850124,5.709e-05,0.19446774000000053,0.09281151230769237,0.603869572058823,5.761333333333333e-05,5.8163076923076895e-05,5.840882352941185e-05
220,5.776e-05,1554494400,5.776e-05,5.738e-05,5.745e-05,1937.52241273,0.11165827,5.762e-05,0.17679708666666719,0.09535469461538468,0.5040900714705877,5.756000000000001e-05,5.810307692307689e-05,5.836323529411773e-05
221,5.704e-05,1554501600,5.777e-05,5.666e-05,5.769e-05,2453.07910194,0.13961895,5.691e-05,0.10325948666666719,0.1014678661538462,0.3314994126470583,5.741666666666668e-05,5.802923076923074e-05,5.8259117647058896e-05
222,5.72e-05,1554508800,5.727e-05,5.673e-05,5.724e-05,43.98467418,0.00251102,5.708e-05,0.08459608000000052,0.0985192161538462,0.30860274764705825,5.7333333333333356e-05,5.7918461538461505e-05,5.8165882352941244e-05
223,5.716e-05,1554516000,5.808e-05,5.716e-05,5.731e-05,2730.6949056,0.15692343,5.746e-05,0.09968446666666718,0.10880221538461544,0.30781392088235243,5.713333333333335e-05,5.779923076923074e-05,5.8072058823529485e-05
224,5.738e-05,1554523200,5.74e-05,5.674e-05,5.674e-05,1431.28972216,0.08209351,5.735e-05,0.08050932000000051,0.1071871092307693,0.2941665088235289,5.7246666666666675e-05,5.767076923076919e-05,5.798794117647067e-05
225,5.738e-05,1554530400,5.738e-05,5.65e-05,5.685e-05,38302.76150083,2.16772396,5.659e-05,0.8022469666666671,0.2634710192307693,0.3519809249999995,5.730666666666667e-05,5.759923076923073e-05,5.789088235294126e-05
226,5.797e-05,1554537600,5.798e-05,5.7e-05,5.7e-05,1624.42507404,0.0933322,5.745e-05,0.7810498900000004,0.2679620415384616,0.34024180058823483,5.757666666666667e-05,5.7592307692307655e-05,5.781794117647067e-05
227,5.788e-05,1554544800,5.811e-05,5.72e-05,5.72e-05,7719.63370064,0.44527655,5.768e-05,0.9021109033333338,0.30209205692307695,0.3373106605882348,5.774333333333334e-05,5.758461538461534e-05,5.776235294117656e-05
228,5.745e-05,1554552000,5.754e-05,5.716e-05,5.741e-05,1536.14536663,0.08819098,5.741e-05,0.20893324333333366,0.3057426553846154,0.30925513088235246,5.776666666666668e-05,5.7512307692307655e-05,5.7741470588235394e-05
229,5.697e-05,1554559200,5.746e-05,5.697e-05,5.737e-05,1755.83383759,0.10022023,5.707e-05,0.21122925333333367,0.3054578707692308,0.28311782588235246,5.743333333333334e-05,5.7463846153846116e-05,5.772411764705892e-05
230,5.585e-05,1554566400,5.697e-05,5.483e-05,5.697e-05,6424.94104269,0.35630439,5.545e-05,0.18157186666666703,0.32019896000000003,0.24697789323529365,5.675666666666667e-05,5.730461538461534e-05,5.771882352941187e-05
231,5.538e-05,1554573600,5.596e-05,5.538e-05,5.576e-05,3931.22993283,0.21890183,5.568e-05,0.22514215000000035,0.3093274276923078,0.20606173970588187,5.6066666666666676e-05,5.714384615384611e-05,5.766941176470599e-05
232,5.667e-05,1554580800,5.682e-05,5.533e-05,5.579e-05,9269.61192838,0.52145447,5.625e-05,0.3655535633333337,0.34493921461538474,0.22031259205882306,5.5966666666666674e-05,5.708384615384611e-05,5.767176470588246e-05
233,5.617e-05,1554588000,5.672e-05,5.574e-05,5.617e-05,506.56227819,0.02852911,5.631e-05,0.25629513666666703,0.3385446638461539,0.2201802917647054,5.607333333333334e-05,5.696153846153842e-05,5.765058823529422e-05
234,5.595e-05,1554595200,5.627e-05,5.571e-05,5.627e-05,405.05884883,0.02265294,5.592e-05,0.19087884000000035,0.3295472784615386,0.2187683755882348,5.626333333333334e-05,5.687769230769227e-05,5.7613235294117746e-05
235,5.566e-05,1554602400,5.573e-05,5.488e-05,5.568e-05,2883.76168749,0.15899786,5.513e-05,0.07005997000000037,0.3415847276923078,0.21763995264705838,5.5926666666666674e-05,5.6759230769230734e-05,5.757823529411775e-05
236,5.556e-05,1554609600,5.569e-05,5.496e-05,5.569e-05,11659.5407784,0.64780648,5.556e-05,0.27648576000000036,0.37934496230769243,0.23372527382352895,5.572333333333335e-05,5.6636153846153805e-05,5.7522941176470685e-05
237,5.521e-05,1554616800,5.582e-05,5.494e-05,5.555e-05,12947.715541,0.7182903,5.547e-05,0.5083648800000004,0.4282831769230771,0.2548514591176466,5.5476666666666684e-05,5.646923076923073e-05,5.7457352941176565e-05
238,5.539e-05,1554624000,5.576e-05,5.51e-05,5.576e-05,569.31125837,0.03161335,5.552e-05,0.4659033766666671,0.2639669761538463,0.2507376426470584,5.538666666666668e-05,5.631615384615381e-05,5.734117647058834e-05
239,5.517e-05,1554631200,5.555e-05,5.517e-05,5.555e-05,1031.35238025,0.05716539,5.542e-05,0.2690230133333337,0.261184913846154,0.2206342502941172,5.5256666666666676e-05,5.610076923076919e-05,5.722176470588245e-05
240,5.615e-05,1554638400,5.617e-05,5.539e-05,5.539e-05,3873.79606426,0.21653004,5.589e-05,0.10176959333333373,0.24358902846153863,0.2227160270588231,5.557000000000001e-05,5.5967692307692275e-05,5.7160882352941276e-05
241,5.585e-05,1554645600,5.627e-05,5.577e-05,5.577e-05,1258.45256351,0.07078045,5.624e-05,0.11482529333333373,0.2422497569230771,0.2224861314705878,5.572333333333335e-05,5.584461538461535e-05,5.708176470588245e-05
242,5.574e-05,1554652800,5.634e-05,5.52e-05,5.585e-05,2936.73709755,0.16317776,5.556e-05,0.15016275000000037,0.247092643846154,0.22551642676470543,5.5913333333333346e-05,5.574999999999996e-05,5.7015294117647164e-05
243,5.614e-05,1554660000,5.635e-05,5.552e-05,5.613e-05,322.9877562,0.01814486,5.617e-05,0.08403435666666703,0.22108037230769245,0.22484882058823483,5.5910000000000005e-05,5.5772307692307655e-05,5.694176470588246e-05
244,5.634e-05,1554667200,5.659e-05,5.614e-05,5.614e-05,3554.8797583,0.20105618,5.655e-05,0.12745960000000037,0.21970763000000015,0.23007857764705836,5.607333333333334e-05,5.58461538461538e-05,5.6872058823529523e-05
245,5.552e-05,1554674400,5.637e-05,5.541e-05,5.634e-05,12648.12153365,0.70462478,5.57e-05,0.30794194000000036,0.233797653846154,0.2477707802941172,5.6e-05,5.575769230769226e-05,5.6768235294117756e-05
246,5.452e-05,1554681600,5.612e-05,5.338e-05,5.612e-05,17035.41568944,0.92737537,5.443e-05,0.611018776666667,0.302939673846154,0.2710455520588231,5.5459999999999994e-05,5.5630769230769184e-05,5.665676470588246e-05
247,5.401e-05,1554688800,5.444e-05,5.365e-05,5.409e-05,847.24996424,0.04560068,5.382e-05,0.559200276666667,0.3047048846153848,0.27135883941176425,5.468333333333333e-05,5.5481538461538405e-05,5.6537647058823634e-05
248,5.385e-05,1554696000,5.395e-05,5.345e-05,5.365e-05,7090.50902533,0.38033459,5.363e-05,0.451103546666667,0.3217307869230771,0.2824984935294113,5.4126666666666665e-05,5.534230769230764e-05,5.6416176470588335e-05
249,5.401e-05,1554703200,5.417e-05,5.333e-05,5.37e-05,16879.27472245,0.90874741,5.383e-05,0.44489422666666706,0.34180316615384637,0.30802832323529367,5.3956666666666664e-05,5.5223076923076866e-05,5.628735294117658e-05
250,5.373e-05,1554710400,5.414e-05,5.323e-05,5.401e-05,949.28214021,0.05063144,5.333e-05,0.4465711466666671,0.2904447923076925,0.3064609411764701,5.386333333333332e-05,5.5109230769230714e-05,5.6173529411764806e-05
251,5.254e-05,1554717600,5.36e-05,5.243e-05,5.358e-05,23461.19538071,1.24116924,5.29e-05,0.7335160300000004,0.3834875530769233,0.3381226767647054,5.342666666666666e-05,5.4889999999999944e-05,5.601529411764715e-05
252,5.26e-05,1554724800,5.294e-05,5.19e-05,5.265e-05,5014.40812189,0.26194052,5.223e-05,0.5179137333333337,0.3992394861538464,0.3352317582352936,5.295666666666666e-05,5.469230769230764e-05,5.5872058823529506e-05
