,close,date,high,low,open,quoteVolume,volume,weightedAverage,avg_vol_3,avg_vol_13,avg_vol_34,avg_close_3,avg_close_13,avg_close_34
0,6.717e-05,1553040817,6.717e-05,6.717e-05,6.717e-05,0.0,0.0,6.717e-05,-99999.0,-99999.0,-99999.0,-99999.0,-99999.0,-99999.0
1,6.697e-05,1553047200,6.749e-05,6.697e-05,6.734e-05,3875.13856255,0.26104054,6.736e-05,-99999.0,-99999.0,-99999.0,-99999.0,-99999.0,-99999.0
2,6.69e-05,1553054400,6.731e-05,6.69e-05,6.731e-05,279.87752624,0.01878423,6.711e-05,0.09327492333333333,-99999.0,-99999.0,6.701333333333332e-05,-99999.0,-99999.0
3,6.703e-05,1553061600,6.748e-05,6.694e-05,6.732e-05,672.20511604,0.04519741,6.723e-05,0.10834072666666666,-99999.0,-99999.0,6.696666666666666e-05,-99999.0,-99999.0
4,6.779e-05,1553068800,6.785e-05,6.703e-05,6.703e-05,3236.86767434,0.21715719,6.708e-05,0.09371294333333331,-99999.0,-99999.0,6.723999999999999e-05,-99999.0,-99999.0
5,6.773e-05,1553076000,6.779e-05,6.719e-05,6.779e-05,6546.86988709,0.44196696,6.75e-05,0.23477385333333334,-99999.0,-99999.0,6.751666666666665e-05,-99999.0,-99999.0
6,6.76e-05,1553083200,6.784e-05,6.741e-05,6.784e-05,203.16725987,0.01370154,6.743e-05,0.22427523000000002,-99999.0,-99999.0,6.770666666666666e-05,-99999.0,-99999.0
7,6.715e-05,1553090400,6.762e-05,6.715e-05,6.76e-05,3493.66798564,0.23607948,6.757e-05,0.23058266000000002,-99999.0,-99999.0,6.749333333333332e-05,-99999.0,-99999.0
8,6.724e-05,1553097600,6.735e-05,6.69e-05,6.726e-05,754.52177776,0.0506861,6.717e-05,0.10015570666666666,-99999.0,-99999.0,6.733e-05,-99999.0,-99999.0
9,6.714e-05,1553104800,6.765e-05,6.714e-05,6.734e-05,350.22964912,0.02353874,6.72e-05,0.10343477333333333,-99999.0,-99999.0,6.717666666666665e-05,-99999.0,-99999.0
10,6.71e-05,1553112000,6.74e-05,6.71e-05,6.74e-05,2778.77854176,0.18658837,6.714e-05,0.08693773666666665,-99999.0,-99999.0,6.715999999999999e-05,-99999.0,-99999.0
11,6.691e-05,1553119200,6.744e-05,6.689e-05,6.744e-05,778.81736293,0.05222851,6.706e-05,0.08745187333333332,-99999.0,-99999.0,6.704999999999999e-05,-99999.0,-99999.0
12,6.656e-05,1553126400,6.734e-05,6.656e-05,6.734e-05,2232.97982345,0.14915132,6.679e-05,0.12932273333333333,0.13047079923076924,-99999.0,6.685666666666667e-05,6.717615384615384e-05,-99999.0
13,6.694e-05,1553133600,6.694e-05,6.644e-05,6.661e-05,8812.01065284,0.58564573,6.645e-05,0.2623418533333333,0.1755204707692308,-99999.0,6.680333333333332e-05,6.715846153846154e-05,-99999.0
14,6.671e-05,1553140800,6.707e-05,6.657e-05,6.657e-05,286.4425259,0.01913811,6.681e-05,0.25131172,0.1569125915384616,-99999.0,6.673666666666666e-05,6.713846153846155e-05,-99999.0
15,6.718e-05,1553148000,6.718e-05,6.676e-05,6.676e-05,14.78044247,0.00098905,6.691e-05,0.2019242966666667,0.15554373153846157,-99999.0,6.694333333333333e-05,6.716e-05,-99999.0
16,6.718e-05,1553155200,6.718e-05,6.677e-05,6.677e-05,551.06085527,0.03691815,6.699e-05,0.019015103333333377,0.1549068653846154,-99999.0,6.702333333333333e-05,6.717153846153846e-05,-99999.0
17,6.75e-05,1553162400,6.75e-05,6.698e-05,6.718e-05,3796.78992208,0.25577347,6.736e-05,0.09789355666666671,0.15787734846153847,-99999.0,6.728666666666666e-05,6.714923076923077e-05,-99999.0
18,6.65e-05,1553169600,6.737e-05,6.65e-05,6.73e-05,1726.12706307,0.11502819,6.663e-05,0.1359066033333334,0.1327282123076923,-99999.0,6.705999999999998e-05,6.705461538461539e-05,-99999.0
19,6.45e-05,1553176800,6.652e-05,6.373e-05,6.65e-05,215762.77056518,13.94330569,6.462e-05,4.7713691166666665,1.204236223846154,-99999.0,6.616666666666664e-05,6.681615384615385e-05,-99999.0
20,6.512e-05,1553184000,6.512e-05,6.45e-05,6.45e-05,6689.30845341,0.43336108,6.478e-05,4.8305649866666664,1.2194117315384614,-99999.0,6.53733333333333e-05,6.666e-05,-99999.0
21,6.552e-05,1553191200,6.555e-05,6.501e-05,6.511e-05,55342.81331294,3.61356053,6.529e-05,5.996742433333334,1.4934789953846155,-99999.0,6.504666666666665e-05,6.652769230769232e-05,-99999.0
22,6.53e-05,1553198400,6.557e-05,6.516e-05,6.536e-05,742.31191285,0.04858119,6.544e-05,1.3651676000000001,1.4954053376923078,-99999.0,6.531333333333332e-05,6.638615384615385e-05,-99999.0
23,6.487e-05,1553205600,6.517e-05,6.486e-05,6.508e-05,173.82501723,0.01130019,6.5e-05,1.2244806366666667,1.4819216315384618,-99999.0,6.523e-05,6.621461538461538e-05,-99999.0
24,6.504e-05,1553212800,6.505e-05,6.46e-05,6.483e-05,476.00168205,0.03080638,6.471e-05,0.03022925333333341,1.4802737753846158,-99999.0,6.506999999999999e-05,6.607076923076923e-05,-99999.0
25,6.51e-05,1553220000,6.512e-05,6.487e-05,6.493e-05,885.50861461,0.05760625,6.505e-05,0.033237606666666746,1.4732318469230772,-99999.0,6.500333333333332e-05,6.595846153846154e-05,-99999.0
26,6.524e-05,1553227200,6.524e-05,6.466e-05,6.523e-05,18462.97619996,1.19713317,6.483e-05,0.4285152666666667,1.5202693423076925,-99999.0,6.512666666666665e-05,6.582769230769231e-05,-99999.0
27,6.49e-05,1553234400,6.531e-05,6.49e-05,6.531e-05,4051.88109176,0.26374931,6.509e-05,0.50616291,1.5390855884615389,-99999.0,6.508000000000001e-05,6.568846153846154e-05,-99999.0
28,6.529e-05,1553241600,6.529e-05,6.496e-05,6.508e-05,909.47040417,0.05913393,6.502e-05,0.5066721366666667,1.543558271538462,-99999.0,6.514333333333334e-05,6.554307692307692e-05,-99999.0
29,6.545e-05,1553248800,6.545e-05,6.505e-05,6.505e-05,17.95966735,0.0011719,6.525e-05,0.10801837999999993,1.54080856,-99999.0,6.521333333333333e-05,6.541e-05,-99999.0
30,6.57e-05,1553256000,6.57e-05,6.545e-05,6.545e-05,3110.75221316,0.2041151,6.561e-05,0.08814030999999993,1.5368348392307694,-99999.0,6.547999999999999e-05,6.527153846153847e-05,-99999.0
31,6.615e-05,1553263200,6.652e-05,6.569e-05,6.57e-05,4985.83714639,0.32930246,6.604e-05,0.17819648666666663,1.5533174753846155,-99999.0,6.576666666666666e-05,6.524461538461538e-05,-99999.0
32,6.658e-05,1553270400,6.658e-05,6.591e-05,6.611e-05,43493.22422675,2.88198873,6.626e-05,1.1384687633333332,0.70244694,-99999.0,6.614333333333333e-05,6.540461538461538e-05,-99999.0
33,6.658e-05,1553277600,6.658e-05,6.625e-05,6.655e-05,1229.54801654,0.08183949,6.656e-05,1.0977102266666667,0.6754068176923078,0.7607814261764707,6.643666666666667e-05,6.551692307692307e-05,6.637176470588236e-05
34,6.624e-05,1553284800,6.651e-05,6.624e-05,6.651e-05,2971.97865828,0.19705394,6.63e-05,1.0536273866666666,0.41259861846153856,0.7665771302941178,6.646666666666665e-05,6.557230769230768e-05,6.634441176470588e-05
35,6.822e-05,1553292000,6.84e-05,6.645e-05,6.645e-05,42291.77632651,2.85008564,6.739e-05,1.042993023333333,0.6280989607692309,0.8427255155882355,6.701333333333332e-05,6.579692307692306e-05,6.638117647058824e-05
36,6.789e-05,1553299200,6.85e-05,6.76e-05,6.826e-05,8200.404998,0.55698731,6.792e-05,1.2013756299999996,0.6700748930769233,0.8585550179411766,6.745e-05,6.602923076923077e-05,6.641029411764706e-05
37,6.796e-05,1553306400,6.808e-05,6.761e-05,6.789e-05,2307.89667855,0.1567224,6.79e-05,1.187931783333333,0.6797607407692309,0.8618351647058825,6.802333333333333e-05,6.625384615384615e-05,6.643764705882354e-05
38,6.876e-05,1553313600,6.876e-05,6.819e-05,6.85e-05,1462.61585438,0.100308,6.858e-05,0.2713392366666663,0.6830454907692309,0.8583984238235294,6.820333333333333e-05,6.653538461538461e-05,6.646617647058826e-05
39,6.845e-05,1553320800,6.885e-05,6.806e-05,6.876e-05,2631.99969393,0.18061029,6.862e-05,0.14588022999999964,0.6048514230769233,0.8507114629411765,6.839e-05,6.678230769230768e-05,6.648735294117649e-05
40,6.793e-05,1553328000,6.841e-05,6.772e-05,6.841e-05,1740.63045092,0.11833853,6.798e-05,0.13308560666666627,0.5936659784615388,0.8537890214705883,6.837999999999999e-05,6.70153846153846e-05,6.649705882352943e-05
41,6.807e-05,1553335200,6.81e-05,6.804e-05,6.809e-05,270.04363123,0.01837974,6.806e-05,0.10577618666666627,0.5905310407692311,0.8473860879411765,6.814999999999999e-05,6.722923076923077e-05,6.652411764705883e-05
42,6.742e-05,1553342400,6.786e-05,6.742e-05,6.786e-05,7335.77671478,0.49550613,6.754e-05,0.21074146666666627,0.6285567507692312,0.86046903,6.780666666666665e-05,6.738076923076922e-05,6.652941176470588e-05
43,6.756e-05,1553349600,6.765e-05,6.701e-05,6.762e-05,3969.47480168,0.26701667,6.726e-05,0.2603008466666663,0.6333953330769236,0.8676301455882354,6.76833333333333e-05,6.752384615384615e-05,6.654176470588236e-05
44,6.734e-05,1553356800,6.8e-05,6.711e-05,6.792e-05,3601.50569486,0.24337647,6.757e-05,0.3352997566666663,0.6267856415384621,0.8693003838235295,6.743999999999998e-05,6.761538461538462e-05,6.654882352941177e-05
45,6.724e-05,1553364000,6.736e-05,6.709e-05,6.734e-05,737.38273087,0.04963215,6.73e-05,0.18667509666666635,0.40891205846153905,0.8692240202941178,6.737999999999997e-05,6.766615384615385e-05,6.655852941176472e-05
46,6.71e-05,1553371200,6.754e-05,6.71e-05,6.725e-05,199.38412877,0.01342566,6.733e-05,0.10214475999999967,0.4036494561538468,0.8652320891176472,6.722666666666664e-05,6.770615384615385e-05,6.65744117647059e-05
47,6.725e-05,1553378400,6.739e-05,6.718e-05,6.718e-05,806.07867636,0.05422206,6.726e-05,0.03909328999999967,0.39266238846153906,0.8496019811764707,6.719666666666664e-05,6.778384615384617e-05,6.658352941176472e-05
48,6.721e-05,1553385600,6.726e-05,6.689e-05,6.726e-05,1684.88511869,0.11297059,6.704e-05,0.060206103333333004,0.18211507692307752,0.8523617600000001,6.718666666666664e-05,6.770615384615385e-05,6.659823529411765e-05
49,6.674e-05,1553392800,6.721e-05,6.674e-05,6.694e-05,807.15181435,0.05397746,6.687e-05,0.07372336999999966,0.14342201153846212,0.8539202426470589,6.706666666666665e-05,6.761769230769231e-05,6.658529411764707e-05
50,6.694e-05,1553400000,6.709e-05,6.694e-05,6.709e-05,95.86087347,0.00643072,6.708e-05,0.057792923333333,0.13186111307692366,0.8530235535294118,6.696333333333332e-05,6.753923076923077e-05,6.657823529411766e-05
51,6.711e-05,1553407200,6.711e-05,6.691e-05,6.691e-05,382.99532729,0.02570007,6.71e-05,0.02870274999999967,0.12612204153846213,0.8462566888235293,6.692999999999998e-05,6.741230769230769e-05,6.656676470588237e-05
52,6.966e-05,1553414400,6.987e-05,6.723e-05,6.737e-05,48789.29161463,3.33906939,6.843e-05,1.123733393333333,0.36908043384615447,0.94108143,6.790333333333331e-05,6.750538461538462e-05,6.665970588235295e-05
53,7.157e-05,1553421600,7.245e-05,6.908e-05,6.96e-05,59249.07133248,4.20663033,7.099e-05,2.52379993,0.683564418461539,0.6547086252941176,6.944666666666664e-05,6.778538461538463e-05,6.686764705882354e-05
54,7.072e-05,1553428800,7.208e-05,7.024e-05,7.208e-05,22991.22934233,1.63353553,7.105e-05,3.059745083333334,0.807807171538462,0.6900078738235293,7.064999999999997e-05,6.798923076923078e-05,6.703235294117647e-05
55,7.061e-05,1553436000,7.135e-05,7.026e-05,7.033e-05,2274.95348059,0.16114619,7.083e-05,2.0004373500000003,0.7820871761538466,0.5884662755882352,7.096666666666665e-05,6.823461538461539e-05,6.718205882352942e-05
56,7.144e-05,1553443200,7.144e-05,7.027e-05,7.058e-05,6927.61090789,0.49239854,7.107e-05,0.7623600866666669,0.7994242430769235,0.6015197270588234,7.092333333333332e-05,6.853307692307693e-05,6.736264705882354e-05
57,7.379e-05,1553450400,7.445e-05,7.151e-05,7.151e-05,50371.85485533,3.69536209,7.336e-05,1.4496356066666671,1.0649615984615388,0.7098744888235293,7.194666666666665e-05,6.902923076923077e-05,6.7625e-05
58,7.208e-05,1553457600,7.376e-05,7.153e-05,7.34e-05,48576.73962411,3.53231696,7.271e-05,2.5733591966666673,1.3328604300000004,0.8128600941176468,7.243666666666665e-05,6.940153846153847e-05,6.78320588235294e-05
59,7.294e-05,1553464800,7.348e-05,7.14e-05,7.178e-05,12287.4863687,0.8882391,7.228e-05,2.705306050000001,1.400153771538462,0.8372904720588233,7.293666666666665e-05,6.985076923076923e-05,6.806264705882354e-05
60,7.159e-05,1553472000,7.247e-05,7.11e-05,7.247e-05,4344.66081169,0.31063063,7.149e-05,1.577062230000001,1.419877507692308,0.8112168679411762,7.220333333333332e-05,7.01846153846154e-05,6.824941176470589e-05
61,7.141e-05,1553479200,7.25e-05,7.139e-05,7.139e-05,7106.75544766,0.51281941,7.215e-05,0.5705630466666675,1.4506351092307694,0.8185424591176468,7.197999999999999e-05,7.050769230769231e-05,6.844088235294117e-05
62,7.089e-05,1553486400,7.156e-05,7.088e-05,7.142e-05,4721.55382967,0.33586675,7.113e-05,0.3864389300000009,1.4723189007692312,0.826681659705882,7.129666666666664e-05,7.082692307692309e-05,6.860558823529413e-05
63,7.632e-05,1553493600,7.7e-05,7.074e-05,7.113e-05,118467.19940175,8.85026739,7.47e-05,3.232984516666668,2.1526140292307696,1.0869491741176467,7.287333333333331e-05,7.154846153846154e-05,6.892529411764708e-05
64,7.547e-05,1553500800,7.627e-05,7.401e-05,7.627e-05,46467.76551144,3.46991617,7.467e-05,4.218683436666668,2.41755372923077,1.1830021467647054,7.422666666666664e-05,7.219153846153846e-05,6.921264705882353e-05
65,7.436e-05,1553508000,7.71e-05,7.364e-05,7.548e-05,27478.27548111,2.07895185,7.565e-05,4.799711803333335,2.3206216107692317,1.234462422941176,7.538333333333331e-05,7.255307692307693e-05,6.945411764705882e-05
66,7.192e-05,1553515200,7.418e-05,7.137e-05,7.418e-05,35432.8791589,2.55825377,7.219e-05,2.7023739300000007,2.1938234138461548,1.2249408064705876,7.391666666666664e-05,7.258000000000001e-05,6.961117647058823e-05
67,7.06e-05,1553522400,7.294e-05,7.06e-05,7.169e-05,12941.5956781,0.93556771,7.229e-05,1.8575911100000013,2.1401335815384623,1.2500504599999993,7.22933333333333e-05,7.257076923076924e-05,6.972941176470588e-05
68,6.974e-05,1553529600,7.053e-05,6.974e-05,7.051e-05,30300.87943745,2.1200494,6.996e-05,1.8712902933333346,2.2908184438461547,1.3066091499999992,7.075333333333331e-05,7.250384615384616e-05,6.983235294117647e-05
69,6.97e-05,1553536800,6.97e-05,6.97e-05,6.97e-05,766.0,0.0533902,6.97e-05,1.0363357700000013,2.2570485715384625,1.224353401764705,7.001333333333332e-05,7.237000000000001e-05,6.987588235294116e-05
70,6.97e-05,1553544000,6.97e-05,6.97e-05,6.97e-05,0.0,0.0,6.97e-05,0.724479866666668,1.9727899492307701,1.207971422058823,6.971333333333332e-05,7.205538461538461e-05,6.99291176470588e-05
71,7.021e-05,1553551200,7.063e-05,6.962e-05,6.963e-05,6296.52493559,0.44324812,7.039e-05,0.16554610666666805,1.73516926923077,1.2163986491176464,6.986999999999998e-05,7.191153846153847e-05,6.999529411764702e-05
72,7.09e-05,1553558400,7.114e-05,7.044e-05,7.044e-05,11266.49308009,0.79570445,7.062e-05,0.41298419000000147,1.72805121923077,1.2368514858823525,7.026999999999998e-05,7.17546153846154e-05,7.005823529411762e-05
73,7.124e-05,1553565600,7.124e-05,7.017e-05,7.039e-05,2845.49347756,0.20120563,7.071e-05,0.4800527333333348,1.7196339115384625,1.23745723117647,7.078333333333331e-05,7.172769230769233e-05,7.014029411764703e-05
74,7.392e-05,1553572800,7.402e-05,7.125e-05,7.125e-05,38814.40293798,2.83694894,7.309e-05,1.2779530066666682,1.8984131061538472,1.3174163608823524,7.201999999999998e-05,7.192076923076925e-05,7.031647058823527e-05
75,7.315e-05,1553580000,7.442e-05,7.289e-05,7.402e-05,25461.57749574,1.87924026,7.38e-05,1.6391316100000017,2.0171341453846163,1.3721475526470583,7.276999999999998e-05,7.20946153846154e-05,7.046588235294116e-05
76,7.314e-05,1553587200,7.432e-05,7.314e-05,7.379e-05,8588.66047351,0.63705562,7.417e-05,1.784414940000002,1.3853486246153854,1.3763107729411759,7.340333333333332e-05,7.185000000000003e-05,7.063411764705882e-05
77,7.219e-05,1553594400,7.329e-05,7.213e-05,7.329e-05,2057.12704794,0.15007948,7.295e-05,0.8887917866666685,1.1299765715384622,1.372871443823529,7.282666666666665e-05,7.159769230769233e-05,7.077029411764705e-05
78,7.018e-05,1553601600,7.245e-05,6.96e-05,7.211e-05,29885.89082044,2.11389196,7.073e-05,0.9670090200000018,1.1326642723076932,1.4278866052941173,7.183666666666664e-05,7.127615384615386e-05,7.085382352941176e-05
79,7.278e-05,1553608800,7.318e-05,7.013e-05,7.018e-05,20579.13215837,1.48723766,7.226e-05,1.2504030333333354,1.0502784176923088,1.4701691202941172,7.171666666666664e-05,7.13423076923077e-05,7.101676470588236e-05
80,7.271e-05,1553616000,7.49e-05,7.181e-05,7.312e-05,50533.6940609,3.71613587,7.353e-05,2.439088496666669,1.264168276153847,1.5790723617647053,7.188999999999998e-05,7.15046153846154e-05,7.118176470588235e-05
81,7.235e-05,1553623200,7.319e-05,7.202e-05,7.271e-05,1287.51378135,0.09366808,7.275e-05,1.7656805366666688,1.108292790000001,1.5802325388235288,7.261333333333332e-05,7.170538461538463e-05,7.133176470588236e-05
82,7.201e-05,1553630400,7.236e-05,7.186e-05,7.2e-05,1535.12355829,0.11071186,7.211e-05,1.3068386033333355,1.1127021484615394,1.5801661055882348,7.235666666666666e-05,7.188307692307693e-05,7.147294117647059e-05
83,7.378e-05,1553637600,7.378e-05,7.234e-05,7.234e-05,14139.64859067,1.02930816,7.279e-05,0.4112293666666689,1.19187969923077,1.6088523026470583,7.271333333333333e-05,7.21969230769231e-05,7.168e-05
84,7.368e-05,1553644800,7.553e-05,7.277e-05,7.377e-05,22966.43735107,1.70211768,7.411e-05,0.9473792333333356,1.2887158192307702,1.6587254485294114,7.315666666666666e-05,7.246384615384617e-05,7.187823529411765e-05
85,7.357e-05,1553652000,7.406e-05,7.314e-05,7.403e-05,5174.25651798,0.38114928,7.366e-05,1.0375250400000022,1.256826960000001,1.6691798370588231,7.367666666666666e-05,7.266923076923078e-05,7.206823529411763e-05
86,7.325e-05,1553659200,7.395e-05,7.303e-05,7.361e-05,22993.99801117,1.68529785,7.329e-05,1.2561882700000024,1.370987900000001,1.6205394976470584,7.35e-05,7.282384615384616e-05,7.217382352941175e-05
87,7.24e-05,1553666400,7.32e-05,7.239e-05,7.301e-05,4768.65766399,0.34560077,7.247e-05,0.8040159666666691,1.1793457330769241,1.5069798047058818,7.307333333333333e-05,7.270692307692309e-05,7.219823529411763e-05
88,7.537e-05,1553673600,7.556e-05,7.24e-05,7.24e-05,8877.7215407,0.65965407,7.43e-05,0.8968508966666692,1.085531410769232,1.4783362323529405,7.367333333333333e-05,7.287769230769232e-05,7.233499999999999e-05
89,7.424e-05,1553680800,7.522e-05,7.403e-05,7.522e-05,95619.58246963,7.12933956,7.455e-05,2.711531466666669,1.5849378676923087,1.68328309617647,7.400333333333332e-05,7.296230769230772e-05,7.244176470588235e-05
90,7.635e-05,1553688000,7.7e-05,7.401e-05,7.424e-05,208786.12763393,15.60153508,7.472e-05,7.796842903333336,2.773511375384616,2.127669465,7.531999999999999e-05,7.328230769230772e-05,7.258617647058824e-05
91,7.531e-05,1553695200,7.604e-05,7.423e-05,7.604e-05,160954.45500772,12.15808428,7.553e-05,11.629652973333336,3.5461415538461543,2.3765730588235288,7.529999999999999e-05,7.36769230769231e-05,7.263088235294119e-05
92,7.547e-05,1553702400,7.591e-05,7.525e-05,7.531e-05,2774.05042534,0.20966474,7.558e-05,9.323094700000004,3.447866713846154,2.278847993529411,7.570999999999999e-05,7.388384615384618e-05,7.273058823529412e-05
93,7.475e-05,1553709600,7.59e-05,7.425e-05,7.566e-05,21206.56474942,1.58848339,7.49e-05,4.652077470000004,3.2842011384615386,2.2994434138235285,7.517666666666667e-05,7.404076923076927e-05,7.278382352941176e-05
94,7.465e-05,1553716800,7.502e-05,7.456e-05,7.475e-05,2093.92546074,0.15628342,7.463e-05,0.6514771833333365,3.289017703076923,2.2949037899999984,7.495666666666667e-05,7.421769230769233e-05,7.287382352941177e-05
95,7.503e-05,1553724000,7.537e-05,7.465e-05,7.475e-05,5797.36610109,0.43557005,7.513e-05,0.7267789533333365,3.314006794615385,2.292631749999998,7.481000000000001e-05,7.445000000000002e-05,7.298029411764706e-05
96,7.4e-05,1553731200,7.532e-05,7.4e-05,7.532e-05,5070.84262519,0.37648122,7.424e-05,0.3227782300000032,3.2637893376923084,2.2938262932352926,7.456e-05,7.446692307692311e-05,7.307176470588235e-05
97,7.369e-05,1553738400,7.43e-05,7.354e-05,7.403e-05,9421.34420698,0.69904744,7.419e-05,0.5036995700000032,3.186630088461539,2.0540845299999986,7.424000000000001e-05,7.446769230769235e-05,7.299441176470587e-05
98,7.423e-05,1553745600,7.423e-05,7.369e-05,7.369e-05,2332.51097929,0.17282957,7.409e-05,0.4161194100000032,3.1706054953846157,1.957111394705881,7.397333333333334e-05,7.451846153846158e-05,7.29579411764706e-05
99,7.373e-05,1553752800,7.426e-05,7.351e-05,7.423e-05,11680.72513808,0.86338814,7.391e-05,0.5784217166666697,3.107381671538462,1.9213595208823515,7.388333333333333e-05,7.455538461538465e-05,7.29394117647059e-05
100,7.331e-05,1553760000,7.38e-05,7.331e-05,7.36e-05,6152.45301201,0.45278702,7.359e-05,0.4963349100000032,3.115626767692308,1.8594340282352928,7.375666666666666e-05,7.462538461538465e-05,7.298029411764706e-05
101,7.39e-05,1553767200,7.395e-05,7.327e-05,7.335e-05,5808.99328554,0.42611513,7.335e-05,0.5807634300000032,3.097662233846154,1.844450128823528,7.364666666666666e-05,7.451230769230773e-05,7.307735294117648e-05
102,7.439e-05,1553774400,7.439e-05,7.328e-05,7.329e-05,3395.96509885,0.25149148,7.405e-05,0.3767978766666699,2.5685969969230773,1.789492542941175,7.386666666666667e-05,7.452384615384619e-05,7.321411764705884e-05
103,7.448e-05,1553781600,7.448e-05,7.374e-05,7.38e-05,11344.00438687,0.83789729,7.386e-05,0.5051679666666699,1.4329325515384623,1.8125662808823515,7.425666666666667e-05,7.438000000000004e-05,7.335470588235297e-05
104,7.521e-05,1553788800,7.54e-05,7.429e-05,7.453e-05,3480.05411285,0.26008395,7.473e-05,0.44982424000000326,0.5177017569230775,1.820215808823528,7.469333333333333e-05,7.437230769230773e-05,7.351676470588238e-05
105,7.541e-05,1553796000,7.557e-05,7.472e-05,7.54e-05,3130.47553082,0.23577644,7.531e-05,0.44458589333333665,0.5197103492307698,1.814113700588234,7.503333333333332e-05,7.436769230769236e-05,7.366970588235298e-05
106,7.536e-05,1553803200,7.612e-05,7.508e-05,7.517e-05,25629.94063984,1.9383348,7.562e-05,0.8113983966666701,0.5466219961538468,1.847720475588234,7.532666666666664e-05,7.441461538461544e-05,7.38008823529412e-05
107,7.531e-05,1553810400,7.536e-05,7.491e-05,7.536e-05,3938.43015968,0.2966139,7.531e-05,0.8235750466666701,0.557416648461539,1.8505266011764692,7.535999999999998e-05,7.446538461538468e-05,7.392058823529414e-05
108,7.496e-05,1553817600,7.603e-05,7.496e-05,7.588e-05,3924.30716349,0.29517518,7.521e-05,0.8433746266666703,0.5466170430769236,1.7757685494117634,7.520999999999998e-05,7.446000000000007e-05,7.395117647058828e-05
109,7.517e-05,1553824800,7.517e-05,7.495e-05,7.496e-05,1127.357546,0.08473517,7.516e-05,0.22550808333333694,0.5241750392307698,1.722988987941175,7.514666666666664e-05,7.455000000000008e-05,7.401058823529414e-05
110,7.461e-05,1553832000,7.515e-05,7.457e-05,7.495e-05,1027.83119199,0.07694256,7.485e-05,0.15228430333333695,0.4763208176923083,1.7065150744117634,7.491333333333333e-05,7.46207692307693e-05,7.40538235294118e-05
111,7.457e-05,1553839200,7.508e-05,7.457e-05,7.477e-05,360.27771505,0.02694358,7.478e-05,0.06287377000000362,0.46509881846153905,1.7028934302941163,7.478333333333331e-05,7.464692307692316e-05,7.412382352941179e-05
112,7.453e-05,1553846400,7.547e-05,7.453e-05,7.5e-05,8311.54053444,0.62443417,7.512e-05,0.2427734366666703,0.4467177438461544,1.6590858482352928,7.456999999999999e-05,7.47084615384616e-05,7.425176470588238e-05
113,7.342e-05,1553853600,7.463e-05,7.342e-05,7.442e-05,10848.49010958,0.80092822,7.382e-05,0.48410199000000365,0.4734978361538468,1.6389002764705871,7.41733333333333e-05,7.471692307692313e-05,7.427058823529413e-05
114,7.377e-05,1553860800,7.405e-05,7.337e-05,7.342e-05,2542.00173695,0.18707715,7.359e-05,0.5374798466666703,0.4551102992307699,1.5351044317647047,7.390666666666665e-05,7.470692307692313e-05,7.430176470588236e-05
115,7.436e-05,1553868000,7.436e-05,7.358e-05,7.369e-05,3120.87947871,0.23040804,7.382e-05,0.40613780333333693,0.4534884961538468,1.5391261952941164,7.384999999999998e-05,7.470461538461544e-05,7.436088235294117e-05
116,7.494e-05,1553875200,7.503e-05,7.45e-05,7.45e-05,1685.01279055,0.12608054,7.482e-05,0.1811885766666703,0.3987333615384622,1.5395782152941162,7.435666666666666e-05,7.474000000000006e-05,7.444705882352941e-05
117,7.448e-05,1553882400,7.494e-05,7.44e-05,7.494e-05,1682.87916472,0.12544848,7.454e-05,0.16064568666667026,0.3883767869230776,1.5129941070588222,7.459333333333332e-05,7.468384615384621e-05,7.446764705882353e-05
118,7.488e-05,1553889600,7.488e-05,7.426e-05,7.477e-05,100.95067301,0.00753877,7.467e-05,0.08635593000000359,0.37082004307692373,1.4631535508823514,7.476666666666666e-05,7.464307692307698e-05,7.450294117647058e-05
119,7.48e-05,1553896800,7.503e-05,7.422e-05,7.474e-05,44873.0455424,3.34057421,7.444e-05,1.1578538200000037,0.4786846130769238,1.5501954605882338,7.471999999999998e-05,7.460000000000005e-05,7.453911764705883e-05
120,7.759e-05,1553904000,7.788e-05,7.51e-05,7.51e-05,242305.99625134,18.67357625,7.706e-05,7.34056307666667,1.8922971015384624,2.049850707647057,7.575666666666664e-05,7.477538461538467e-05,7.466676470588236e-05
121,7.632e-05,1553911200,7.839e-05,7.556e-05,7.775e-05,107925.12055774,8.36350517,7.749e-05,10.125885210000003,2.512937870000001,2.2856714252941157,7.623666666666666e-05,7.488000000000006e-05,7.478205882352942e-05
122,7.654e-05,1553918400,7.654e-05,7.498e-05,7.616e-05,7132.34246433,0.53866304,7.552e-05,9.191914820000003,2.547855398461539,2.2821128655882337,7.681666666666666e-05,7.498538461538467e-05,7.48164705882353e-05
123,7.63e-05,1553925600,7.674e-05,7.63e-05,7.66e-05,8886.60389855,0.68013124,7.653e-05,3.1940998166666703,2.594254527692309,2.0924302679411744,7.638666666666665e-05,7.511538461538467e-05,7.487705882352942e-05
124,7.614e-05,1553932800,7.668e-05,7.6e-05,7.647e-05,1692.39854078,0.12938457,7.645e-05,0.44939295000000357,2.602134603846155,1.6373670176470567,7.632666666666664e-05,7.523615384615391e-05,7.487088235294118e-05
125,7.558e-05,1553940000,7.595e-05,7.528e-05,7.595e-05,2020.716383,0.15261538,7.552e-05,0.3207103966666703,2.5658408507692316,1.2842649911764685,7.600666666666664e-05,7.531692307692315e-05,7.487882352941178e-05
126,7.543e-05,1553947200,7.563e-05,7.543e-05,7.552e-05,3765.29030861,0.28429354,7.55e-05,0.18876449666667028,2.526099721538462,1.2864599558823508,7.571666666666663e-05,7.547153846153852e-05,7.487764705882355e-05
127,7.568e-05,1553954400,7.577e-05,7.535e-05,7.557e-05,15066.92607853,1.14057534,7.57e-05,0.5258280866666704,2.5994457361538466,1.27328618970588,7.556333333333332e-05,7.561846153846162e-05,7.4905e-05
128,7.508e-05,1553961600,7.545e-05,7.508e-05,7.535e-05,1051.26732233,0.07901815,7.516e-05,0.5012956766666703,2.5878003600000006,1.2710136817647038,7.539666666666664e-05,7.567384615384621e-05,7.491764705882354e-05
129,7.49e-05,1553968800,7.501e-05,7.483e-05,7.501e-05,1578.51904693,0.11825643,7.491e-05,0.44594997333333697,2.5871985053846163,1.2616809282352919,7.521999999999999e-05,7.567076923076929e-05,7.491382352941178e-05
130,7.528e-05,1553976000,7.531e-05,7.49e-05,7.502e-05,545.63399748,0.04096903,7.508e-05,0.07941453666667031,2.580700086153847,1.2518129226470567,7.508666666666666e-05,7.573230769230776e-05,7.495147058823533e-05
131,7.55e-05,1553983200,7.598e-05,7.515e-05,7.515e-05,472.21102346,0.03577927,7.576e-05,0.06500157666667032,2.5828724323076933,1.2323050352941154,7.522666666666666e-05,7.578000000000006e-05,7.500470588235296e-05
132,7.607e-05,1553990400,7.619e-05,7.554e-05,7.554e-05,2655.61362395,0.20137264,7.582e-05,0.09270698000000366,2.3413953884615397,1.233144537352939,7.561666666666664e-05,7.587769230769237e-05,7.50588235294118e-05
133,7.623e-05,1553997600,7.624e-05,7.58e-05,7.581e-05,339.04574567,0.02572643,7.587e-05,0.08762611333333699,0.9069454023076934,1.208507428235292,7.593333333333331e-05,7.577307692307698e-05,7.51323529411765e-05
134,7.706e-05,1554004800,7.709e-05,7.641e-05,7.643e-05,4121.31316279,0.31739158,7.701e-05,0.181496883333337,0.28801358769230884,1.2045252094117624,7.645333333333332e-05,7.583000000000005e-05,7.524264705882356e-05
135,7.759e-05,1554012000,7.773e-05,7.681e-05,7.713e-05,10423.98211951,0.8057864,7.73e-05,0.38296813666667034,0.30856153846153955,1.215692011470586,7.695999999999998e-05,7.591076923076929e-05,7.535117647058827e-05
136,7.785e-05,1554019200,7.854e-05,7.735e-05,7.76e-05,27872.46330314,2.16369563,7.762e-05,1.0956245366666704,0.4226818761538472,1.2719333099999979,7.749999999999999e-05,7.603000000000006e-05,7.545294117647062e-05
137,7.833e-05,1554026400,7.912e-05,7.77e-05,7.77e-05,9183.40343212,0.72236249,7.865e-05,1.2306148400000037,0.4682955623076934,1.2685352276470567,7.792333333333331e-05,7.619846153846159e-05,7.556617647058827e-05
138,7.75e-05,1554033600,7.831e-05,7.724e-05,7.831e-05,9732.77815913,0.7551594,7.758e-05,1.213739173333337,0.5146451023076934,1.2830962702941153,7.789333333333331e-05,7.63461538461539e-05,7.563352941176474e-05
139,7.716e-05,1554040800,7.79e-05,7.716e-05,7.758e-05,9744.88687395,0.75471724,7.744e-05,0.7440797100000037,0.5508315407692318,1.2983592349999977,7.766333333333331e-05,7.647923076923082e-05,7.568500000000003e-05
140,7.735e-05,1554048000,7.765e-05,7.716e-05,7.716e-05,606.16704055,0.04704319,7.76e-05,0.5189732766666704,0.4667136830769242,1.242733011176468,7.733666666666665e-05,7.660769230769234e-05,7.574352941176474e-05
141,7.811e-05,1554055200,7.849e-05,7.765e-05,7.765e-05,969.19450552,0.07598675,7.84e-05,0.292582393333337,0.4664804984615396,1.2362439773529388,7.753999999999998e-05,7.684076923076927e-05,7.582588235294121e-05
142,7.942e-05,1554062400,7.942e-05,7.852e-05,7.852e-05,5308.17483833,0.42037951,7.919e-05,0.181136483333337,0.4897207353846165,1.2399264576470563,7.829333333333332e-05,7.718846153846158e-05,7.595705882352945e-05
143,7.901e-05,1554069600,7.991e-05,7.901e-05,7.941e-05,8839.60466552,0.70296573,7.952e-05,0.39977733000000365,0.5406435584615396,1.2581097094117621,7.884666666666667e-05,7.747538461538465e-05,7.607000000000004e-05
144,8.067e-05,1554076800,8.094e-05,7.737e-05,7.877e-05,13110.28690934,1.04998727,8.008e-05,0.7244441700000035,0.6186595584615395,1.286728671470586,7.969999999999999e-05,7.787307692307695e-05,7.624823529411769e-05
145,8.07e-05,1554084000,8.115e-05,7.98e-05,8.093e-05,24794.94607537,1.99539565,8.047e-05,1.2494495500000034,0.7566613284615396,1.344624320588233,8.012666666666665e-05,7.82292307692308e-05,7.642852941176475e-05
146,8.212e-05,1554091200,8.253e-05,8.099e-05,8.109e-05,29816.74911701,2.44495138,8.199e-05,1.8301114333333368,0.9427555553846165,1.3981689444117622,8.116333333333332e-05,7.868230769230773e-05,7.665176470588239e-05
147,8.062e-05,1554098400,8.257e-05,8.055e-05,8.213e-05,51586.22011196,4.20914803,8.159e-05,2.8831650200000034,1.2421214361538473,1.4984107035294092,8.114666666666665e-05,7.895615384615388e-05,7.686352941176475e-05
148,8.037e-05,1554105600,8.065e-05,7.95e-05,8.02e-05,8630.23523935,0.69232086,8.022e-05,2.4488067566666705,1.2333933176923089,1.5132708126470562,8.103666666666664e-05,7.917000000000003e-05,7.705764705882359e-05
149,7.988e-05,1554112800,8.065e-05,7.98e-05,8.05e-05,3495.00903261,0.28046081,8.024e-05,1.7273099000000036,1.0885291007692321,1.514742952941174,8.028999999999998e-05,7.93261538461539e-05,7.722000000000006e-05
150,8.029e-05,1554120000,8.029e-05,7.98e-05,7.988e-05,21103.20854637,1.69168107,8.016e-05,0.8881542466666706,1.1630920684615398,1.5607900273529387,8.017999999999997e-05,7.947692307692312e-05,7.737735294117654e-05
151,8.082e-05,1554127200,8.154e-05,7.997e-05,8.009e-05,11297.52338699,0.91227512,8.075e-05,0.9614723333333371,1.1751778930769243,1.5839319873529387,8.032999999999997e-05,7.973230769230774e-05,7.756382352941184e-05
152,8.131e-05,1554134400,8.2e-05,8.096e-05,8.096e-05,9990.73081515,0.8171881,8.179e-05,1.140381430000004,1.179983343846155,1.607745202941174,8.080666666666664e-05,8.005153846153851e-05,7.775294117647066e-05
153,8.098e-05,1554141600,8.138e-05,8.081e-05,8.138e-05,2015.74343999,0.16325711,8.099e-05,0.6309067766666705,1.1889228761538475,1.5142946999999978,8.103666666666664e-05,8.033076923076929e-05,7.793470588235302e-05
154,8.11e-05,1554148800,8.11e-05,8.022e-05,8.104e-05,4127.04681867,0.33333563,8.076e-05,0.4379269466666706,1.2087189438461552,0.9748758582352918,8.112999999999999e-05,8.056076923076929e-05,7.803794117647066e-05
155,8.027e-05,1554156000,8.105e-05,8.027e-05,8.105e-05,1032.0139193,0.08328528,8.07e-05,0.19329267333333722,1.1827886184615397,0.7313399791176447,8.078333333333332e-05,8.062615384615391e-05,7.81541176470589e-05
156,7.961e-05,1554163200,8.061e-05,7.961e-05,8.061e-05,5222.2894547,0.41758884,7.996e-05,0.2780699166666705,1.1608365500000013,0.7277789732352917,8.032666666666664e-05,8.067230769230775e-05,7.824441176470596e-05
157,7.725e-05,1554170400,7.99e-05,7.725e-05,7.99e-05,13749.72989143,1.08077826,7.86e-05,0.5272174600000038,1.163205087692309,0.7395627091176447,7.90433333333333e-05,8.040923076923083e-05,7.827235294117654e-05
158,7.28e-05,1554177600,7.759e-05,7.018e-05,7.745e-05,141032.55054879,10.33328947,7.326e-05,3.9438855233333374,1.8045815353846169,1.0396775591176446,7.655333333333329e-05,7.980153846153853e-05,7.81741176470589e-05
159,7.42e-05,1554184800,7.427e-05,7.253e-05,7.28e-05,35466.98374415,2.61610733,7.376e-05,4.676725020000004,1.8177473776923092,1.1121332047058798,7.474999999999996e-05,7.919230769230776e-05,7.813352941176477e-05
160,7.365e-05,1554192000,7.558e-05,7.328e-05,7.426e-05,10841.24233344,0.80919837,7.464e-05,4.586198390000004,1.5562127884615402,1.127571582058821,7.354999999999996e-05,7.865615384615392e-05,7.80811764705883e-05
161,7.63e-05,1554199200,7.638e-05,7.372e-05,7.372e-05,16430.9992808,1.24442853,7.573e-05,1.5565780766666706,1.598682609230771,1.1306260876470564,7.471666666666664e-05,7.8343076923077e-05,7.809941176470596e-05
162,7.607e-05,1554206400,7.611e-05,7.495e-05,7.57e-05,14628.95315809,1.10466451,7.551e-05,1.0527638033333373,1.6620828938461556,1.1607921570588209,7.533999999999997e-05,7.805000000000007e-05,7.812852941176479e-05
163,7.401e-05,1554213600,7.687e-05,7.4e-05,7.64e-05,19995.03778187,1.50450389,7.524e-05,1.284532310000004,1.6476846492307708,1.201564141176468,7.545999999999997e-05,7.756692307692314e-05,7.810235294117655e-05
164,7.522e-05,1554220800,7.565e-05,7.411e-05,7.411e-05,28365.94234664,2.11167369,7.444e-05,1.573614030000004,1.7399460776923092,1.262467219411762,7.509999999999997e-05,7.713615384615392e-05,7.810058823529419e-05
165,7.77e-05,1554228000,7.809e-05,7.502e-05,7.502e-05,16864.66042571,1.29943343,7.705e-05,1.6385370033333373,1.777041872307694,1.2996335182352914,7.56433333333333e-05,7.685846153846161e-05,7.816529411764713e-05
166,7.838e-05,1554235200,7.893e-05,7.77e-05,7.809e-05,16969.95788149,1.33084508,7.842e-05,1.5806507333333368,1.8668563315384632,1.3328532958823502,7.709999999999996e-05,7.665846153846161e-05,7.823323529411771e-05
167,7.696e-05,1554242400,7.884e-05,7.696e-05,7.834e-05,7070.17966802,0.54980143,7.776e-05,1.0600266466666703,1.8835075469230784,1.3482672664705857,7.767999999999996e-05,7.634000000000007e-05,7.8254705882353e-05
168,7.621e-05,1554249600,7.746e-05,7.544e-05,7.746e-05,11320.99655268,0.85952794,7.592e-05,0.9133914833333371,1.9432185207692323,1.3642124535294093,7.718333333333329e-05,7.602769230769238e-05,7.822970588235302e-05
169,7.539e-05,1554256800,7.758e-05,7.5e-05,7.623e-05,23151.5743776,1.76025771,7.603e-05,1.0565290266666705,2.046500741538463,1.3922851391176445,7.61866666666666e-05,7.570307692307702e-05,7.816500000000006e-05
170,7.487e-05,1554264000,7.604e-05,7.288e-05,7.519e-05,25910.34594306,1.92210398,7.418e-05,1.5139632100000036,2.111218104615386,1.3851795023529387,7.548999999999994e-05,7.552000000000009e-05,7.807735294117653e-05
171,7.429e-05,1554271200,7.517e-05,7.422e-05,7.487e-05,11716.63180201,0.87776279,7.491e-05,1.520041493333337,1.38386989846154,1.389750099411762,7.484999999999995e-05,7.563461538461549e-05,7.795852941176475e-05
172,7.403e-05,1554278400,7.466e-05,7.396e-05,7.466e-05,1855.07533913,0.13791719,7.434e-05,0.9792613200000035,1.1932398876923092,1.3715959167647034,7.439666666666661e-05,7.562153846153855e-05,7.785647058823535e-05
173,7.522e-05,1554285600,7.522e-05,7.44e-05,7.443e-05,1911.71269086,0.14286342,7.473e-05,0.38618113333333687,1.1419833530769243,1.3536002161764682,7.451333333333328e-05,7.574230769230778e-05,7.779941176470593e-05
174,7.523e-05,1554292800,7.588e-05,7.505e-05,7.511e-05,12184.84511424,0.92029283,7.552e-05,0.4003578133333368,1.117049837692309,1.3792840291176447,7.482666666666662e-05,7.566000000000009e-05,7.773705882352947e-05
175,7.665e-05,1554300000,7.665e-05,7.513e-05,7.556e-05,3995.05859375,0.30333926,7.592e-05,0.4554985033333368,1.055409433846155,1.3859708676470566,7.569999999999996e-05,7.570461538461546e-05,7.769411764705888e-05
176,7.485e-05,1554307200,7.669e-05,7.436e-05,7.669e-05,16933.60558637,1.2763066,7.537e-05,0.8333128966666702,1.0378557961538475,1.4111451938235273,7.557666666666662e-05,7.576923076923084e-05,7.755970588235298e-05
177,7.48e-05,1554314400,7.487e-05,7.4e-05,7.487e-05,23934.13625295,1.78424443,7.454e-05,1.1212967633333368,1.0126689300000011,1.4429475085294095,7.54333333333333e-05,7.573692307692316e-05,7.743588235294122e-05
178,7.34e-05,1554321600,7.511e-05,7.24e-05,7.469e-05,15908.95908997,1.1691711,7.349e-05,1.4099073766666699,1.0026487507692319,1.4464529152941152,7.434999999999995e-05,7.540615384615393e-05,7.722205882352945e-05
179,7.132e-05,1554328800,7.273e-05,6.948e-05,7.273e-05,67987.51906118,4.81756174,7.085e-05,2.59032575666667,1.2708577246153858,1.5294578002941155,7.317333333333328e-05,7.4863076923077e-05,7.694617647058828e-05
180,7.091e-05,1554336000,7.156e-05,6.96e-05,7.15e-05,13265.1587978,0.9377566,7.069e-05,2.30816314666667,1.3007004300000014,1.4851285420588214,7.187666666666661e-05,7.43976923076924e-05,7.661647058823533e-05
181,6.903e-05,1554343200,7.103e-05,6.903e-05,7.092e-05,21636.7996187,1.52080987,7.028e-05,2.4253760700000035,1.3515682707692322,1.4060597726470565,7.041999999999995e-05,7.384538461538472e-05,7.627558823529414e-05
182,7.098e-05,1554350400,7.098e-05,6.895e-05,6.951e-05,6886.5494512,0.48355088,7.021e-05,0.9807057833333367,1.2533600530769244,1.3999194791176448,7.030666666666661e-05,7.350615384615394e-05,7.599941176470591e-05
183,7.102e-05,1554357600,7.11e-05,7.039e-05,7.039e-05,846.30537098,0.05982204,7.068e-05,0.6880609300000032,1.1101075961538476,1.3934301035294094,7.034333333333328e-05,7.32100000000001e-05,7.573882352941179e-05
184,7.058e-05,1554364800,7.158e-05,7.056e-05,7.06e-05,3700.61181709,0.26393203,7.132e-05,0.2691016500000032,1.0628898453846167,1.35143748470588,7.085999999999996e-05,7.29246153846155e-05,7.54532352941177e-05
185,7e-05,1554372000,7.058e-05,6.978e-05,7.058e-05,3198.57583898,0.22395774,7.001e-05,0.1825706033333365,1.0695083492307704,1.331192855882351,7.053333333333328e-05,7.261461538461549e-05,7.513500000000005e-05
186,7.093e-05,1554379200,7.093e-05,7.01e-05,7.01e-05,354.219307,0.02496482,7.047e-05,0.17095153000000315,1.0604392261538473,1.3078921711764684,7.050333333333328e-05,7.22846153846155e-05,7.482970588235299e-05
187,7e-05,1554386400,7.139e-05,7e-05,7.087e-05,1751.70711614,0.1239296,7.074e-05,0.12428405333333647,0.9991805161538475,1.30673547970588,7.030999999999993e-05,7.18823076923078e-05,7.45067647058824e-05
188,6.88e-05,1554393600,7.056e-05,6.88e-05,7.056e-05,7632.38109223,0.52955592,6.938e-05,0.22615011333333646,1.016581797692309,1.31250666470588,6.990999999999993e-05,7.127846153846164e-05,7.414500000000004e-05
189,6.869e-05,1554400800,6.894e-05,6.8e-05,6.88e-05,7384.84972308,0.50603403,6.852e-05,0.38650651666666985,0.9573300615384629,1.324940451470586,6.916333333333327e-05,7.08046153846155e-05,7.380441176470594e-05
190,6.859e-05,1554408000,6.873e-05,6.768e-05,6.873e-05,10349.99943346,0.70540778,6.815e-05,0.5803325766666698,0.8743426269230784,1.3334057144117626,6.869333333333328e-05,7.03269230769232e-05,7.348029411764712e-05
191,6.778e-05,1554415200,6.89e-05,6.775e-05,6.889e-05,10524.57392848,0.7244604,6.883e-05,0.6453007366666698,0.840134111538463,1.3229257773529388,6.835333333333328e-05,6.98946153846155e-05,7.32017647058824e-05
192,6.933e-05,1554422400,6.933e-05,6.86e-05,6.86e-05,2115.79277699,0.14548708,6.876e-05,0.5251184200000032,0.4807437530769245,1.023284530588233,6.856666666666662e-05,6.974153846153859e-05,7.309970588235298e-05
193,6.989e-05,1554429600,6.989e-05,6.926e-05,6.933e-05,4287.52149488,0.2989211,6.971e-05,0.3896228600000032,0.43160256076923226,0.9551319944117624,6.899999999999994e-05,6.966307692307705e-05,7.297294117647063e-05
194,6.979e-05,1554436800,7.059e-05,6.925e-05,6.987e-05,25209.4105918,1.76354212,6.995e-05,0.7359834333333367,0.4502742723076938,0.9832009282352918,6.966999999999995e-05,6.972153846153859e-05,7.285941176470592e-05
195,6.947e-05,1554444000,7.034e-05,6.943e-05,7.024e-05,4775.63084137,0.33510856,7.017e-05,0.7991905933333366,0.4388556323076938,0.9564562232352918,6.971666666666662e-05,6.960538461538474e-05,7.265852941176473e-05
196,6.982e-05,1554451200,7.047e-05,6.982e-05,6.985e-05,6098.4707611,0.42783722,7.015e-05,0.8421626333333369,0.46716449230769375,0.9365495382352919,6.969333333333329e-05,6.951307692307705e-05,7.247470588235297e-05
197,7.045e-05,1554458400,7.045e-05,6.988e-05,6.993e-05,5248.13830213,0.36947674,7.04e-05,0.3774741733333368,0.47528331615384756,0.9031663867647037,6.991333333333329e-05,6.950307692307704e-05,7.237000000000004e-05
198,7.08e-05,1554465600,7.112e-05,7.043e-05,7.043e-05,4477.54804156,0.31698505,7.079e-05,0.37143300333333684,0.4824392630769245,0.8503814267647037,7.035666666666662e-05,6.956461538461551e-05,7.224000000000004e-05
199,7.048e-05,1554472800,7.084e-05,7.01e-05,7.084e-05,12063.62868301,0.84893462,7.037e-05,0.5117988033333368,0.5458215553846167,0.8371314617647038,7.057666666666662e-05,6.953000000000013e-05,7.202764705882358e-05
200,7.075e-05,1554480000,7.084e-05,6.99e-05,7.033e-05,5967.19676565,0.41818301,7.008e-05,0.5280342266666702,0.5684564330769244,0.8102884597058803,7.067666666666663e-05,6.958769230769244e-05,7.180323529411769e-05
201,7.061e-05,1554487200,7.104e-05,7.028e-05,7.044e-05,1407.87613018,0.09965781,7.078e-05,0.4555918133333369,0.535387347692309,0.7970489414705861,7.06133333333333e-05,6.972692307692321e-05,7.161647058823534e-05
202,7.072e-05,1554494400,7.106e-05,7.057e-05,7.068e-05,13079.94745167,0.92443732,7.067e-05,0.48075938000000357,0.5675722161538475,0.7989580408823509,7.069333333333332e-05,6.988307692307705e-05,7.145500000000004e-05
203,7.116e-05,1554501600,7.116e-05,7.079e-05,7.079e-05,3149.55314576,0.22323314,7.087e-05,0.4157760900000036,0.5304818592307705,0.7537514358823509,7.082999999999998e-05,7.008076923076937e-05,7.133058823529416e-05
204,7.129e-05,1554508800,7.159e-05,7.113e-05,7.116e-05,181.14837981,0.01290884,7.126e-05,0.3868597666666702,0.47574712384615514,0.6975986376470569,7.105666666666666e-05,7.035076923076936e-05,7.122529411764709e-05
205,7.15e-05,1554516000,7.169e-05,7.129e-05,7.136e-05,24993.4386125,1.78472756,7.14e-05,0.6736231800000035,0.6018425453846168,0.7242740720588215,7.131666666666666e-05,7.051769230769243e-05,7.114323529411769e-05
206,7.229e-05,1554523200,7.232e-05,7.15e-05,7.15e-05,6181.57074993,0.44526554,7.203e-05,0.7476339800000035,0.6130998100000012,0.7333137294117629,7.169333333333333e-05,7.070230769230782e-05,7.109205882352945e-05
207,7.24e-05,1554530400,7.267e-05,7.226e-05,7.226e-05,13553.55006942,0.98220969,7.246e-05,1.0707342633333368,0.5529973153846167,0.7580003844117629,7.206333333333334e-05,7.090307692307706e-05,7.100911764705885e-05
208,7.127e-05,1554537600,7.24e-05,7.12e-05,7.24e-05,32626.254108,2.35650309,7.222e-05,1.2613261066666699,0.7084892023076936,0.8002418626470569,7.198666666666667e-05,7.10415384615386e-05,7.089264705882357e-05
209,7.169e-05,1554544800,7.169e-05,7.105e-05,7.134e-05,9200.45992171,0.65422804,7.11e-05,1.3309802733333365,0.725903880769232,0.810562120882351,7.178666666666668e-05,7.118538461538475e-05,7.074676470588239e-05
210,7.156e-05,1554552000,7.245e-05,7.149e-05,7.201e-05,3893.62843596,0.28060889,7.206e-05,1.0971133400000033,0.7190678923076935,0.781276894117645,7.150666666666667e-05,7.127076923076936e-05,7.065000000000004e-05
211,7e-05,1554559200,7.139e-05,7e-05,7.132e-05,81396.98509463,5.70835397,7.012e-05,2.2143969666666696,1.1337885784615398,0.8966918805882332,7.108333333333333e-05,7.120923076923092e-05,7.050882352941182e-05
212,6.975e-05,1554566400,7.025e-05,6.897e-05,7.022e-05,15960.65674585,1.11305252,6.973e-05,2.367338460000003,1.1541053400000014,0.8950413341176451,7.043666666666666e-05,7.115307692307705e-05,7.040147058823534e-05
213,6.986e-05,1554573600,7.015e-05,6.968e-05,6.975e-05,3639.63021752,0.25417698,6.983e-05,2.3585278233333367,1.141489491538463,0.7608241352941156,6.987e-05,7.108461538461552e-05,7.035852941176475e-05
214,6.969e-05,1554580800,7.088e-05,6.969e-05,6.974e-05,7065.17261938,0.49817899,7.051e-05,0.6218028300000032,1.1721449669230783,0.7478953820588214,6.976666666666665e-05,7.101384615384628e-05,7.032264705882356e-05
215,6.989e-05,1554588000,6.993e-05,6.969e-05,6.969e-05,254.79093737,0.01779032,6.982e-05,0.25671543000000324,1.1024028900000014,0.7036889247058803,6.981333333333332e-05,7.095000000000013e-05,7.034794117647063e-05
216,6.927e-05,1554595200,7.016e-05,6.927e-05,7.016e-05,604.44048423,0.04199246,6.947e-05,0.18598725666666993,1.0884612992307705,0.6907019123529391,6.961666666666667e-05,7.080461538461551e-05,7.029764705882358e-05
217,6.962e-05,1554602400,6.962e-05,6.9e-05,6.939e-05,19600.77582118,1.35692774,6.922e-05,0.47223684000000327,1.1918473684615398,0.7288520799999979,6.959333333333333e-05,7.067615384615398e-05,7.025647058823533e-05
218,6.943e-05,1554609600,6.977e-05,6.943e-05,6.969e-05,2208.13405553,0.15332213,6.943e-05,0.5174141100000033,1.0663546430769242,0.7255988476470567,6.944e-05,7.051692307692321e-05,7.022264705882356e-05
219,7.108e-05,1554616800,7.108e-05,6.962e-05,6.962e-05,76870.75331516,5.44024424,7.077e-05,2.316831370000003,1.4505837738461551,0.8790190388235273,7.004333333333331e-05,7.042384615384629e-05,7.02544117647059e-05
220,7.072e-05,1554624000,7.108e-05,7.06e-05,7.108e-05,5324.36421297,0.37593981,7.06e-05,1.9898353933333368,1.4039476292307702,0.8893418326470566,7.040999999999997e-05,7.029461538461551e-05,7.024823529411767e-05
221,7.13e-05,1554631200,7.171e-05,7.072e-05,7.072e-05,3965.73800656,0.2827454,7.129e-05,2.0329764833333366,1.2444278069230779,0.894012885588233,7.10333333333333e-05,7.029692307692321e-05,7.02864705882353e-05
222,7.032e-05,1554638400,7.118e-05,7.032e-05,7.118e-05,9450.72405067,0.66775438,7.065e-05,0.44214653000000315,1.2454682946153857,0.8980775461764684,7.077999999999998e-05,7.01915384615386e-05,7.033117647058825e-05
223,7.03e-05,1554645600,7.073e-05,7.01e-05,7.045e-05,8129.30888323,0.57115775,7.025e-05,0.5072191766666698,1.2678182069230781,0.8999929497058803,7.063999999999997e-05,7.009461538461552e-05,7.037852941176472e-05
224,7.063e-05,1554652800,7.063e-05,6.988e-05,7.01e-05,5939.10553205,0.41725989,7.025e-05,0.5520573400000032,0.8608109700000012,0.8915180117647037,7.041666666666664e-05,7.014307692307706e-05,7.043852941176472e-05
225,7.079e-05,1554660000,7.096e-05,7.031e-05,7.065e-05,1960.49853513,0.13794889,7.036e-05,0.3754555100000032,0.7858029984615397,0.874267673235292,7.05733333333333e-05,7.022307692307706e-05,7.052705882352942e-05
226,6.974e-05,1554667200,7.098e-05,6.974e-05,7.087e-05,18411.16955889,1.28923986,7.002e-05,0.6148162133333365,0.8654232200000013,0.9079074608823507,7.038666666666663e-05,7.021384615384629e-05,7.053911764705884e-05
227,6.849e-05,1554674400,6.988e-05,6.822e-05,6.974e-05,36121.46362884,2.4942655,6.905e-05,1.3071514166666698,1.0189683361538473,0.9724764138235272,6.967333333333329e-05,7.01215384615386e-05,7.049794117647061e-05
228,6.962e-05,1554681600,6.962e-05,6.84e-05,6.878e-05,26337.71175278,1.82788846,6.94e-05,1.87046460666667,1.158206654615386,0.9743689532352919,6.928333333333329e-05,7.010076923076937e-05,7.04929411764706e-05
229,6.843e-05,1554688800,6.97e-05,6.811e-05,6.957e-05,4995.26809911,0.34527518,6.912e-05,1.5558097133333366,1.181536094615386,0.974667971470586,6.884666666666661e-05,7.003615384615399e-05,7.046235294117648e-05
230,6.796e-05,1554696000,6.837e-05,6.735e-05,6.837e-05,9662.61241234,0.65462842,6.774e-05,0.9425973533333366,1.1275130700000013,0.9813383008823507,6.866999999999995e-05,6.990846153846166e-05,7.040764705882355e-05
231,6.762e-05,1554703200,6.8e-05,6.74e-05,6.798e-05,25123.59331677,1.69686787,6.754e-05,0.8989238233333366,1.246247357692309,1.0203792164705858,6.800333333333329e-05,6.97692307692309e-05,7.03244117647059e-05
232,6.715e-05,1554710400,6.747e-05,6.689e-05,6.743e-05,24832.48070932,1.67069001,6.727e-05,1.34072876666667,0.9562816476923091,1.060194068235292,6.757666666666663e-05,6.946692307692321e-05,7.021705882352943e-05
233,6.615e-05,1554717600,6.765e-05,6.587e-05,6.721e-05,10029.85728305,0.66784288,6.658e-05,1.3451335866666703,0.9787357300000014,1.054867840588233,6.697333333333329e-05,6.911538461538474e-05,7.008970588235296e-05
234,6.675e-05,1554724800,6.681e-05,6.585e-05,6.587e-05,14306.22543411,0.94954484,6.637e-05,1.0960259100000034,1.0300279946153859,1.0704961297058802,6.66833333333333e-05,6.876538461538474e-05,6.997205882352944e-05
235,6.692e-05,1554732000,6.692e-05,6.613e-05,6.65e-05,20784.47296193,1.38753255,6.675e-05,1.0016400900000033,1.0853955461538474,1.1083747985294097,6.660666666666663e-05,6.850384615384628e-05,6.986352941176472e-05
236,6.649e-05,1554739200,6.729e-05,6.621e-05,6.688e-05,14059.06256693,0.93872351,6.676e-05,1.0919336333333367,1.1136698353846168,1.1087949805882333,6.671999999999994e-05,6.821076923076936e-05,6.973911764705885e-05
237,6.63e-05,1554746400,6.668e-05,6.63e-05,6.664e-05,7697.16402558,0.51289955,6.663e-05,0.9463852033333368,1.1210267323076937,1.117314580882351,6.656999999999994e-05,6.787769230769243e-05,6.959617647058827e-05
238,6.63e-05,1554753600,6.655e-05,6.603e-05,6.641e-05,2927.68031219,0.19428577,6.636e-05,0.5486362766666701,1.1253603384615398,1.1226491964705863,6.636333333333328e-05,6.753230769230782e-05,6.944941176470591e-05
239,6.627e-05,1554760800,6.635e-05,6.626e-05,6.635e-05,1118.59142292,0.07412034,6.626e-05,0.26043522000000346,1.0318896061538476,1.0723372194117626,6.628999999999995e-05,6.726538461538475e-05,6.929558823529417e-05
240,6.724e-05,1554768000,6.848e-05,6.595e-05,6.595e-05,46879.60361619,3.15988251,6.74e-05,1.1427628733333368,1.083090914615386,1.152178894999998,6.660333333333329e-05,6.71692307692309e-05,6.914705882352946e-05
241,6.752e-05,1554775200,6.792e-05,6.723e-05,6.728e-05,4363.80023644,0.29472622,6.753e-05,1.1762430233333367,0.9651553576923089,1.1319587929411747,6.700999999999996e-05,6.700769230769243e-05,6.900352941176476e-05
242,6.6e-05,1554782400,6.741e-05,6.585e-05,6.74e-05,7321.30496514,0.48576247,6.634e-05,1.3134570666666703,0.9759620723076934,1.0769370099999982,6.691999999999998e-05,6.682076923076936e-05,6.884852941176477e-05
243,6.704e-05,1554789600,6.719e-05,6.567e-05,6.598e-05,17345.35933653,1.15759062,6.673e-05,0.6460264366666703,1.0146514723076936,1.091741791764704,6.68533333333333e-05,6.675000000000012e-05,6.871176470588241e-05
244,6.693e-05,1554796800,6.7e-05,6.64e-05,6.699e-05,4536.00268158,0.30258294,6.67e-05,0.6486453433333369,0.9073987853846166,1.0923880873529392,6.665666666666663e-05,6.66969230769232e-05,6.857558823529417e-05
245,6.745e-05,1554804000,6.745e-05,6.689e-05,6.7e-05,2275.70557807,0.15248556,6.7e-05,0.5375530400000036,0.790613827692309,0.9289801929411746,6.713999999999996e-05,6.672000000000012e-05,6.850058823529417e-05
246,6.897e-05,1554811200,6.909e-05,6.713e-05,6.744e-05,24348.00344611,1.67220369,6.867e-05,0.7090907300000037,0.8678723515384628,0.9454258155882334,6.778333333333329e-05,6.69369230769232e-05,6.847764705882358e-05
247,6.939e-05,1554818400,6.979e-05,6.855e-05,6.909e-05,28246.40164207,1.95735598,6.929e-05,1.2606817433333368,0.9453962853846166,0.9955193155882336,6.86033333333333e-05,6.714000000000013e-05,6.846382352941182e-05
248,6.982e-05,1554825600,7.098e-05,6.905e-05,6.929e-05,8935.1025601,0.62622669,7.008e-05,1.418595453333337,0.8868342961538473,0.999285424411763,6.939333333333331e-05,6.736307692307705e-05,6.846764705882358e-05
249,6.947e-05,1554832800,7.096e-05,6.947e-05,6.96e-05,4558.09133999,0.32131738,7.049e-05,0.9683000166666703,0.839341516923078,1.0082126908823512,6.955999999999998e-05,6.759230769230782e-05,6.84552941176471e-05
250,6.932e-05,1554840000,6.988e-05,6.932e-05,6.988e-05,394.83549037,0.02750808,6.966e-05,0.32501738333333696,0.8020037115384627,1.0077866797058805,6.953666666666663e-05,6.78246153846155e-05,6.84567647058824e-05
251,6.943e-05,1554847200,6.957e-05,6.917e-05,6.957e-05,51.29010299,0.00356062,6.942e-05,0.11746202666667031,0.7873325461538473,0.9679817644117629,6.940666666666663e-05,6.806538461538474e-05,6.845117647058828e-05
252,6.854e-05,1554854400,6.909e-05,6.854e-05,6.909e-05,199.84000002,0.01370462,6.857e-05,0.014924440000003647,0.7826851830769243,0.9638753670588216,6.909666666666664e-05,6.824000000000012e-05,6.842500000000005e-05
