,close,date,high,low,open,quoteVolume,volume,weightedAverage,avg_vol_3,avg_vol_13,avg_vol_34,avg_close_3,avg_close_13,avg_close_34
0,6.7e-07,1552914661,6.7e-07,6.7e-07,6.7e-07,0.0,0.0,6.7e-07,-99999.0,-99999.0,-99999.0,-99999.0,-99999.0,-99999.0
1,6.7e-07,1552917600,6.9e-07,6.7e-07,6.7e-07,81028.78119683,0.05430789,6.7e-07,-99999.0,-99999.0,-99999.0,-99999.0,-99999.0,-99999.0
2,6.8e-07,1552924800,6.8e-07,6.7e-07,6.8e-07,315469.43110067,0.2117798,6.7e-07,0.08869589666666666,-99999.0,-99999.0,6.733333333333334e-07,-99999.0,-99999.0
3,6.7e-07,1552932000,6.8e-07,6.7e-07,6.7e-07,321904.88338283,0.21572025,6.7e-07,0.16060264666666665,-99999.0,-99999.0,6.733333333333334e-07,-99999.0,-99999.0
4,6.7e-07,1552939200,6.7e-07,6.7e-07,6.7e-07,100589.98889718,0.06739529,6.7e-07,0.16496511333333333,-99999.0,-99999.0,6.733333333333334e-07,-99999.0,-99999.0
5,6.7e-07,1552946400,6.8e-07,6.7e-07,6.7e-07,98803.19962725,0.06624456,6.7e-07,0.11645336666666668,-99999.0,-99999.0,6.7e-07,-99999.0,-99999.0
6,6.7e-07,1552953600,6.8e-07,6.7e-07,6.8e-07,466605.452049,0.3127612,6.7e-07,0.14880035000000005,-99999.0,-99999.0,6.7e-07,-99999.0,-99999.0
7,6.7e-07,1552960800,6.8e-07,6.7e-07,6.7e-07,329952.39806879,0.22130701,6.7e-07,0.20010425666666673,-99999.0,-99999.0,6.7e-07,-99999.0,-99999.0
8,6.7e-07,1552968000,6.7e-07,6.7e-07,6.7e-07,459158.16721001,0.30763597,6.7e-07,0.28056806000000006,-99999.0,-99999.0,6.7e-07,-99999.0,-99999.0
9,6.7e-07,1552975200,6.8e-07,6.7e-07,6.8e-07,195077.44733587,0.13252693,6.7e-07,0.22048997000000004,-99999.0,-99999.0,6.7e-07,-99999.0,-99999.0
10,6.7e-07,1552982400,6.8e-07,6.7e-07,6.7e-07,126845.95986524,0.08553541,6.7e-07,0.17523277000000004,-99999.0,-99999.0,6.7e-07,-99999.0,-99999.0
11,6.7e-07,1552989600,6.8e-07,6.7e-07,6.8e-07,360631.22648802,0.24440519,6.7e-07,0.15415584333333335,-99999.0,-99999.0,6.7e-07,-99999.0,-99999.0
12,6.8e-07,1552996800,6.9e-07,6.6e-07,6.7e-07,6567679.1171408,4.44353618,6.7e-07,1.5911589266666668,0.48947351384615384,-99999.0,6.733333333333334e-07,6.715384615384617e-07,-99999.0
13,6.9e-07,1553004000,7e-07,6.8e-07,6.9e-07,2774940.8215703,1.91313394,6.8e-07,2.2003584366666664,0.636637663076923,-99999.0,6.800000000000002e-07,6.730769230769233e-07,-99999.0
14,6.9e-07,1553011200,6.9e-07,6.9e-07,6.9e-07,283847.84479206,0.19585501,6.9e-07,2.184175043333333,0.6475259030769231,-99999.0,6.866666666666667e-07,6.746153846153848e-07,-99999.0
15,6.9e-07,1553018400,6.9e-07,6.9e-07,6.9e-07,65639.20952447,0.04529105,6.9e-07,0.7180933333333334,0.6347190761538462,-99999.0,6.900000000000001e-07,6.753846153846155e-07,-99999.0
16,6.9e-07,1553025600,7e-07,6.9e-07,6.9e-07,321887.27993675,0.2221169,6.9e-07,0.15442098666666668,0.635211126153846,-99999.0,6.899999999999999e-07,6.769230769230771e-07,-99999.0
17,6.9e-07,1553032800,6.9e-07,6.8e-07,6.9e-07,900366.60188334,0.61996035,6.8e-07,0.29578943333333335,0.6777161307692305,-99999.0,6.899999999999999e-07,6.784615384615386e-07,-99999.0
18,6.9e-07,1553040000,7e-07,6.8e-07,6.9e-07,222576.03872775,0.15357448,6.8e-07,0.33188391000000006,0.6844338169230768,-99999.0,6.899999999999999e-07,6.800000000000002e-07,-99999.0
19,6.8e-07,1553047200,6.9e-07,6.8e-07,6.9e-07,602128.7644161,0.41286086,6.8e-07,0.39546523000000006,0.6921337907692305,-99999.0,6.866666666666666e-07,6.807692307692309e-07,-99999.0
20,6.9e-07,1553054400,7e-07,6.8e-07,6.8e-07,1211633.4554012,0.84476566,6.9e-07,0.47040033333333336,0.7400921484615383,-99999.0,6.866666666666666e-07,6.823076923076924e-07,-99999.0
21,6.8e-07,1553061600,7e-07,6.8e-07,6.8e-07,580398.39668985,0.39820229,6.8e-07,0.5519429366666667,0.7470587884615383,-99999.0,6.833333333333333e-07,6.830769230769232e-07,-99999.0
22,6.7e-07,1553068800,6.8e-07,6.7e-07,6.8e-07,4589987.3089973,3.11049957,6.7e-07,1.45115584,0.9761336069230768,-99999.0,6.8e-07,6.830769230769232e-07,-99999.0
23,6.7e-07,1553076000,6.8e-07,6.7e-07,6.7e-07,311961.72585757,0.20925673,6.7e-07,1.2393195299999997,0.9856506315384614,-99999.0,6.733333333333334e-07,6.830769230769232e-07,-99999.0
24,6.8e-07,1553083200,6.9e-07,6.7e-07,6.7e-07,2619305.5631973,1.77216916,6.7e-07,1.6973084866666663,1.1031709369230769,-99999.0,6.733333333333334e-07,6.83846153846154e-07,-99999.0
25,6.8e-07,1553090400,6.9e-07,6.7e-07,6.8e-07,288765.99133705,0.19637595,6.8e-07,0.7259339466666663,0.7764663038461539,-99999.0,6.766666666666667e-07,6.83846153846154e-07,-99999.0
26,6.8e-07,1553097600,6.9e-07,6.7e-07,6.7e-07,1366644.8233402,0.92954912,6.8e-07,0.9660314099999997,0.7008059330769232,-99999.0,6.8e-07,6.830769230769232e-07,-99999.0
27,6.8e-07,1553104800,6.9e-07,6.7e-07,6.8e-07,519874.53028101,0.35355026,6.8e-07,0.493158443333333,0.712936336923077,-99999.0,6.8e-07,6.823076923076924e-07,-99999.0
28,6.9e-07,1553112000,6.9e-07,6.8e-07,6.8e-07,126885.63179745,0.08735385,6.8e-07,0.45681774333333297,0.716171936923077,-99999.0,6.833333333333334e-07,6.823076923076924e-07,-99999.0
29,6.9e-07,1553119200,6.9e-07,6.8e-07,6.9e-07,190056.47400756,0.1310653,6.8e-07,0.19065646999999963,0.7091679676923077,-99999.0,6.866666666666667e-07,6.823076923076924e-07,-99999.0
30,6.9e-07,1553126400,6.9e-07,6.8e-07,6.8e-07,177584.03322153,0.1208354,6.8e-07,0.11308484999999964,0.6707737407692309,-99999.0,6.900000000000001e-07,6.823076923076924e-07,-99999.0
31,6.9e-07,1553133600,6.9e-07,6.7e-07,6.8e-07,1222024.1032051,0.83095208,6.7e-07,0.36095092666666634,0.7228797100000002,-99999.0,6.899999999999999e-07,6.823076923076924e-07,-99999.0
32,6.8e-07,1553140800,6.8e-07,6.7e-07,6.8e-07,672919.72734031,0.45629285,6.7e-07,0.4693601099999997,0.7262206323076925,-99999.0,6.866666666666666e-07,6.823076923076924e-07,-99999.0
33,6.8e-07,1553148000,6.8e-07,6.7e-07,6.8e-07,1311873.703748,0.89205378,6.7e-07,0.7264329033333331,0.7298581800000001,0.5958491255882352,6.833333333333333e-07,6.815384615384616e-07,6.794117647058823e-07
34,6.8e-07,1553155200,6.8e-07,6.7e-07,6.7e-07,350432.87911425,0.23819968,6.7e-07,0.5288487699999999,0.717550286923077,0.6028549985294118,6.8e-07,6.815384615384616e-07,6.797058823529412e-07
35,6.8e-07,1553162400,6.8e-07,6.7e-07,6.8e-07,298613.32370566,0.20286027,6.7e-07,0.44437124333333317,0.49388572538461545,0.6072241861764706,6.8e-07,6.823076923076924e-07,6.800000000000001e-07
36,6.8e-07,1553169600,6.9e-07,6.7e-07,6.7e-07,250082.80434735,0.16862028,6.7e-07,0.2032267433333332,0.4907598446153847,0.6059547885294118,6.8e-07,6.830769230769232e-07,6.800000000000001e-07
37,6.7e-07,1553176800,6.7e-07,6.6e-07,6.7e-07,5088853.3675876,3.40499814,6.6e-07,1.2588262299999997,0.6163620738461538,0.6997570794117647,6.766666666666667e-07,6.823076923076924e-07,6.800000000000001e-07
38,6.7e-07,1553184000,6.7e-07,6.6e-07,6.6e-07,704991.29946764,0.46912862,6.6e-07,1.3475823466666663,0.6373430484615383,0.7115727655882352,6.733333333333334e-07,6.815384615384616e-07,6.800000000000001e-07
39,6.6e-07,1553191200,6.7e-07,6.6e-07,6.7e-07,47757.22438103,0.03160008,6.6e-07,1.3019089466666662,0.5682700453846153,0.7105538102941176,6.666666666666668e-07,6.800000000000002e-07,6.797058823529412e-07
40,6.7e-07,1553198400,6.7e-07,6.6e-07,6.6e-07,19844.00333648,0.01312696,6.6e-07,0.17128521999999968,0.5420836376923076,0.7017410385294117,6.666666666666668e-07,6.792307692307694e-07,6.797058823529412e-07
41,6.7e-07,1553205600,6.7e-07,6.6e-07,6.7e-07,23071.62781737,0.01543716,6.6e-07,0.020054733333333002,0.5365515846153845,0.6956860429411764,6.666666666666668e-07,6.776923076923078e-07,6.797058823529412e-07
42,6.7e-07,1553212800,6.7e-07,6.6e-07,6.7e-07,810565.54102538,0.54257891,6.6e-07,0.19038100999999966,0.5682064776923075,0.7025961294117646,6.7e-07,6.761538461538463e-07,6.797058823529412e-07
43,6.7e-07,1553220000,6.7e-07,6.6e-07,6.6e-07,179497.09874249,0.11950759,6.6e-07,0.22584121999999965,0.5681043384615383,0.7022132076470587,6.7e-07,6.746153846153848e-07,6.797058823529412e-07
44,6.6e-07,1553227200,6.7e-07,6.6e-07,6.7e-07,146235.66835671,0.09725729,6.6e-07,0.2531145966666663,0.5116662776923075,0.7025579688235295,6.666666666666668e-07,6.723076923076925e-07,6.794117647058825e-07
45,6.6e-07,1553234400,6.7e-07,6.6e-07,6.7e-07,166871.21553832,0.11097874,6.6e-07,0.10924787333333297,0.4851036538461537,0.6986336614705884,6.633333333333335e-07,6.70769230769231e-07,6.791176470588237e-07
46,6.6e-07,1553241600,6.7e-07,6.6e-07,6.6e-07,137475.44751898,0.09122521,6.6e-07,0.09982041333333297,0.42350145615384605,0.5706245152941178,6.600000000000001e-07,6.692307692307695e-07,6.785294117647061e-07
47,6.6e-07,1553248800,6.7e-07,6.5e-07,6.6e-07,6862505.0563367,4.53550231,6.6e-07,1.5792354199999996,0.7540631969230769,0.647752996764706,6.600000000000001e-07,6.676923076923079e-07,6.776470588235297e-07
48,6.6e-07,1553256000,6.6e-07,6.5e-07,6.6e-07,465318.46267446,0.30710224,6.5e-07,1.6446099199999995,0.76208181,0.6510249741176471,6.600000000000001e-07,6.661538461538464e-07,6.767647058823533e-07
49,6.7e-07,1553263200,6.7e-07,6.6e-07,6.6e-07,183073.41918858,0.12112009,6.6e-07,1.6545748799999993,0.7584279492307692,0.6532552400000001,6.633333333333335e-07,6.653846153846156e-07,6.761764705882357e-07
50,6.6e-07,1553270400,6.6e-07,6.6e-07,6.6e-07,70206.94271324,0.04633658,6.6e-07,0.1581863033333327,0.5000693676923077,0.6480852305882354,6.633333333333335e-07,6.646153846153849e-07,6.752941176470592e-07
51,6.6e-07,1553277600,6.7e-07,6.6e-07,6.6e-07,1273171.4387169,0.84033494,6.6e-07,0.335930536666666,0.5286236999999999,0.6545668361764707,6.633333333333335e-07,6.638461538461542e-07,6.744117647058828e-07
52,6.6e-07,1553284800,6.6e-07,6.6e-07,6.6e-07,7084.78124568,0.00467595,6.6e-07,0.29711582333333264,0.526552613076923,0.6501874676470589,6.600000000000001e-07,6.638461538461542e-07,6.735294117647064e-07
53,6.6e-07,1553292000,6.7e-07,6.6e-07,6.6e-07,104246.73460935,0.06899182,6.6e-07,0.30466756999999933,0.5308499099999999,0.6400736723529414,6.600000000000001e-07,6.630769230769234e-07,6.729411764705888e-07
54,6.6e-07,1553299200,6.7e-07,6.6e-07,6.7e-07,52887.93392251,0.03505174,6.6e-07,0.036239836666666005,0.5323587238461538,0.6162585570588237,6.600000000000001e-07,6.623076923076926e-07,6.720588235294123e-07
55,6.6e-07,1553306400,6.6e-07,6.6e-07,6.6e-07,248.31304591,0.00016388,6.6e-07,0.03473581333333268,0.49063449076923066,0.6045515450000002,6.600000000000001e-07,6.615384615384618e-07,6.714705882352947e-07
56,6.6e-07,1553313600,6.7e-07,6.6e-07,6.7e-07,104899.63735038,0.0702763,6.6e-07,0.035163973333332675,0.48684746846153837,0.5151332135294119,6.600000000000001e-07,6.607692307692311e-07,6.711764705882359e-07
57,6.7e-07,1553320800,6.7e-07,6.6e-07,6.7e-07,480128.87368405,0.31752515,6.6e-07,0.129321776666666,0.5037911499999999,0.5183175788235296,6.633333333333335e-07,6.615384615384618e-07,6.711764705882359e-07
58,6.6e-07,1553328000,6.7e-07,6.6e-07,6.7e-07,108094.07312545,0.07227282,6.6e-07,0.15335808999999934,0.5008137715384614,0.4683206276470589,6.633333333333335e-07,6.615384615384618e-07,6.705882352941183e-07
59,6.6e-07,1553335200,6.7e-07,6.6e-07,6.7e-07,126147.69648468,0.08384755,6.6e-07,0.15788183999999933,0.5002462592307692,0.46501096882352955,6.633333333333335e-07,6.615384615384618e-07,6.700000000000007e-07
60,6.6e-07,1553342400,6.7e-07,6.6e-07,6.7e-07,58583.77487146,0.03908932,6.6e-07,0.06506989666666602,0.15436833692307683,0.43882097470588244,6.600000000000001e-07,6.615384615384618e-07,6.694117647058831e-07
61,6.6e-07,1553349600,6.7e-07,6.6e-07,6.6e-07,57440.60891611,0.03791808,6.6e-07,0.05361831666666602,0.13366186307692296,0.4295376752941178,6.600000000000001e-07,6.615384615384618e-07,6.688235294117653e-07
62,6.6e-07,1553356800,6.6e-07,6.6e-07,6.6e-07,87372.82603513,0.05766606,6.6e-07,0.04489115333333268,0.12878078384615374,0.42866450500000014,6.600000000000001e-07,6.607692307692311e-07,6.679411764705889e-07
63,6.6e-07,1553364000,6.7e-07,6.6e-07,6.7e-07,3701593.8294923,2.47553497,6.6e-07,0.8570397033333327,0.31564219846153835,0.4976194952941178,6.600000000000001e-07,6.607692307692311e-07,6.670588235294126e-07
64,6.7e-07,1553371200,6.8e-07,6.6e-07,6.7e-07,1883560.9598968,1.26084963,6.6e-07,1.2646835533333327,0.3479894823076922,0.5311493255882355,6.633333333333335e-07,6.615384615384618e-07,6.664705882352949e-07
65,6.7e-07,1553378400,6.7e-07,6.7e-07,6.7e-07,98576.68584218,0.06604637,6.7e-07,1.2674769899999994,0.3527102838461537,0.5086520988235295,6.666666666666668e-07,6.623076923076926e-07,6.658823529411773e-07
66,6.7e-07,1553385600,6.7e-07,6.6e-07,6.7e-07,968768.77321019,0.64905507,6.6e-07,0.658650356666666,0.39733053384615374,0.514321575882353,6.7e-07,6.630769230769234e-07,6.655882352941184e-07
67,6.7e-07,1553392800,6.7e-07,6.7e-07,6.7e-07,227408.4499276,0.15236366,6.7e-07,0.2891550333333326,0.40635452769230757,0.49256598411764707,6.7e-07,6.638461538461542e-07,6.652941176470595e-07
68,6.7e-07,1553400000,6.8e-07,6.7e-07,6.8e-07,1363356.3315824,0.91347324,6.7e-07,0.5716306566666659,0.47660909384615374,0.5124269711764705,6.7e-07,6.646153846153849e-07,6.650000000000006e-07
69,6.7e-07,1553407200,6.7e-07,6.7e-07,6.7e-07,222.08430919,0.00014879,6.7e-07,0.35532856333333257,0.4712146699999999,0.5064648688235294,6.7e-07,6.653846153846156e-07,6.647058823529418e-07
70,6.7e-07,1553414400,6.7e-07,6.6e-07,6.7e-07,416970.33890041,0.27934012,6.6e-07,0.39765404999999926,0.46827735999999986,0.5097213347058824,6.7e-07,6.653846153846156e-07,6.644117647058829e-07
71,6.7e-07,1553421600,6.8e-07,6.6e-07,6.6e-07,154690.47870176,0.10425439,6.7e-07,0.1279144333333326,0.47073748076923067,0.4126406361764707,6.7e-07,6.661538461538464e-07,6.644117647058829e-07
72,6.7e-07,1553428800,6.7e-07,6.6e-07,6.6e-07,888490.54222836,0.59528417,6.6e-07,0.3262928933333326,0.5100787592307692,0.41635109352941185,6.7e-07,6.669230769230772e-07,6.644117647058829e-07
73,6.7e-07,1553436000,6.8e-07,6.6e-07,6.6e-07,157921.46547094,0.10586097,6.7e-07,0.2684665099999992,0.51521504,0.41853523735294124,6.7e-07,6.676923076923079e-07,6.647058823529417e-07
74,6.7e-07,1553443200,6.8e-07,6.7e-07,6.8e-07,212889.34847061,0.14417634,6.7e-07,0.2817738266666659,0.5233887523076922,0.422389630882353,6.7e-07,6.684615384615387e-07,6.647058823529417e-07
75,6.8e-07,1553450400,6.8e-07,6.7e-07,6.7e-07,839732.71442454,0.56905574,6.7e-07,0.2730310166666659,0.5627264199999998,0.43867253029411774,6.733333333333334e-07,6.700000000000003e-07,6.650000000000005e-07
76,6.8e-07,1553457600,6.8e-07,6.7e-07,6.7e-07,1172251.6784674,0.79615773,6.7e-07,0.503129936666666,0.43354355538461525,0.44613073088235305,6.766666666666667e-07,6.715384615384617e-07,6.652941176470594e-07
77,6.8e-07,1553464800,6.9e-07,6.7e-07,6.7e-07,1094155.45696,0.74437269,6.8e-07,0.7031953866666659,0.3938145599999998,0.4645091161764707,6.8e-07,6.723076923076925e-07,6.655882352941183e-07
78,6.8e-07,1553472000,6.9e-07,6.8e-07,6.8e-07,296553.67407347,0.20336307,6.8e-07,0.5812978299999992,0.40437738307692295,0.46762987441176485,6.8e-07,6.730769230769233e-07,6.66176470588236e-07
79,6.8e-07,1553479200,6.8e-07,6.8e-07,6.8e-07,197485.16766207,0.13428991,6.8e-07,0.36067522333333263,0.3647800630769229,0.46831549705882364,6.8e-07,6.738461538461541e-07,6.667647058823536e-07
80,6.8e-07,1553486400,6.9e-07,6.7e-07,6.7e-07,477008.95196194,0.32411948,6.7e-07,0.22059081999999933,0.37799204923076907,0.47516532852941185,6.8e-07,6.746153846153848e-07,6.673529411764712e-07
81,6.7e-07,1553493600,6.8e-07,6.7e-07,6.8e-07,56980.07744117,0.03866624,6.7e-07,0.165691876666666,0.31069920307692295,0.3429054441176472,6.766666666666667e-07,6.746153846153848e-07,6.6764705882353e-07
82,6.7e-07,1553500800,6.8e-07,6.7e-07,6.7e-07,106333.82301502,0.07174381,6.7e-07,0.144843176666666,0.3162065123076922,0.3359831373529413,6.733333333333334e-07,6.746153846153848e-07,6.679411764705888e-07
83,6.8e-07,1553508000,6.9e-07,6.7e-07,6.7e-07,2609173.4524693,1.77785709,6.8e-07,0.6294223799999993,0.43147704846153834,0.3847106961764707,6.733333333333334e-07,6.753846153846155e-07,6.682352941176476e-07
84,6.7e-07,1553515200,6.8e-07,6.7e-07,6.8e-07,4449555.8895898,2.99810072,6.7e-07,1.6159005399999993,0.6540806123076922,0.47152728852941184,6.733333333333334e-07,6.753846153846155e-07,6.685294117647064e-07
85,6.6e-07,1553522400,6.7e-07,6.6e-07,6.7e-07,1201483.2124748,0.79506522,6.6e-07,1.8570076766666659,0.6694483853846153,0.4701958261764707,6.7e-07,6.746153846153848e-07,6.685294117647064e-07
86,6.6e-07,1553529600,6.7e-07,6.6e-07,6.6e-07,337590.72967853,0.22388549,6.6e-07,1.3390171433333322,0.6785271946153846,0.4766431655882354,6.633333333333335e-07,6.738461538461541e-07,6.685294117647064e-07
87,6.6e-07,1553536800,6.6e-07,6.6e-07,6.6e-07,0.0,0.0,6.6e-07,0.3396502366666656,0.6674367069230769,0.4746139944117648,6.600000000000001e-07,6.730769230769233e-07,6.685294117647064e-07
88,6.6e-07,1553544000,6.6e-07,6.6e-07,6.6e-07,0.0,0.0,6.6e-07,0.0746284966666656,0.6236631884615385,0.473583060882353,6.600000000000001e-07,6.715384615384617e-07,6.685294117647064e-07
89,6.6e-07,1553551200,6.7e-07,6.6e-07,6.7e-07,64979.13977781,0.04290087,6.6e-07,0.01430028999999893,0.5657203530769231,0.4748400311764707,6.600000000000001e-07,6.700000000000003e-07,6.685294117647064e-07
90,6.6e-07,1553558400,6.7e-07,6.6e-07,6.6e-07,2881.13897458,0.00190832,6.6e-07,0.014936396666665595,0.5086077092307693,0.47282920823529423,6.600000000000001e-07,6.684615384615387e-07,6.685294117647064e-07
91,6.6e-07,1553565600,6.7e-07,6.6e-07,6.6e-07,301062.84033591,0.20020147,6.6e-07,0.08167021999999892,0.5083645092307693,0.46937851176470596,6.600000000000001e-07,6.669230769230772e-07,6.682352941176476e-07
92,6.7e-07,1553572800,6.7e-07,6.6e-07,6.6e-07,797927.47308021,0.53236776,6.6e-07,0.2448258499999989,0.5389858823076923,0.4829107158823531,6.633333333333335e-07,6.661538461538464e-07,6.685294117647064e-07
93,6.5e-07,1553580000,6.7e-07,6.5e-07,6.6e-07,10223846.214629,6.74963493,6.6e-07,2.4940680533333324,1.0332563015384615,0.678963285882353,6.600000000000001e-07,6.638461538461542e-07,6.682352941176475e-07
94,6.6e-07,1553587200,6.7e-07,6.5e-07,6.5e-07,6135380.68657,4.04015157,6.5e-07,3.7740514199999993,1.341062865384615,0.7966415873529413,6.600000000000001e-07,6.630769230769234e-07,6.682352941176475e-07
95,6.5e-07,1553594400,6.7e-07,6.5e-07,6.6e-07,1233013.1659161,0.81343431,6.5e-07,3.867740269999999,1.3981159807692305,0.8194508882352942,6.533333333333336e-07,6.615384615384618e-07,6.679411764705887e-07
96,6.5e-07,1553601600,6.6e-07,6.4e-07,6.5e-07,6027017.2254429,3.91570883,6.4e-07,2.923098236666666,1.5625661146153844,0.9329227344117649,6.533333333333336e-07,6.592307692307696e-07,6.676470588235298e-07
97,6.4e-07,1553608800,6.5e-07,6.4e-07,6.4e-07,1436010.0262573,0.91937887,6.4e-07,1.8828406699999987,1.4026644338461536,0.8871534373529414,6.466666666666668e-07,6.569230769230773e-07,6.670588235294122e-07
98,6.6e-07,1553616000,6.6e-07,6.4e-07,6.5e-07,1760374.9320956,1.14481719,6.5e-07,1.9933016299999988,1.4295684315384611,0.883740718529412,6.500000000000001e-07,6.569230769230773e-07,6.667647058823534e-07
99,6.5e-07,1553623200,6.6e-07,6.5e-07,6.6e-07,251615.41259936,0.16396459,6.5e-07,0.7427202166666657,1.424959131538461,0.8866206661764708,6.500000000000001e-07,6.561538461538465e-07,6.661764705882357e-07
100,6.5e-07,1553630400,6.6e-07,6.5e-07,6.6e-07,161502.9909091,0.10509275,6.5e-07,0.47129150999999886,1.433043189230769,0.870621774411765,6.533333333333336e-07,6.553846153846157e-07,6.655882352941181e-07
101,6.6e-07,1553637600,6.6e-07,6.5e-07,6.5e-07,252580.64171059,0.16489874,6.5e-07,0.14465202666666555,1.4457277076923074,0.8709904532352946,6.533333333333336e-07,6.553846153846157e-07,6.652941176470593e-07
102,6.5e-07,1553644800,6.5e-07,6.5e-07,6.5e-07,3558.03733831,0.00231272,6.5e-07,0.09076806999999887,1.442605542307692,0.8441916144117652,6.533333333333336e-07,6.54615384615385e-07,6.647058823529417e-07
103,6.6e-07,1553652000,6.6e-07,6.5e-07,6.5e-07,232940.4636797,0.15280606,6.5e-07,0.10667250666666551,1.4542130607692305,0.8486815341176475,6.566666666666669e-07,6.54615384615385e-07,6.644117647058829e-07
104,6.5e-07,1553659200,6.6e-07,6.5e-07,6.5e-07,85083.19335598,0.05540638,6.5e-07,0.07017505333333218,1.4430749769230766,0.8420952476470592,6.533333333333336e-07,6.538461538461543e-07,6.638235294117653e-07
105,6.5e-07,1553666400,6.5e-07,6.5e-07,6.5e-07,0.0,0.0,6.5e-07,0.06940414666666551,1.4021236107692305,0.8390289420588238,6.533333333333336e-07,6.523076923076927e-07,6.632352941176477e-07
106,6.6e-07,1553673600,6.6e-07,6.5e-07,6.5e-07,426061.66309483,0.28062885,6.5e-07,0.11201174333333219,0.9045077584615383,0.8297743738235298,6.533333333333336e-07,6.530769230769235e-07,6.629411764705889e-07
107,6.7e-07,1553680800,6.7e-07,6.6e-07,6.6e-07,4732858.1522197,3.1406253,6.6e-07,1.140418049999999,0.8353134299999999,0.9190321482352946,6.600000000000001e-07,6.538461538461543e-07,6.629411764705889e-07
108,6.9e-07,1553688000,6.9e-07,6.6e-07,6.6e-07,8318630.5268422,5.64365298,6.7e-07,3.0216357099999986,1.2068687123076922,1.080781461176471,6.733333333333335e-07,6.569230769230773e-07,6.635294117647065e-07
109,6.8e-07,1553695200,6.8e-07,6.7e-07,6.8e-07,638494.02331262,0.43023101,6.7e-07,3.0715030966666657,0.9387550338461538,1.0766983808823534,6.800000000000002e-07,6.592307692307696e-07,6.635294117647065e-07
110,6.7e-07,1553702400,6.7e-07,6.6e-07,6.7e-07,6278730.5065822,4.20436508,6.6e-07,3.4260830233333324,1.1914462807692308,1.1769397735294123,6.800000000000002e-07,6.615384615384618e-07,6.632352941176477e-07
111,6.6e-07,1553709600,6.7e-07,6.6e-07,6.7e-07,734477.47855136,0.49170687,6.6e-07,1.7087676533333325,1.1412070253846154,1.1695084258823536,6.7e-07,6.615384615384618e-07,6.626470588235299e-07
112,6.7e-07,1553716800,6.7e-07,6.6e-07,6.7e-07,973304.66519599,0.65179741,6.6e-07,1.7826231199999993,1.178732626923077,1.1826976711764712,6.666666666666668e-07,6.630769230769234e-07,6.623529411764711e-07
113,6.6e-07,1553724000,6.7e-07,6.6e-07,6.7e-07,4705811.0784898,3.12037191,6.6e-07,1.4212920633333328,1.4106771776923077,1.2705236123529418,6.633333333333335e-07,6.638461538461542e-07,6.617647058823535e-07
114,6.6e-07,1553731200,6.7e-07,6.6e-07,6.6e-07,574613.75929585,0.38423843,6.6e-07,1.3854692499999997,1.4275494615384614,1.2722918167647066,6.633333333333335e-07,6.638461538461542e-07,6.611764705882358e-07
115,6.7e-07,1553738400,6.7e-07,6.7e-07,6.7e-07,662342.54283679,0.4437695,6.7e-07,1.316126613333333,1.4615076753846152,1.2842066185294125,6.633333333333335e-07,6.653846153846156e-07,6.611764705882358e-07
116,6.7e-07,1553745600,6.8e-07,6.6e-07,6.7e-07,661550.62891083,0.44149075,6.6e-07,0.4231662266666665,1.4837141899999997,1.2950815285294126,6.666666666666668e-07,6.661538461538464e-07,6.611764705882358e-07
117,6.8e-07,1553752800,6.8e-07,6.7e-07,6.7e-07,704588.44997806,0.47220268,6.7e-07,0.4524876433333332,1.5157754438461535,1.256679928235295,6.733333333333334e-07,6.684615384615387e-07,6.611764705882358e-07
118,6.6e-07,1553760000,6.7e-07,6.6e-07,6.7e-07,247663.7383965,0.16570973,6.6e-07,0.3598010533333333,1.5285223461538457,1.1733743108823538,6.7e-07,6.692307692307695e-07,6.608823529411771e-07
119,6.7e-07,1553767200,6.7e-07,6.6e-07,6.6e-07,1049674.3253226,0.69756965,6.6e-07,0.4451606866666666,1.560594715384615,1.170506794117648,6.7e-07,6.700000000000003e-07,6.611764705882358e-07
120,6.6e-07,1553774400,6.7e-07,6.6e-07,6.7e-07,592160.59249991,0.39434929,6.6e-07,0.41920955666666665,1.3493427146153842,1.1755204352941186,6.633333333333335e-07,6.692307692307695e-07,6.611764705882358e-07
121,6.7e-07,1553781600,6.8e-07,6.6e-07,6.6e-07,1397110.9790826,0.93679723,6.7e-07,0.6762387233333332,0.9872768876923074,1.2030732950000012,6.666666666666668e-07,6.676923076923079e-07,6.614705882352946e-07
122,6.8e-07,1553788800,6.8e-07,6.7e-07,6.7e-07,5902560.9853062,4.01085581,6.7e-07,1.7806674433333332,1.2627095646153843,1.3210396423529422,6.7e-07,6.676923076923079e-07,6.620588235294122e-07
123,6.7e-07,1553796000,6.8e-07,6.7e-07,6.8e-07,142337.37213324,0.09537985,6.7e-07,1.681010963333333,0.9466337776923074,1.3225831417647071,6.733333333333334e-07,6.676923076923079e-07,6.62352941176471e-07
124,6.7e-07,1553803200,6.8e-07,6.7e-07,6.8e-07,283213.21666312,0.19173223,6.7e-07,1.4326559633333333,0.9235588053846151,1.3281661979411776,6.733333333333334e-07,6.684615384615387e-07,6.626470588235298e-07
125,6.8e-07,1553810400,6.8e-07,6.7e-07,6.7e-07,193284.89657245,0.13119772,6.7e-07,0.1394366000000001,0.883512675384615,1.3261366758823543,6.733333333333334e-07,6.692307692307695e-07,6.632352941176475e-07
126,6.8e-07,1553817600,6.8e-07,6.7e-07,6.7e-07,67785.40175977,0.04543217,6.7e-07,0.12278737333333344,0.6469788492307689,1.3118150408823541,6.766666666666667e-07,6.70769230769231e-07,6.635294117647063e-07
127,6.6e-07,1553824800,6.8e-07,6.6e-07,6.7e-07,2409205.1247632,1.61333006,6.6e-07,0.5966533166666668,0.7415243592307689,1.1607472505882366,6.733333333333334e-07,6.70769230769231e-07,6.638235294117652e-07
128,6.7e-07,1553832000,6.7e-07,6.6e-07,6.6e-07,97882.03065461,0.0646664,6.6e-07,0.57447621,0.7123625823076919,1.043821216176472,6.7e-07,6.70769230769231e-07,6.64117647058824e-07
129,6.7e-07,1553839200,6.7e-07,6.6e-07,6.6e-07,167482.86646643,0.11055859,6.6e-07,0.5961850166666667,0.6869062623076919,1.0231484008823541,6.666666666666668e-07,6.70769230769231e-07,6.647058823529416e-07
130,6.6e-07,1553846400,6.7e-07,6.6e-07,6.6e-07,2650840.4031523,1.77211538,6.6e-07,0.6491134566666666,0.7868995469230765,0.9601015347058838,6.666666666666668e-07,6.692307692307695e-07,6.650000000000004e-07
131,6.6e-07,1553853600,6.7e-07,6.6e-07,6.7e-07,655460.17346662,0.43307812,6.6e-07,0.7719173633333334,0.8074663461538457,0.9457985714705894,6.633333333333335e-07,6.692307692307695e-07,6.655882352941181e-07
132,6.6e-07,1553860800,6.7e-07,6.6e-07,6.6e-07,291896.66060976,0.19281104,6.6e-07,0.7993348466666667,0.7686387607692304,0.9177983905882365,6.600000000000001e-07,6.684615384615387e-07,6.655882352941181e-07
133,6.7e-07,1553868000,6.7e-07,6.6e-07,6.6e-07,888287.21461855,0.59238305,6.6e-07,0.4060907366666667,0.7838721269230766,0.930398933529413,6.633333333333335e-07,6.692307692307695e-07,6.661764705882357e-07
134,6.6e-07,1553875200,6.8e-07,6.6e-07,6.7e-07,597341.68676396,0.39893029,6.6e-07,0.3947081266666667,0.7424977469230766,0.9390412141176484,6.633333333333335e-07,6.684615384615387e-07,6.664705882352947e-07
135,6.7e-07,1553882400,6.7e-07,6.6e-07,6.7e-07,19280.0531609,0.01290468,6.6e-07,0.33473934,0.4349630446153843,0.9345708005882365,6.666666666666668e-07,6.676923076923079e-07,6.667647058823534e-07
136,6.7e-07,1553889600,6.8e-07,6.6e-07,6.6e-07,202666.73594847,0.1357889,6.7e-07,0.18254128999999994,0.43807143307692276,0.9384965705882365,6.666666666666668e-07,6.676923076923079e-07,6.67352941176471e-07
137,6.7e-07,1553896800,6.7e-07,6.7e-07,6.7e-07,480131.66974947,0.32168821,6.7e-07,0.15679392999999994,0.44806804692307656,0.94346369264706,6.7e-07,6.676923076923079e-07,6.676470588235298e-07
138,6.6e-07,1553904000,6.8e-07,6.6e-07,6.8e-07,70464.23223057,0.04702514,6.6e-07,0.1681674166666666,0.44159323307692266,0.9432171855882364,6.666666666666668e-07,6.661538461538464e-07,6.679411764705887e-07
139,6.7e-07,1553911200,6.7e-07,6.6e-07,6.7e-07,260271.51243596,0.17309449,6.6e-07,0.18060261333333327,0.4514134115384611,0.948308200000001,6.666666666666668e-07,6.653846153846156e-07,6.685294117647063e-07
140,6.7e-07,1553918400,6.7e-07,6.6e-07,6.6e-07,3204294.8039814,2.14441204,6.6e-07,0.7881772233333333,0.4922658715384612,1.0031253526470598,6.666666666666668e-07,6.661538461538464e-07,6.688235294117651e-07
141,6.6e-07,1553925600,6.7e-07,6.6e-07,6.7e-07,204734.43986088,0.13556107,6.6e-07,0.8176891999999999,0.49771930769230727,0.9147411105882364,6.666666666666668e-07,6.653846153846156e-07,6.685294117647063e-07
142,6.6e-07,1553932800,6.7e-07,6.6e-07,6.7e-07,4183937.809322,2.76989941,6.6e-07,1.6832908399999997,0.7022839861538457,0.830218946764707,6.633333333333335e-07,6.646153846153849e-07,6.676470588235299e-07
143,6.6e-07,1553940000,6.7e-07,6.6e-07,6.6e-07,651638.43871747,0.43038397,6.6e-07,1.1119481499999997,0.5990738776923072,0.8302234455882364,6.600000000000001e-07,6.646153846153849e-07,6.670588235294123e-07
144,6.7e-07,1553947200,6.7e-07,6.6e-07,6.6e-07,79582.47484479,0.05266425,6.6e-07,1.0843158766666663,0.5698112723076918,0.70811459764706,6.633333333333335e-07,6.653846153846156e-07,6.670588235294123e-07
145,6.5e-07,1553954400,6.7e-07,6.5e-07,6.6e-07,4903480.6667229,3.20499189,6.5e-07,1.2293467033333332,0.801517491538461,0.7879170982352951,6.600000000000001e-07,6.646153846153849e-07,6.667647058823534e-07
146,6.6e-07,1553961600,6.6e-07,6.5e-07,6.6e-07,2718591.505053,1.78384804,6.5e-07,1.6805013933333333,0.8931686446153841,0.821212705000001,6.600000000000001e-07,6.638461538461542e-07,6.664705882352947e-07
147,6.7e-07,1553968800,6.7e-07,6.6e-07,6.6e-07,214639.09099239,0.14199274,6.6e-07,1.7102775566666664,0.873404217692307,0.7336133176470598,6.600000000000001e-07,6.646153846153849e-07,6.667647058823534e-07
148,6.7e-07,1553976000,6.7e-07,6.6e-07,6.6e-07,95425.61032087,0.06317361,6.6e-07,0.6630047966666663,0.8772710584615377,0.7241702347058833,6.666666666666668e-07,6.646153846153849e-07,6.670588235294122e-07
149,6.6e-07,1553983200,6.7e-07,6.6e-07,6.7e-07,388388.65531831,0.25722671,6.6e-07,0.1541310199999996,0.8866124284615378,0.7186836820588246,6.666666666666668e-07,6.638461538461542e-07,6.667647058823534e-07
150,6.6e-07,1553990400,6.7e-07,6.6e-07,6.6e-07,583408.49058119,0.38781186,6.6e-07,0.23607072666666626,0.8916988630769224,0.7171048911764716,6.633333333333335e-07,6.630769230769234e-07,6.664705882352947e-07
151,6.6e-07,1553997600,6.7e-07,6.6e-07,6.6e-07,772879.69639655,0.51694816,6.6e-07,0.3873289099999995,0.9278467876923069,0.7184209347058834,6.600000000000001e-07,6.630769230769234e-07,6.658823529411769e-07
152,6.7e-07,1554004800,6.7e-07,6.6e-07,6.6e-07,67548.42120794,0.04462673,6.6e-07,0.31646224999999956,0.9179646523076914,0.7148596700000011,6.633333333333335e-07,6.630769230769234e-07,6.661764705882357e-07
153,6.6e-07,1554012000,6.7e-07,6.6e-07,6.7e-07,894675.16303994,0.59051523,6.6e-07,0.38403003999999946,0.7984341284615375,0.7117110105882364,6.633333333333335e-07,6.623076923076926e-07,6.658823529411769e-07
154,6.6e-07,1554019200,6.7e-07,6.5e-07,6.6e-07,860788.71171168,0.56825363,6.6e-07,0.4011318633333327,0.8317181715384605,0.7168258441176482,6.633333333333335e-07,6.623076923076926e-07,6.658823529411769e-07
155,6.7e-07,1554026400,6.7e-07,6.5e-07,6.5e-07,1808397.2822197,1.20400081,6.6e-07,0.7875898899999992,0.7112644330769222,0.7246847729411776,6.633333333333335e-07,6.630769230769234e-07,6.658823529411769e-07
156,6.6e-07,1554033600,6.7e-07,6.6e-07,6.6e-07,46228.55870694,0.03052808,6.6e-07,0.600927506666666,0.6805062876923068,0.6076163102941188,6.633333333333335e-07,6.630769230769234e-07,6.652941176470593e-07
157,6.7e-07,1554040800,6.7e-07,6.6e-07,6.6e-07,47647.11962637,0.03146862,6.6e-07,0.42199916999999926,0.6788758546153838,0.6057365682352952,6.666666666666668e-07,6.630769230769234e-07,6.652941176470593e-07
158,6.6e-07,1554048000,6.7e-07,6.6e-07,6.7e-07,79742.09464069,0.05326478,6.6e-07,0.038420493333332605,0.43643530769230676,0.6016639961764717,6.633333333333335e-07,6.638461538461542e-07,6.650000000000005e-07
159,6.6e-07,1554055200,6.7e-07,6.6e-07,6.6e-07,275486.56234132,0.18184286,6.6e-07,0.0888587533333326,0.313204139999999,0.6031535591176481,6.633333333333335e-07,6.638461538461542e-07,6.644117647058829e-07
160,6.7e-07,1554062400,6.7e-07,6.6e-07,6.6e-07,448694.32006156,0.29886363,6.6e-07,0.17799042333333256,0.32527113153846055,0.6106074255882363,6.633333333333335e-07,6.638461538461542e-07,6.641176470588241e-07
161,6.6e-07,1554069600,6.7e-07,6.6e-07,6.7e-07,596870.48805499,0.39708996,6.6e-07,0.2925988166666659,0.3509570046153836,0.5748356579411775,6.633333333333335e-07,6.630769230769234e-07,6.641176470588241e-07
162,6.7e-07,1554076800,6.7e-07,6.6e-07,6.7e-07,165237.01619952,0.11063632,6.6e-07,0.2688633033333325,0.3396808207692298,0.5761877144117658,6.666666666666668e-07,6.638461538461542e-07,6.641176470588241e-07
163,6.7e-07,1554084000,6.7e-07,6.6e-07,6.7e-07,7537233.7917044,5.0120718,6.6e-07,1.8399326933333329,0.6953931238461529,0.7203498676470599,6.666666666666668e-07,6.646153846153849e-07,6.641176470588241e-07
164,6.7e-07,1554091200,6.8e-07,6.7e-07,6.8e-07,5983654.2802981,4.06820725,6.7e-07,3.063638456666666,0.9685668999999991,0.7878819814705894,6.7e-07,6.653846153846156e-07,6.644117647058828e-07
165,6.7e-07,1554098400,6.8e-07,6.7e-07,6.8e-07,707653.32589025,0.47823603,6.7e-07,3.1861716933333324,1.0019214615384606,0.7892101552941188,6.7e-07,6.653846153846156e-07,6.647058823529416e-07
166,6.7e-07,1554105600,6.8e-07,6.7e-07,6.8e-07,228770.98652306,0.15404619,6.7e-07,1.5668298233333326,0.9683469199999993,0.78807001264706,6.7e-07,6.661538461538464e-07,6.650000000000004e-07
167,6.9e-07,1554112800,7e-07,6.7e-07,6.7e-07,13607416.986515,9.42501552,6.9e-07,3.35243258,1.6496362961538453,1.0478533205882365,6.766666666666668e-07,6.684615384615387e-07,6.65588235294118e-07
168,7.1e-07,1554120000,7.1e-07,6.9e-07,7e-07,3579643.849573,2.51640398,7e-07,4.031821896666666,1.7505903861538454,1.110131958529413,6.900000000000002e-07,6.715384615384617e-07,6.670588235294121e-07
169,6.9e-07,1554127200,7.1e-07,6.9e-07,7.1e-07,4484106.0789814,3.16607318,7e-07,5.0358308933333324,1.9917861630769225,1.2028722085294128,6.96666666666667e-07,6.738461538461541e-07,6.676470588235297e-07
170,6.8e-07,1554134400,7e-07,6.8e-07,7e-07,3174675.9703578,2.1897604,6.8e-07,2.6240791866666657,2.1578086076923073,1.263283135000001,6.933333333333335e-07,6.746153846153848e-07,6.679411764705886e-07
171,7e-07,1554141600,7e-07,6.8e-07,6.8e-07,1106889.2556031,0.76316343,6.8e-07,2.0396656699999993,2.2124161961538458,1.2762677002941185,6.900000000000002e-07,6.776923076923078e-07,6.688235294117651e-07
172,6.9e-07,1554148800,7e-07,6.9e-07,6.9e-07,714146.61359064,0.49285961,6.9e-07,1.1485944799999992,2.2363405615384613,1.2893804788235301,6.900000000000002e-07,6.800000000000002e-07,6.697058823529414e-07
173,7e-07,1554156000,7.1e-07,6.9e-07,6.9e-07,3266814.6658818,2.28745266,7e-07,1.1811585666666657,2.389308948461538,1.3515674838235303,6.96666666666667e-07,6.823076923076924e-07,6.70588235294118e-07
174,7.1e-07,1554163200,7.1e-07,6.9e-07,7e-07,7725633.0374797,5.34125343,6.9e-07,2.7071885666666655,2.7696292153846147,1.4455922305882363,7.000000000000002e-07,6.861538461538462e-07,6.717647058823533e-07
175,7e-07,1554170400,7.1e-07,6.9e-07,7e-07,521833.14018557,0.3660032,7e-07,2.664903096666665,2.7892728215384612,1.4523699402941186,7.033333333333336e-07,6.884615384615385e-07,6.729411764705885e-07
176,6.5e-07,1554177600,7e-07,6.4e-07,7e-07,21238208.084993,13.93610057,6.5e-07,6.547785733333332,3.4757365730769227,1.780787621470589,6.86666666666667e-07,6.86923076923077e-07,6.726470588235297e-07
177,6.6e-07,1554184800,6.7e-07,6.5e-07,6.6e-07,11840860.918907,7.83914763,6.6e-07,7.3804171333333315,3.7658089099999996,1.998692435000001,6.700000000000004e-07,6.861538461538462e-07,6.726470588235297e-07
178,6.5e-07,1554192000,6.7e-07,6.5e-07,6.6e-07,2267807.2463162,1.49026179,6.5e-07,7.755169996666663,3.843657045384615,2.0409747155882365,6.533333333333337e-07,6.846153846153847e-07,6.72058823529412e-07
179,6.5e-07,1554199200,6.6e-07,6.4e-07,6.5e-07,3021135.3967586,1.96643046,6.5e-07,3.7652799599999973,3.9830712199999994,2.004546438235295,6.533333333333337e-07,6.830769230769232e-07,6.72058823529412e-07
180,6.5e-07,1554206400,6.6e-07,6.4e-07,6.5e-07,3399646.5512232,2.19338978,6.4e-07,1.883360676666664,3.426792316923076,2.016591783529413,6.500000000000004e-07,6.800000000000002e-07,6.717647058823532e-07
181,6.6e-07,1554213600,6.7e-07,6.5e-07,6.6e-07,1707762.6180549,1.1272825,6.6e-07,1.7623675799999974,3.3199368184615374,2.0455708941176485,6.533333333333337e-07,6.761538461538463e-07,6.714705882352944e-07
182,6.6e-07,1554220800,6.7e-07,6.5e-07,6.5e-07,3258448.3995006,2.14599839,6.5e-07,1.822223556666664,3.241469526923076,2.1068304464705894,6.56666666666667e-07,6.738461538461541e-07,6.711764705882356e-07
183,6.6e-07,1554228000,6.6e-07,6.5e-07,6.6e-07,3559603.9333178,2.34749653,6.5e-07,1.873592473333331,3.253603075384615,2.1683089705882366,6.600000000000004e-07,6.723076923076925e-07,6.711764705882356e-07
184,6.6e-07,1554235200,6.7e-07,6.5e-07,6.6e-07,1295488.5523489,0.86188069,6.6e-07,1.7851252033333307,3.2611967107692306,2.18225217147059,6.600000000000004e-07,6.692307692307695e-07,6.711764705882356e-07
185,6.6e-07,1554242400,6.8e-07,6.6e-07,6.6e-07,2481605.5771467,1.65178289,6.6e-07,1.6203867033333308,3.3503446553846152,2.2156296635294135,6.600000000000004e-07,6.669230769230772e-07,6.711764705882356e-07
186,6.7e-07,1554249600,6.7e-07,6.6e-07,6.6e-07,1694952.9389211,1.13235745,6.6e-07,1.2153403433333307,3.2614911776923075,2.2476217435294132,6.633333333333336e-07,6.646153846153849e-07,6.711764705882356e-07
187,6.8e-07,1554256800,6.8e-07,6.6e-07,6.7e-07,2578860.9032438,1.74302337,6.7e-07,1.5090545699999975,2.98470425,2.2815190417647075,6.700000000000003e-07,6.623076923076926e-07,6.717647058823533e-07
188,6.6e-07,1554264000,6.8e-07,6.6e-07,6.8e-07,2127541.1361741,1.41724402,6.6e-07,1.4308749466666644,3.065568928461538,2.306489347352943,6.700000000000003e-07,6.592307692307696e-07,6.717647058823533e-07
189,6.8e-07,1554271200,6.8e-07,6.6e-07,6.6e-07,2322747.7944407,1.55443624,6.6e-07,1.5715678766666645,2.1131332107692304,2.3167962717647077,6.733333333333335e-07,6.615384615384618e-07,6.720588235294121e-07
190,6.7e-07,1554278400,6.8e-07,6.7e-07,6.8e-07,1184322.3223659,0.80200024,6.7e-07,1.2578934999999978,1.5718141807692307,2.3394866294117667,6.700000000000003e-07,6.623076923076926e-07,6.723529411764709e-07
191,6.9e-07,1554285600,6.9e-07,6.7e-07,6.7e-07,7887273.3507327,5.36135265,6.7e-07,2.5725963766666644,1.8695904007692308,2.4962479244117666,6.800000000000002e-07,6.653846153846156e-07,6.729411764705885e-07
192,6.7e-07,1554292800,6.9e-07,6.7e-07,6.9e-07,1561186.5125952,1.06022603,6.7e-07,2.407859639999997,1.7998823676923075,2.5258644317647074,6.766666666666668e-07,6.669230769230772e-07,6.732352941176474e-07
193,6.9e-07,1554300000,6.9e-07,6.7e-07,6.9e-07,966375.39671672,0.65173053,6.7e-07,2.357769736666664,1.6812931946153844,2.5396846573529426,6.833333333333334e-07,6.700000000000003e-07,6.741176470588238e-07
194,6.8e-07,1554307200,6.9e-07,6.7e-07,6.8e-07,3680554.3387669,2.51144376,6.8e-07,1.4078001066666639,1.7877671376923074,2.604760543529413,6.8e-07,6.715384615384617e-07,6.744117647058826e-07
195,6.7e-07,1554314400,6.9e-07,6.7e-07,6.7e-07,2697896.5525652,1.8338937,6.7e-07,1.6656893299999973,1.7637590846153846,2.647019477058825,6.8e-07,6.723076923076925e-07,6.747058823529414e-07
196,6.7e-07,1554321600,6.8e-07,6.7e-07,6.7e-07,3519863.8619927,2.38382,6.7e-07,2.243052486666664,1.7665531976923075,2.713877820588237,6.733333333333334e-07,6.730769230769233e-07,6.747058823529414e-07
197,6.7e-07,1554328800,6.9e-07,6.7e-07,6.7e-07,12777742.926946,8.61726842,6.7e-07,4.2783273733333305,2.3631214846153843,2.8199130152941194,6.7e-07,6.738461538461541e-07,6.747058823529414e-07
198,6.6e-07,1554336000,6.8e-07,6.5e-07,6.7e-07,4575518.7448567,3.03380981,6.6e-07,4.678299409999997,2.4694312476923077,2.789489561176472,6.666666666666668e-07,6.738461538461541e-07,6.744117647058826e-07
199,6.6e-07,1554343200,6.7e-07,6.5e-07,6.5e-07,7199149.2942261,4.75117656,6.5e-07,5.46741826333333,2.747801948461538,2.9151642826470603,6.633333333333335e-07,6.730769230769233e-07,6.741176470588239e-07
200,6.7e-07,1554350400,6.7e-07,6.6e-07,6.6e-07,5358540.5196494,3.53693791,6.6e-07,3.773974759999996,2.885795374615384,3.014661097941178,6.633333333333335e-07,6.723076923076925e-07,6.741176470588239e-07
201,6.6e-07,1554357600,6.7e-07,6.6e-07,6.6e-07,828800.39152064,0.55505807,6.6e-07,2.947724179999996,2.819473378461538,2.75377999647059,6.633333333333335e-07,6.723076923076925e-07,6.732352941176475e-07
202,6.6e-07,1554364800,6.8e-07,6.6e-07,6.6e-07,2910550.023258,1.95974425,6.7e-07,2.0172467433333288,2.850650917692307,2.7374076514705896,6.633333333333335e-07,6.70769230769231e-07,6.717647058823533e-07
203,6.6e-07,1554372000,6.7e-07,6.6e-07,6.6e-07,1173938.1992499,0.78484172,6.6e-07,1.0998813466666624,2.8493310315384615,2.6673714320588253,6.600000000000001e-07,6.700000000000003e-07,6.708823529411769e-07
204,6.7e-07,1554379200,6.8e-07,6.6e-07,6.6e-07,1338320.5636376,0.8949575,6.6e-07,1.2131811566666626,2.5057621738461533,2.6292889938235313,6.633333333333335e-07,6.684615384615387e-07,6.70588235294118e-07
205,6.8e-07,1554386400,6.8e-07,6.7e-07,6.7e-07,2856523.4624748,1.91426885,6.7e-07,1.198022689999996,2.571457775384615,2.663145035588237,6.7e-07,6.692307692307695e-07,6.700000000000004e-07
206,6.7e-07,1554393600,6.8e-07,6.7e-07,6.8e-07,1036959.8691933,0.69515029,6.7e-07,1.1681255466666627,2.574797756923076,2.66909476147059,6.733333333333334e-07,6.676923076923079e-07,6.694117647058827e-07
207,6.6e-07,1554400800,6.7e-07,6.6e-07,6.7e-07,1379158.6457448,0.91352672,6.6e-07,1.1743152866666626,2.4518810615384607,2.6286851750000015,6.7e-07,6.661538461538464e-07,6.682352941176474e-07
208,6.5e-07,1554408000,6.7e-07,6.5e-07,6.6e-07,1151967.2116891,0.75973362,6.5e-07,0.7894702099999961,2.3692533630769224,2.493934592352943,6.600000000000001e-07,6.646153846153849e-07,6.664705882352945e-07
209,6.5e-07,1554415200,6.7e-07,6.5e-07,6.5e-07,2137411.6025089,1.39386079,6.5e-07,1.0223737099999959,2.293102654615384,2.5241656979411786,6.533333333333336e-07,6.630769230769234e-07,6.650000000000003e-07
210,6.7e-07,1554422400,6.7e-07,6.5e-07,6.6e-07,1914990.0583691,1.27873226,6.6e-07,1.1441088899999958,1.728599873076922,2.151890159411767,6.566666666666669e-07,6.630769230769234e-07,6.655882352941179e-07
211,6.7e-07,1554429600,6.7e-07,6.6e-07,6.6e-07,2085099.3969338,1.39700837,6.6e-07,1.3565338066666623,1.602692069999999,1.9624154752941199,6.633333333333335e-07,6.638461538461542e-07,6.658823529411766e-07
212,6.6e-07,1554436800,6.7e-07,6.6e-07,6.7e-07,116759.62895227,0.07782966,6.6e-07,0.9178567633333291,1.2432038469230757,1.9208733538235316,6.666666666666668e-07,6.638461538461542e-07,6.661764705882355e-07
213,6.7e-07,1554444000,6.8e-07,6.7e-07,6.7e-07,757909.20228731,0.51365104,6.7e-07,0.6628296899999958,1.0106433184615373,1.8781445473529434,6.666666666666668e-07,6.638461538461542e-07,6.667647058823532e-07
214,6.7e-07,1554451200,6.8e-07,6.7e-07,6.7e-07,2299885.2712379,1.54232337,6.7e-07,0.7112680233333292,1.086586803076922,1.85899553529412,6.666666666666668e-07,6.646153846153849e-07,6.673529411764709e-07
215,6.7e-07,1554458400,6.8e-07,6.7e-07,6.7e-07,60656.8873609,0.04100404,6.7e-07,0.6989928166666625,0.9389914023076913,1.8270461688235318,6.7e-07,6.653846153846156e-07,6.676470588235296e-07
216,6.7e-07,1554465600,6.8e-07,6.7e-07,6.8e-07,1808652.1399555,1.21326639,6.7e-07,0.9321979333333292,0.9719471461538451,1.7996128747058846,6.7e-07,6.661538461538464e-07,6.679411764705884e-07
217,6.7e-07,1554472800,6.8e-07,6.7e-07,6.7e-07,1058990.4801747,0.71306677,6.7e-07,0.6557790666666626,0.9579555515384605,1.7515414111764729,6.7e-07,6.661538461538464e-07,6.682352941176471e-07
218,6.7e-07,1554480000,6.8e-07,6.7e-07,6.7e-07,628829.70012502,0.42141858,6.7e-07,0.7825839133333293,0.8431209153846141,1.7385866432352963,6.7e-07,6.653846153846156e-07,6.685294117647059e-07
219,6.7e-07,1554487200,6.8e-07,6.7e-07,6.7e-07,38768.56173978,0.02629887,6.7e-07,0.3869280733333294,0.791670806153845,1.6907782897058845,6.7e-07,6.653846153846156e-07,6.688235294117647e-07
220,6.8e-07,1554494400,6.8e-07,6.7e-07,6.7e-07,163232.74147385,0.10953913,6.7e-07,0.1857521933333294,0.7298256069230757,1.6606953979411787,6.733333333333334e-07,6.669230769230772e-07,6.691176470588235e-07
221,6.7e-07,1554501600,6.8e-07,6.7e-07,6.8e-07,497668.41221351,0.33412962,6.7e-07,0.15665587333332942,0.6970868376923065,1.6192573464705904,6.733333333333334e-07,6.684615384615387e-07,6.688235294117647e-07
222,6.7e-07,1554508800,6.8e-07,6.7e-07,6.8e-07,980918.29176779,0.66296578,6.7e-07,0.3688781766666627,0.6408641446153834,1.5970726923529435,6.733333333333334e-07,6.700000000000003e-07,6.691176470588234e-07
223,6.7e-07,1554516000,6.8e-07,6.7e-07,6.8e-07,1065276.0839972,0.72374362,6.7e-07,0.5736130066666628,0.5981727107692296,1.5726405564705903,6.7e-07,6.700000000000003e-07,6.688235294117646e-07
224,6.8e-07,1554523200,6.8e-07,6.7e-07,6.8e-07,26763.412805,0.01818796,6.7e-07,0.468299119999996,0.4921096023076912,1.5495872541176492,6.733333333333334e-07,6.70769230769231e-07,6.691176470588234e-07
225,6.8e-07,1554530400,6.8e-07,6.7e-07,6.8e-07,278659.8893617,0.18930245,6.7e-07,0.31041134333332937,0.5006844323076912,1.3974681305882375,6.766666666666667e-07,6.723076923076925e-07,6.688235294117647e-07
226,6.9e-07,1554537600,6.9e-07,6.8e-07,6.8e-07,2411782.2952165,1.65137926,6.8e-07,0.6196232233333293,0.5882019876923066,1.4148549902941197,6.833333333333334e-07,6.738461538461541e-07,6.694117647058823e-07
227,6.9e-07,1554544800,6.9e-07,6.8e-07,6.8e-07,2327806.2600377,1.59820317,6.8e-07,1.1462949599999959,0.5925004338461528,1.4426924208823548,6.866666666666667e-07,6.753846153846155e-07,6.694117647058823e-07
228,6.9e-07,1554552000,7e-07,6.8e-07,6.9e-07,3125407.1330552,2.16271454,6.9e-07,1.8040989899999957,0.7557089338461527,1.4324356791176491,6.900000000000001e-07,6.769230769230771e-07,6.697058823529411e-07
229,7e-07,1554559200,7e-07,6.8e-07,7e-07,682006.68805366,0.46750033,6.8e-07,1.409472679999996,0.6983423138461528,1.3922476388235316,6.933333333333335e-07,6.792307692307694e-07,6.705882352941176e-07
230,6.8e-07,1554566400,6.9e-07,6.7e-07,6.9e-07,13728410.764032,9.23214736,6.7e-07,3.95412074333333,1.3536562053846144,1.593669031764708,6.900000000000002e-07,6.800000000000002e-07,6.708823529411765e-07
231,6.8e-07,1554573600,6.8e-07,6.7e-07,6.8e-07,922644.02293983,0.62275139,6.7e-07,3.44079969333333,1.3691433446153836,1.3585361779411784,6.866666666666668e-07,6.807692307692309e-07,6.711764705882354e-07
232,6.8e-07,1554580800,6.8e-07,6.7e-07,6.7e-07,1203630.4520804,0.81511669,6.7e-07,3.5566718133333297,1.4298216384615374,1.2932804979411783,6.800000000000002e-07,6.815384615384616e-07,6.71764705882353e-07
233,6.8e-07,1554588000,6.8e-07,6.7e-07,6.7e-07,154315.24174181,0.1048786,6.7e-07,0.5142488933333293,1.4294631361538448,1.1566246755882372,6.800000000000002e-07,6.815384615384616e-07,6.723529411764706e-07
234,6.8e-07,1554595200,6.8e-07,6.7e-07,6.8e-07,1569917.3794894,1.06741931,6.7e-07,0.6624715333333294,1.4858700353846142,1.0839917755882371,6.800000000000002e-07,6.823076923076924e-07,6.726470588235295e-07
235,6.8e-07,1554602400,6.9e-07,6.7e-07,6.8e-07,1658075.1649268,1.13004803,6.8e-07,0.7674486466666627,1.5217994392307679,1.1009032450000018,6.800000000000002e-07,6.830769230769232e-07,6.732352941176471e-07
236,6.9e-07,1554609600,6.9e-07,6.8e-07,6.9e-07,2677062.9732889,1.84598187,6.8e-07,1.3478164033333293,1.608125458461537,1.0975572926470607,6.833333333333334e-07,6.846153846153847e-07,6.741176470588236e-07
237,7e-07,1554616800,7e-07,6.8e-07,6.9e-07,11649691.978273,8.03905202,6.9e-07,3.6716939733333294,2.22511500153846,1.3109164191176488,6.900000000000002e-07,6.861538461538462e-07,6.752941176470588e-07
238,6.9e-07,1554624000,6.9e-07,6.8e-07,6.9e-07,4656599.2019085,3.188363,6.8e-07,4.357798963333329,2.455811966923076,1.3783695220588255,6.933333333333336e-07,6.86923076923077e-07,6.758823529411765e-07
239,6.8e-07,1554631200,6.9e-07,6.8e-07,6.9e-07,305038.48225379,0.21005537,6.8e-07,3.8124901299999965,2.3449408984615374,1.3282455961764725,6.900000000000002e-07,6.861538461538462e-07,6.758823529411765e-07
240,6.9e-07,1554638400,6.9e-07,6.8e-07,6.8e-07,253300.32365691,0.17447939,6.8e-07,1.1909659199999965,2.2354236846153834,1.3129317461764725,6.866666666666668e-07,6.861538461538462e-07,6.764705882352941e-07
241,6.9e-07,1554645600,6.9e-07,6.8e-07,6.9e-07,3747924.6696227,2.55607117,6.8e-07,0.9802019766666632,2.2656818869230757,1.3612418770588255,6.866666666666668e-07,6.861538461538462e-07,6.773529411764706e-07
242,7e-07,1554652800,7e-07,6.9e-07,6.9e-07,1945970.3786587,1.35140135,6.9e-07,1.360650636666663,2.3336742730769218,1.3786438691176492,6.933333333333336e-07,6.861538461538462e-07,6.788235294117647e-07
243,7e-07,1554660000,7e-07,6.9e-07,6.9e-07,4470847.4386926,3.12833024,6.9e-07,2.345267586666663,1.864149879230768,1.4296576764705904,6.966666666666671e-07,6.876923076923077e-07,6.802941176470589e-07
244,7e-07,1554667200,7.1e-07,6.9e-07,7e-07,10196435.732054,7.0839811,6.9e-07,3.854570896666663,2.361167549230768,1.600400289411767,7.000000000000004e-07,6.892307692307693e-07,6.811764705882354e-07
245,7.1e-07,1554674400,7.1e-07,6.9e-07,7e-07,4727622.0714636,3.29930714,6.9e-07,4.5038728266666626,2.552259122307691,1.6563502532352963,7.033333333333336e-07,6.915384615384615e-07,6.823529411764706e-07
246,6.9e-07,1554681600,7.1e-07,6.9e-07,7.1e-07,7513570.2405199,5.26533229,7e-07,5.216206843333329,2.9492170984615376,1.808923860000002,7.000000000000004e-07,6.923076923076923e-07,6.83235294117647e-07
247,6.9e-07,1554688800,7e-07,6.9e-07,7e-07,1312274.8758212,0.91547336,6.9e-07,3.160037596666663,2.9375289484615377,1.8207421635294139,6.966666666666671e-07,6.930769230769231e-07,6.838235294117647e-07
248,7e-07,1554696000,7e-07,6.9e-07,6.9e-07,410592.19990773,0.2844579,6.9e-07,2.155087849999996,2.872483553846153,1.7837461202941198,6.933333333333337e-07,6.946153846153846e-07,6.847058823529412e-07
249,6.8e-07,1554703200,7e-07,6.8e-07,7e-07,2179871.4665223,1.5044026,6.9e-07,0.9014446199999963,2.8462082253846144,1.826787254411767,6.900000000000005e-07,6.938461538461539e-07,6.850000000000001e-07
250,6.8e-07,1554710400,6.9e-07,6.8e-07,6.9e-07,2268926.2440816,1.55790245,6.8e-07,1.1155876499999964,2.3476582584615375,1.8369236091176493,6.866666666666672e-07,6.923076923076923e-07,6.852941176470589e-07
251,6.8e-07,1554717600,6.9e-07,6.8e-07,6.8e-07,3316169.2906167,2.2553255,6.8e-07,1.7725435166666632,2.2758861430769217,1.8822841600000022,6.800000000000004e-07,6.915384615384615e-07,6.855882352941178e-07
252,6.8e-07,1554724800,6.9e-07,6.7e-07,6.9e-07,135825.26252716,0.09336058,6.8e-07,1.3021961766666632,2.2669096207692294,1.8726353952941197,6.800000000000004e-07,6.915384615384615e-07,6.858823529411766e-07
