,close,date,high,low,open,quoteVolume,volume,weightedAverage,avg_vol_3,avg_vol_13,avg_vol_34,avg_close_3,avg_close_13,avg_close_34
0,1.9e-07,1553218424,1.9e-07,1.9e-07,1.9e-07,0.0,0.0,1.9e-07,-99999.0,-99999.0,-99999.0,-99999.0,-99999.0,-99999.0
1,1.9e-07,1553220000,1.9e-07,1.8e-07,1.8e-07,2744856.5273441,0.49975962,1.8e-07,-99999.0,-99999.0,-99999.0,-99999.0,-99999.0,-99999.0
2,1.8e-07,1553227200,1.9e-07,1.8e-07,1.9e-07,228604.78097151,0.04156076,1.8e-07,0.18044012666666667,-99999.0,-99999.0,1.8666666666666667e-07,-99999.0,-99999.0
3,1.9e-07,1553234400,1.9e-07,1.8e-07,1.8e-07,738782.61808369,0.13959439,1.8e-07,0.22697159,-99999.0,-99999.0,1.8666666666666667e-07,-99999.0,-99999.0
4,1.8e-07,1553241600,1.9e-07,1.8e-07,1.8e-07,1384334.8880562,0.25060637,1.8e-07,0.1439205066666667,-99999.0,-99999.0,1.8333333333333333e-07,-99999.0,-99999.0
5,1.8e-07,1553248800,1.9e-07,1.8e-07,1.8e-07,3261956.9077167,0.61879286,1.8e-07,0.33633120666666666,-99999.0,-99999.0,1.8333333333333333e-07,-99999.0,-99999.0
6,1.9e-07,1553256000,1.9e-07,1.8e-07,1.8e-07,273513.44662704,0.05002503,1.8e-07,0.30647475333333335,-99999.0,-99999.0,1.8333333333333333e-07,-99999.0,-99999.0
7,1.8e-07,1553263200,1.9e-07,1.8e-07,1.9e-07,30135.4316377,0.00562572,1.8e-07,0.22481453666666665,-99999.0,-99999.0,1.8333333333333333e-07,-99999.0,-99999.0
8,1.9e-07,1553270400,1.9e-07,1.8e-07,1.8e-07,174855.67696102,0.03211982,1.8e-07,0.029256856666666664,-99999.0,-99999.0,1.8666666666666667e-07,-99999.0,-99999.0
9,1.8e-07,1553277600,1.9e-07,1.8e-07,1.8e-07,1110505.2193829,0.20199681,1.8e-07,0.07991411666666667,-99999.0,-99999.0,1.8333333333333333e-07,-99999.0,-99999.0
10,1.9e-07,1553284800,1.9e-07,1.8e-07,1.8e-07,2456539.8806602,0.46083532,1.8e-07,0.23165065000000004,-99999.0,-99999.0,1.8666666666666667e-07,-99999.0,-99999.0
11,1.9e-07,1553292000,1.9e-07,1.8e-07,1.8e-07,70196.55123111,0.01272469,1.8e-07,0.22518560666666668,-99999.0,-99999.0,1.8666666666666667e-07,-99999.0,-99999.0
12,1.9e-07,1553299200,1.9e-07,1.8e-07,1.9e-07,166699.46191021,0.03162849,1.8e-07,0.16839616666666668,0.18040537538461543,-99999.0,1.9e-07,1.8615384615384613e-07,-99999.0
13,1.9e-07,1553306400,1.9e-07,1.8e-07,1.8e-07,69290.02142255,0.01304164,1.8e-07,0.019131606666666672,0.1814085784615385,-99999.0,1.9e-07,1.8615384615384613e-07,-99999.0
14,1.9e-07,1553313600,1.9e-07,1.8e-07,1.9e-07,312719.73684208,0.05786876,1.8e-07,0.03417963,0.14741697384615388,-99999.0,1.9e-07,1.8615384615384613e-07,-99999.0
15,1.9e-07,1553320800,1.9e-07,1.8e-07,1.9e-07,449153.62839668,0.08389711,1.8e-07,0.05160250333333333,0.15067361615384617,-99999.0,1.9e-07,1.869230769230769e-07,-99999.0
16,1.9e-07,1553328000,1.9e-07,1.8e-07,1.9e-07,233530.24012777,0.04436409,1.8e-07,0.06204331999999999,0.14334820846153845,-99999.0,1.9e-07,1.869230769230769e-07,-99999.0
17,1.9e-07,1553335200,1.9e-07,1.8e-07,1.9e-07,2246974.5248163,0.41132898,1.8e-07,0.17986339333333334,0.15571148615384617,-99999.0,1.9e-07,1.8769230769230765e-07,-99999.0
18,1.9e-07,1553342400,1.9e-07,1.8e-07,1.9e-07,1168032.8786069,0.22175786,1.8e-07,0.22581697666666667,0.12517033230769228,-99999.0,1.9e-07,1.884615384615384e-07,-99999.0
19,1.8e-07,1553349600,1.9e-07,1.8e-07,1.9e-07,543395.65732974,0.10065589,1.8e-07,0.24458091,0.12906501384615382,-99999.0,1.8666666666666667e-07,1.8769230769230765e-07,-99999.0
20,1.9e-07,1553356800,1.9e-07,1.8e-07,1.8e-07,10169344.793936,1.83125869,1.8e-07,0.7178908133333334,0.2694983192307692,-99999.0,1.8666666666666667e-07,1.884615384615384e-07,-99999.0
21,1.8e-07,1553364000,1.9e-07,1.8e-07,1.9e-07,242605.98702672,0.04497721,1.8e-07,0.65896393,0.2704873492307692,-99999.0,1.8333333333333333e-07,1.8769230769230765e-07,-99999.0
22,1.9e-07,1553371200,1.9e-07,1.8e-07,1.8e-07,2415051.4932004,0.43496931,1.8e-07,0.7704017366666666,0.28840831076923074,-99999.0,1.8666666666666667e-07,1.884615384615384e-07,-99999.0
23,1.9e-07,1553378400,1.9e-07,1.8e-07,1.8e-07,2148858.4134216,0.38752193,1.8e-07,0.28915614999999995,0.28276881923076924,-99999.0,1.8666666666666667e-07,1.884615384615384e-07,-99999.0
24,1.8e-07,1553385600,1.9e-07,1.8e-07,1.8e-07,615942.83411545,0.11089997,1.8e-07,0.31113040333333325,0.29032076384615385,-99999.0,1.8666666666666667e-07,1.8769230769230765e-07,-99999.0
25,1.9e-07,1553392800,1.9e-07,1.9e-07,1.9e-07,152362.42105264,0.02894886,1.9e-07,0.17579025333333323,0.2901146384615384,-99999.0,1.8666666666666667e-07,1.8769230769230765e-07,-99999.0
26,1.9e-07,1553400000,1.9e-07,1.8e-07,1.8e-07,134598.02983645,0.02551042,1.8e-07,0.05511974999999991,0.2910737753846153,-99999.0,1.8666666666666667e-07,1.8769230769230765e-07,-99999.0
27,1.9e-07,1553407200,1.9e-07,1.8e-07,1.8e-07,3147680.149734,0.59328864,1.8e-07,0.21591597333333326,0.33225992,-99999.0,1.9e-07,1.8769230769230765e-07,-99999.0
28,1.9e-07,1553414400,1.9e-07,1.9e-07,1.9e-07,178369.29026316,0.03389016,1.9e-07,0.21756307333333327,0.3284132315384616,-99999.0,1.9e-07,1.8769230769230765e-07,-99999.0
29,1.9e-07,1553421600,1.9e-07,1.8e-07,1.8e-07,4490214.7018427,0.85096125,1.8e-07,0.4927133499999999,0.390459166923077,-99999.0,1.9e-07,1.8769230769230765e-07,-99999.0
30,1.9e-07,1553428800,1.9e-07,1.8e-07,1.8e-07,487454.41511285,0.08916733,1.8e-07,0.3246729133333332,0.36567750153846157,-99999.0,1.9e-07,1.8769230769230765e-07,-99999.0
31,1.9e-07,1553436000,1.9e-07,1.8e-07,1.8e-07,761916.73623233,0.14100985,1.8e-07,0.3603794766666666,0.35946611615384616,-99999.0,1.9e-07,1.8769230769230765e-07,-99999.0
32,1.8e-07,1553443200,1.9e-07,1.8e-07,1.8e-07,2142612.317324,0.38569653,1.8e-07,0.20529123666666657,0.3813923192307692,-99999.0,1.8666666666666667e-07,1.8769230769230765e-07,-99999.0
33,1.8e-07,1553450400,1.9e-07,1.8e-07,1.8e-07,4788190.2907885,0.87681608,1.8e-07,0.4678408199999999,0.30797365692307693,0.26803236588235296,1.8333333333333333e-07,1.869230769230769e-07,1.8705882352941169e-07
34,1.8e-07,1553457600,1.8e-07,1.8e-07,1.8e-07,2848.51779263,0.00051273,1.8e-07,0.42100844666666654,0.3045533123076923,0.2680474461764706,1.8e-07,1.869230769230769e-07,1.8676470588235288e-07
35,1.8e-07,1553464800,1.9e-07,1.8e-07,1.9e-07,505560.3807704,0.09102828,1.8e-07,0.3227856966666665,0.27809630999999996,0.25602593617647057,1.8e-07,1.8615384615384613e-07,1.8647058823529404e-07
36,1.8e-07,1553472000,1.9e-07,1.8e-07,1.9e-07,311143.26702801,0.0560278,1.8e-07,0.04918960333333322,0.25259676153846145,0.2564514373529412,1.8e-07,1.8538461538461537e-07,1.8647058823529404e-07
37,1.9e-07,1553479200,1.9e-07,1.8e-07,1.9e-07,849663.30166015,0.16051206,1.8e-07,0.10252271333333322,0.25641307615384606,0.2570666629411765,1.8333333333333333e-07,1.8615384615384613e-07,1.8647058823529404e-07
38,1.8e-07,1553486400,1.9e-07,1.8e-07,1.8e-07,4532284.1467963,0.85471907,1.8e-07,0.3570863099999999,0.31993386153846143,0.2748346835294118,1.8333333333333333e-07,1.8538461538461537e-07,1.8647058823529404e-07
39,1.9e-07,1553493600,1.9e-07,1.8e-07,1.9e-07,123254.3046421,0.02279106,1.8e-07,0.3460073966666666,0.31972467999999993,0.25730521882352947,1.8666666666666667e-07,1.8538461538461537e-07,1.8676470588235288e-07
40,1.8e-07,1553500800,1.9e-07,1.8e-07,1.8e-07,1484737.9148786,0.28036878,1.8e-07,0.3859596366666666,0.2956539215384615,0.26408003500000005,1.8333333333333333e-07,1.846153846153846e-07,1.8647058823529404e-07
41,1.9e-07,1553508000,1.9e-07,1.8e-07,1.9e-07,4950613.027081,0.94057435,1.8e-07,0.4145780633333333,0.36539885923076915,0.2915785241176471,1.8666666666666667e-07,1.846153846153846e-07,1.8676470588235288e-07
42,1.8e-07,1553515200,1.9e-07,1.8e-07,1.9e-07,346734.52379093,0.06376684,1.8e-07,0.4282366566666666,0.304845443076923,0.2925093188235295,1.8333333333333333e-07,1.8384615384615385e-07,1.8647058823529404e-07
43,1.9e-07,1553522400,1.9e-07,1.8e-07,1.8e-07,40239.85190476,0.00735369,1.8e-07,0.3372316266666666,0.2985520861538461,0.28678452117647063,1.8666666666666667e-07,1.8384615384615385e-07,1.8676470588235288e-07
44,1.8e-07,1553529600,1.9e-07,1.8e-07,1.9e-07,4655964.655101,0.85459732,1.8e-07,0.3085726166666666,0.35344342999999995,0.29836575647058833,1.8333333333333333e-07,1.830769230769231e-07,1.8647058823529404e-07
45,1.8e-07,1553536800,1.8e-07,1.8e-07,1.8e-07,0.0,0.0,1.8e-07,0.28731700333333327,0.32377446615384614,0.297991500882353,1.8333333333333333e-07,1.830769230769231e-07,1.8617647058823524e-07
46,1.8e-07,1553544000,1.8e-07,1.8e-07,1.8e-07,0.0,0.0,1.8e-07,0.28486577333333324,0.25632707538461535,0.29706125117647064,1.8e-07,1.830769230769231e-07,1.858823529411764e-07
47,1.8e-07,1553551200,1.8e-07,1.8e-07,1.8e-07,2478191.9386947,0.44607454,1.8e-07,0.14869151333333328,0.29060106076923076,0.3097975129411765,1.8e-07,1.830769230769231e-07,1.855882352941176e-07
48,1.8e-07,1553558400,1.9e-07,1.8e-07,1.8e-07,207370.41638995,0.03733844,1.8e-07,0.16113765999999993,0.28647107307692304,0.30919368,1.8e-07,1.830769230769231e-07,1.8529411764705876e-07
49,1.9e-07,1553565600,1.9e-07,1.8e-07,1.9e-07,649061.42589128,0.12328051,1.8e-07,0.20223116333333324,0.2916443584615384,0.31035201529411766,1.8333333333333333e-07,1.8384615384615385e-07,1.8529411764705876e-07
50,1.8e-07,1553572800,1.9e-07,1.8e-07,1.8e-07,49793.04677242,0.00909462,1.8e-07,0.05657118999999992,0.27999686307692306,0.3093146779411765,1.8333333333333333e-07,1.830769230769231e-07,1.8499999999999995e-07
51,1.8e-07,1553580000,1.9e-07,1.8e-07,1.9e-07,353918.52614944,0.06570086,1.8e-07,0.06602532999999992,0.21930315461538458,0.299149145,1.8333333333333333e-07,1.830769230769231e-07,1.8470588235294111e-07
52,1.8e-07,1553587200,1.9e-07,1.8e-07,1.9e-07,5701859.5414693,1.06182714,1.8e-07,0.37887420666666655,0.2992290069230769,0.323857065,1.8e-07,1.8230769230769233e-07,1.844117647058823e-07
53,1.8e-07,1553594400,1.9e-07,1.8e-07,1.9e-07,52880.66309708,0.009584,1.8e-07,0.3790373333333332,0.27839940846153843,0.32117848,1.8e-07,1.8230769230769233e-07,1.844117647058823e-07
54,1.9e-07,1553601600,1.9e-07,1.8e-07,1.8e-07,341280.2748925,0.06237652,1.8e-07,0.3779292199999999,0.21084572923076922,0.26915253382352944,1.8333333333333333e-07,1.8230769230769233e-07,1.844117647058823e-07
55,1.9e-07,1553608800,1.9e-07,1.8e-07,1.8e-07,101310.95265143,0.01828218,1.8e-07,0.030080899999999893,0.2073469092307692,0.2683673858823529,1.8666666666666667e-07,1.830769230769231e-07,1.8470588235294111e-07
56,1.9e-07,1553616000,1.9e-07,1.8e-07,1.8e-07,928702.24184653,0.16723228,1.8e-07,0.08263032666666656,0.2196452623076923,0.2604927673529412,1.9e-07,1.830769230769231e-07,1.8470588235294111e-07
57,1.8e-07,1553623200,1.9e-07,1.8e-07,1.8e-07,311974.71588759,0.05648811,1.8e-07,0.08066752333333323,0.15825224615384614,0.2507564785294118,1.8666666666666667e-07,1.830769230769231e-07,1.844117647058823e-07
58,1.8e-07,1553630400,1.9e-07,1.8e-07,1.8e-07,709074.2251579,0.13263386,1.8e-07,0.1187847499999999,0.16845485076923075,0.25139571058823534,1.8333333333333333e-07,1.830769230769231e-07,1.844117647058823e-07
59,1.9e-07,1553637600,1.9e-07,1.8e-07,1.9e-07,1033662.8339515,0.19540948,1.8e-07,0.12817714999999988,0.1834863492307692,0.25629161117647065,1.8333333333333333e-07,1.8384615384615385e-07,1.844117647058823e-07
60,1.8e-07,1553644800,1.9e-07,1.8e-07,1.8e-07,11795940.439715,2.12340909,1.8e-07,0.8171508099999999,0.31251208384615387,0.3179945132352942,1.8333333333333333e-07,1.8384615384615385e-07,1.841176470588235e-07
61,1.9e-07,1553652000,1.9e-07,1.8e-07,1.9e-07,493955.94015636,0.09351945,1.8e-07,0.8041126733333334,0.3168337,0.30329541941176474,1.8666666666666667e-07,1.846153846153846e-07,1.841176470588235e-07
62,1.8e-07,1553659200,1.8e-07,1.8e-07,1.8e-07,3549.17284929,0.00063885,1.8e-07,0.7391891300000001,0.3073997261538461,0.3023174397058824,1.8333333333333333e-07,1.8384615384615385e-07,1.8382352941176466e-07
63,1.8e-07,1553666400,1.9e-07,1.8e-07,1.8e-07,2071543.3478438,0.37795284,1.8e-07,0.15737038,0.33577343538461535,0.2884054276470589,1.8333333333333333e-07,1.8384615384615385e-07,1.8352941176470586e-07
64,1.9e-07,1553673600,1.9e-07,1.8e-07,1.9e-07,3210083.7951482,0.57792183,1.8e-07,0.31883784,0.37517504846153843,0.30278056000000003,1.8333333333333333e-07,1.846153846153846e-07,1.8352941176470586e-07
65,1.8e-07,1553680800,1.9e-07,1.8e-07,1.8e-07,1599155.0166478,0.28807117,1.8e-07,0.4146486133333333,0.31565535846153847,0.3071058929411765,1.8333333333333333e-07,1.846153846153846e-07,1.8323529411764702e-07
66,1.9e-07,1553688000,1.9e-07,1.8e-07,1.8e-07,496029.75602019,0.09037156,1.8e-07,0.3187881866666666,0.32186978615384615,0.29841986441176477,1.8666666666666667e-07,1.8538461538461537e-07,1.8352941176470586e-07
67,1.8e-07,1553695200,1.9e-07,1.8e-07,1.8e-07,2472008.179066,0.44879151,1.8e-07,0.27574474666666654,0.35159401615384617,0.2858309064705883,1.8333333333333333e-07,1.846153846153846e-07,1.8352941176470586e-07
68,1.8e-07,1553702400,1.9e-07,1.8e-07,1.8e-07,289726.66312958,0.05301015,1.8e-07,0.1973910733333332,0.35426539846153854,0.28737494823529414,1.8333333333333333e-07,1.8384615384615385e-07,1.8352941176470586e-07
69,1.8e-07,1553709600,1.9e-07,1.8e-07,1.8e-07,10739452.737006,1.93351161,1.8e-07,0.8117710899999998,0.4901330392307693,0.34156563441176474,1.8e-07,1.830769230769231e-07,1.8352941176470586e-07
70,1.9e-07,1553716800,1.9e-07,1.8e-07,1.8e-07,1880266.1050299,0.33946148,1.8e-07,0.7753277466666666,0.5119002215384616,0.3499019191176471,1.8333333333333333e-07,1.8384615384615385e-07,1.8382352941176466e-07
71,1.9e-07,1553724000,1.9e-07,1.8e-07,1.9e-07,1766454.9995336,0.33281127,1.8e-07,0.8685947866666667,0.5272984838461539,0.35496954294117655,1.8666666666666667e-07,1.846153846153846e-07,1.8382352941176466e-07
72,1.9e-07,1553731200,1.9e-07,1.8e-07,1.9e-07,197100.57835136,0.03689356,1.8e-07,0.23638877000000003,0.5151049515384615,0.3309158514705883,1.9e-07,1.846153846153846e-07,1.841176470588235e-07
73,1.9e-07,1553738400,1.9e-07,1.8e-07,1.8e-07,3391608.7000996,0.62123927,1.8e-07,0.3303147,0.3995534269230769,0.34851726941176475,1.9e-07,1.8538461538461537e-07,1.841176470588235e-07
74,1.9e-07,1553745600,1.9e-07,1.8e-07,1.9e-07,982060.42623156,0.17736213,1.8e-07,0.2784983200000001,0.4060028638461538,0.34548766205882364,1.9e-07,1.8538461538461537e-07,1.844117647058823e-07
75,1.9e-07,1553752800,1.9e-07,1.8e-07,1.9e-07,547670.58557453,0.09906141,1.8e-07,0.29922093666666677,0.41357383000000003,0.3207372814705883,1.9e-07,1.8615384615384613e-07,1.844117647058823e-07
76,1.9e-07,1553760000,1.9e-07,1.8e-07,1.8e-07,593574.4297728,0.10694179,1.8e-07,0.1277884433333334,0.39272682615384613,0.32200713294117655,1.9e-07,1.869230769230769e-07,1.8470588235294111e-07
77,1.9e-07,1553767200,1.9e-07,1.8e-07,1.8e-07,268060.92487332,0.04894546,1.8e-07,0.08498288666666672,0.3520363361538461,0.32323042029411775,1.9e-07,1.869230769230769e-07,1.8470588235294111e-07
78,1.9e-07,1553774400,1.9e-07,1.8e-07,1.8e-07,25642848.542648,4.65377846,1.8e-07,1.6032219033333333,0.6878599738461537,0.4349710420588236,1.9e-07,1.8769230769230765e-07,1.8499999999999995e-07
79,1.9e-07,1553781600,1.9e-07,1.8e-07,1.9e-07,828038.04555314,0.1554861,1.8e-07,1.61940334,0.6928687846153845,0.43954416264705887,1.9e-07,1.8769230769230765e-07,1.8529411764705876e-07
80,1.9e-07,1553788800,1.9e-07,1.8e-07,1.9e-07,613221.82325898,0.11285658,1.8e-07,1.640707046666667,0.6670276361538462,0.4428634738235295,1.9e-07,1.884615384615384e-07,1.855882352941176e-07
81,1.8e-07,1553796000,1.9e-07,1.8e-07,1.9e-07,117157.39871869,0.0218428,1.8e-07,0.0967284933333336,0.6646301476923077,0.43038606970588245,1.8666666666666667e-07,1.884615384615384e-07,1.855882352941176e-07
82,1.9e-07,1553803200,1.9e-07,1.8e-07,1.9e-07,8101093.8419077,1.4599416,1.8e-07,0.5315469933333336,0.6282016853846154,0.4722273391176472,1.8666666666666667e-07,1.8923076923076917e-07,1.858823529411764e-07
83,1.9e-07,1553810400,1.9e-07,1.8e-07,1.8e-07,5517894.8661053,1.00010207,1.8e-07,0.8272954900000004,0.6790201923076923,0.49801620852941186,1.8666666666666667e-07,1.8923076923076917e-07,1.858823529411764e-07
84,1.8e-07,1553817600,1.9e-07,1.8e-07,1.8e-07,225629.02885588,0.04061848,1.8e-07,0.8335540500000004,0.6565438238461537,0.49894338088235307,1.8666666666666667e-07,1.884615384615384e-07,1.858823529411764e-07
85,1.8e-07,1553824800,1.9e-07,1.8e-07,1.9e-07,627023.32357893,0.11846795,1.8e-07,0.38639616666666693,0.6628187769230768,0.5004953541176471,1.8333333333333333e-07,1.8769230769230765e-07,1.858823529411764e-07
86,1.9e-07,1553832000,1.9e-07,1.8e-07,1.8e-07,66913.81507559,0.01205999,1.8e-07,0.05704880666666693,0.6159588323076921,0.4696198497058825,1.8333333333333333e-07,1.8769230769230765e-07,1.8617647058823524e-07
87,1.9e-07,1553839200,1.9e-07,1.9e-07,1.9e-07,7000.0,0.00133,1.9e-07,0.04395264666666693,0.602417899230769,0.4693770850000001,1.8666666666666667e-07,1.8769230769230765e-07,1.8647058823529404e-07
88,1.8e-07,1553846400,1.9e-07,1.8e-07,1.9e-07,1652271.1187443,0.31272618,1.8e-07,0.10870539000000028,0.6188536507692306,0.47674031029411773,1.8666666666666667e-07,1.869230769230769e-07,1.8617647058823524e-07
89,1.8e-07,1553853600,1.9e-07,1.8e-07,1.9e-07,617693.1830051,0.11479684,1.8e-07,0.14295100666666694,0.6194578853846152,0.479578976764706,1.8333333333333333e-07,1.8615384615384613e-07,1.858823529411764e-07
90,1.9e-07,1553860800,1.9e-07,1.8e-07,1.8e-07,7726765.2993612,1.42508186,1.8e-07,0.6175349600000002,0.7253145315384614,0.5165745526470589,1.8333333333333333e-07,1.8615384615384613e-07,1.858823529411764e-07
91,1.9e-07,1553868000,1.9e-07,1.8e-07,1.9e-07,1028604.9984825,0.1860327,1.8e-07,0.5753038000000001,0.3816417807692306,0.5203846876470588,1.8666666666666667e-07,1.8615384615384613e-07,1.8617647058823524e-07
92,1.9e-07,1553875200,1.9e-07,1.8e-07,1.8e-07,8396010.1293661,1.51539842,1.8e-07,1.0421709933333336,0.4862504207692306,0.5610542335294119,1.9e-07,1.8615384615384613e-07,1.8647058823529404e-07
93,1.9e-07,1553882400,1.9e-07,1.8e-07,1.8e-07,283222.68410528,0.05099124,1.8e-07,0.5841407866666669,0.4814915484615383,0.5568066382352942,1.9e-07,1.8615384615384613e-07,1.8647058823529404e-07
94,1.8e-07,1553889600,1.9e-07,1.8e-07,1.8e-07,164885.5212512,0.03109301,1.8e-07,0.5324942233333336,0.48220310307692293,0.4952679300000001,1.8666666666666667e-07,1.8615384615384613e-07,1.8647058823529404e-07
95,1.8e-07,1553896800,1.9e-07,1.8e-07,1.8e-07,7556037.4682582,1.36111252,1.8e-07,0.4810655900000003,0.474600866153846,0.5325500791176472,1.8333333333333333e-07,1.8538461538461537e-07,1.8617647058823524e-07
96,1.8e-07,1553904000,1.9e-07,1.8e-07,1.9e-07,637689.45301952,0.11702585,1.8e-07,0.503077126666667,0.406671926153846,0.5359732261764707,1.8e-07,1.846153846153846e-07,1.8617647058823524e-07
97,1.8e-07,1553911200,1.9e-07,1.8e-07,1.8e-07,20192.34391613,0.00371251,1.8e-07,0.4939502933333337,0.4038330053846152,0.5249661576470589,1.8e-07,1.846153846153846e-07,1.8617647058823524e-07
98,1.9e-07,1553918400,1.9e-07,1.8e-07,1.8e-07,33508.21964057,0.00626498,1.8e-07,0.042334446666667004,0.3952020076923075,0.508152720882353,1.8333333333333333e-07,1.8538461538461537e-07,1.8617647058823524e-07
99,1.8e-07,1553925600,1.9e-07,1.8e-07,1.8e-07,1183247.6316434,0.21399255,1.8e-07,0.07465668000000035,0.4107352815384614,0.5059739379411766,1.8333333333333333e-07,1.846153846153846e-07,1.8617647058823524e-07
100,1.8e-07,1553932800,1.9e-07,1.8e-07,1.9e-07,3859903.5634303,0.7051883,1.8e-07,0.3084819433333337,0.46487822769230747,0.5240567832352943,1.8333333333333333e-07,1.8384615384615385e-07,1.858823529411764e-07
101,1.8e-07,1553940000,1.9e-07,1.8e-07,1.8e-07,96547.68372347,0.01747768,1.8e-07,0.31221951000000037,0.4421668046153844,0.5113710823529413,1.8e-07,1.8384615384615385e-07,1.858823529411764e-07
102,1.8e-07,1553947200,1.8e-07,1.8e-07,1.8e-07,143697.87109253,0.02586561,1.8e-07,0.24951053000000037,0.43532594076923053,0.5105727135294119,1.8e-07,1.8384615384615385e-07,1.858823529411764e-07
103,1.8e-07,1553954400,1.9e-07,1.8e-07,1.8e-07,4274169.6808834,0.76936115,1.8e-07,0.27090148000000036,0.38488588615384595,0.47633299411764723,1.8e-07,1.830769230769231e-07,1.858823529411764e-07
104,1.8e-07,1553961600,1.9e-07,1.8e-07,1.8e-07,1637563.277507,0.30616805,1.8e-07,0.36713160333333367,0.3941270669230767,0.47535377558823544,1.8e-07,1.8230769230769233e-07,1.855882352941176e-07
105,1.8e-07,1553968800,1.9e-07,1.8e-07,1.8e-07,803301.51513098,0.14462541,1.8e-07,0.40671820333333364,0.288682989230769,0.4698188973529413,1.8e-07,1.8153846153846157e-07,1.8529411764705876e-07
106,1.9e-07,1553976000,1.9e-07,1.8e-07,1.8e-07,1099588.8157154,0.20875187,1.8e-07,0.21984844333333362,0.30081842230769207,0.4748735535294119,1.8333333333333333e-07,1.8153846153846157e-07,1.8529411764705876e-07
107,1.8e-07,1553983200,1.8e-07,1.8e-07,1.8e-07,39737.67056716,0.00715278,1.8e-07,0.12017668666666692,0.2989768661538459,0.4568121861764707,1.8333333333333333e-07,1.8153846153846157e-07,1.8499999999999995e-07
108,1.8e-07,1553990400,1.8e-07,1.8e-07,1.8e-07,368354.3154054,0.06630377,1.8e-07,0.09406947333333358,0.19937619307692286,0.45354576382352946,1.8333333333333333e-07,1.8153846153846157e-07,1.8470588235294111e-07
109,1.8e-07,1553997600,1.9e-07,1.8e-07,1.9e-07,7019.87466379,0.00128864,1.8e-07,0.02491506333333358,0.19047333076923054,0.45067009411764714,1.8e-07,1.8153846153846157e-07,1.844117647058823e-07
110,1.9e-07,1554004800,1.9e-07,1.8e-07,1.8e-07,809767.95665926,0.15078823,1.8e-07,0.07279354666666692,0.20178684769230743,0.4519596952941177,1.8333333333333333e-07,1.8230769230769233e-07,1.844117647058823e-07
111,1.8e-07,1554012000,1.9e-07,1.8e-07,1.8e-07,1373011.9091441,0.25046202,1.8e-07,0.13417963000000024,0.22057123538461512,0.45788665294117653,1.8333333333333333e-07,1.8153846153846157e-07,1.841176470588235e-07
112,1.8e-07,1554019200,1.9e-07,1.8e-07,1.8e-07,2777254.4564447,0.4999238,1.8e-07,0.3003913500000003,0.24256594692307665,0.3357144570588236,1.8333333333333333e-07,1.8153846153846157e-07,1.8382352941176466e-07
113,1.8e-07,1554026400,1.9e-07,1.7e-07,1.9e-07,4315245.1368064,0.76838606,1.7e-07,0.5062572933333336,0.2474273130769228,0.3537409264705883,1.8e-07,1.8153846153846157e-07,1.8352941176470586e-07
114,1.8e-07,1554033600,1.8e-07,1.7e-07,1.8e-07,488466.88785538,0.08658356,1.7e-07,0.4516311400000002,0.25274314999999975,0.3529681905882353,1.8e-07,1.8153846153846157e-07,1.8323529411764702e-07
115,1.8e-07,1554040800,1.8e-07,1.7e-07,1.8e-07,1706859.5209958,0.29183678,1.7e-07,0.3822688000000003,0.27320247076923054,0.36090919000000005,1.8e-07,1.8153846153846157e-07,1.8323529411764702e-07
116,1.8e-07,1554048000,1.8e-07,1.7e-07,1.8e-07,884106.5696693,0.15883737,1.7e-07,0.17908590333333366,0.22623910307692288,0.3226414185294118,1.8e-07,1.8153846153846157e-07,1.829411764705882e-07
117,1.7e-07,1554055200,1.8e-07,1.7e-07,1.8e-07,19476817.151947,3.46181343,1.7e-07,1.3041625266666668,0.46898105538461515,0.3950446938235294,1.7666666666666666e-07,1.807692307692308e-07,1.8235294117647057e-07
118,1.8e-07,1554062400,1.8e-07,1.7e-07,1.8e-07,1098281.6002218,0.18946811,1.7e-07,1.2700396366666669,0.47243049384615365,0.3994226241176471,1.7666666666666666e-07,1.807692307692308e-07,1.8235294117647057e-07
119,1.7e-07,1554069600,1.8e-07,1.7e-07,1.8e-07,9364434.4625335,1.68108067,1.7e-07,1.77745407,0.5856865553846151,0.4453818217647059,1.7333333333333332e-07,1.7923076923076926e-07,1.8205882352941173e-07
120,1.8e-07,1554076800,1.8e-07,1.7e-07,1.8e-07,3614670.2719678,0.650282,1.7e-07,0.8402769266666668,0.6351580338461537,0.46415305735294127,1.7666666666666666e-07,1.7923076923076926e-07,1.8176470588235293e-07
121,1.9e-07,1554084000,1.9e-07,1.8e-07,1.8e-07,1090580.5456994,0.19967572,1.8e-07,0.8436794633333334,0.6454174146153845,0.46998675500000014,1.8e-07,1.8000000000000002e-07,1.8176470588235293e-07
122,1.9e-07,1554091200,1.9e-07,1.8e-07,1.9e-07,369356.07156107,0.0673386,1.8e-07,0.30576544000000005,0.6504981807692306,0.4627694732352942,1.8666666666666667e-07,1.807692307692308e-07,1.8205882352941173e-07
123,1.8e-07,1554098400,1.9e-07,1.8e-07,1.8e-07,1161101.7515635,0.20923662,1.8e-07,0.15875031333333336,0.6549942107692306,0.46554711382352953,1.8666666666666667e-07,1.8000000000000002e-07,1.8205882352941173e-07
124,1.8e-07,1554105600,1.9e-07,1.8e-07,1.9e-07,1801716.1221244,0.33078978,1.8e-07,0.20245500000000002,0.661173269230769,0.4333620526470589,1.8333333333333333e-07,1.8000000000000002e-07,1.8176470588235293e-07
125,1.8e-07,1554112800,1.9e-07,1.8e-07,1.9e-07,10437461.780462,1.93411896,1.8e-07,0.82471512,0.7714959738461536,0.48477635441176486,1.8e-07,1.8000000000000002e-07,1.814705882352941e-07
126,1.9e-07,1554120000,1.9e-07,1.8e-07,1.9e-07,1723140.5898653,0.32454187,1.8e-07,0.8631502033333334,0.7373541130769229,0.4497511617647061,1.8333333333333333e-07,1.807692307692308e-07,1.814705882352941e-07
127,1.8e-07,1554127200,1.9e-07,1.8e-07,1.9e-07,1046755.6962505,0.19553248,1.8e-07,0.8180644366666666,0.7457347992307691,0.45400237470588256,1.8333333333333333e-07,1.807692307692308e-07,1.8117647058823528e-07
128,1.8e-07,1554134400,1.9e-07,1.8e-07,1.9e-07,5355722.9393336,0.96709971,1.8e-07,0.49572468666666664,0.7976781015384613,0.481531983529412,1.8333333333333333e-07,1.807692307692308e-07,1.8117647058823528e-07
129,1.8e-07,1554141600,1.9e-07,1.8e-07,1.8e-07,1143622.2266233,0.2140754,1.8e-07,0.45890253,0.8019271807692305,0.447795597647059,1.8e-07,1.807692307692308e-07,1.8117647058823528e-07
130,1.8e-07,1554148800,1.9e-07,1.8e-07,1.9e-07,1481569.7653293,0.27263473,1.8e-07,0.48460327999999997,0.5566057423076921,0.4523723294117649,1.8e-07,1.8153846153846157e-07,1.8117647058823528e-07
131,1.8e-07,1554156000,1.9e-07,1.8e-07,1.9e-07,2374562.8082457,0.44669126,1.8e-07,0.31113379666666663,0.5763921384615383,0.4654011161764708,1.8e-07,1.8153846153846157e-07,1.8117647058823528e-07
132,1.9e-07,1554163200,1.9e-07,1.8e-07,1.9e-07,2350515.6005395,0.43768829,1.8e-07,0.3856714266666666,0.48074657076923055,0.4780900370588237,1.8333333333333333e-07,1.830769230769231e-07,1.8117647058823528e-07
133,1.8e-07,1554170400,1.9e-07,1.8e-07,1.9e-07,10249830.299122,1.94466593,1.8e-07,0.9430151599999999,0.5803145653846152,0.5289921952941178,1.8333333333333333e-07,1.830769230769231e-07,1.8117647058823528e-07
134,1.7e-07,1554177600,1.9e-07,1.7e-07,1.8e-07,110456697.36344,19.96671275,1.8e-07,7.4496889899999985,2.100855875384615,1.0955076202941176,1.8e-07,1.8153846153846157e-07,1.8088235294117645e-07
135,1.7e-07,1554184800,1.8e-07,1.7e-07,1.8e-07,5351344.3285838,0.9484422,1.7e-07,7.619940293333332,2.1686330753846152,1.1228889297058824,1.7333333333333332e-07,1.8000000000000002e-07,1.8058823529411764e-07
136,1.8e-07,1554192000,1.8e-07,1.7e-07,1.8e-07,870938.15097186,0.1523759,1.7e-07,7.0225102833333315,2.164259173846154,1.1266098205882356,1.7333333333333332e-07,1.8000000000000002e-07,1.8058823529411764e-07
137,1.8e-07,1554199200,1.8e-07,1.7e-07,1.7e-07,13481255.885748,2.41513895,1.7e-07,1.1719856833333313,2.324593725384615,1.1750150500000003,1.7666666666666666e-07,1.8000000000000002e-07,1.8058823529411764e-07
138,1.8e-07,1554206400,1.9e-07,1.7e-07,1.7e-07,5827881.986586,1.05480973,1.8e-07,1.2074415266666645,2.2569545538461537,1.1970339229411768,1.8e-07,1.8000000000000002e-07,1.8058823529411764e-07
139,1.8e-07,1554213600,1.9e-07,1.8e-07,1.8e-07,5471526.1339122,1.03871808,1.8e-07,1.5028889199999977,2.311891185384615,1.223330766176471,1.8e-07,1.7923076923076926e-07,1.8058823529411764e-07
140,1.8e-07,1554220800,1.9e-07,1.8e-07,1.8e-07,7246962.5594454,1.30710156,1.8e-07,1.133543123333331,2.397396499230769,1.2556351688235297,1.8e-07,1.7923076923076926e-07,1.802941176470588e-07
141,1.9e-07,1554228000,1.9e-07,1.8e-07,1.8e-07,4382837.0732465,0.79846248,1.8e-07,1.0480940399999978,2.3844244046153844,1.278908983529412,1.8333333333333333e-07,1.8000000000000002e-07,1.8058823529411764e-07
142,1.9e-07,1554235200,1.9e-07,1.8e-07,1.8e-07,7795412.9276428,1.4434655,1.8e-07,1.1830098466666648,2.4789928738461535,1.3194137402941182,1.8666666666666667e-07,1.807692307692308e-07,1.8088235294117645e-07
143,1.8e-07,1554242400,1.9e-07,1.8e-07,1.8e-07,5383687.7417651,0.98546986,1.8e-07,1.075799279999998,2.5338263453846155,1.3483602467647064,1.8666666666666667e-07,1.807692307692308e-07,1.8088235294117645e-07
144,1.8e-07,1554249600,1.9e-07,1.7e-07,1.9e-07,11453236.312821,2.06377206,1.8e-07,1.4975691399999984,2.658217176153846,1.4046244770588239,1.8333333333333333e-07,1.807692307692308e-07,1.8058823529411764e-07
145,1.8e-07,1554256800,1.9e-07,1.7e-07,1.8e-07,20934534.619482,3.78820813,1.8e-07,2.2791500166666654,2.9159494715384615,1.5086758332352945,1.8e-07,1.8000000000000002e-07,1.8058823529411764e-07
146,1.7e-07,1554264000,1.9e-07,1.7e-07,1.9e-07,8770752.1535412,1.5431481,1.7e-07,2.4650427633333316,2.885063484615385,1.5393589008823536,1.7666666666666666e-07,1.7923076923076926e-07,1.802941176470588e-07
147,1.9e-07,1554271200,1.9e-07,1.7e-07,1.8e-07,4766574.2061513,0.85997402,1.8e-07,2.0637767499999984,1.4153143515384623,1.5420526644117654,1.8e-07,1.807692307692308e-07,1.8058823529411764e-07
148,1.9e-07,1554278400,1.9e-07,1.8e-07,1.8e-07,2582189.4851041,0.47814427,1.8e-07,0.9604221299999981,1.3791375876923087,1.5535691558823537,1.8333333333333333e-07,1.8230769230769233e-07,1.8088235294117645e-07
149,1.8e-07,1554285600,1.9e-07,1.8e-07,1.8e-07,5994509.7439282,1.12928247,1.8e-07,0.822466919999998,1.454284246923078,1.5781999114705891,1.8666666666666667e-07,1.8230769230769233e-07,1.8088235294117645e-07
150,1.9e-07,1554292800,1.9e-07,1.8e-07,1.8e-07,7235277.7728484,1.31050428,1.8e-07,0.9726436733333313,1.3693123492307702,1.6120724676470597,1.8666666666666667e-07,1.830769230769231e-07,1.8117647058823528e-07
151,1.9e-07,1554300000,1.9e-07,1.8e-07,1.9e-07,28490828.900311,5.37463341,1.8e-07,2.6048067199999987,1.7016064784615397,1.6683318788235304,1.8666666666666667e-07,1.8384615384615385e-07,1.8176470588235293e-07
152,1.8e-07,1554307200,1.9e-07,1.8e-07,1.9e-07,4271100.7629825,0.8088627,1.8e-07,2.498000129999999,1.6839252953846164,1.686549366764707,1.8666666666666667e-07,1.8384615384615385e-07,1.8176470588235293e-07
153,1.9e-07,1554314400,1.9e-07,1.8e-07,1.8e-07,13581492.188483,2.55154779,1.8e-07,2.9116812999999993,1.7796519284615397,1.7121513408823539,1.8666666666666667e-07,1.846153846153846e-07,1.8235294117647057e-07
154,1.8e-07,1554321600,1.9e-07,1.8e-07,1.8e-07,9857156.2447057,1.85987484,1.8e-07,1.7400951099999988,1.8612990330769241,1.7477276008823541,1.8333333333333333e-07,1.8384615384615385e-07,1.8235294117647057e-07
155,1.8e-07,1554328800,1.9e-07,1.8e-07,1.9e-07,14900709.019797,2.69160684,1.8e-07,2.3676764899999987,1.9573099053846166,1.8210196926470599,1.8333333333333333e-07,1.830769230769231e-07,1.8205882352941173e-07
156,1.8e-07,1554336000,1.9e-07,1.8e-07,1.8e-07,15551837.567367,2.89099446,1.8e-07,2.4808253799999993,2.1038887207692323,1.9040683944117656,1.8e-07,1.830769230769231e-07,1.8176470588235293e-07
157,1.9e-07,1554343200,1.9e-07,1.8e-07,1.8e-07,5603972.61571,1.00925677,1.8e-07,2.1972860233333322,2.0227721600000015,1.9275983988235301,1.8333333333333333e-07,1.8384615384615385e-07,1.8205882352941173e-07
158,1.9e-07,1554350400,1.9e-07,1.8e-07,1.8e-07,1117343.8942119,0.20242377,1.8e-07,1.3675583333333325,1.746942593846155,1.923822927941177,1.8666666666666667e-07,1.846153846153846e-07,1.8235294117647057e-07
159,1.9e-07,1554357600,1.9e-07,1.8e-07,1.8e-07,44612547.407666,8.47226837,1.8e-07,3.2279829699999993,2.2799518453846166,2.11612144,1.9e-07,1.8615384615384613e-07,1.8264705882352938e-07
160,1.8e-07,1554364800,1.9e-07,1.8e-07,1.9e-07,10294045.691387,1.88101146,1.8e-07,3.518567866666666,2.358493186923078,2.161899957352941,1.8666666666666667e-07,1.8538461538461537e-07,1.8235294117647057e-07
161,1.9e-07,1554372000,1.9e-07,1.8e-07,1.9e-07,12532747.371141,2.35430163,1.8e-07,4.235860486666666,2.502812983846155,2.225393167647059,1.8666666666666667e-07,1.8538461538461537e-07,1.8264705882352938e-07
162,1.9e-07,1554379200,1.9e-07,1.8e-07,1.8e-07,3762676.3585792,0.6917064,1.8e-07,1.6423398299999992,2.469153286153847,2.2172933644117645,1.8666666666666667e-07,1.8615384615384613e-07,1.829411764705882e-07
163,1.9e-07,1554386400,1.9e-07,1.8e-07,1.8e-07,46727003.891915,8.86662152,1.8e-07,3.970876516666666,3.050393073846155,2.4717800149999998,1.9e-07,1.8615384615384613e-07,1.8323529411764702e-07
164,1.8e-07,1554393600,1.9e-07,1.8e-07,1.9e-07,2238279.6572654,0.41645455,1.8e-07,3.324927489999999,2.668994700000001,2.4760100097058824,1.8666666666666667e-07,1.8538461538461537e-07,1.8323529411764702e-07
165,1.8e-07,1554400800,1.9e-07,1.8e-07,1.8e-07,18000701.005153,3.25816867,1.8e-07,4.180414913333332,2.857402851538463,2.558700521764706,1.8333333333333333e-07,1.8538461538461537e-07,1.8323529411764702e-07
166,1.9e-07,1554408000,1.9e-07,1.8e-07,1.8e-07,5762768.6621611,1.06558926,1.8e-07,1.5800708266666657,2.743098349230771,2.5771681973529414,1.8333333333333333e-07,1.8538461538461537e-07,1.8323529411764702e-07
167,1.9e-07,1554415200,1.9e-07,1.8e-07,1.8e-07,2077615.290507,0.37781491,1.8e-07,1.5671909466666654,2.6290937392307705,2.5310843438235295,1.8666666666666667e-07,1.8615384615384613e-07,1.8352941176470586e-07
168,1.9e-07,1554422400,2e-07,1.8e-07,1.9e-07,58909595.11397,11.19636557,1.9e-07,4.213256579999999,3.2833059492307703,2.273132956176471,1.9e-07,1.869230769230769e-07,1.841176470588235e-07
169,1.9e-07,1554429600,2e-07,1.9e-07,1.9e-07,5562826.1550233,1.0576428,1.9e-07,4.2106077599999985,3.14227889846154,2.2763447385294118,1.9e-07,1.8769230769230765e-07,1.8470588235294111e-07
170,2e-07,1554436800,2e-07,1.8e-07,2e-07,2472895.1467822,0.47903512,1.9e-07,4.244347829999999,3.1014926176923088,2.285952362647059,1.9333333333333334e-07,1.884615384615384e-07,1.8529411764705876e-07
171,1.9e-07,1554444000,2e-07,1.8e-07,1.9e-07,9339525.4584124,1.78334573,1.9e-07,1.1066745499999993,3.2231019992307703,2.2673702091176473,1.9333333333333334e-07,1.884615384615384e-07,1.855882352941176e-07
172,1.9e-07,1554451200,2e-07,1.8e-07,1.9e-07,1860453.0776236,0.35727864,1.9e-07,0.8732198299999993,2.598872020000001,2.2468545888235294,1.9333333333333334e-07,1.884615384615384e-07,1.858823529411764e-07
173,2e-07,1554458400,2e-07,1.9e-07,2e-07,9553044.6599364,1.90501102,1.9e-07,1.3485451299999995,2.6007181400000006,2.272333792941177,1.9333333333333334e-07,1.8999999999999993e-07,1.8647058823529404e-07
174,2e-07,1554465600,2e-07,1.9e-07,2e-07,9295291.1451673,1.85243789,1.9e-07,1.3715758499999995,2.5621132369230772,2.288373096764706,1.9666666666666668e-07,1.9076923076923071e-07,1.8705882352941169e-07
175,2e-07,1554472800,2e-07,1.9e-07,2e-07,557286.46308427,0.11035444,1.9e-07,1.2892677833333328,2.517393855384616,2.268134625,2.0000000000000002e-07,1.9153846153846147e-07,1.8735294117647052e-07
176,2e-07,1554480000,2e-07,1.9e-07,2e-07,19305496.391114,3.85381188,1.9e-07,1.9388680699999996,2.1317931138461543,2.3390271655882353,2.0000000000000002e-07,1.9230769230769223e-07,1.8764705882352933e-07
177,2e-07,1554487200,2e-07,1.9e-07,2e-07,1944415.4462942,0.38226264,1.9e-07,1.4488096533333328,2.129162966923077,2.321285776764706,2.0000000000000002e-07,1.9384615384615375e-07,1.8823529411764697e-07
178,2e-07,1554494400,2e-07,1.9e-07,2e-07,776230.02400576,0.15488917,1.9e-07,1.4636545633333327,1.8904491592307695,2.265142162352941,2.0000000000000002e-07,1.9538461538461527e-07,1.8882352941176462e-07
179,2e-07,1554501600,2e-07,1.9e-07,2e-07,2745490.1839271,0.54772919,1.9e-07,0.3616269999999993,1.8506137692307694,2.169833958235294,2.0000000000000002e-07,1.9615384615384603e-07,1.8941176470588226e-07
180,1.9e-07,1554508800,2e-07,1.9e-07,2e-07,1292557.7796224,0.2514779,1.9e-07,0.318032086666666,1.840895537692308,2.1318436582352938,1.9666666666666668e-07,1.9615384615384603e-07,1.899999999999999e-07
181,1.9e-07,1554516000,2e-07,1.9e-07,2e-07,3576732.8571392,0.68726055,1.9e-07,0.4954892133333327,1.0325028438461543,2.1267638502941177,1.9333333333333334e-07,1.9615384615384603e-07,1.899999999999999e-07
182,2e-07,1554523200,2e-07,1.9e-07,2e-07,4050319.5119674,0.79992986,1.9e-07,0.5795561033333326,1.012678771538462,2.1362281323529415,1.9333333333333334e-07,1.969230769230768e-07,1.902941176470587e-07
183,1.9e-07,1554530400,2e-07,1.9e-07,1.9e-07,928812.81064377,0.17891322,1.9e-07,0.555367876666666,0.9895924715384619,2.108276095588235,1.9333333333333334e-07,1.9615384615384603e-07,1.9058823529411754e-07
184,1.9e-07,1554537600,2e-07,1.9e-07,1.9e-07,1569095.6078885,0.30841316,1.9e-07,0.4290854133333326,0.8761361200000004,2.0788028273529413,1.9333333333333334e-07,1.9615384615384603e-07,1.9058823529411754e-07
185,2e-07,1554544800,2e-07,1.9e-07,2e-07,7664626.7682664,1.52975356,1.9e-07,0.6723599799999992,0.9663264984615387,1.9657181258823528,1.9333333333333334e-07,1.969230769230768e-07,1.9088235294117635e-07
186,2e-07,1554552000,2e-07,1.9e-07,1.9e-07,6009628.2134494,1.14271137,1.9e-07,0.9936260299999992,0.9076880638461542,1.9755372044117645,1.9666666666666668e-07,1.969230769230768e-07,1.91470588235294e-07
187,1.9e-07,1554559200,2e-07,1.9e-07,2e-07,5241999.2686234,1.04672222,1.9e-07,1.2397290499999989,0.8457099353846156,1.9312776288235294,1.9666666666666668e-07,1.9615384615384603e-07,1.91470588235294e-07
188,1.9e-07,1554566400,2e-07,1.9e-07,1.9e-07,5127126.7718279,0.97483783,1.9e-07,1.0547571399999989,0.912208657692308,1.9052471285294117,1.9333333333333334e-07,1.9538461538461527e-07,1.9176470588235283e-07
189,2e-07,1554573600,2e-07,1.9e-07,2e-07,1175360.9835604,0.23099746,1.9e-07,0.7508525033333321,0.6335306253846156,1.8328762644117644,1.9333333333333334e-07,1.9538461538461527e-07,1.9235294117647047e-07
190,1.9e-07,1554580800,2e-07,1.9e-07,1.9e-07,983656.86261644,0.19493482,1.9e-07,0.4669233699999988,0.6191207930769232,1.7535803926470586,1.9333333333333334e-07,1.9461538461538451e-07,1.9264705882352928e-07
191,2e-07,1554588000,2e-07,1.9e-07,2e-07,1864900.3552812,0.3620693,1.9e-07,0.26266719333333205,0.6350577261538463,1.7345454670588234,1.9666666666666668e-07,1.9461538461538451e-07,1.9294117647058812e-07
192,1.9e-07,1554595200,2e-07,1.9e-07,1.9e-07,3345816.9346711,0.65831154,1.9e-07,0.4051052199999987,0.6435640607692309,1.7479539308823526,1.9333333333333334e-07,1.9384615384615375e-07,1.9294117647058812e-07
193,2e-07,1554602400,2e-07,1.9e-07,1.9e-07,265854.34588802,0.05314086,1.9e-07,0.35784056666666536,0.6283073653846155,1.5003325335294113,1.9666666666666668e-07,1.9461538461538451e-07,1.9323529411764692e-07
194,1.9e-07,1554609600,2e-07,1.9e-07,1.9e-07,508879.22680826,0.10055368,1.9e-07,0.27066869333333204,0.5831760676923079,1.4479661282352936,1.9333333333333334e-07,1.9461538461538451e-07,1.9352941176470576e-07
195,1.9e-07,1554616800,2e-07,1.9e-07,2e-07,1869504.3744876,0.3656266,1.9e-07,0.17310704666666543,0.5497681246153848,1.3894756861764699,1.9333333333333334e-07,1.9384615384615375e-07,1.9352941176470576e-07
196,2e-07,1554624000,2e-07,1.9e-07,1.9e-07,2774640.9366477,0.53415533,1.9e-07,0.3334452033333321,0.5770944407692309,1.3848418311764699,1.9333333333333334e-07,1.9461538461538451e-07,1.9382352941176457e-07
197,2e-07,1554631200,2e-07,1.9e-07,1.9e-07,337835.31791339,0.06684901,1.9e-07,0.3222103133333321,0.5585125830769233,1.126024992647058,1.9666666666666668e-07,1.9538461538461527e-07,1.941176470588234e-07
198,2e-07,1554638400,2e-07,1.9e-07,1.9e-07,666037.80626182,0.13246394,1.9e-07,0.24448942666666548,0.45102876615384635,1.1176723276470582,2.0000000000000002e-07,1.9538461538461527e-07,1.9470588235294102e-07
199,2e-07,1554645600,2e-07,1.9e-07,2e-07,396550.21466464,0.0767898,1.9e-07,0.0920342499999988,0.36903479923076943,1.024102360882352,2.0000000000000002e-07,1.9538461538461527e-07,1.9529411764705866e-07
200,2e-07,1554652800,2e-07,1.9e-07,1.9e-07,370340.19435472,0.07240079,1.9e-07,0.09388484333333214,0.2940869969230771,0.9948909352941168,2.0000000000000002e-07,1.9615384615384603e-07,1.955882352941175e-07
201,2e-07,1554660000,2e-07,1.9e-07,1.9e-07,428943.45876436,0.08447532,1.9e-07,0.07788863666666547,0.2255975730769233,0.9862633002941169,2.0000000000000002e-07,1.969230769230768e-07,1.958823529411763e-07
202,2e-07,1554667200,2e-07,1.9e-07,2e-07,1535396.693332,0.29524873,1.9e-07,0.1507082799999988,0.23053997846153867,0.6656422167647051,2.0000000000000002e-07,1.969230769230768e-07,1.9617647058823514e-07
203,2e-07,1554674400,2e-07,1.9e-07,2e-07,3240144.4010279,0.6435344,1.9e-07,0.3410861499999987,0.26504763846153867,0.6534625579411758,2.0000000000000002e-07,1.9769230769230755e-07,1.9647058823529395e-07
204,1.9e-07,1554681600,2e-07,1.9e-07,2e-07,5579978.2875473,1.09573882,1.9e-07,0.6781739833333319,0.3214837553846156,0.671600902058823,1.9666666666666668e-07,1.969230769230768e-07,1.9617647058823514e-07
205,2e-07,1554688800,2e-07,1.9e-07,2e-07,10048988.694347,1.94739039,1.9e-07,1.2288878699999985,0.42064366692307714,0.6764257449999993,1.9666666666666668e-07,1.9769230769230755e-07,1.9647058823529395e-07
206,2e-07,1554696000,2e-07,1.9e-07,1.9e-07,2392778.2783815,0.47556127,1.9e-07,1.1728968266666653,0.4531375446153848,0.6799046458823522,1.9666666666666668e-07,1.9769230769230755e-07,1.9676470588235278e-07
207,1.9e-07,1554703200,2e-07,1.9e-07,1.9e-07,3756473.6255939,0.71719763,1.9e-07,1.0467164299999985,0.5005716946153849,0.6449689579411758,1.9666666666666668e-07,1.9769230769230755e-07,1.9647058823529395e-07
208,2e-07,1554710400,2e-07,1.9e-07,2e-07,2522200.700226,0.49355815,1.9e-07,0.5621056833333319,0.5104125830769234,0.6050019067647051,1.9666666666666668e-07,1.984615384615383e-07,1.9647058823529395e-07
209,1.9e-07,1554717600,2e-07,1.9e-07,1.9e-07,2298662.012764,0.43837812,1.9e-07,0.5497112999999986,0.5030451053846157,0.6146496620588229,1.9333333333333334e-07,1.9769230769230755e-07,1.9617647058823514e-07
210,1.9e-07,1554724800,2e-07,1.9e-07,2e-07,2433446.9780171,0.46895547,1.9e-07,0.4669639133333319,0.5339763715384618,0.5150950617647052,1.9333333333333334e-07,1.969230769230768e-07,1.958823529411763e-07
211,1.9e-07,1554732000,2e-07,1.9e-07,1.9e-07,1727702.2592068,0.33903736,1.9e-07,0.415456983333332,0.5498666346153849,0.5138237299999994,1.9e-07,1.9615384615384603e-07,1.955882352941175e-07
212,1.9e-07,1554739200,2e-07,1.9e-07,2e-07,774313.81883326,0.14849142,1.9e-07,0.318828083333332,0.5553821438461541,0.5136355608823522,1.9e-07,1.9538461538461527e-07,1.9529411764705866e-07
213,1.9e-07,1554746400,2e-07,1.9e-07,1.9e-07,11220275.967298,2.1444274,1.9e-07,0.8773187266666653,0.7147688061538464,0.5605972729411759,1.9e-07,1.9461538461538451e-07,1.9499999999999985e-07
214,2e-07,1554753600,2e-07,1.9e-07,2e-07,3733604.6642594,0.72929108,1.9e-07,1.0074032999999987,0.7643700184615387,0.5746506017647052,1.9333333333333334e-07,1.9461538461538451e-07,1.9529411764705866e-07
215,1.9e-07,1554760800,2e-07,1.9e-07,2e-07,2132991.8218879,0.41830214,1.9e-07,1.0973402066666653,0.7738356653846156,0.5667400602941169,1.9333333333333334e-07,1.9384615384615375e-07,1.9529411764705866e-07
216,2e-07,1554768000,2e-07,1.9e-07,2e-07,736466.39729285,0.14442558,1.9e-07,0.43067293333333206,0.7354426792307694,0.5474605226470581,1.9666666666666668e-07,1.9384615384615375e-07,1.9529411764705866e-07
217,1.9e-07,1554775200,2e-07,1.8e-07,1.9e-07,60837556.560129,11.56500731,1.9e-07,4.042578343333332,1.5407710246153847,0.8823456429411759,1.9333333333333334e-07,1.9384615384615375e-07,1.9529411764705866e-07
218,1.8e-07,1554782400,1.9e-07,1.8e-07,1.9e-07,1179141.5488225,0.21237944,1.8e-07,3.973937443333332,1.407308643846154,0.8795211217647053,1.9e-07,1.9230769230769223e-07,1.9499999999999985e-07
219,1.8e-07,1554789600,1.9e-07,1.8e-07,1.9e-07,3908817.3752089,0.70593373,1.8e-07,4.161106826666665,1.4250296023076925,0.8552911267647054,1.8333333333333333e-07,1.9076923076923071e-07,1.944117647058822e-07
220,1.9e-07,1554796800,1.9e-07,1.8e-07,1.9e-07,2493147.6629931,0.45626527,1.8e-07,0.4581928133333317,1.4049578823076925,0.8351015355882347,1.8333333333333333e-07,1.9076923076923071e-07,1.941176470588234e-07
221,1.8e-07,1554804000,1.9e-07,1.8e-07,1.9e-07,858947.143515,0.1573318,1.8e-07,0.43984359999999834,1.3790943169230774,0.808942993823529,1.8333333333333333e-07,1.8923076923076917e-07,1.9382352941176457e-07
222,1.9e-07,1554811200,1.9e-07,1.9e-07,1.9e-07,480568.14325214,0.09130794,1.9e-07,0.23496833666666503,1.3523966107692311,0.7829568205882349,1.8666666666666667e-07,1.8923076923076917e-07,1.9382352941176457e-07
223,1.9e-07,1554818400,1.9e-07,1.8e-07,1.9e-07,11917741.321039,2.26017947,1.8e-07,0.8362730699999985,1.4901830723076928,0.8426386444117643,1.8666666666666667e-07,1.8923076923076917e-07,1.9352941176470576e-07
224,1.9e-07,1554825600,1.9e-07,1.8e-07,1.8e-07,2496159.0955222,0.47154844,1.8e-07,0.9410119499999984,1.5003762323076928,0.8507743391176465,1.9e-07,1.8923076923076917e-07,1.9352941176470576e-07
225,1.8e-07,1554832800,1.9e-07,1.8e-07,1.9e-07,82265.29453552,0.01527747,1.8e-07,0.9156684599999984,1.490129005384616,0.8405745794117642,1.8666666666666667e-07,1.884615384615384e-07,1.9294117647058812e-07
226,1.9e-07,1554840000,1.9e-07,1.8e-07,1.9e-07,833869.09084647,0.15066827,1.8e-07,0.21249805999999838,1.336762918461539,0.8256438949999996,1.8666666666666667e-07,1.884615384615384e-07,1.9294117647058812e-07
227,1.9e-07,1554847200,1.9e-07,1.8e-07,1.9e-07,849676.4068488,0.15948076,1.8e-07,0.10847549999999838,1.292931355384616,0.8287715391176467,1.8666666666666667e-07,1.8769230769230765e-07,1.9264705882352928e-07
228,1.9e-07,1554854400,1.9e-07,1.8e-07,1.9e-07,7194773.4296018,1.36280576,1.8e-07,0.5576515966666651,1.3655854800000005,0.8658966002941172,1.9e-07,1.8769230769230765e-07,1.9264705882352928e-07
229,1.9e-07,1554861600,1.9e-07,1.8e-07,1.9e-07,238339.801058,0.04377315,1.8e-07,0.5220198899999985,1.357842985384616,0.8564303223529408,1.9e-07,1.869230769230769e-07,1.9264705882352928e-07
230,1.8e-07,1554868800,1.9e-07,1.8e-07,1.9e-07,2320938.0553743,0.43910066,1.8e-07,0.6152265233333317,0.5020040123076929,0.8536345967647055,1.8666666666666667e-07,1.8615384615384613e-07,1.9205882352941164e-07
231,1.9e-07,1554876000,1.9e-07,1.8e-07,1.8e-07,2837218.6051567,0.52187365,1.8e-07,0.33491581999999837,0.5258112592307698,0.8670176744117644,1.8666666666666667e-07,1.869230769230769e-07,1.9176470588235283e-07
232,1.8e-07,1554883200,1.9e-07,1.8e-07,1.9e-07,1391209.154511,0.25159227,1.8e-07,0.4041888599999983,0.4908619161538467,0.870521448823529,1.8333333333333333e-07,1.869230769230769e-07,1.911764705882352e-07
233,1.8e-07,1554890400,1.9e-07,1.8e-07,1.9e-07,1229954.5392529,0.23218772,1.8e-07,0.3352178799999983,0.47362518153846206,0.8750919758823525,1.8333333333333333e-07,1.8615384615384613e-07,1.9058823529411754e-07
234,1.9e-07,1554897600,1.9e-07,1.8e-07,1.8e-07,764868.2308211,0.13806483,1.8e-07,0.20728160666666498,0.4721431069230775,0.8770232711764702,1.8333333333333333e-07,1.869230769230769e-07,1.902941176470587e-07
235,1.9e-07,1554904800,1.9e-07,1.8e-07,1.9e-07,86578142.795495,15.59301677,1.8e-07,5.321089773333331,1.6645822476923082,1.3331568432352936,1.8666666666666667e-07,1.869230769230769e-07,1.899999999999999e-07
236,1.9e-07,1554912000,1.9e-07,1.8e-07,1.8e-07,310693.85227981,0.05814856,1.8e-07,5.263076719999998,1.495195254615385,1.3261833088235289,1.9e-07,1.869230769230769e-07,1.8970588235294107e-07
237,1.8e-07,1554919200,1.9e-07,1.7e-07,1.9e-07,24534723.683881,4.41559986,1.7e-07,6.688921729999998,1.7985838253846158,1.4371264105882349,1.8666666666666667e-07,1.8615384615384613e-07,1.8911764705882345e-07
238,1.8e-07,1554926400,1.8e-07,1.7e-07,1.8e-07,6984909.3228904,1.25708367,1.7e-07,1.9102773633333314,1.8941073792307697,1.4418718473529406,1.8333333333333333e-07,1.8615384615384613e-07,1.8882352941176462e-07
239,1.8e-07,1554933600,1.8e-07,1.7e-07,1.8e-07,3368935.032148,0.6057291,1.7e-07,2.092804209999998,1.9291120584615389,1.4024112211764699,1.8e-07,1.8538461538461537e-07,1.8823529411764697e-07
240,1.8e-07,1554940800,1.8e-07,1.7e-07,1.8e-07,266613.0141088,0.04736813,1.7e-07,0.6367269666666644,1.9204880100000001,1.3898173052941172,1.8e-07,1.846153846153846e-07,1.8764705882352933e-07
241,1.8e-07,1554948000,1.8e-07,1.7e-07,1.7e-07,546695.84233904,0.09647483,1.7e-07,0.24985735333333103,1.8230779384615385,1.3715607523529405,1.8e-07,1.8384615384615385e-07,1.8735294117647052e-07
242,1.8e-07,1554955200,1.8e-07,1.7e-07,1.7e-07,443348.91213654,0.076622,1.7e-07,0.07348831999999768,1.8256047730769231,1.3592979244117642,1.8e-07,1.830769230769231e-07,1.8676470588235288e-07
243,1.8e-07,1554962400,1.8e-07,1.7e-07,1.7e-07,425484.61641064,0.0758065,1.7e-07,0.08296777666666434,1.7976590684615383,1.3486340532352934,1.8e-07,1.830769230769231e-07,1.8647058823529404e-07
244,1.8e-07,1554969600,1.8e-07,1.7e-07,1.8e-07,2520965.0669043,0.44279448,1.7e-07,0.19840765999999768,1.7915760553846154,1.3478646123529407,1.8e-07,1.8230769230769233e-07,1.8617647058823524e-07
245,1.7e-07,1554976800,1.8e-07,1.7e-07,1.7e-07,1080570.5260849,0.18578678,1.7e-07,0.23479591999999772,1.7865140946153846,1.3433572423529407,1.7666666666666666e-07,1.8153846153846157e-07,1.855882352941176e-07
246,1.8e-07,1554984000,1.8e-07,1.7e-07,1.7e-07,376697.52287581,0.06657555,1.7e-07,0.2317189366666644,1.773774696923077,1.3409479520588232,1.7666666666666666e-07,1.8153846153846157e-07,1.8529411764705876e-07
247,1.8e-07,1554991200,1.8e-07,1.7e-07,1.8e-07,350682.37831606,0.06014706,1.7e-07,0.10416979666666441,1.7677810223076922,1.2796455891176468,1.7666666666666666e-07,1.807692307692308e-07,1.8499999999999995e-07
248,1.8e-07,1554998400,1.8e-07,1.7e-07,1.8e-07,1393458.3140415,0.23765108,1.7e-07,0.1214578966666644,0.586599046153846,1.2651855891176467,1.8e-07,1.8000000000000002e-07,1.844117647058823e-07
249,1.7e-07,1555005600,1.8e-07,1.7e-07,1.8e-07,7579396.3017362,1.36315359,1.7e-07,0.5536505766666644,0.6869840484615383,1.2929753376470585,1.7666666666666666e-07,1.784615384615385e-07,1.8382352941176466e-07
250,1.9e-07,1555012800,1.9e-07,1.7e-07,1.8e-07,2918335.3883203,0.54909947,1.8e-07,0.7166347133333312,0.38956094153846127,1.3048775108823527,1.8e-07,1.7923076923076926e-07,1.8352941176470586e-07
251,1.9e-07,1555020000,1.9e-07,1.8e-07,1.9e-07,594029.83616298,0.10748523,1.8e-07,0.6732460966666646,0.30113029230769206,0.967891567352941,1.8333333333333333e-07,1.8000000000000002e-07,1.8352941176470586e-07
252,1.8e-07,1555027200,1.9e-07,1.8e-07,1.9e-07,1825746.760922,0.34652919,1.8e-07,0.33437129666666454,0.28119183769230743,0.971837148235294,1.8666666666666667e-07,1.8000000000000002e-07,1.8352941176470586e-07
