,close,date,high,low,open,quoteVolume,volume,weightedAverage,avg_vol_3,avg_vol_13,avg_vol_34,avg_close_3,avg_close_13,avg_close_34
0,0.03377838,1553218424,0.03377838,0.03377838,0.03377838,0.0,0.0,0.03377838,-99999.0,-99999.0,-99999.0,-99999.0,-99999.0,-99999.0
1,0.03387501,1553220000,0.03390841,0.03377838,0.03378431,79.55518186,2.69052881,0.03381965,-99999.0,-99999.0,-99999.0,-99999.0,-99999.0,-99999.0
2,0.03388982,1553227200,0.0339171,0.03379601,0.03387754,135.34616347,4.58389631,0.03386794,2.424808373333333,-99999.0,-99999.0,0.03384773666666666,-99999.0,-99999.0
3,0.03407,1553234400,0.03408226,0.0338898,0.03388982,159.9336093,5.43664625,0.03399314,4.237023789999999,-99999.0,-99999.0,0.03394494333333333,-99999.0,-99999.0
4,0.034045,1553241600,0.034155,0.03401123,0.03401714,603.1177512,20.53678087,0.03405103,10.185774476666667,-99999.0,-99999.0,0.03400160666666666,-99999.0,-99999.0
5,0.034025,1553248800,0.03412,0.03395712,0.03403503,425.0266083,14.47560773,0.03405812,13.483011616666667,-99999.0,-99999.0,0.034046666666666656,-99999.0,-99999.0
6,0.03421,1553256000,0.03428511,0.03397648,0.03403498,192.27648321,6.56385582,0.03413759,13.858748140000001,-99999.0,-99999.0,0.03409333333333332,-99999.0,-99999.0
7,0.03422709,1553263200,0.03427,0.034185,0.03423,251.5262211,8.61135801,0.03423642,9.883607186666666,-99999.0,-99999.0,0.034154029999999995,-99999.0,-99999.0
8,0.03426992,1553270400,0.03426999,0.03414963,0.03422709,97.11743716,3.32251591,0.03421132,6.165909913333333,-99999.0,-99999.0,0.034235669999999996,-99999.0,-99999.0
9,0.0342505,1553277600,0.03428239,0.03420751,0.03426992,1558.73777927,53.39009353,0.03425213,21.774655816666666,-99999.0,-99999.0,0.03424917,-99999.0,-99999.0
10,0.03415705,1553284800,0.03429499,0.03411382,0.0342575,172.80117654,5.907983,0.03418948,20.873530813333332,-99999.0,-99999.0,0.034225823333333336,-99999.0,-99999.0
11,0.034125,1553292000,0.03417999,0.034085,0.03413006,79.55254457,2.7138706,0.03411418,20.670649043333334,-99999.0,-99999.0,0.034177516666666664,-99999.0,-99999.0
12,0.034135,1553299200,0.03418,0.03402674,0.034125,36.98499635,1.26162422,0.03411178,3.2944926066666675,9.961135466153847,-99999.0,0.03413901666666667,0.03408136692307692,-99999.0
13,0.034165,1553306400,0.03424808,0.03409334,0.03413,47.42647077,1.62240649,0.03420888,1.8659671033333343,10.085935965384616,-99999.0,0.034141666666666674,0.03411110692307692,-99999.0
14,0.03415999,1553313600,0.0342,0.034135,0.03415264,74.9330947,2.55906847,0.03415137,1.8143663933333343,10.075823631538462,-99999.0,0.03415333,0.03413302846153847,-99999.0
15,0.03433183,1553320800,0.03433631,0.03415002,0.03415002,280.10741541,9.60410221,0.03428721,4.595192390000001,10.461993316153848,-99999.0,0.03421894,0.03416702923076924,-99999.0
16,0.03444715,1553328000,0.03444715,0.03433342,0.03433342,223.83033604,7.69997786,0.03440095,6.621049513333335,10.636095747692309,-99999.0,0.03431299000000001,0.03419604076923077,-99999.0
17,0.03422499,1553335200,0.03444715,0.03422495,0.034415,75.60805552,2.5915225,0.03427574,6.631867523333335,9.255691257692309,-99999.0,0.03433465666666668,0.03420988615384616,-99999.0
18,0.03414978,1553342400,0.03430003,0.03413256,0.03427,181.49373492,6.21041073,0.03421832,5.500637030000001,8.619906873076925,-99999.0,0.03427397333333334,0.03421948461538463,-99999.0
19,0.03423001,1553349600,0.034265,0.03414327,0.03419,541.76796582,18.51489132,0.03417494,9.105608183333334,9.539217296153847,-99999.0,0.034201593333333336,0.03422102384615385,-99999.0
20,0.03426724,1553356800,0.03428599,0.03419225,0.034235,30.92866903,1.05899937,0.03424005,8.59476714,8.958266631538462,-99999.0,0.034215676666666674,0.03422411230769231,-99999.0
21,0.0341754,1553364000,0.03427999,0.03417128,0.03425,56.30261361,1.92726285,0.03423043,7.167051180000001,8.850939473076924,-99999.0,0.034224216666666675,0.034216841538461544,-99999.0
22,0.03421999,1553371200,0.03422996,0.03416425,0.03417524,21.53388577,0.736224,0.03418909,1.2408287400000013,4.800641816923077,-99999.0,0.03422087666666668,0.034214494615384616,-99999.0
23,0.03428594,1553378400,0.03428595,0.03419501,0.03423999,187.48915572,6.42233815,0.03425445,3.0286083333333345,4.8402075976923085,-99999.0,0.03422711000000001,0.034224409230769234,-99999.0
24,0.0341945,1553385600,0.03429327,0.03416337,0.03428593,103.88983959,3.5574599,0.03424261,3.572007350000001,4.905099082307693,-99999.0,0.03423347666666668,0.03422975538461538,-99999.0
25,0.0341945,1553392800,0.0341945,0.03408,0.03419449,894.09177152,30.52647419,0.03414243,13.502090746666667,7.156241387692308,-99999.0,0.03422498000000001,0.03423433230769231,-99999.0
26,0.03418076,1553400000,0.0341945,0.03409515,0.03418,88.35258165,3.01603443,0.03413634,12.366656173333332,7.263443536923077,-99999.0,0.034189920000000006,0.03423554461538461,-99999.0
27,0.03417,1553407200,0.0342,0.03408799,0.03417999,152.28668562,5.19991498,0.03414556,12.914141200000001,7.466585576153847,-99999.0,0.034181753333333335,0.03423631461538461,-99999.0
28,0.03425009,1553414400,0.03426485,0.03402844,0.0341849,752.56792427,25.73044668,0.03419019,11.315465363333331,8.707073612307692,-99999.0,0.03420028333333334,0.03423002692307692,-99999.0
29,0.034225,1553421600,0.03426485,0.03416135,0.03425497,59.1805297,2.02588905,0.03423235,10.985416903333332,8.270605242307692,-99999.0,0.03421503,0.03421293846153846,-99999.0
30,0.0342,1553428800,0.03426475,0.03415003,0.034225,180.3012853,6.17236639,0.03423362,11.309567373333332,8.546054772307691,-99999.0,0.03422503,0.03421101615384615,-99999.0
31,0.03418499,1553436000,0.03424397,0.03413586,0.0342,252.84557632,8.64124949,0.03417599,5.613168309999999,8.733042369230768,-99999.0,0.03420333,0.034213724615384605,-99999.0
32,0.03403995,1553443200,0.03419999,0.03384285,0.03419999,341.56206135,11.62842612,0.03404484,8.814013999999998,8.203314276923075,-99999.0,0.034141646666666664,0.034199104615384605,-99999.0
33,0.034025,1553450400,0.03407997,0.03397,0.033995,256.47536266,8.72643101,0.03402444,9.665368873333334,8.79311671076923,8.637254624999997,0.03408331333333333,0.03418047076923076,0.03415823176470588
34,0.03403,1553457600,0.03411,0.03399507,0.03401,101.86667698,3.46798603,0.03404436,7.94094772,8.911633878461537,8.739254214117645,0.03403165,0.034169286153846144,0.03416563235294118
35,0.03409,1553464800,0.03416331,0.03404,0.03404,61.44480608,2.09666774,0.03412278,4.763694926666666,9.016283396923075,8.721787712058822,0.03404833333333333,0.03415928692307692,0.03417195558823529
36,0.03411,1553472000,0.03412,0.03405,0.03411493,103.17361987,3.51640788,0.03408243,3.027020549999999,8.792750299230768,8.690390993529409,0.03407666666666667,0.03414575307692307,0.03417843147058824
37,0.034085,1553479200,0.03423132,0.03402317,0.03407501,108.39417475,3.70824145,0.0342107,3.107105689999999,8.80434888,8.63955555823529,0.03409500000000001,0.034137329999999994,0.03417887264705882
38,0.034065,1553486400,0.034155,0.03400001,0.03408502,80.59307567,2.74827694,0.03410065,3.324308756666666,6.667564476153844,8.116364266176467,0.034086666666666675,0.03412736846153845,0.034179460882352936
39,0.03408,1553493600,0.03416,0.03405895,0.03409989,205.39677117,7.00752919,0.03411703,4.48801586,6.974602534615382,7.896714897352939,0.03407666666666667,0.03411961769230769,0.034181078529411754
40,0.03407499,1553500800,0.03411242,0.034,0.034065,582.49553881,19.83012763,0.03404339,9.86197792,8.100003507692305,8.286899362352939,0.034073330000000006,0.034112309230769224,0.03417710764705881
41,0.03404502,1553508000,0.03411417,0.03395875,0.03409582,240.77994816,8.19614359,0.03403997,11.677933470000001,6.75121096230769,8.27468717352941,0.03406667000000001,0.0340965346153846,0.03417175264705881
42,0.034024,1553515200,0.03406687,0.03398,0.03406,553.52932386,18.83179593,0.03402131,15.619355716666668,8.043973029999997,8.730842468235291,0.03404800333333333,0.03408107307692307,0.03416451970588234
43,0.03379,1553522400,0.03403194,0.0337152,0.034024,647.42514612,21.93459025,0.03387973,16.320843256666667,9.256451788461536,7.805680607058821,0.03395300666666667,0.034049534615384604,0.03415097558823528
44,0.033785,1553529600,0.03388764,0.03368,0.03375634,1064.43865977,35.97700329,0.03379903,25.58112982333333,11.35920208076923,8.690063556764704,0.03386633333333333,0.03401876615384614,0.03414003294117646
45,0.03377,1553536800,0.03378998,0.03377,0.033785,39.65230145,1.33924702,0.03377476,19.750280186666668,10.567726765384613,8.649633451470587,0.03378166666666666,0.03399800076923076,0.034129591764705876
46,0.03377,1553544000,0.03377,0.03377,0.03377,0.0,0.0,0.03377,12.438750103333334,9.896462841538458,8.612526856764704,0.03377499999999999,0.03397838538461538,0.03411885647058823
47,0.03407825,1553551200,0.0341,0.033815,0.033815,154.556304,5.25125424,0.03397631,2.1968337533333346,10.033637319230767,8.719257672941174,0.033872749999999986,0.03398209692307692,0.034116305
48,0.03405519,1553558400,0.03412675,0.03398305,0.03398305,113.66028287,3.87082654,0.0340561,3.040693593333334,10.170111073076923,8.757838792647057,0.033967813333333326,0.03397941923076922,0.034113222647058815
49,0.03405995,1553565600,0.03415874,0.03402285,0.03406522,289.36700575,9.88086732,0.03414648,6.334316033333335,10.659684876153845,8.765978942941175,0.03406446333333333,0.03397556923076923,0.034105226176470584
50,0.03403955,1553572800,0.0341,0.03401501,0.03405478,202.98880116,6.91146931,0.03404852,6.887721056666668,10.906087019230768,8.742787514999996,0.03405156333333333,0.03397207307692308,0.03409323794117646
51,0.03405082,1553580000,0.03409998,0.03398661,0.03403065,261.8465763,8.90576221,0.03401137,8.566032946666668,11.37973973230769,8.928500447647055,0.03405010666666667,0.033970982307692306,0.03408811529411764
52,0.034075,1553587200,0.03414109,0.03400101,0.03401373,253.22346677,8.62271936,0.03405181,8.146650293333336,11.503985129999998,8.999450701470586,0.03405512333333333,0.03397059769230769,0.034085915882352935
53,0.03403,1553594400,0.03412,0.03402108,0.03408,542.94965001,18.4836583,0.03404304,12.004046623333332,11.400410566153845,8.998532083235292,0.03405194,0.03396713692307692,0.03408003323529412
54,0.03389501,1553601600,0.03405,0.03387772,0.034035,295.82416541,10.03828708,0.03393328,12.381554913333334,11.542113911538461,9.262628780588232,0.034000003333333334,0.033955597692307694,0.034069085294117646
55,0.03389,1553608800,0.03401201,0.03381562,0.033905,535.31180867,18.1459727,0.03389794,15.555972693333336,11.48935827846154,9.73964965852941,0.03393833666666667,0.03394529,0.034060691176470585
56,0.03391,1553616000,0.03395802,0.03384459,0.033915,144.16609343,4.88743908,0.03390144,11.023899620000003,10.178038957692308,9.86174421970588,0.03389833666666667,0.03395452076923077,0.03405157382352941
57,0.03406344,1553623200,0.03406347,0.03384955,0.03391,1028.88975349,35.00024174,0.03401748,19.344551173333333,10.102903453846155,10.70227079588235,0.03395448,0.033975939230769234,0.03404502970588236
58,0.03395001,1553630400,0.0341,0.03394558,0.03405999,182.44234074,6.20612093,0.03401688,15.364600583333333,10.477278370000002,10.78017259088235,0.03397448333333333,0.03398978615384616,0.03403783882352942
59,0.03394967,1553637600,0.03405,0.03394501,0.03395,224.13836024,7.62067345,0.03399986,16.275678706666664,11.063484020000002,10.106472569117646,0.03398770666666667,0.034003606923076926,0.03403063794117648
60,0.03427924,1553644800,0.03443831,0.0339386,0.0339386,1905.18873219,65.32002089,0.03428532,26.382271756666665,15.68415837769231,11.938942759117644,0.03405964,0.0340190676923077,0.03403353441176472
61,0.034295,1553652000,0.03436618,0.03424,0.03427924,139.44033743,4.78197947,0.03429408,25.907557936666663,15.754247064615386,11.926650538235291,0.03417463666666667,0.034037514615384616,0.03403721088235295
62,0.03443499,1553659200,0.03448609,0.03426,0.03429842,1056.30117442,36.30918307,0.03437389,35.47039447666666,17.787194430000003,12.237789843823528,0.03433641,0.03406636384615385,0.03404264911764707
63,0.03431497,1553666400,0.03443,0.03426363,0.03443,256.27553011,8.79580598,0.03432167,16.628989506666667,17.93214340461539,12.436905047647057,0.03434832,0.03408755,0.03404529529411766
64,0.03432001,1553673600,0.03437,0.0342867,0.03431497,701.02164773,24.05965505,0.03432084,23.054881366666667,19.097827469230772,12.963001772941176,0.03435665666666667,0.034108256923076924,0.03404882500000001
65,0.03435662,1553680800,0.03443128,0.03427004,0.03432,389.72100546,13.39256309,0.03436448,15.41600804,19.464738525384618,13.102746290588234,0.034330533333333337,0.03412992,0.03405387294117649
66,0.03433501,1553688000,0.0344,0.03431698,0.034365,562.12554119,19.30080481,0.03433539,18.917674316666666,19.527595949230772,13.328404487352941,0.03433721333333334,0.03415338230769231,0.034062551176470605
67,0.03431653,1553695200,0.03439308,0.03429779,0.03436216,8893.91512094,305.65933877,0.03436724,112.78423555666666,42.267676848461534,22.061725303823525,0.034336053333333345,0.03418580692307693,0.03407112558823531
68,0.03432996,1553702400,0.03435697,0.03428656,0.03435676,247.16167761,8.48352817,0.0343238,111.14789058333332,41.52441188461538,22.209241249117643,0.03432716666666668,0.034219650000000004,0.03407994794117648
69,0.034345,1553709600,0.0343895,0.03428705,0.03432995,816.1387318,28.01208337,0.03432269,114.05165010333332,43.303230676153845,22.97145935588235,0.034330496666666675,0.03425311153846154,0.03408744794117649
70,0.034345,1553716800,0.03436989,0.03425782,0.03436989,313.36869354,10.75563785,0.03432263,15.750416463333332,41.43826114615384,23.18437788441176,0.034339986666666676,0.03427477,0.03409435970588237
71,0.03452004,1553724000,0.03463405,0.034325,0.03434497,908.94452738,31.35002124,0.03449057,23.37258082,43.372407323846154,23.99737140764706,0.03440334666666669,0.03431861846153847,0.03410715500000002
72,0.03447235,1553731200,0.03457358,0.034385,0.03450504,278.96167213,9.61271318,0.0344589,17.239457423333334,43.525641149230765,24.19926659117647,0.03444579666666668,0.03435882461538463,0.03411913588235296
73,0.034455,1553738400,0.03447498,0.034395,0.03446545,33.82103771,1.16473556,0.03443819,14.042489993333334,38.59061920076923,24.027419719705883,0.034482463333333345,0.034372344615384624,0.034130165294117665
74,0.0343561,1553745600,0.03446498,0.0343561,0.03445499,327.47556008,11.26180153,0.03438974,7.346416756666667,39.08906705153846,23.775410128529412,0.03442781666666667,0.03437704461538463,0.03413843323529414
75,0.034345,1553752800,0.03438191,0.03430922,0.0343561,285.6890745,9.8126271,0.03434722,7.41305473,37.05087043846153,23.82295376117647,0.034385366666666674,0.03437012230769232,0.03414725617647062
76,0.034365,1553760000,0.034365,0.03428807,0.034335,107.52985203,3.6909675,0.03432504,8.255132043333333,36.65819055538461,23.377635277941177,0.03435536666666667,0.03437397076923078,0.034157285588235324
77,0.03425,1553767200,0.03436469,0.03425,0.0343353,171.77707628,5.89852959,0.03433828,6.4673747299999995,35.26118090461538,22.905986435,0.034319999999999996,0.034368585384615395,0.03417081500000002
78,0.03434998,1553774400,0.03434998,0.034245,0.03425,228.04650875,7.82201229,0.03430007,5.803836459999999,34.83267699692307,22.077898464411764,0.03432166,0.034368074615384624,0.034187432058823554
79,0.03429,1553781600,0.03439,0.03427473,0.03435408,355.64363433,12.22028624,0.03436104,8.646942706666666,34.28802172230768,22.397929029705878,0.03429666,0.03436461230769232,0.03420272617647061
80,0.03424,1553788800,0.03431,0.03422821,0.03429342,338.86875924,11.60831398,0.03425607,10.550204169999999,11.668712123076917,22.739350029117645,0.03429332666666666,0.03435872538461539,0.03421654970588237
81,0.034175,1553796000,0.034265,0.0341,0.03426499,175.92214458,6.01067293,0.03416666,9.946424383333333,11.478492489230764,22.761685872941175,0.034234999999999995,0.03434680538461539,0.03421939529411767
82,0.03423499,1553803200,0.03423766,0.03414,0.034145,197.62131167,6.7561408,0.0341873,8.12504257,9.843419983846148,22.846548057058822,0.03421666333333333,0.034338343076923086,0.03422468352941179
83,0.034251,1553810400,0.034251,0.03416434,0.03424,297.27225913,10.17485593,0.03422739,7.647223220000001,9.798744451538456,22.855194780882353,0.03422032999999999,0.03433111230769231,0.03423030264705885
84,0.03431499,1553817600,0.03435499,0.03424499,0.034251,241.47549069,8.28599085,0.034314,8.405662526666667,8.024588267692302,22.895621884999997,0.03426699333333332,0.03431533923076924,0.03423840382352944
85,0.03425504,1553824800,0.03433634,0.03424003,0.0343,59.82184426,2.05152644,0.03429393,6.8374577400000005,7.442958518461532,22.694026715294115,0.03427367666666666,0.034298623076923086,0.03424441029411767
86,0.034205,1553832000,0.034265,0.03417,0.034245,204.31582113,6.98963738,0.03420996,5.775718223333333,7.891027889230764,22.645994892352938,0.03425834333333332,0.034279392307692315,0.03424823382352943
87,0.03417185,1553839200,0.034205,0.0341,0.03419002,239.59000652,8.1870651,0.03417114,5.742742973333333,7.654509702307687,22.34315391588235,0.03421062999999999,0.03426521923076924,0.034252405882352954
88,0.03457032,1553846400,0.03474012,0.03417186,0.034205,794.13032282,27.31647557,0.03439797,14.164392683333332,9.000959584615378,22.851335930294113,0.03431572333333333,0.03428255153846154,0.03427226794117649
89,0.03425453,1553853600,0.03464,0.03425449,0.03457032,439.99804543,15.17486939,0.03448849,16.89280335333333,9.884336653076918,22.763950538823526,0.03433223333333333,0.034274053846153854,0.03428298941176472
90,0.034425,1553860800,0.034445,0.03429499,0.03429499,349.23602651,12.00737321,0.03438182,18.16623939,10.354247700769225,22.973360366176465,0.034416616666666656,0.03428751538461539,0.03429813647058825
91,0.03443738,1553868000,0.034485,0.03438119,0.03443989,280.26822558,9.65721745,0.03445705,12.279820016666669,10.495417328461532,22.22797729882352,0.03437230333333332,0.034294238461538465,0.034309134705882365
92,0.03439686,1553875200,0.0344809,0.03437557,0.03443756,188.04857677,6.47807296,0.03444893,9.380887873333336,10.053708614615376,22.23597588794117,0.03441974666666666,0.03430245846153847,0.03432227735294119
93,0.03448499,1553882400,0.03448499,0.03434311,0.034455,235.15963477,8.08406449,0.03437692,8.073118300000003,9.782612499999992,22.24960503617646,0.03443974333333332,0.03432130384615385,0.03433802205882354
94,0.03450491,1553889600,0.03459844,0.03445001,0.03448499,607.9448662,21.00613614,0.03455269,11.85609119666667,10.936109669999992,20.94625548470587,0.03446225333333333,0.03434668153846154,0.03434465941176472
95,0.03478244,1553896800,0.03478244,0.034495,0.03450998,7451.37812015,259.15229339,0.0347791,96.08083133999999,30.35119833076922,28.427735305882344,0.034590779999999995,0.03438879307692308,0.03435899588235296
96,0.03515,1553904000,0.03532905,0.03478243,0.03478244,4731.84140067,165.11070665,0.03489354,148.42304539333333,42.26934069384614,32.21601541117646,0.034812449999999995,0.034457946923076924,0.03438002558823531
97,0.03500321,1553911200,0.03517118,0.0348844,0.03516756,770.37583336,26.95300915,0.03498683,150.40533639666666,43.705265178461524,32.7500507985294,0.03497855,0.034510886923076925,0.03440026794117648
98,0.03487465,1553918400,0.0350033,0.03481195,0.03495503,284.35418696,9.92395694,0.03489998,67.32922424666664,44.31083675538461,32.33429497176469,0.03500928666666667,0.03455854923076924,0.03441658088235294
99,0.03468906,1553925600,0.03488,0.034675,0.03488,181.18788688,6.29697209,0.03475382,14.391312726666646,44.257554809999995,32.12560111882352,0.03485564,0.03459578461538462,0.03442635852941177
100,0.03473005,1553932800,0.03484484,0.034668,0.03468906,430.94139283,14.97348163,0.03474598,10.398136886666647,44.77958685076923,31.998326907647044,0.03476458666666666,0.03463872307692308,0.034437977352941185
101,0.03470001,1553940000,0.034755,0.03466801,0.03473996,95.71628021,3.32274126,0.03471448,8.19773165999998,42.93391498076923,23.106074039705867,0.034706373333333325,0.034648699230769235,0.0344492561764706
102,0.034775,1553947200,0.034825,0.034695,0.03470002,737.31487933,25.64620471,0.03478324,14.647475866666648,43.73940231307692,23.610858643823512,0.03473502,0.03468873538461539,0.034462345588235306
103,0.034715,1553954400,0.034775,0.03469712,0.03473502,87.49811742,3.03936316,0.03473632,10.669436376666647,43.04955538615385,22.87636687294116,0.03473000333333333,0.03471104307692308,0.034473227941176486
104,0.03468999,1553961600,0.03471,0.03444838,0.0347,460.15124934,15.91123034,0.03457826,14.865599403333315,43.53063330076923,23.028001946176452,0.034726663333333324,0.03473047461538462,0.034483374705882364
105,0.0347,1553968800,0.034745,0.03468499,0.03468999,121.87762782,4.23182982,0.03472195,7.727474439999983,43.35784536692309,22.230408080882334,0.03470166333333333,0.034753793076923084,0.03448866764705883
106,0.03470006,1553976000,0.03474336,0.03462998,0.03470497,209.66415527,7.26919162,0.03467064,9.137417259999983,43.29516283846155,22.161480976176453,0.03469668333333333,0.034770336923076926,0.03449536500000001
107,0.03466717,1553983200,0.03477241,0.034645,0.03472,181.59493805,6.30776734,0.03473536,5.936262926666649,42.16451908461541,22.312746616764688,0.03468907666666666,0.03478281846153846,0.034501605294117665
108,0.034475,1553990400,0.03469707,0.03445,0.03467,101.56349749,3.51529594,0.0346118,5.697418299999984,22.500134665384635,22.084908217058807,0.03461407666666666,0.03475916923076923,0.034505102352941186
109,0.03448966,1553997600,0.03453949,0.03444855,0.03445,160.34552841,5.52783355,0.03447451,5.116965609999983,10.224529042307713,21.958884877352922,0.03454394333333333,0.03470837384615384,0.03450935705882354
110,0.03442575,1554004800,0.03452357,0.03442575,0.034485,272.78926141,9.39893555,0.03445493,6.147355013333318,8.87421568846156,22.12676629058822,0.034463469999999996,0.03466395384615384,0.034511143823529426
111,0.03438003,1554012000,0.03444999,0.03435741,0.03442575,368.50057381,12.6737676,0.0343928,9.200178899999983,9.085739585384637,22.32603799676469,0.03443181333333333,0.03462590615384615,0.034514968235294124
112,0.034545,1554019200,0.03455,0.034375,0.03438004,456.64851457,15.73268914,0.03445251,12.601797429999982,9.811563973846177,22.558704962941164,0.03445025999999999,0.03461482461538461,0.034520704117647065
113,0.03455944,1554026400,0.03462438,0.034545,0.034545,694.6802793,24.03632059,0.03460055,17.48092577666665,10.508705432307714,22.906235384999984,0.03449482333333332,0.03460170076923076,0.03452862882352942
114,0.03445,1554033600,0.03457486,0.03444368,0.03455944,525.55851329,18.15457973,0.0345434,19.30786315333332,11.649616083846176,23.09877261294116,0.03451814666666666,0.03458246923076922,0.034534805294117656
115,0.03442,1554040800,0.03454798,0.03440162,0.03445,686.38668781,23.67720999,0.03449543,21.956036769999983,11.498154951538483,23.61837664411763,0.03447648,0.034555161538461526,0.03454201117647059
116,0.03441,1554048000,0.03445253,0.03438,0.03441857,422.56670842,14.53974706,0.03440816,18.790512259999982,12.382799866923099,23.847306239999984,0.03442666666666666,0.03453169999999999,0.034547158529411766
117,0.034415,1554055200,0.03443507,0.0343,0.03439,449.6477674,15.44701713,0.03435359,17.88799139333332,12.347091158461561,24.002369804705864,0.034414999999999994,0.03451054692307692,0.03455198205882354
118,0.03440499,1554062400,0.034465,0.03436415,0.034395,360.54144227,12.39776092,0.0343865,14.128175036666649,12.975239704615406,24.123304218529395,0.03440999666666666,0.03448785384615384,0.03455462911764707
119,0.034485,1554069600,0.03454998,0.034385,0.03440999,318.3073371,10.9834818,0.0345059,12.942753283333317,13.260954333846176,24.38600878794116,0.03443499666666666,0.03447131076923076,0.03456139264705884
120,0.03441998,1554076800,0.03458999,0.0343125,0.03446495,561.93807968,19.36770512,0.0344659,14.249649279999984,14.265564932307715,24.750069603823512,0.03443665666666667,0.03445229615384615,0.03456771558823531
121,0.03453396,1554084000,0.03459183,0.03441731,0.03441731,261.75569992,9.0305374,0.03449986,13.127241439999983,14.689814275384641,24.77487761264704,0.03447964666666667,0.03445683153846153,0.03457836588235296
122,0.03448655,1554091200,0.03459087,0.034455,0.03452501,154.68768853,5.33556366,0.03449249,11.244602059999982,14.675024283846179,24.128380203529396,0.034480163333333334,0.03445659230769231,0.03457590205882355
123,0.034495,1554098400,0.03455,0.03443505,0.03448999,291.36181867,10.05114573,0.03449712,8.139082263333316,14.725194297692333,23.977682448823515,0.034505169999999995,0.03446191923076923,0.034582974705882376
124,0.03444,1554105600,0.03451999,0.03441935,0.03448503,224.08735411,7.72688176,0.03448156,7.704530383333316,14.344664617692333,23.85178564147057,0.03447385,0.0344665323076923,0.03458341588235297
125,0.03436501,1554112800,0.034445,0.034319,0.034445,185.14551545,6.3670205,0.03438927,8.048349329999981,13.624228568461564,23.75501514294116,0.03443333666666667,0.034452686923076924,0.0345812873529412
126,0.03435,1554120000,0.03445112,0.03431783,0.03436501,476.02323277,16.37749614,0.03440482,10.15713279999998,13.035088226153873,24.04617464823528,0.03438500333333333,0.034436576153846155,0.034579909117647085
127,0.0342,1554127200,0.0343511,0.0341,0.03435,448.5303959,15.35594212,0.03423612,12.700152919999981,12.819808410000027,24.26005340205881,0.034305003333333334,0.03441734538461539,0.034571527058823555
128,0.03408218,1554134400,0.0342,0.03403739,0.0342,451.56932256,15.41025287,0.03412599,15.71456370999998,12.183888631538489,24.095468599999986,0.03421072666666666,0.03439135923076923,0.03455909382352944
129,0.033965,1554141600,0.03412,0.03396,0.03404462,1092.86014961,37.22051828,0.03405789,22.662237756666645,13.928563340769257,17.568063449705868,0.03408239333333333,0.03435712846153847,0.03453505147058826
130,0.03412003,1554148800,0.03419634,0.03385,0.03399375,536.4234217,18.25255401,0.03402639,23.627775053333313,14.144373870000027,13.248706019117632,0.03405573666666666,0.03433443846153847,0.03450475823529414
131,0.034085,1554156000,0.03418793,0.034085,0.03418793,269.54682212,9.20179806,0.03413803,21.558290116666644,13.89853057307695,12.726611575294102,0.03405667666666667,0.03430982384615385,0.03447775205882355
132,0.03396167,1554163200,0.034125,0.03395969,0.034105,471.65921565,16.04922881,0.03402717,14.501193626666646,14.288203420000027,12.906766630294102,0.03405556666666667,0.0342695676923077,0.03445089970588238
133,0.03385502,1554170400,0.034005,0.033855,0.033995,636.03068427,21.58004235,0.03392924,15.610356406666648,14.458383206923104,13.35626869676469,0.03396723000000001,0.034226109230769235,0.034426369117647085
134,0.03172066,1554177600,0.033865,0.03032623,0.03385502,9466.86994166,300.6516394,0.03175829,112.76030352,36.890775668461565,21.758567454705865,0.03317911666666667,0.03400970153846154,0.03433785764705884
135,0.0321532,1554184800,0.03218548,0.03165492,0.03170001,2414.76095853,77.12377758,0.03193847,133.11848644333332,42.41294597000002,23.929186169999983,0.03257629333333333,0.033830213076923084,0.034262951470588256
136,0.03176655,1554192000,0.03248493,0.03170003,0.03215289,2060.87754196,66.0890184,0.03206838,147.95481179333333,46.72355156000002,25.1186806902941,0.03188013666666666,0.03362033230769231,0.03417446764705884
137,0.03206499,1554199200,0.03209551,0.031707,0.0318,1171.01443939,37.32642832,0.03187529,60.17974143333331,49.00043975692309,26.127123783235277,0.03199491333333333,0.03343763923076924,0.034096526176470604
138,0.03330504,1554206400,0.03349797,0.032045,0.032045,2750.34284324,90.2384906,0.0328099,64.55131243999999,55.45209130307694,28.313219673235277,0.03237886,0.033356103076923084,0.03405579235294119
139,0.03282389,1554213600,0.03330999,0.03282388,0.03329996,3636.74890954,119.48478767,0.03285483,82.34990219666668,63.38342142076926,31.70301255117645,0.03273130666666666,0.03323871000000001,0.03400061264705884
140,0.03301049,1554220800,0.0335,0.03282388,0.03282388,3974.15403005,131.52603329,0.03309535,113.74977052000001,72.31958228000002,35.35762554147057,0.03304647333333333,0.03314720923076924,0.03395091941176472
141,0.03382938,1554228000,0.0338513,0.03299667,0.03301049,1086.72104522,36.37843297,0.03347541,95.79641797666666,73.93251921076924,36.24205688352939,0.03322125333333333,0.033127763076923084,0.03392627852941178
142,0.03348,1554235200,0.03382492,0.03308941,0.03380495,1380.96992785,46.14779472,0.03341694,71.35075366,74.61923278307694,37.49595390647057,0.033439956666666666,0.03309045538461539,0.03389701382352943
143,0.03362604,1554242400,0.03390706,0.03338001,0.03347,457.91743915,15.43618658,0.03370954,32.65413809,74.4025891346154,37.787376054411745,0.03364514,0.03305245615384616,0.03387161323529413
144,0.03383501,1554249600,0.03425,0.03359074,0.03365988,8556.66878262,290.04516812,0.03389697,117.20971647333334,96.00592529307694,46.04167701235292,0.03364701666666667,0.033033226153846164,0.03385423852941177
145,0.034303,1554256800,0.03494239,0.03383504,0.03383504,5607.03839922,193.04491086,0.03442903,166.17542185333335,109.62097775846156,51.34671063764704,0.033921349999999996,0.03305948230769232,0.033851972941176485
146,0.03370999,1554264000,0.03431,0.03340943,0.03428959,1799.18495026,60.6903256,0.03373212,181.26013486000002,112.62946108538465,52.66899406294116,0.03394933333333333,0.03304832615384617,0.033827413823529426
147,0.03380301,1554271200,0.03407494,0.03352,0.03369,836.41823219,28.18014861,0.03369145,93.97179502333334,91.67011564000003,52.79087135764704,0.033938666666666666,0.03320850692307693,0.03380516588235295
148,0.033735,1554278400,0.03380632,0.03342,0.03373,745.25660834,25.0581566,0.03362352,37.97621027000002,87.66506787230773,52.993917736176456,0.033749333333333326,0.03333018384615386,0.03378413647058825
149,0.03375995,1554285600,0.03382099,0.03359011,0.03370465,435.49121694,14.67406531,0.03369543,22.637456840000016,83.71007148076927,52.72911936323528,0.033765986666666664,0.03348352230769232,0.033764723235294135
150,0.03399182,1554292800,0.03417,0.033715,0.03375917,1530.54185638,51.85212635,0.03387828,30.52811608666668,84.82743286769234,53.82654228352939,0.03382892333333334,0.033631740000000014,0.03375242382352943
151,0.03387476,1554300000,0.03399138,0.03353501,0.03399,9509.16856191,321.72082611,0.03383269,129.41567259,102.63376636846156,62.83459548882352,0.033875510000000005,0.03367556461538463,0.03373653441176472
152,0.03373002,1554307200,0.03448333,0.03372124,0.0338892,2305.66189363,78.33347178,0.03397439,150.6354747466667,99.46828053076926,64.77388110235292,0.03386553333333334,0.03374526692307694,0.03371668235294118
153,0.0338,1554314400,0.03389497,0.03363763,0.03373002,2545.18430295,85.81495644,0.03371659,161.95641811000002,95.95204385000004,66.97480682705881,0.033801593333333345,0.03380599846153847,0.033696535294117654
154,0.03354286,1554321600,0.03414451,0.03347587,0.0338,1946.14950768,65.66801814,0.03374253,76.60548212000002,98.20508886307697,68.33658073941174,0.03369096000000001,0.03378395846153847,0.03367073764705883
155,0.03242896,1554328800,0.03368009,0.03136016,0.03351507,6988.98036598,225.68995617,0.03229225,125.72431025000003,112.0160243592308,74.70891658558823,0.033257273333333344,0.03370310923076924,0.03360882588235295
156,0.03247496,1554336000,0.03262499,0.032185,0.03236022,2001.35172136,64.92996352,0.03244305,118.76264594333337,115.82323797000004,76.46169305205882,0.032815593333333344,0.033614564615384625,0.03354966147058824
157,0.03224,1554343200,0.032475,0.03211009,0.03241004,921.46102291,29.78827604,0.03232722,106.80273191000002,95.80347704076927,77.04219688470587,0.03238130666666667,0.033491871538461546,0.03348333794117648
158,0.03241527,1554350400,0.0325148,0.03219,0.03224,654.38780777,21.22245506,0.032431,38.64689820666669,82.58636505615388,77.43912551117646,0.03237674333333334,0.033346661538461546,0.03342378705882354
159,0.032345,1554357600,0.0325,0.03222494,0.03241527,682.4354309,22.11484255,0.03240576,24.37519121666669,79.61902020615388,77.90229674794116,0.03233342333333333,0.033241662307692314,0.033364375000000016
160,0.03232,1554364800,0.03255319,0.03227179,0.03228,996.03596144,32.27144839,0.03239988,25.202915333333355,79.93373557384618,78.36976593176469,0.03236009000000001,0.03312758461538462,0.03330466911764707
161,0.03234154,1554372000,0.03248514,0.0321525,0.03230502,743.77471983,24.05847082,0.03234644,26.14825392000002,79.8568366676923,78.62572265823529,0.03233551333333334,0.03302039538461539,0.033250008529411776
162,0.03231996,1554379200,0.03242499,0.032235,0.03242499,534.12810523,17.266279,0.0323261,24.532066070000024,80.05623772076923,78.68031166205881,0.03232716666666668,0.032909626923076925,0.03319817852941177
163,0.03226443,1554386400,0.03234945,0.0321525,0.0323,558.22040849,18.00662672,0.03225719,19.777125513333356,77.45273774923076,78.11519720441176,0.032308643333333345,0.03277675076923077,0.033148161764705884
164,0.03161259,1554393600,0.03226441,0.03142002,0.03226441,1466.16640678,46.62021207,0.03179735,27.297705930000024,56.291152053846155,78.9495400885294,0.03206566000000002,0.0326027376923077,0.03307441352941177
165,0.0320421,1554400800,0.03209219,0.0315,0.03155483,1256.82179354,40.14997486,0.03194563,34.925604550000024,53.35395998307693,79.85978058264705,0.03197304000000001,0.0324728976923077,0.03301432823529412
166,0.032185,1554408000,0.03230496,0.03200811,0.03209218,471.01429016,15.12160642,0.03210434,33.96393111666669,47.916009981538465,79.83249757117646,0.03194656333333334,0.03234866692307693,0.03296207323529412
167,0.03213502,1554415200,0.03224788,0.03208798,0.03219,184.14056136,5.92519158,0.03217754,20.398924286666695,43.32040793846155,79.37206078382351,0.03212070666666667,0.03224037153846155,0.032911485
168,0.03211239,1554422400,0.03218493,0.03204,0.03205655,195.09033906,6.26546127,0.03211569,9.104086423333362,26.441600638461548,70.71364377999998,0.03214413666666668,0.032216020000000005,0.03292300647058823
169,0.03212,1554429600,0.03218988,0.0320028,0.03215496,127.19609619,4.08464672,0.03211298,5.425099856666695,21.761191653846165,68.5654340488235,0.032122470000000014,0.03218871538461539,0.03292202999999999
170,0.03294506,1554436800,0.03326512,0.03209501,0.03218232,1687.85073073,54.96995485,0.03256801,21.77335428000003,23.698243870000013,68.23840276794115,0.03239248333333335,0.032242950769230776,0.032956692058823525
171,0.03293,1554444000,0.03302908,0.03279476,0.03295,531.77560288,17.49829747,0.03290541,25.517633013333363,23.41177020923078,67.65522244882351,0.03266502000000002,0.0322825453846154,0.03298213352941176
172,0.03295001,1554451200,0.033178,0.03283823,0.03292,506.58309789,16.71412103,0.03299383,29.727457783333364,22.996330092307705,65.49274099088233,0.032941690000000017,0.032329084615384626,0.03297169147058823
173,0.03297001,1554458400,0.03309931,0.03295,0.03295495,487.0136594,16.06852338,0.03299398,16.76031396000003,21.74995124538463,62.4510861588235,0.03295000666666668,0.0323790853846154,0.032975989117647056
174,0.03291711,1554465600,0.03332082,0.032862,0.03296,531.75039888,17.57493462,0.03305109,16.7858596766667,21.251217691538475,59.099583256764674,0.03294571000000001,0.03242336000000001,0.03297324264705882
175,0.03286944,1554472800,0.03299163,0.03264535,0.03291722,314.08604365,10.3039327,0.03280608,14.649130233333366,20.715652591538475,58.33268618999997,0.03291885333333334,0.03246562769230771,0.032945009117647056
176,0.032787,1554480000,0.03300001,0.03271214,0.03295958,269.85319351,8.86334431,0.03284505,12.2474038766667,20.01232317538463,57.23608470735291,0.03285785,0.0325058253846154,0.03292462676470588
177,0.03269446,1554487200,0.03279653,0.03256401,0.03271283,276.57104286,9.03536662,0.03266924,9.400881210000032,17.12118121769232,57.04782529676468,0.03278363333333334,0.03258904615384617,0.03289722735294118
178,0.032765,1554494400,0.0328214,0.03267882,0.0327733,168.74568383,5.53036308,0.03277336,7.809691336666699,14.458134157692323,48.679742795588204,0.032748820000000005,0.03264465384615386,0.03286575647058824
179,0.03294001,1554501600,0.0331142,0.03274001,0.0328,241.02500554,7.95413717,0.03300129,7.506622290000031,13.906790369230784,43.235896510588205,0.03279982333333333,0.03270273153846155,0.03282566852941177
180,0.0328484,1554508800,0.03294001,0.03276807,0.03294001,142.48082014,4.67549268,0.03281489,6.053330976666698,13.810659684615398,41.58840142470585,0.03285113666666666,0.032757606923076936,0.03280032764705882
181,0.03272148,1554516000,0.03284882,0.03272005,0.03282369,265.95365356,8.71995961,0.03278751,7.116529820000031,13.999467249230783,41.01604292470584,0.03283662999999999,0.03280446000000001,0.03276851794117647
182,0.03286464,1554523200,0.03296869,0.03273007,0.03275083,161.23935297,5.29759046,0.03285544,6.2310142500000305,14.092770613846168,40.43484980294114,0.032811506666666664,0.032861740000000014,0.03274291911764706
183,0.03277089,1554530400,0.0328847,0.03270001,0.032815,145.23365596,4.76224629,0.03279023,6.25993212000003,10.230639186153862,40.1433257141176,0.032785669999999996,0.03284834230769232,0.03271382911764706
184,0.03248022,1554537600,0.03279,0.03225914,0.03272,381.55919519,12.40400893,0.03250874,7.487948560000031,9.838770836923093,38.983086966470545,0.03270525,0.032813743846153855,0.03266937029411765
185,0.03268468,1554544800,0.03268529,0.03248022,0.03248022,184.29308156,5.9962171,0.03253631,7.720824106666697,9.014316688461555,29.69706905441172,0.032645263333333334,0.032793333846153856,0.032634367941176474
186,0.03267,1554552000,0.03284451,0.03254652,0.03266,1323.70435512,43.19962599,0.0326354,20.533284006666698,11.10132458153848,28.663720648823485,0.032611633333333334,0.03277025615384616,0.032603190882352945
187,0.032755,1554559200,0.03288514,0.03264003,0.03265501,542.94180744,17.77831943,0.03274442,22.32472084000003,11.116969566923096,26.66264308970584,0.03270322666666667,0.03275778615384616,0.0325724555882353
188,0.03242981,1554566400,0.03285499,0.03218909,0.03278004,4180.75357713,135.31077079,0.03236516,65.42957207000003,20.732880189230784,28.7109593441176,0.032618270000000005,0.032723968461538466,0.032539718823529414
189,0.03293516,1554573600,0.03344178,0.03240449,0.03246999,1448.64972363,47.37262563,0.03270122,66.82057195000003,23.695132598461555,23.466331975294075,0.03270665666666667,0.03273536538461539,0.032554607058823536
190,0.032945,1554580800,0.03320629,0.03278943,0.032935,701.65440885,23.19070401,0.03305146,68.62470014333336,24.784004705384632,22.238706695588192,0.03276999,0.0327546376923077,0.032568431764705884
191,0.03283659,1554588000,0.03296988,0.0327,0.03293,326.45210231,10.73999104,0.03289913,27.101106893333355,25.184745317692325,21.6784630191176,0.03290558333333333,0.03276014461538462,0.032585978529411766
192,0.03269001,1554595200,0.03289452,0.03261,0.03283499,212.60239969,6.96285123,0.03275057,13.631182093333356,25.108492553076942,21.25906290647054,0.032823866666666666,0.03274091384615385,0.03259405911764707
193,0.03264999,1554602400,0.0327399,0.0326,0.03269002,113.93673257,3.72514801,0.03269488,7.1426634266666875,25.035389116923096,20.71818953764701,0.032725529999999996,0.03272565153846155,0.032603029411764704
194,0.03269501,1554609600,0.03277791,0.03261,0.03265997,232.99773975,7.62725925,0.03273533,6.105086163333354,24.951335243076944,19.993360445294066,0.03267833666666666,0.03272361538461539,0.032614059117647066
195,0.03274501,1554616800,0.032845,0.03267505,0.0327561,385.63889437,12.6395179,0.03277552,7.997308386666688,25.516098892307713,19.657508888823475,0.03269666999999999,0.032714413076923084,0.03262592588235295
196,0.0325899,1554624000,0.03281028,0.0325899,0.03276001,1383.45069027,45.17484375,0.03265374,21.813873633333355,28.624760235384635,20.478349028529358,0.03267664,0.032700490769230775,0.03263386529411766
197,0.03260361,1554631200,0.03274,0.03256,0.0325899,276.8186923,9.04593223,0.03267818,22.28676462666669,28.366446643076944,20.21479919058818,0.032646173333333334,0.032709982307692315,0.0326438411764706
198,0.032645,1554638400,0.0327175,0.032555,0.03267555,86.97983051,2.83505855,0.03259443,19.018611510000024,28.12328060076925,18.927000557647006,0.03261283666666667,0.03270693000000001,0.0326742061764706
199,0.032565,1554645600,0.03265,0.03253514,0.03264999,162.52923796,5.29722381,0.03259243,5.726071530000023,25.20771120230771,17.90191964441171,0.03260453666666666,0.032698853076923086,0.03268958558823531
200,0.03261483,1554652800,0.03270496,0.0325,0.032555,376.40305992,12.28437663,0.03263622,6.805552996666688,24.785100217692325,17.818471709411707,0.03260827666666666,0.032688070769230776,0.03270222764705884
201,0.03293511,1554660000,0.03293511,0.032575,0.032575,308.81261314,10.12343005,0.03278178,9.235010163333355,15.155304776153864,17.94194931147053,0.03270497999999999,0.03272694000000001,0.032725759705882373
202,0.0335925,1554667200,0.034,0.0329351,0.0329351,1919.78460887,64.62045372,0.03366026,29.009420133333354,16.48206078307694,19.658272618823474,0.03304747999999998,0.032777504615384624,0.03276929235294119
203,0.0336762,1554674400,0.033869,0.03334993,0.0336,661.10935874,22.21328257,0.03360001,32.31905544666669,16.406874518461557,20.191467790882296,0.03340126999999999,0.03283375076923078,0.03281506294117648
204,0.03472757,1554681600,0.03523324,0.0336417,0.033725,12075.49309363,421.56250764,0.03491058,169.46541464333336,48.008606564615405,30.973601696470528,0.03399875666666666,0.03297921076923078,0.032867489705882366
205,0.03459,1554688800,0.03509325,0.03429262,0.03472757,1896.8805417,65.81625815,0.0346971,169.86401612,52.53579171230771,32.39471818705877,0.034331256666666664,0.03312536384615385,0.032916313235294134
206,0.03475998,1554696000,0.03487777,0.03452744,0.03457501,996.17338267,34.51731339,0.0346499,173.96535972666666,54.90441981846156,32.91834149176466,0.03469251666666666,0.033287670769230775,0.03296954764705884
207,0.034425,1554703200,0.03479921,0.03435027,0.03474866,1329.12182509,45.82643454,0.03447873,48.72000202666669,57.84281791769234,33.79357417294113,0.03459165999999999,0.033420746923076936,0.03301234147058824
208,0.03458506,1554710400,0.03463849,0.03419729,0.03444,1183.50213367,40.75190988,0.03443332,40.365219270000026,60.005309608461566,34.47524991588231,0.034590013333333315,0.03356228923076924,0.03306139882352942
209,0.03393257,1554717600,0.0345923,0.03393257,0.0345923,858.15550608,29.46243591,0.03433228,38.68026011000003,58.796662851538485,35.03873530441172,0.034314209999999984,0.033665571538461544,0.03309266735294118
210,0.03412465,1554724800,0.03442115,0.03398002,0.03400001,606.63465224,20.78020382,0.03425489,30.331516536666687,59.699299127692335,35.3892311723529,0.03421409333333332,0.03378257461538462,0.03313201000000001
211,0.03463037,1554732000,0.03463037,0.03407256,0.03407256,708.329169,24.30877533,0.03431847,24.85047168666669,61.35112349538464,35.83844907558819,0.034229196666666656,0.03393529538461539,0.03318894852941177
212,0.03425502,1554739200,0.035,0.03418037,0.03461512,991.49750111,34.279329,0.03457328,26.45610271666669,63.58051620230772,36.68400689676466,0.03433667999999999,0.03406529692307693,0.03323277264705883
213,0.034205,1554746400,0.03437573,0.03405865,0.03423501,658.01970634,22.49968293,0.03419302,27.02926242000002,64.36630899461541,37.11181706617643,0.034363463333333316,0.0341876176923077,0.03326997823529413
214,0.0345883,1554753600,0.0347,0.0341191,0.03418503,828.34479609,28.51501232,0.03442408,28.431341416666683,65.78104609230772,37.81297940852937,0.03434943999999998,0.03431478615384616,0.033321151764705896
215,0.034145,1554760800,0.03465999,0.03406736,0.0345883,2216.29177158,76.47843094,0.03450738,42.49770873000002,66.69319818615386,39.80587562411761,0.034312766666666654,0.03435728615384616,0.033363020000000014
216,0.03406499,1554768000,0.03429817,0.03381005,0.034145,319.40966732,10.86102193,0.03400342,38.61815506333335,65.81994736769232,39.96950596147055,0.03426609666666665,0.03438719307692309,0.03339832441176472
217,0.03389778,1554775200,0.0341491,0.03382475,0.03398469,1546.03573741,52.44161884,0.03392005,46.59369057000001,37.4260328446154,41.37184044823526,0.034035923333333315,0.03432336307692309,0.03343146823529414
218,0.03390332,1554782400,0.03401003,0.0337484,0.0338924,1073.59807542,36.39059141,0.03389591,33.23107739333334,35.16252001846156,42.07732816823527,0.033955363333333315,0.03427054153846155,0.03347332411764708
219,0.0339,1554789600,0.033976,0.03380596,0.03390332,355.50179596,12.06459098,0.03393679,33.63226707666667,33.43538752538463,42.255809752941154,0.03390036666666665,0.03420438923076924,0.03350906882352943
220,0.03398223,1554796800,0.03413552,0.03387908,0.03390002,268.79252532,9.13419843,0.03398233,19.19646027333334,30.6129078246154,41.25388541294115,0.033928516666666644,0.03417033000000001,0.03354766382352943
221,0.03429073,1554804000,0.03429073,0.03395125,0.034035,361.64802083,12.36793126,0.0341988,11.188906890000007,28.42952485384617,41.094756349117624,0.03405765333333331,0.03414768923076924,0.03359283235294119
222,0.03413104,1554811200,0.03440212,0.03398762,0.03429072,524.55670352,17.94996116,0.03421929,13.15069695000001,27.54394987307694,37.64296783058821,0.03413466666666664,0.034162956153846166,0.03364286852941178
223,0.03395,1554818400,0.03423,0.03391888,0.03419219,296.25767941,10.07965205,0.03402326,13.465848156666675,26.720830506153863,36.54611566647057,0.034123923333333306,0.03414952153846155,0.033672716764705894
224,0.03393,1554825600,0.03398127,0.03378318,0.03396,587.03781198,19.87935197,0.03386383,15.96965506000001,26.38010563230771,36.44872295941175,0.03400367999999998,0.034095646923076935,0.033701687352941184
225,0.03392,1554832800,0.03399485,0.03385,0.03396969,206.63992607,7.01156882,0.03393133,12.32352428000001,24.282585618461553,36.33906348235293,0.033933333333333315,0.034069876153846164,0.03373355235294118
226,0.03393501,1554840000,0.03408121,0.033885,0.033915,288.89378961,9.81875363,0.03398741,12.236558140000012,23.307129518461554,36.42306061176469,0.03392833666666664,0.034049107692307706,0.03377017
227,0.03388979,1554847200,0.034005,0.03386465,0.03393265,205.48846371,6.97581162,0.03394746,7.935378023333346,21.650267926153862,36.51866836499998,0.03391493333333331,0.033995376153846166,0.033806634705882355
228,0.03428502,1554854400,0.03445535,0.03387508,0.03388979,818.70273225,27.92958588,0.03411444,14.90805037666668,17.915741383076938,37.11579561882351,0.034036606666666636,0.034006146923076935,0.03385339970588236
229,0.03436031,1554861600,0.0346,0.03428501,0.03429501,213.5196247,7.35119838,0.03442867,14.085531960000012,17.645754956153862,36.960256809411746,0.0341783733333333,0.034028863846153855,0.03390090852941177
230,0.0344955,1554868800,0.03452092,0.03436032,0.03436032,169.27484396,5.8327099,0.03445703,13.704498053333344,14.060454268461553,35.803135225588214,0.03438027666666663,0.03407484230769232,0.0339569555882353
231,0.03439501,1554876000,0.03469535,0.03439401,0.03449556,430.14729205,14.85875902,0.03454342,9.347555766666677,12.404159469230784,35.974100719411744,0.03441693999999997,0.034112664615384626,0.03400964382352941
232,0.03433478,1554883200,0.0345,0.03429872,0.03443,231.3867705,7.96669767,0.03443022,9.552722196666677,12.088936906923093,36.125031281764684,0.03440842999999997,0.034146109230769245,0.034059343235294116
233,0.03434542,1554890400,0.03443993,0.03428812,0.03433459,130.34008791,4.47860724,0.03436093,9.101354643333343,11.730814507692324,36.1009543238235,0.03435840333333331,0.034174046923076934,0.03411170852941176
234,0.03413563,1554897600,0.03444575,0.03401606,0.03434552,471.02156007,16.129839,0.03424437,9.52504797000001,12.020192026153863,36.214056158235266,0.03427194333333331,0.03416211615384617,0.03415643794117647
235,0.03416243,1554904800,0.03432,0.03406082,0.03421181,557.12888702,19.04290648,0.03418043,13.217117573333342,12.104264743076941,36.47639370029409,0.03421449333333331,0.03416453076923079,0.0341925355882353
236,0.03402008,1554912000,0.03425499,0.0340197,0.03415499,383.41410822,13.08893942,0.03413786,16.08722830000001,12.335748386923095,34.960760926764685,0.034106046666666646,0.03416992153846156,0.03420511147058824
237,0.03353002,1554919200,0.03413959,0.033515,0.03403499,1360.80660279,45.98870584,0.03379518,26.04018391333334,14.344160223076942,35.66003808176468,0.03390417666666665,0.03413915384615386,0.03420081205882353
238,0.03327,1554926400,0.03363946,0.03262644,0.03356171,2081.32657995,68.93531647,0.03312085,42.67098724333334,19.107525426923097,25.28865010617645,0.03360669999999998,0.034089153846153866,0.03415794235294117
239,0.03334503,1554933600,0.03348577,0.03310567,0.033279,278.39850712,9.27896735,0.0333298,41.400996553333336,19.06600340538463,23.62578861205881,0.03338168333333331,0.03404377076923079,0.034121325588235295
240,0.03324815,1554940800,0.0333985,0.03305504,0.03334167,287.48337354,9.54839019,0.03321371,29.254224670000003,19.263894064615403,22.89140851794116,0.03328772666666665,0.03399441384615386,0.03407686
241,0.03288996,1554948000,0.03326501,0.0327817,0.03324816,776.35602562,25.55533134,0.03291702,14.794229626666668,19.08125910000002,22.295199600294097,0.033161046666666645,0.033887101538461556,0.03403171176470589
242,0.03288,1554955200,0.03295309,0.03275285,0.03279503,819.91038458,26.94238292,0.03286015,20.68203481666667,20.58827329538463,21.88903704264704,0.03300603666666665,0.033773231538461554,0.03398156294117648
243,0.03288031,1554962400,0.03296349,0.0328,0.03281004,605.70426346,19.92201037,0.03289065,24.139908209999998,21.672065639230787,21.608436291470568,0.03288342333333331,0.03364898615384617,0.03395061411764706
244,0.03255,1554969600,0.032885,0.03230039,0.03288031,2156.95292799,70.25520851,0.0325715,39.03986726666667,25.933330984615402,23.063583488235274,0.03277010333333331,0.03350706230769233,0.033904300882352946
245,0.03247,1554976800,0.03274695,0.03219144,0.03256,1053.54351099,34.16219627,0.03242599,41.44647171666667,27.948369338461557,23.353389986470567,0.03263343666666665,0.03336361769230771,0.033840760588235305
246,0.03247998,1554984000,0.03260741,0.03243539,0.03246659,1024.43642965,33.32581817,0.03253087,45.914407649999994,30.167385563846175,23.3253455502941,0.03249999333333331,0.03322012230769233,0.03378855352941177
247,0.03247001,1554991200,0.03263935,0.03230018,0.03247,426.44164426,13.83193209,0.03243569,27.106648843333332,29.990623493846176,23.070411702058806,0.032473329999999974,0.03309199769230771,0.03373752441176471
248,0.03267997,1554998400,0.03274306,0.03240201,0.03246813,1101.0907436,35.96567991,0.03266368,27.70781005666666,31.292375296153867,23.28954898411763,0.03254331999999998,0.03297796230769232,0.03368139705882353
249,0.0327338,1555005600,0.03279132,0.03258656,0.03267502,3450.38194741,112.80371969,0.03269311,54.20044389666666,38.9627430092308,24.357939829705867,0.03262792666666665,0.03287901769230771,0.033639891176470586
250,0.03256509,1555012800,0.032749,0.03256502,0.03273276,1812.60829081,59.20495815,0.03266285,69.32478591666667,39.979377802307724,25.77982030676469,0.03265961999999998,0.03280479230769232,0.033595776470588236
251,0.03266005,1555020000,0.03281891,0.032525,0.03257502,234.82200284,7.6736998,0.03267879,59.89412588,35.26694575076927,24.463116805588218,0.03265297999999998,0.032757873076923086,0.03355937264705883
252,0.03259273,1555027200,0.03281885,0.03259,0.03268502,349.75049885,11.45509904,0.0327522,26.11125233,35.43434049615388,23.729719971176458,0.03260595666666665,0.03270000384615386,0.03352082588235294
