,close,date,high,low,open,quoteVolume,volume,weightedAverage,avg_vol_3,avg_vol_13,avg_vol_34,avg_close_3,avg_close_13,avg_close_34
0,6.49e-06,1553040817,6.49e-06,6.49e-06,6.49e-06,0.0,0.0,6.49e-06,-99999.0,-99999.0,-99999.0,-99999.0,-99999.0,-99999.0
1,6.44e-06,1553047200,6.48e-06,6.44e-06,6.44e-06,141.86114777,0.0009142,6.44e-06,-99999.0,-99999.0,-99999.0,-99999.0,-99999.0,-99999.0
2,6.47e-06,1553054400,6.59e-06,6.37e-06,6.44e-06,115350.80656754,0.74944969,6.49e-06,0.25012129666666666,-99999.0,-99999.0,6.466666666666667e-06,-99999.0,-99999.0
3,6.54e-06,1553061600,6.54e-06,6.4e-06,6.47e-06,1423.41395408,0.00925564,6.5e-06,0.25320651,-99999.0,-99999.0,6.483333333333333e-06,-99999.0,-99999.0
4,7.06e-06,1553068800,8.14e-06,6.43e-06,6.47e-06,1430723.9228135,10.53332782,7.36e-06,3.76401105,-99999.0,-99999.0,6.6899999999999995e-06,-99999.0,-99999.0
5,6.44e-06,1553076000,7.18e-06,6.41e-06,7.18e-06,529174.08767381,3.4648514,6.54e-06,4.669144953333333,-99999.0,-99999.0,6.6799999999999996e-06,-99999.0,-99999.0
6,6.41e-06,1553083200,6.5e-06,6.41e-06,6.44e-06,27932.90090459,0.18039932,6.45e-06,4.726192846666667,-99999.0,-99999.0,6.636666666666666e-06,-99999.0,-99999.0
7,6.49e-06,1553090400,6.49e-06,6.35e-06,6.47e-06,110144.12138425,0.70596599,6.4e-06,1.4504055699999998,-99999.0,-99999.0,6.446666666666666e-06,-99999.0,-99999.0
8,6.5e-06,1553097600,6.5e-06,6.42e-06,6.46e-06,101308.63071883,0.65833873,6.49e-06,0.5149013466666662,-99999.0,-99999.0,6.466666666666666e-06,-99999.0,-99999.0
9,6.79e-06,1553104800,6.79e-06,6.44e-06,6.53e-06,48900.92393414,0.32637489,6.67e-06,0.5635598699999995,-99999.0,-99999.0,6.593333333333333e-06,-99999.0,-99999.0
10,6.54e-06,1553112000,6.78e-06,6.54e-06,6.75e-06,16667.23341632,0.11226131,6.73e-06,0.36565830999999954,-99999.0,-99999.0,6.609999999999999e-06,-99999.0,-99999.0
11,6.72e-06,1553119200,6.79e-06,6.49e-06,6.52e-06,46990.36069916,0.3170597,6.74e-06,0.2518986333333329,-99999.0,-99999.0,6.6833333333333334e-06,-99999.0,-99999.0
12,6.71e-06,1553126400,6.79e-06,6.71e-06,6.72e-06,31280.8167676,0.21045183,6.72e-06,0.2132576133333329,1.3283577323076925,-99999.0,6.656666666666667e-06,6.584615384615385e-06,-99999.0
13,6.78e-06,1553133600,6.81e-06,6.71e-06,6.72e-06,100119.78545733,0.67913156,6.78e-06,0.4022143633333329,1.3805986215384616,-99999.0,6.736666666666666e-06,6.6069230769230775e-06,-99999.0
14,6.77e-06,1553140800,6.81e-06,6.77e-06,6.79e-06,34262.79604329,0.23273947,6.79e-06,0.3741076199999996,1.3984313346153845,-99999.0,6.753333333333333e-06,6.6323076923076936e-06,-99999.0
15,6.53e-06,1553148000,6.82e-06,6.53e-06,6.77e-06,109215.57097443,0.74024279,6.77e-06,0.5507046066666662,1.3977231115384614,-99999.0,6.6933333333333325e-06,6.636923076923077e-06,-99999.0
16,6.27e-06,1553155200,6.61e-06,6e-06,6.6e-06,304060.1605068,1.93117956,6.35e-06,0.9680539399999996,1.5455634130769231,-99999.0,6.5233333333333324e-06,6.616153846153847e-06,-99999.0
17,6.24e-06,1553162400,6.32e-06,6.11e-06,6.27e-06,44058.92902609,0.2708444,6.14e-06,0.980755583333333,0.7561416115384616,-99999.0,6.3466666666666655e-06,6.5530769230769235e-06,-99999.0
18,6.33e-06,1553169600,6.4e-06,6.25e-06,6.25e-06,145918.74095271,0.92384937,6.33e-06,1.0419577766666663,0.560679916923077,-99999.0,6.279999999999998e-06,6.544615384615385e-06,-99999.0
19,6.46e-06,1553176800,6.46e-06,6.13e-06,6.33e-06,20462.37843161,0.12830275,6.27e-06,0.4409988399999998,0.5566724884615384,-99999.0,6.343333333333332e-06,6.548461538461539e-06,-99999.0
20,6.49e-06,1553184000,6.5e-06,6.33e-06,6.33e-06,20535.00574705,0.13328521,6.49e-06,0.3951457766666664,0.5126201207692307,-99999.0,6.426666666666665e-06,6.548461538461539e-06,-99999.0
21,6.26e-06,1553191200,6.49e-06,6.15e-06,6.49e-06,15082.03553328,0.09463629,6.27e-06,0.11874141666666638,0.46925839461538466,-99999.0,6.403333333333331e-06,6.530000000000001e-06,-99999.0
22,6.26e-06,1553198400,6.47e-06,6.15e-06,6.26e-06,35750.54533602,0.22444302,6.27e-06,0.15078817333333303,0.4614174815384615,-99999.0,6.3366666666666656e-06,6.4892307692307705e-06,-99999.0
23,6.26e-06,1553205600,6.36e-06,6.26e-06,6.26e-06,753.42238357,0.00474086,6.29e-06,0.10794005666666635,0.45314667769230765,-99999.0,6.2599999999999985e-06,6.467692307692308e-06,-99999.0
24,6.33e-06,1553212800,6.33e-06,6.26e-06,6.26e-06,239.35710376,0.00151511,6.32e-06,0.07689966333333302,0.4288740169230769,-99999.0,6.283333333333331e-06,6.437692307692308e-06,-99999.0
25,6.4e-06,1553220000,6.4e-06,6.2e-06,6.35e-06,5000.67316951,0.0311121,6.22e-06,0.01245602333333301,0.415078653076923,-99999.0,6.329999999999998e-06,6.413846153846154e-06,-99999.0
26,6.44e-06,1553227200,6.44e-06,6.35e-06,6.35e-06,16289.73938961,0.10488966,6.43e-06,0.04583895666666634,0.3709061992307692,-99999.0,6.389999999999997e-06,6.387692307692308e-06,-99999.0
27,6.41e-06,1553234400,6.5e-06,6.4e-06,6.44e-06,34156.06755866,0.22173232,6.49e-06,0.119244693333333,0.37005949538461536,-99999.0,6.416666666666662e-06,6.36e-06,-99999.0
28,6.33e-06,1553241600,6.4e-06,6.26e-06,6.4e-06,13955.19394201,0.08781057,6.29e-06,0.138144183333333,0.3198724015384615,-99999.0,6.3933333333333294e-06,6.344615384615386e-06,-99999.0
29,6.26e-06,1553248800,6.29e-06,6.16e-06,6.29e-06,18706.02634556,0.11586051,6.19e-06,0.141801133333333,0.1802324746153846,-99999.0,6.33333333333333e-06,6.343846153846154e-06,-99999.0
30,6.45e-06,1553256000,6.45e-06,6.21e-06,6.21e-06,6696.1493027,0.04293012,6.41e-06,0.08220039999999966,0.1627006069230769,-99999.0,6.346666666666665e-06,6.36e-06,-99999.0
31,6.4e-06,1553263200,6.49e-06,6.39e-06,6.4e-06,42512.94784749,0.2741139,6.44e-06,0.14430150999999966,0.11272095538461535,-99999.0,6.3699999999999975e-06,6.3653846153846155e-06,-99999.0
32,6.43e-06,1553270400,6.47e-06,6.37e-06,6.37e-06,2128.63599373,0.01363018,6.4e-06,0.11022473333333298,0.10389998846153843,-99999.0,6.426666666666664e-06,6.363076923076924e-06,-99999.0
33,6.49e-06,1553277600,6.5e-06,6.41e-06,6.47e-06,84207.48090681,0.54711351,6.49e-06,0.278285863333333,0.13573293461538458,0.70802217,6.439999999999997e-06,6.363076923076924e-06,6.476176470588236e-06
34,6.5e-06,1553284800,6.5e-06,6.43e-06,6.49e-06,30584.25726568,0.19879205,6.49e-06,0.2531785799999996,0.14374491615384613,0.713868995,6.47333333333333e-06,6.381538461538462e-06,6.476470588235294e-06
35,6.5e-06,1553292000,6.5e-06,6.43e-06,6.43e-06,1966.28331023,0.01274378,6.48e-06,0.2528831133333329,0.1274603592307692,0.7142169238235294,6.496666666666662e-06,6.4000000000000006e-06,6.478235294117647e-06
36,6.42e-06,1553299200,6.43e-06,6.42e-06,6.43e-06,10398.42699849,0.0668483,6.42e-06,0.09279470999999957,0.1322378546153846,0.6941404123529412,6.473333333333329e-06,6.412307692307692e-06,6.476764705882353e-06
37,6.49e-06,1553306400,6.5e-06,6.4e-06,6.45e-06,31053.84201902,0.2001097,6.44e-06,0.09323392666666624,0.1475143615384615,0.6997537670588236,6.4699999999999965e-06,6.424615384615385e-06,6.475294117647059e-06
38,6.42e-06,1553313600,6.42e-06,6.42e-06,6.42e-06,5969.96999111,0.0383272,6.42e-06,0.10176173333333292,0.1480693692307692,0.3910772782352942,6.44333333333333e-06,6.426153846153847e-06,6.456470588235294e-06
39,6.3e-06,1553320800,6.48e-06,6.3e-06,6.48e-06,23307.00547783,0.14897285,6.39e-06,0.12913658333333292,0.15146038384615382,0.29355143852941185,6.40333333333333e-06,6.415384615384616e-06,6.4523529411764705e-06
40,6.37e-06,1553328000,6.5e-06,6.37e-06,6.39e-06,93432.72409086,0.60579916,6.48e-06,0.2643664033333329,0.1810039869230769,0.3060631985294119,6.36333333333333e-06,6.412307692307692e-06,6.451176470588236e-06
41,6.4e-06,1553335200,6.46e-06,6.2e-06,6.41e-06,115819.22829942,0.72281106,6.24e-06,0.4925276899999996,0.22985017846153846,0.306558641764706,6.356666666666663e-06,6.4176923076923085e-06,6.448529411764707e-06
42,6.4e-06,1553342400,6.46e-06,6.4e-06,6.4e-06,3983.01604682,0.02564749,6.43e-06,0.4514192366666663,0.22291071538461538,0.28795007588235305,6.3899999999999956e-06,6.4284615384615385e-06,6.445588235294118e-06
43,6.37e-06,1553349600,6.43e-06,6.37e-06,6.43e-06,10963.23703273,0.06984859,6.37e-06,0.2727690466666663,0.2249813669230769,0.28040518470588244,6.3899999999999956e-06,6.422307692307692e-06,6.433235294117648e-06
44,6.49e-06,1553356800,6.5e-06,6.26e-06,6.34e-06,212554.87440397,1.37667206,6.47e-06,0.49072271333333295,0.3097935330769231,0.31759373617647074,6.419999999999996e-06,6.42923076923077e-06,6.4317647058823535e-06
45,6.4e-06,1553364000,6.54e-06,6.25e-06,6.49e-06,169549.17476718,1.07832139,6.35e-06,0.841614013333333,0.391692856923077,0.33998378588235306,6.419999999999996e-06,6.426923076923077e-06,6.422352941176471e-06
46,6.47e-06,1553371200,6.69e-06,6.4e-06,6.4e-06,38094.89965476,0.25215044,6.61e-06,0.9023812966666663,0.3690033900000001,0.3412102155882354,6.4533333333333306e-06,6.425384615384615e-06,6.4152941176470594e-06
47,6.35e-06,1553378400,6.47e-06,6.3e-06,6.47e-06,22068.67410954,0.13997174,6.34e-06,0.4901478566666663,0.36447875076923086,0.3253525738235295,6.406666666666663e-06,6.413846153846154e-06,6.40264705882353e-06
48,6.37e-06,1553385600,6.39e-06,6.37e-06,6.37e-06,1971.35973508,0.01256272,6.37e-06,0.13489496666666634,0.3644648230769232,0.3188767870588236,6.396666666666663e-06,6.403846153846154e-06,6.390882352941178e-06
49,6.38e-06,1553392800,6.38e-06,6.34e-06,6.36e-06,19113.9582786,0.12118529,6.34e-06,0.09123991666666635,0.3686445915384616,0.30066921352941184,6.366666666666664e-06,6.4007692307692314e-06,6.386470588235295e-06
50,6.41e-06,1553400000,6.42e-06,6.33e-06,6.33e-06,9498.99209556,0.06096565,6.41e-06,0.064904553333333,0.3579412030769232,0.2456629220588236,6.386666666666664e-06,6.394615384615385e-06,6.390588235294118e-06
51,6.41e-06,1553407200,6.41e-06,6.41e-06,6.41e-06,286.58772334,0.00183702,6.41e-06,0.06132931999999967,0.3551342661538462,0.23775094029411772,6.399999999999997e-06,6.393846153846155e-06,6.395588235294118e-06
52,6.41e-06,1553414400,6.44e-06,6.41e-06,6.44e-06,109.9124975,0.00070733,6.43e-06,0.02116999999999967,0.3437292261538462,0.21059970382352947,6.409999999999998e-06,6.402307692307693e-06,6.397941176470587e-06
53,6.54e-06,1553421600,6.54e-06,6.46e-06,6.46e-06,2051.11807317,0.01339825,6.53e-06,0.005314199999999669,0.29815992538461544,0.20722015970588242,6.4533333333333306e-06,6.415384615384617e-06,6.400294117647059e-06
54,6.48e-06,1553428800,6.55e-06,6.42e-06,6.49e-06,4039.57366151,0.0262144,6.48e-06,0.013439993333333003,0.24457556692307697,0.20407101823529417,6.4766666666666625e-06,6.421538461538464e-06,6.4e-06
55,6.54e-06,1553436000,6.54e-06,6.45e-06,6.45e-06,196.51624595,0.00127458,6.48e-06,0.013629076666666335,0.24270072769230774,0.2013250855882353,6.519999999999996e-06,6.4323076923076955e-06,6.408235294117647e-06
56,6.33e-06,1553443200,6.53e-06,6.26e-06,6.51e-06,57698.01813377,0.36216697,6.27e-06,0.12988531666666633,0.26518675692307697,0.20537579,6.449999999999997e-06,6.429230769230773e-06,6.410294117647059e-06
57,6.44e-06,1553450400,6.44e-06,6.32e-06,6.32e-06,18395.26713964,0.11660728,6.33e-06,0.16001627666666632,0.168258696923077,0.20866597882352944,6.436666666666663e-06,6.425384615384619e-06,6.415588235294117e-06
58,6.52e-06,1553457600,6.59e-06,6.38e-06,6.44e-06,33108.64420139,0.21715991,6.55e-06,0.231978053333333,0.10201550615384622,0.2150084729411765,6.429999999999995e-06,6.434615384615389e-06,6.421176470588235e-06
59,6.44e-06,1553464800,6.54e-06,6.44e-06,6.47e-06,413.93049086,0.00268118,6.47e-06,0.11214945666666631,0.08282556307692315,0.21417226941176473,6.466666666666661e-06,6.432307692307696e-06,6.42235294117647e-06
60,6.6e-06,1553472000,6.6e-06,6.44e-06,6.44e-06,20600.73822717,0.1351156,6.55e-06,0.11831889666666633,0.08245201384615392,0.21506126764705885,6.519999999999995e-06,6.451538461538465e-06,6.427058823529412e-06
61,6.6e-06,1553479200,6.63e-06,6.47e-06,6.6e-06,20057.36537347,0.13205134,6.58e-06,0.08994937333333297,0.09164344615384623,0.2124235917647059,6.546666666666663e-06,6.469230769230773e-06,6.43264705882353e-06
62,6.5e-06,1553486400,6.59e-06,6.5e-06,6.51e-06,126.32775776,0.00082568,6.53e-06,0.08933087333333296,0.0823850146153847,0.20986521264705885,6.5666666666666625e-06,6.478461538461542e-06,6.437647058823529e-06
63,6.46e-06,1553493600,6.56e-06,6.46e-06,6.56e-06,14883.42615655,0.09627607,6.46e-06,0.07638436333333297,0.08510120076923086,0.20928919970588236,6.519999999999995e-06,6.482307692307696e-06,6.443529411764705e-06
64,6.46e-06,1553500800,6.54e-06,6.46e-06,6.53e-06,565.39686522,0.00366701,6.48e-06,0.0335895866666663,0.08524196923076932,0.2081344023529412,6.473333333333328e-06,6.4861538461538495e-06,6.443823529411764e-06
65,6.41e-06,1553508000,6.49e-06,6.41e-06,6.49e-06,11422.17670427,0.07346224,6.43e-06,0.05780177333333297,0.09083850076923086,0.20223288294117647,6.443333333333327e-06,6.4861538461538495e-06,6.444117647058822e-06
66,6.49e-06,1553515200,6.49e-06,6.34e-06,6.41e-06,7084.57711919,0.0457535,6.45e-06,0.040960916666666305,0.09332736615384624,0.20317768647058826,6.453333333333328e-06,6.482307692307696e-06,6.4458823529411755e-06
67,6.45e-06,1553522400,6.49e-06,6.4e-06,6.45e-06,35359.70717682,0.22898956,6.47e-06,0.11606843333333296,0.10892545538461548,0.19382109970588235,6.449999999999995e-06,6.480000000000002e-06,6.444705882352939e-06
68,6.4e-06,1553529600,6.4e-06,6.36e-06,6.4e-06,603.60553778,0.0038612,6.39e-06,0.0928680866666663,0.10912442615384624,0.1880878394117647,6.446666666666663e-06,6.469230769230772e-06,6.441764705882352e-06
69,6.4e-06,1553536800,6.4e-06,6.4e-06,6.4e-06,0.0,0.0,6.4e-06,0.07761691999999963,0.08126542846153856,0.18771302235294118,6.416666666666662e-06,6.474615384615387e-06,6.438823529411763e-06
70,6.4e-06,1553544000,6.4e-06,6.4e-06,6.4e-06,0.0,0.0,6.4e-06,0.0012870666666662904,0.07229563769230779,0.18574689588235294,6.3999999999999955e-06,6.471538461538463e-06,6.438235294117645e-06
71,6.39e-06,1553551200,6.5e-06,6.39e-06,6.47e-06,83934.14761644,0.54497728,6.49e-06,0.18165909333333297,0.09751235846153858,0.19589006000000003,6.396666666666662e-06,6.4615384615384635e-06,6.435294117647057e-06
72,6.43e-06,1553558400,6.43e-06,6.41e-06,6.41e-06,484.88755675,0.00310869,6.41e-06,0.18269532333333297,0.09754524384615396,0.19485422147058826,6.4066666666666615e-06,6.4607692307692326e-06,6.435588235294115e-06
73,6.48e-06,1553565600,6.48e-06,6.42e-06,6.43e-06,404.91356147,0.00261226,6.45e-06,0.18356607666666633,0.08735267923076935,0.19054949823529416,6.433333333333328e-06,6.451538461538464e-06,6.440882352941175e-06
74,6.4e-06,1553572800,6.44e-06,6.4e-06,6.44e-06,626.86790128,0.00401412,6.4e-06,0.003245023333332986,0.07750366230769241,0.17284993823529415,6.436666666666661e-06,6.43615384615385e-06,6.441764705882351e-06
75,6.46e-06,1553580000,6.46e-06,6.4e-06,6.4e-06,175.8562198,0.00112665,6.4e-06,0.002584343333332986,0.07752681384615395,0.15162392617647064,6.44666666666666e-06,6.433076923076927e-06,6.443529411764703e-06
76,6.42e-06,1553587200,6.42e-06,6.37e-06,6.37e-06,198.38054696,0.00127153,6.4e-06,0.002137433333332986,0.07021877230769241,0.15090698617647064,6.4266666666666605e-06,6.430000000000004e-06,6.444117647058821e-06
77,6.46e-06,1553594400,6.46e-06,6.4e-06,6.42e-06,5336.66545448,0.03440318,6.44e-06,0.012267119999999652,0.07258309307692318,0.1498644741176471,6.44666666666666e-06,6.430000000000004e-06,6.44676470588235e-06
78,6.42e-06,1553601600,6.46e-06,6.4e-06,6.4e-06,10299.66956601,0.06643485,6.45e-06,0.034036519999999654,0.07204252461538471,0.11132808558823536,6.433333333333327e-06,6.430769230769234e-06,6.4447058823529386e-06
79,6.37e-06,1553608800,6.42e-06,6.3e-06,6.42e-06,38156.92423707,0.24311712,6.37e-06,0.1146517166666663,0.08722434153846163,0.08676325411764711,6.416666666666661e-06,6.421538461538464e-06,6.443823529411763e-06
80,6.48e-06,1553616000,6.5e-06,6.39e-06,6.39e-06,71370.59065052,0.4636654,6.49e-06,0.257739123333333,0.10527632923076932,0.09298428235294123,6.4233333333333275e-06,6.423846153846157e-06,6.444117647058821e-06
81,6.48e-06,1553623200,6.48e-06,6.48e-06,6.48e-06,32.55512962,0.00021095,6.48e-06,0.23566448999999964,0.10499554076923087,0.088873670882353,6.443333333333327e-06,6.4300000000000045e-06,6.447941176470587e-06
82,6.4e-06,1553630400,6.5e-06,6.4e-06,6.46e-06,16691.28190332,0.10838867,6.49e-06,0.1907550066666663,0.11333313076923088,0.09169208117647065,6.453333333333328e-06,6.4300000000000045e-06,6.448823529411762e-06
83,6.39e-06,1553637600,6.45e-06,6.36e-06,6.45e-06,9159.82331815,0.05856377,6.39e-06,0.05572112999999964,0.11783803615384625,0.08985027176470595,6.4233333333333275e-06,6.4292307692307745e-06,6.449117647058821e-06
84,6.5e-06,1553644800,6.56e-06,6.45e-06,6.45e-06,324830.65104463,2.11222279,6.5e-06,0.7597250766666663,0.2383953830769232,0.15018136411764713,6.429999999999994e-06,6.437692307692313e-06,6.451764705882351e-06
85,6.53e-06,1553652000,6.54e-06,6.51e-06,6.51e-06,94.44319614,0.00061622,6.52e-06,0.7238009266666663,0.23820365461538476,0.15014545823529418,6.473333333333328e-06,6.445384615384621e-06,6.455294117647057e-06
86,6.53e-06,1553659200,6.56e-06,6.52e-06,6.52e-06,2659.03059464,0.01740863,6.54e-06,0.7100825466666661,0.23934183692307706,0.15063667294117655,6.519999999999994e-06,6.449230769230774e-06,6.458823529411764e-06
87,6.49e-06,1553666400,6.49e-06,6.48e-06,6.49e-06,16740.57583175,0.1086407,6.48e-06,0.042221849999999485,0.24739003538461551,0.15343792147058832,6.516666666666661e-06,6.4561538461538515e-06,6.45735294117647e-06
88,6.5e-06,1553673600,6.5e-06,6.5e-06,6.5e-06,57281.56923077,0.3723302,6.5e-06,0.16612650999999948,0.2759441546153848,0.16361779794117656,6.5066666666666606e-06,6.459230769230774e-06,6.457941176470587e-06
89,6.47e-06,1553680800,6.53e-06,6.4e-06,6.49e-06,8577.03548871,0.0554597,6.46e-06,0.17881019999999948,0.28011247538461553,0.16521147794117658,6.486666666666661e-06,6.463076923076928e-06,6.455882352941175e-06
90,6.5e-06,1553688000,6.5e-06,6.46e-06,6.47e-06,3855.31862256,0.02495938,6.47e-06,0.15091642666666613,0.2793860292307694,0.15529360764705896,6.489999999999994e-06,6.4661538461538505e-06,6.460882352941175e-06
91,6.45e-06,1553695200,6.5e-06,6.44e-06,6.5e-06,8484.88647649,0.05474023,6.45e-06,0.04505310333333277,0.2784864430769233,0.15347398852941188,6.473333333333328e-06,6.468461538461543e-06,6.461176470588234e-06
92,6.42e-06,1553702400,6.45e-06,6.42e-06,6.45e-06,39510.28868523,0.25467915,6.44e-06,0.11145958666666611,0.27937583000000016,0.15457749558823541,6.456666666666661e-06,6.472307692307697e-06,6.458235294117646e-06
93,6.45e-06,1553709600,6.45e-06,6.45e-06,6.45e-06,3149.9301054,0.02031704,6.45e-06,0.10991213999999945,0.24527211000000018,0.1550961973529413,6.439999999999995e-06,6.470000000000003e-06,6.458529411764704e-06
94,6.4e-06,1553716800,6.41e-06,6.4e-06,6.41e-06,2552.38258197,0.01633549,6.4e-06,0.09711055999999946,0.24651245923076942,0.15160266470588252,6.4233333333333275e-06,6.463846153846158e-06,6.452647058823528e-06
95,6.41e-06,1553724000,6.5e-06,6.37e-06,6.45e-06,23376.04709964,0.15123722,6.46e-06,0.06262991666666612,0.2498085015384617,0.15216695529411778,6.419999999999995e-06,6.464615384615388e-06,6.44705882352941e-06
96,6.41e-06,1553731200,6.42e-06,6.41e-06,6.41e-06,4500.74715162,0.02889295,6.41e-06,0.06548855333333278,0.24752613076923094,0.15299246323529425,6.406666666666661e-06,6.46615384615385e-06,6.44441176470588e-06
97,6.39e-06,1553738400,6.41e-06,6.39e-06,6.41e-06,1640.51428777,0.01050782,6.4e-06,0.06354599666666612,0.08585574846153861,0.15046986764705897,6.403333333333327e-06,6.4576923076923115e-06,6.442352941176469e-06
98,6.42e-06,1553745600,6.42e-06,6.4e-06,6.4e-06,305.31136298,0.0019543,6.4e-06,0.013785023333332777,0.08595867769230783,0.15041949382352957,6.406666666666661e-06,6.449230769230772e-06,6.441176470588234e-06
99,6.49e-06,1553752800,6.5e-06,6.46e-06,6.46e-06,20544.83810678,0.13316609,6.48e-06,0.04854273666666611,0.09486309769230784,0.15217548941176484,6.433333333333327e-06,6.446153846153848e-06,6.443529411764705e-06
100,6.5e-06,1553760000,6.5e-06,6.49e-06,6.49e-06,486.96274392,0.00316438,6.49e-06,0.04609492333333277,0.08674953461538476,0.15092286823529427,6.469999999999993e-06,6.446923076923079e-06,6.443823529411764e-06
101,6.5e-06,1553767200,6.5e-06,6.49e-06,6.49e-06,1217.60916793,0.00791428,6.49e-06,0.04808158333333277,0.05871754076923093,0.1444206541176472,6.496666666666659e-06,6.446923076923079e-06,6.4452941176470575e-06
102,6.54e-06,1553774400,6.61e-06,6.41e-06,6.49e-06,97065.04441563,0.63067638,6.49e-06,0.2139183466666661,0.10296497769230785,0.1628563947058825,6.513333333333327e-06,6.4523076923076944e-06,6.449411764705881e-06
103,6.49e-06,1553781600,6.7e-06,6.48e-06,6.54e-06,102081.32681944,0.67071526,6.57e-06,0.43643530666666613,0.1526385069230771,0.1825833141176472,6.5099999999999936e-06,6.451538461538464e-06,6.4520588235294115e-06
104,6.53e-06,1553788800,6.59e-06,6.49e-06,6.52e-06,4081.76130618,0.0266415,6.52e-06,0.4426777133333328,0.15047706615384632,0.18336688764705897,6.519999999999994e-06,6.457692307692311e-06,6.455882352941176e-06
105,6.5e-06,1553796000,6.54e-06,6.5e-06,6.54e-06,495.84078124,0.00323033,6.51e-06,0.23352902999999944,0.1311348492307694,0.16743315382352955,6.5066666666666606e-06,6.463846153846156e-06,6.459117647058823e-06
106,6.5e-06,1553803200,6.54e-06,6.5e-06,6.54e-06,253.35142886,0.00164742,6.5e-06,0.010506416666666074,0.1296987246153848,0.1673901752941178,6.5099999999999936e-06,6.467692307692311e-06,6.461176470588235e-06
107,6.47e-06,1553810400,6.54e-06,6.47e-06,6.5e-06,1240.08575925,0.00806103,6.5e-06,0.004312926666666074,0.12906222769230788,0.16755043323529425,6.489999999999994e-06,6.473076923076926e-06,6.460882352941176e-06
108,6.49e-06,1553817600,6.54e-06,6.49e-06,6.54e-06,482.50554104,0.00313256,6.49e-06,0.004280336666666073,0.11766956153846173,0.16752450500000013,6.486666666666661e-06,6.479230769230772e-06,6.463529411764706e-06
109,6.5e-06,1553824800,6.5e-06,6.5e-06,6.5e-06,801.31173273,0.00520852,6.5e-06,0.005467369999999407,0.1158476823076925,0.16764456000000014,6.486666666666661e-06,6.486153846153849e-06,6.464705882352941e-06
110,6.59e-06,1553832000,6.6e-06,6.53e-06,6.53e-06,24501.03429639,0.16158325,6.59e-06,0.05664144333333274,0.12746886923076944,0.17235961058823543,6.52666666666666e-06,6.501538461538465e-06,6.469705882352941e-06
111,6.55e-06,1553839200,6.59e-06,6.54e-06,6.59e-06,314.45807735,0.00205845,6.54e-06,0.05628340666666607,0.12747688076923097,0.17140829500000013,6.54666666666666e-06,6.511538461538465e-06,6.47235294117647e-06
112,6.64e-06,1553846400,6.64e-06,6.6e-06,6.6e-06,53985.02679973,0.35631143,6.6e-06,0.1733177099999994,0.14464190692307713,0.179934076764706,6.5933333333333275e-06,6.523076923076926e-06,6.4788235294117646e-06
113,6.5e-06,1553853600,6.64e-06,6.5e-06,6.64e-06,26490.05707788,0.1746454,6.59e-06,0.17767175999999937,0.15783275461538485,0.17792020264705893,6.563333333333328e-06,6.523076923076926e-06,6.482647058823529e-06
114,6.45e-06,1553860800,6.54e-06,6.43e-06,6.53e-06,11332.56369526,0.07319685,6.45e-06,0.20138455999999935,0.162854490769231,0.16643583352941188,6.529999999999994e-06,6.519230769230773e-06,6.481764705882352e-06
115,6.52e-06,1553868000,6.53e-06,6.41e-06,6.49e-06,36628.03249035,0.23647986,6.45e-06,0.16144070333333269,0.1325316815384618,0.1733849191176472,6.489999999999995e-06,6.517692307692311e-06,6.4829411764705875e-06
116,6.47e-06,1553875200,6.55e-06,6.4e-06,6.52e-06,47612.22036736,0.30859732,6.48e-06,0.20609134333333268,0.10467645538461562,0.17927340882352955,6.4799999999999956e-06,6.516153846153849e-06,6.485e-06
117,6.54e-06,1553882400,6.55e-06,6.47e-06,6.47e-06,10937.55192281,0.07146558,6.53e-06,0.2055142533333327,0.10812446153846177,0.17965287382352954,6.509999999999994e-06,6.51692307692308e-06,6.4894117647058825e-06
118,6.55e-06,1553889600,6.55e-06,6.53e-06,6.53e-06,5582.32469968,0.03654192,6.54e-06,0.1388682733333327,0.11068689153846176,0.11860343647058838,6.519999999999994e-06,6.5207692307692345e-06,6.490882352941177e-06
119,6.55e-06,1553896800,6.55e-06,6.53e-06,6.53e-06,2223.74672506,0.0145644,6.54e-06,0.040857299999999354,0.11168050538461559,0.11901367705882367,6.54666666666666e-06,6.524615384615388e-06,6.491470588235294e-06
120,6.53e-06,1553904000,6.55e-06,6.45e-06,6.55e-06,49430.10562513,0.3231559,6.53e-06,0.1247540733333327,0.13591857230769253,0.12800624382352954,6.543333333333326e-06,6.5292307692307735e-06,6.491470588235294e-06
121,6.5e-06,1553911200,6.55e-06,6.43e-06,6.46e-06,85064.23944357,0.55444356,6.51e-06,0.2973879533333327,0.178327110769231,0.14111809264705896,6.5266666666666595e-06,6.5300000000000035e-06,6.491764705882353e-06
122,6.48e-06,1553918400,6.57e-06,6.48e-06,6.5e-06,6751.04603616,0.0439605,6.51e-06,0.30718665333333267,0.18130803230769252,0.13146016029411778,6.503333333333326e-06,6.5284615384615435e-06,6.491176470588235e-06
123,6.44e-06,1553925600,6.6e-06,6.44e-06,6.56e-06,16540.84849926,0.10823568,6.54e-06,0.2355465799999993,0.17720437307692327,0.13301239500000012,6.473333333333325e-06,6.516923076923081e-06,6.490294117647059e-06
124,6.5e-06,1553932800,6.5e-06,6.5e-06,6.5e-06,31956.06201021,0.2077144,6.5e-06,0.11997019333333266,0.19302406153846174,0.13838754264705894,6.473333333333325e-06,6.513076923076927e-06,6.490294117647059e-06
125,6.54e-06,1553940000,6.54e-06,6.48e-06,6.49e-06,17948.67096763,0.11665762,6.49e-06,0.144202566666666,0.17458915307692327,0.14020864235294128,6.493333333333325e-06,6.505384615384619e-06,6.492941176470588e-06
126,6.65e-06,1553947200,6.74e-06,6.54e-06,6.54e-06,57626.34842544,0.38516257,6.68e-06,0.23651152999999936,0.1907827815384617,0.1440463900000001,6.563333333333325e-06,6.516923076923081e-06,6.499705882352941e-06
127,6.82e-06,1553954400,6.99e-06,6.61e-06,6.74e-06,52207.53532733,0.35916021,6.87e-06,0.28699346666666603,0.21277996307692326,0.1540123655882354,6.669999999999992e-06,6.5453846153846205e-06,6.510588235294117e-06
128,6.75e-06,1553961600,6.86e-06,6.75e-06,6.75e-06,16829.4373352,0.11391234,6.76e-06,0.2860783733333327,0.2033516923076925,0.15688227294117654,6.7399999999999905e-06,6.5630769230769285e-06,6.5208823529411765e-06
129,6.73e-06,1553968800,6.74e-06,6.67e-06,6.73e-06,1897.35540697,0.01269988,6.69e-06,0.1619241433333327,0.18059035076923097,0.15280764529411775,6.766666666666657e-06,6.583076923076928e-06,6.530294117647059e-06
130,7.12e-06,1553976000,7.36e-06,6.73e-06,6.73e-06,91576.15304945,0.6547987,7.15e-06,0.260470306666666,0.22546212923076941,0.17121663794117656,6.866666666666657e-06,6.627692307692313e-06,6.551176470588236e-06
131,6.93e-06,1553983200,7.25e-06,6.93e-06,7.2e-06,18278.75331481,0.12871514,7.04e-06,0.2654045733333326,0.23255237692307712,0.1746933238235295,6.926666666666658e-06,6.656923076923083e-06,6.567058823529412e-06
132,6.88e-06,1553990400,7.2e-06,6.79e-06,6.92e-06,14717.34700196,0.10209279,6.93e-06,0.2952022099999993,0.2392853300000002,0.17763857352941184,6.9766666666666594e-06,6.682307692307698e-06,6.580588235294118e-06
133,6.9e-06,1553997600,6.91e-06,6.89e-06,6.89e-06,542.52226154,0.00374174,6.89e-06,0.07818322333333268,0.2147150100000002,0.17383197500000008,6.903333333333325e-06,6.710769230769238e-06,6.592647058823529e-06
134,7.04e-06,1554004800,7.04e-06,6.85e-06,6.85e-06,8345.05795634,0.05835242,6.99e-06,0.05472898333333268,0.1765541530769233,0.1754551526470589,6.939999999999992e-06,6.7523076923077e-06,6.608529411764706e-06
135,6.89e-06,1554012000,7.03e-06,6.7e-06,6.96e-06,2642.386047,0.01813314,6.86e-06,0.02674243333333268,0.17456743307692332,0.17575570735294127,6.943333333333325e-06,6.783846153846161e-06,6.62e-06
136,6.85e-06,1554019200,6.96e-06,6.84e-06,6.9e-06,2220.30775362,0.01532062,6.9e-06,0.030602059999999348,0.167420120769231,0.15765700852941186,6.926666666666658e-06,6.815384615384622e-06,6.629117647058824e-06
137,6.85e-06,1554026400,6.85e-06,6.84e-06,6.85e-06,8196.68685684,0.05614692,6.84e-06,0.029866893333332686,0.15576108384615409,0.13958146911764716,6.863333333333325e-06,6.8423076923077e-06,6.639705882352942e-06
138,6.82e-06,1554033600,6.84e-06,6.82e-06,6.84e-06,8888.22356042,0.06063267,6.82e-06,0.04403340333333269,0.15145147230769254,0.1405812094117648,6.839999999999991e-06,6.863846153846162e-06,6.648235294117647e-06
139,6.85e-06,1554040800,6.85e-06,6.69e-06,6.85e-06,9175.1909003,0.06251957,6.81e-06,0.05976638666666601,0.12663278000000025,0.1423250105882354,6.839999999999991e-06,6.879230769230778e-06,6.658529411764706e-06
140,6.81e-06,1554048000,6.85e-06,6.79e-06,6.79e-06,310.06806643,0.00211765,6.82e-06,0.04175662999999935,0.09916796769230793,0.14233884088235302,6.8266666666666575e-06,6.878461538461546e-06,6.66764705882353e-06
141,6.85e-06,1554055200,6.85e-06,6.82e-06,6.85e-06,5477.64403091,0.037521,6.84e-06,0.03405273999999935,0.09329171076923101,0.14320531058823538,6.836666666666658e-06,6.886153846153854e-06,6.678823529411764e-06
142,6.84e-06,1554062400,6.84e-06,6.84e-06,6.84e-06,1827.83333333,0.01250237,6.84e-06,0.017380339999999352,0.09327651769230792,0.1434808932352942,6.833333333333324e-06,6.894615384615392e-06,6.689117647058824e-06
143,6.85e-06,1554069600,6.85e-06,6.84e-06,6.84e-06,7637.74734222,0.05224254,6.84e-06,0.03408863666666601,0.04692604384615408,0.14486424676470594,6.846666666666657e-06,6.873846153846162e-06,6.699411764705883e-06
144,6.91e-06,1554076800,7.03e-06,6.84e-06,6.85e-06,39626.37421676,0.27203817,6.86e-06,0.112261026666666,0.057950892307692556,0.14811292088235303,6.866666666666657e-06,6.872307692307701e-06,6.708823529411765e-06
145,6.87e-06,1554084000,6.92e-06,6.85e-06,6.92e-06,8326.63501148,0.05723775,6.87e-06,0.12717281999999933,0.05450050461538485,0.1497358414705883,6.876666666666658e-06,6.87153846153847e-06,6.718235294117648e-06
146,7.05e-06,1554091200,7.06e-06,6.96e-06,6.96e-06,9876.33711761,0.06934337,7.02e-06,0.132873096666666,0.05954678384615408,0.1412956044117648,6.943333333333324e-06,6.8830769230769305e-06,6.730294117647059e-06
147,6.86e-06,1554098400,6.97e-06,6.86e-06,6.97e-06,12142.28034764,0.08378486,6.9e-06,0.07012199333333267,0.06150312538461562,0.13862323558823536,6.926666666666658e-06,6.869230769230777e-06,6.740882352941177e-06
148,6.95e-06,1554105600,6.96e-06,6.87e-06,6.88e-06,1276.23033113,0.00882465,6.91e-06,0.05398429333333266,0.06078708769230793,0.13672993558823537,6.953333333333324e-06,6.873846153846162e-06,6.755588235294119e-06
149,6.82e-06,1554112800,6.96e-06,6.62e-06,6.89e-06,28476.50583351,0.19398789,6.81e-06,0.095532466666666,0.07453072384615408,0.13548017176470595,6.876666666666657e-06,6.87153846153847e-06,6.764411764705882e-06
150,6.49e-06,1554120000,6.82e-06,6.47e-06,6.82e-06,102950.68725494,0.67255001,6.53e-06,0.291787516666666,0.12194634615384638,0.1461846626470589,6.753333333333324e-06,6.843846153846162e-06,6.7650000000000005e-06
151,6.48e-06,1554127200,6.57e-06,6.47e-06,6.49e-06,28231.92077576,0.18355152,6.5e-06,0.35002980666666605,0.13140164230769252,0.14948130794117653,6.596666666666657e-06,6.817692307692316e-06,6.763235294117647e-06
152,6.47e-06,1554134400,6.49e-06,6.47e-06,6.49e-06,12354.2954385,0.0801536,6.48e-06,0.3120850433333327,0.13275810615384637,0.15076400441176477,6.479999999999991e-06,6.788461538461546e-06,6.760882352941177e-06
153,6.59e-06,1554141600,6.69e-06,6.49e-06,6.49e-06,9457.36968817,0.06251166,6.6e-06,0.10873892666666603,0.13740379923076945,0.15217421794117653,6.513333333333324e-06,6.77153846153847e-06,6.762058823529413e-06
154,6.59e-06,1554148800,7.04e-06,6.49e-06,6.59e-06,97271.71867231,0.66374157,6.82e-06,0.26880227666666606,0.1855746123076925,0.16219144352941184,6.549999999999991e-06,6.751538461538469e-06,6.763823529411765e-06
155,6.58e-06,1554156000,6.62e-06,6.51e-06,6.58e-06,6235.79750186,0.04102676,6.57e-06,0.25575999666666605,0.18776879615384637,0.1470909494117648,6.586666666666656e-06,6.731538461538469e-06,6.7661764705882365e-06
156,6.6e-06,1554163200,6.72e-06,6.55e-06,6.61e-06,11707.7632715,0.07777449,6.64e-06,0.26084760666666607,0.18973279230769252,0.14808547852941187,6.58999999999999e-06,6.7123076923077e-06,6.769705882352942e-06
157,6.59e-06,1554170400,6.67e-06,6.59e-06,6.67e-06,5744.976053,0.03803554,6.62e-06,0.05227892999999939,0.1717325900000002,0.14602076852941187,6.58999999999999e-06,6.687692307692315e-06,6.774117647058824e-06
158,6.25e-06,1554177600,6.57e-06,6.24e-06,6.56e-06,191705.74042234,1.22175619,6.37e-06,0.44585540666666607,0.26131093153846174,0.17584552705882361,6.47999999999999e-06,6.6400000000000084e-06,6.766764705882354e-06
159,6.25e-06,1554184800,6.33e-06,6e-06,6.24e-06,469499.41451258,2.84868942,6.06e-06,1.3694937166666659,0.4751067815384617,0.25619940352941184,6.363333333333323e-06,6.578461538461547e-06,6.758235294117647e-06
160,6.25e-06,1554192000,6.25e-06,6.1e-06,6.25e-06,77582.01339325,0.48462432,6.24e-06,1.5183566433333324,0.5059405861538463,0.25912474911764716,6.249999999999989e-06,6.53153846153847e-06,6.746470588235294e-06
161,6.2e-06,1554199200,6.25e-06,6.03e-06,6.25e-06,12439.21776687,0.07681755,6.17e-06,1.1367104299999993,0.5111708092307694,0.2508205532352942,6.233333333333323e-06,6.473846153846163e-06,6.728235294117647e-06
162,6.12e-06,1554206400,6.2e-06,6.05e-06,6.2e-06,49687.41079432,0.30755805,6.18e-06,0.28966663999999936,0.5199069753846156,0.2565160152941177,6.18999999999999e-06,6.420000000000009e-06,6.709705882352941e-06
163,6e-06,1554213600,6.2e-06,5.95e-06,6.19e-06,100070.18980622,0.614847,6.14e-06,0.3330741999999994,0.5154682823076925,0.2742262247058824,6.106666666666657e-06,6.382307692307701e-06,6.688235294117647e-06
164,6.12e-06,1554220800,6.15e-06,5.98e-06,6.04e-06,4197.49535562,0.02548819,6.07e-06,0.3159644133333327,0.5033095646153848,0.2557170920588236,6.079999999999989e-06,6.354615384615392e-06,6.6588235294117645e-06
165,6.19e-06,1554228000,6.3e-06,6.13e-06,6.15e-06,8759.37313784,0.05422327,6.19e-06,0.231519486666666,0.501314923846154,0.25352615470588236,6.103333333333323e-06,6.333076923076931e-06,6.637058823529412e-06
166,6.19e-06,1554235200,6.31e-06,5.99e-06,6.22e-06,164303.51909477,0.99698111,6.06e-06,0.35889752333333264,0.5731971892307693,0.2798463994117647,6.166666666666656e-06,6.3023076923077e-06,6.6167647058823535e-06
167,6.19e-06,1554242400,6.32e-06,6.07e-06,6.18e-06,44758.88489344,0.27848412,6.22e-06,0.4432294999999993,0.5435620007692309,0.28792705764705884,6.18999999999999e-06,6.271538461538469e-06,6.595882352941177e-06
168,6.13e-06,1554249600,6.24e-06,6.07e-06,6.19e-06,13265.63791423,0.0817689,6.16e-06,0.4524113766666659,0.5466960115384617,0.2886157776470588,6.16999999999999e-06,6.2369230769230844e-06,6.569117647058823e-06
169,6.07e-06,1554256800,6.19e-06,6.05e-06,6.13e-06,32932.77315621,0.20012924,6.07e-06,0.18679408666666594,0.5561079153846155,0.2939686041176471,6.1299999999999904e-06,6.196153846153854e-06,6.544999999999999e-06
170,6.18e-06,1554264000,6.24e-06,6e-06,6.18e-06,34747.13801884,0.21284595,6.12e-06,0.16491469666666594,0.56955487,0.2997781726470588,6.1266666666666566e-06,6.1646153846153924e-06,6.5252941176470575e-06
171,6.14e-06,1554271200,6.19e-06,6.05e-06,6.18e-06,22515.2054242,0.13845406,6.14e-06,0.1838097499999993,0.486223936923077,0.302198970882353,6.12999999999999e-06,6.1561538461538535e-06,6.504411764705881e-06
172,6.06e-06,1554278400,6.17e-06,6.05e-06,6.06e-06,2067.67413452,0.01254938,6.06e-06,0.12128312999999931,0.2680593184615386,0.3007847564705882,6.126666666666656e-06,6.141538461538468e-06,6.482058823529411e-06
173,6.15e-06,1554285600,6.16e-06,6.05e-06,6.05e-06,17207.28647047,0.10480743,6.09e-06,0.0852702899999993,0.23884263461538474,0.30202851705882355,6.116666666666655e-06,6.13384615384616e-06,6.4614705882352925e-06
174,6.14e-06,1554292800,6.17e-06,6.06e-06,6.15e-06,7711.96518357,0.04743645,6.15e-06,0.05493108666666598,0.23658255000000017,0.30336142294117646,6.116666666666655e-06,6.1292307692307765e-06,6.441764705882352e-06
175,6.22e-06,1554300000,6.24e-06,6.14e-06,6.14e-06,19369.77642112,0.12049338,6.22e-06,0.09091241999999931,0.22219296000000016,0.3058017870588235,6.1699999999999875e-06,6.136923076923084e-06,6.423235294117645e-06
176,6.04e-06,1554307200,6.2e-06,5.98e-06,6.2e-06,51917.2190328,0.3143331,6.05e-06,0.16075430999999932,0.1990765061538463,0.3146791614705882,6.133333333333321e-06,6.140000000000007e-06,6.399705882352939e-06
177,6.05e-06,1554314400,6.12e-06,6e-06,6.08e-06,30714.53635209,0.18570639,6.04e-06,0.2068442899999993,0.21140098307692323,0.3186045688235294,6.103333333333322e-06,6.134615384615392e-06,6.3761764705882335e-06
178,5.95e-06,1554321600,6.05e-06,5.71e-06,6.05e-06,85998.432358,0.49848368,5.79e-06,0.3328410566666659,0.24557486076923093,0.3252647308823529,6.013333333333321e-06,6.116153846153853e-06,6.347941176470586e-06
179,5.9e-06,1554328800,6e-06,5.84e-06,5.87e-06,23256.76933102,0.13791526,5.93e-06,0.2740351099999993,0.17949287230769248,0.32763759882352933,5.966666666666655e-06,6.09384615384616e-06,6.319411764705881e-06
180,5.92e-06,1554336000,6.01e-06,5.86e-06,5.86e-06,10848.08166144,0.06495774,5.98e-06,0.23378555999999928,0.16306776615384633,0.3275086097058823,5.923333333333322e-06,6.073076923076929e-06,6.2861764705882335e-06
181,5.98e-06,1554343200,5.98e-06,5.98e-06,5.98e-06,85.28428093,0.00050999,5.98e-06,0.06779432999999928,0.15681708076923093,0.3250593488235293,5.933333333333323e-06,6.061538461538467e-06,6.2602941176470575e-06
182,5.96e-06,1554350400,5.98e-06,5.91e-06,5.91e-06,7501.95026332,0.04436971,5.91e-06,0.036612479999999274,0.1448355784615386,0.3261047917647058,5.953333333333323e-06,6.053076923076929e-06,6.231176470588233e-06
183,5.92e-06,1554357600,5.92e-06,5.86e-06,5.9e-06,9512.04668712,0.05603793,5.89e-06,0.03363920999999927,0.13277342307692322,0.32204743999999996,5.953333333333323e-06,6.0330769230769285e-06,6.204705882352939e-06
184,5.92e-06,1554364800,5.92e-06,5.84e-06,5.92e-06,566.85690774,0.00331639,5.85e-06,0.034574676666665936,0.12237821769230783,0.30236409823529403,5.933333333333323e-06,6.0161538461538514e-06,6.187941176470587e-06
185,5.75e-06,1554372000,5.92e-06,5.74e-06,5.92e-06,37032.55603336,0.21867253,5.9e-06,0.09267561666666595,0.13823384461538477,0.30339706911764697,5.863333333333323e-06,5.992307692307698e-06,6.166470588235292e-06
186,5.92e-06,1554379200,5.97e-06,5.76e-06,5.76e-06,12530.67238468,0.07405442,5.9e-06,0.09868111333333261,0.13586822846153862,0.30321768147058814,5.863333333333323e-06,5.97461538461539e-06,6.150294117647057e-06
187,5.92e-06,1554386400,5.96e-06,5.92e-06,5.92e-06,3620.90468709,0.02155468,5.95e-06,0.10476054333333261,0.1338773230769232,0.3020130644117646,5.863333333333323e-06,5.957692307692313e-06,6.130588235294115e-06
188,5.77e-06,1554393600,5.97e-06,5.77e-06,5.93e-06,41835.12840243,0.2474852,5.91e-06,0.11436476666666595,0.14364592461538475,0.2897702299999999,5.8699999999999895e-06,5.923076923076927e-06,6.106470588235292e-06
189,6.04e-06,1554400800,6.04e-06,5.77e-06,5.82e-06,15513.01744084,0.09094147,5.86e-06,0.1199937833333326,0.1264619530769232,0.2912383097058823,5.909999999999989e-06,5.923076923076927e-06,6.090588235294115e-06
190,5.79e-06,1554408000,6.05e-06,5.79e-06,5.92e-06,9869.99998449,0.05784762,5.86e-06,0.13209142999999926,0.11662666307692321,0.29065222529411766,5.866666666666656e-06,5.903076923076927e-06,6.06676470588235e-06
191,5.8e-06,1554415200,5.92e-06,5.76e-06,5.86e-06,4737.37073132,0.02751804,5.8e-06,0.05876904333333261,0.08039853692307707,0.29034288705882355,5.876666666666655e-06,5.891538461538466e-06,6.043529411764703e-06
192,6.08e-06,1554422400,6.08e-06,5.76e-06,5.91e-06,5534.42233516,0.03296699,5.95e-06,0.03944421666666595,0.07232559307692323,0.2553784988235294,5.8899999999999885e-06,5.905384615384621e-06,6.038529411764704e-06
193,6.03e-06,1554429600,6.15e-06,6.01e-06,6.08e-06,14070.85145602,0.08587687,6.1e-06,0.04878729999999928,0.07393475692307706,0.17411930617647062,5.969999999999989e-06,5.913846153846159e-06,6.03205882352941e-06
194,6.12e-06,1554436800,6.12e-06,6.12e-06,6.12e-06,14394.85664066,0.08809652,6.12e-06,0.06898012666666595,0.08067218230769244,0.16245672382352944,6.076666666666655e-06,5.9246153846153905e-06,6.028235294117645e-06
195,6.05e-06,1554444000,6.12e-06,6.05e-06,6.12e-06,2195.59270419,0.01341589,6.11e-06,0.062463093333332616,0.07829111923076937,0.16059196911764706,6.066666666666655e-06,5.931538461538467e-06,6.023823529411764e-06
196,6.01e-06,1554451200,6.1e-06,6e-06,6.06e-06,31875.34670506,0.1913634,6e-06,0.09762526999999928,0.0887007707692309,0.1571744794117647,6.0599999999999886e-06,5.938461538461544e-06,6.020588235294116e-06
197,6.08e-06,1554458400,6.1e-06,6.07e-06,6.1e-06,500.1481533,0.00303904,6.07e-06,0.06927277666666594,0.0886794361538463,0.13918012764705884,6.046666666666655e-06,5.950769230769237e-06,6.022941176470587e-06
198,6.01e-06,1554465600,6.11e-06,6.01e-06,6.01e-06,5509.75215453,0.03311839,6.01e-06,0.07584027666666594,0.07440604076923091,0.13940454529411767,6.033333333333322e-06,5.970769230769236e-06,6.01970588235294e-06
199,6.4e-06,1554472800,6.51e-06,6.1e-06,6.1e-06,355725.13507555,2.267785,6.37e-06,0.7679808099999992,0.2431545469230771,0.20450930205882356,6.163333333333322e-06,6.007692307692314e-06,6.025882352941175e-06
200,6.49e-06,1554480000,6.55e-06,6.41e-06,6.41e-06,39365.36525641,0.25459028,6.46e-06,0.8518312233333325,0.26108036230769244,0.18267427764705887,6.29999999999999e-06,6.051538461538468e-06,6.03470588235294e-06
201,6.49e-06,1554487200,6.54e-06,6.49e-06,6.54e-06,12439.63895851,0.08079968,6.49e-06,0.867724986666666,0.2482583992307694,0.17686002941176476,6.459999999999989e-06,6.106923076923084e-06,6.043529411764705e-06
202,6.59e-06,1554494400,6.59e-06,6.49e-06,6.49e-06,61603.87525898,0.40133682,6.51e-06,0.24557559333333265,0.2721349646153848,0.186259085882353,6.523333333333322e-06,6.149230769230776e-06,6.057058823529411e-06
203,6.54e-06,1554501600,6.7e-06,6.53e-06,6.53e-06,146090.43810884,0.97022225,6.64e-06,0.48411958333333266,0.3423176284615386,0.2089088802941177,6.539999999999988e-06,6.206923076923085e-06,6.070882352941176e-06
204,6.56e-06,1554508800,6.72e-06,6.55e-06,6.55e-06,9379.45421753,0.06225778,6.63e-06,0.4779389499999993,0.34498991615384633,0.2044798164705883,6.563333333333321e-06,6.265384615384622e-06,6.082058823529411e-06
205,6.56e-06,1554516000,6.56e-06,6.56e-06,6.56e-06,0.0,0.0,6.56e-06,0.3441600099999993,0.342453993846154,0.20040763823529417,6.55333333333332e-06,6.3023076923077e-06,6.094411764705881e-06
206,6.54e-06,1554523200,6.67e-06,6.54e-06,6.56e-06,15748.42658516,0.10308321,6.54e-06,0.055113663333332674,0.3437775584615386,0.20307039794117654,6.5533333333333194e-06,6.3415384615384705e-06,6.108529411764705e-06
207,6.54e-06,1554530400,6.55e-06,6.54e-06,6.54e-06,25620.87848129,0.16756277,6.54e-06,0.090215326666666,0.34989034692307713,0.20491614323529417,6.546666666666653e-06,6.373846153846162e-06,6.119999999999999e-06
208,6.66e-06,1554537600,6.66e-06,6.54e-06,6.54e-06,2058.30067034,0.01361178,6.61e-06,0.09475258666666601,0.34990541538461556,0.20392130000000003,6.579999999999988e-06,6.420769230769239e-06,6.135294117647058e-06
209,6.55e-06,1554544800,6.64e-06,6.54e-06,6.64e-06,7054.76250614,0.04667887,6.61e-06,0.07595113999999935,0.3387758361538463,0.20175028500000003,6.583333333333322e-06,6.4623076923077e-06,6.144999999999999e-06
210,6.56e-06,1554552000,6.65e-06,6.54e-06,6.64e-06,31762.74436326,0.2092635,6.58e-06,0.08985138333333269,0.3546392561538463,0.19866000264705885,6.589999999999987e-06,6.499230769230777e-06,6.160294117647058e-06
211,6.66e-06,1554559200,6.66e-06,6.64e-06,6.64e-06,38720.16066066,0.2578052,6.65e-06,0.17124918999999936,0.371922856923077,0.20078055588235297,6.589999999999987e-06,6.549230769230777e-06,6.178235294117646e-06
212,6.69e-06,1554566400,6.81e-06,6.61e-06,6.66e-06,58666.85255082,0.39387252,6.71e-06,0.28698040666666597,0.22777574307692322,0.1977037570588236,6.636666666666653e-06,6.57153846153847e-06,6.199999999999998e-06
213,6.61e-06,1554573600,6.69e-06,6.57e-06,6.69e-06,37155.73679323,0.24591864,6.61e-06,0.29919878666666594,0.227108693846154,0.20088032705882358,6.653333333333319e-06,6.58076923076924e-06,6.220882352941174e-06
214,6.62e-06,1554580800,6.72e-06,6.57e-06,6.58e-06,1870.9969992,0.01243422,6.64e-06,0.21740845999999933,0.22184981230769243,0.1993355176470589,6.639999999999986e-06,6.59076923076924e-06,6.241470588235292e-06
215,6.68e-06,1554588000,6.68e-06,6.66e-06,6.66e-06,510.0,0.00340523,6.67e-06,0.087252696666666,0.19123969000000013,0.19942067176470596,6.6366666666666525e-06,6.597692307692316e-06,6.26205882352941e-06
216,6.63e-06,1554595200,6.68e-06,6.59e-06,6.68e-06,1514.81233658,0.01007256,6.64e-06,0.008637336666666004,0.11738202153846164,0.19841193205882363,6.6433333333333186e-06,6.6046153846153925e-06,6.281764705882352e-06
217,6.48e-06,1554602400,6.67e-06,6.4e-06,6.63e-06,61396.3638547,0.40198431,6.54e-06,0.138487366666666,0.14351483153846165,0.2085868255882354,6.596666666666651e-06,6.598461538461546e-06,6.298235294117646e-06
218,6.39e-06,1554609600,6.59e-06,6.38e-06,6.59e-06,24993.93962116,0.16007516,6.4e-06,0.19071067666666597,0.15582830538461548,0.21319737764705893,6.499999999999985e-06,6.585384615384623e-06,6.31205882352941e-06
219,6.41e-06,1554616800,6.41e-06,6.38e-06,6.39e-06,41954.26281911,0.26812383,6.39e-06,0.27672776666666593,0.1685237376923078,0.21465182764705895,6.426666666666651e-06,6.575384615384623e-06,6.331470588235292e-06
220,6.43e-06,1554624000,6.43e-06,6.41e-06,6.41e-06,4165.11243643,0.02671392,6.41e-06,0.15163763666666594,0.1576892107692309,0.2132594600000001,6.409999999999985e-06,6.566923076923085e-06,6.346470588235293e-06
221,6.53e-06,1554631200,6.63e-06,6.43e-06,6.43e-06,95361.36179608,0.62386133,6.54e-06,0.3062330266666659,0.20463148384615396,0.23097436147058834,6.4566666666666526e-06,6.556923076923085e-06,6.364411764705881e-06
222,6.54e-06,1554638400,6.57e-06,6.53e-06,6.54e-06,57578.70854777,0.3760986,6.53e-06,0.342224616666666,0.2299714630769232,0.23475710852941187,6.499999999999986e-06,6.556153846153854e-06,6.3870588235294105e-06
223,6.57e-06,1554645600,6.57e-06,6.57e-06,6.57e-06,54.91171994,0.00036077,6.57e-06,0.3334402333333326,0.21390202230769242,0.23209297029411777,6.5466666666666525e-06,6.556923076923085e-06,6.402647058823528e-06
224,6.52e-06,1554652800,6.61e-06,6.51e-06,6.57e-06,120916.79367244,0.79110613,6.54e-06,0.38918849999999927,0.2549251707692309,0.2536593970588236,6.5433333333333195e-06,6.546153846153854e-06,6.424117647058822e-06
225,6.55e-06,1554660000,6.55e-06,6.49e-06,6.5e-06,10375.73861343,0.06749691,6.5e-06,0.2863212699999993,0.22981935461538475,0.2548352461764707,6.546666666666653e-06,6.535384615384622e-06,6.446176470588234e-06
226,6.55e-06,1554667200,6.55e-06,6.55e-06,6.55e-06,0.0,0.0,6.55e-06,0.28620101333333264,0.21090253615384627,0.2538656288235295,6.539999999999987e-06,6.530769230769237e-06,6.459999999999998e-06
227,6.52e-06,1554674400,6.56e-06,6.43e-06,6.56e-06,15513.96165563,0.10013607,6.45e-06,0.05587765999999931,0.21764883230769244,0.25428501705882356,6.539999999999988e-06,6.52307692307693e-06,6.474411764705882e-06
228,6.48e-06,1554681600,6.58e-06,6.48e-06,6.54e-06,589.82775614,0.00386578,6.55e-06,0.03466728333333265,0.21768425923076937,0.25180764235294123,6.5166666666666545e-06,6.5076923076923145e-06,6.484999999999999e-06
229,6.42e-06,1554688800,6.52e-06,6.4e-06,6.51e-06,9597.26406145,0.06176134,6.43e-06,0.055254396666665984,0.22166031923076937,0.2532295673529412,6.473333333333321e-06,6.491538461538468e-06,6.495882352941176e-06
230,6.46e-06,1554696000,6.46e-06,6.42e-06,6.42e-06,7387.86599709,0.04762283,6.44e-06,0.037749983333332654,0.194401743846154,0.24900190352941182,6.453333333333321e-06,6.4900000000000065e-06,6.5091176470588224e-06
231,6.51e-06,1554703200,6.52e-06,6.42e-06,6.47e-06,3722.87148558,0.02411747,6.47e-06,0.04450054666666598,0.18394346000000017,0.2496218573529412,6.463333333333322e-06,6.499230769230776e-06,6.521764705882351e-06
232,6.51e-06,1554710400,6.51e-06,6.51e-06,6.51e-06,0.0,0.0,6.51e-06,0.02391343333333265,0.16331855000000017,0.24864778705882357,6.493333333333322e-06,6.506923076923084e-06,6.536470588235292e-06
233,6.47e-06,1554717600,6.54e-06,6.43e-06,6.43e-06,728.16215203,0.00474946,6.52e-06,0.009622309999999317,0.16162897615384633,0.18208791823529413,6.4966666666666556e-06,6.510000000000007e-06,6.538529411764704e-06
234,6.47e-06,1554724800,6.47e-06,6.47e-06,6.47e-06,17.77391033,0.00011499,6.47e-06,0.0016214833333326507,0.11364848846153865,0.17460335088235296,6.483333333333323e-06,6.505384615384623e-06,6.537941176470587e-06
235,6.33e-06,1554732000,6.47e-06,6.26e-06,6.47e-06,172686.68266399,1.10871376,6.42e-06,0.371192736666666,0.17000350076923093,0.20483611794117648,6.423333333333322e-06,6.4892307692307764e-06,6.533235294117646e-06
236,6.51e-06,1554739200,6.52e-06,6.39e-06,6.39e-06,37518.93782853,0.24405318,6.5e-06,0.4509606433333327,0.18874907076923095,0.20021012852941178,6.436666666666655e-06,6.484615384615392e-06,6.530882352941175e-06
237,6.5e-06,1554746400,6.51e-06,6.5e-06,6.51e-06,5775.86405364,0.03758214,6.5e-06,0.46344969333333275,0.1307856869230771,0.17277953705882354,6.446666666666654e-06,6.48307692307693e-06,6.5297058823529394e-06
238,6.5e-06,1554753600,6.6e-06,6.41e-06,6.41e-06,10397.17839994,0.06814949,6.55e-06,0.11659493666666602,0.13083588538461555,0.1729528226470588,6.50333333333332e-06,6.4792307692307765e-06,6.527941176470587e-06
239,6.48e-06,1554760800,6.5e-06,6.48e-06,6.5e-06,64.26662223,0.00041647,6.48e-06,0.03538269999999935,0.13086792153846172,0.17296507176470588,6.49333333333332e-06,6.473846153846162e-06,6.5255882352941166e-06
240,6.53e-06,1554768000,6.53e-06,6.48e-06,6.48e-06,94.94108901,0.00061916,6.52e-06,0.023061706666666015,0.1232127746153848,0.1699514232352941,6.50333333333332e-06,6.474615384615392e-06,6.5252941176470575e-06
241,6.4e-06,1554775200,6.55e-06,6.4e-06,6.53e-06,1306.0591038,0.00842708,6.45e-06,0.0031542366666660188,0.12356364384615402,0.16527096176470588,6.469999999999987e-06,6.468461538461546e-06,6.521176470588234e-06
242,6.41e-06,1554782400,6.41e-06,6.41e-06,6.41e-06,52.40979094,0.00033594,6.41e-06,0.0031273933333326853,0.11883861307692326,0.16488049588235293,6.4466666666666535e-06,6.467692307692316e-06,6.513823529411763e-06
243,6.4e-06,1554789600,6.4e-06,6.4e-06,6.4e-06,16.74266478,0.00010715,6.4e-06,0.0029567233333326853,0.11518356076923096,0.1635107394117647,6.40333333333332e-06,6.46307692307693e-06,6.509411764705881e-06
244,6.48e-06,1554796800,6.59e-06,6.1e-06,6.4e-06,327158.13473681,2.02190594,6.18e-06,0.6741163433333326,0.2688595969230771,0.21682375235294118,6.429999999999987e-06,6.4607692307692385e-06,6.507058823529411e-06
245,6.33e-06,1554804000,6.48e-06,6.33e-06,6.48e-06,1141.79481112,0.00733266,6.42e-06,0.6764485833333326,0.26942364769230787,0.2094569129411765,6.40333333333332e-06,6.446923076923084e-06,6.49735294117647e-06
246,6.46e-06,1554811200,6.46e-06,6.46e-06,6.46e-06,25.65601547,0.00016573,6.46e-06,0.6764681099999993,0.2690710530769232,0.19787730147058824,6.42333333333332e-06,6.446153846153854e-06,6.490588235294116e-06
247,6.26e-06,1554818400,6.46e-06,6.26e-06,6.46e-06,33560.39678762,0.21195209,6.31e-06,0.07315015999999937,0.28536621461538475,0.19687828529411763,6.3499999999999875e-06,6.430000000000008e-06,6.480294117647058e-06
248,6.26e-06,1554825600,6.26e-06,6.26e-06,6.26e-06,31.98402926,0.00020022,6.26e-06,0.07077267999999938,0.20009594230769243,0.19651846176470586,6.326666666666655e-06,6.424615384615392e-06,6.469705882352941e-06
249,6.31e-06,1554832800,6.31e-06,6.3e-06,6.31e-06,52.58752524,0.00033166,6.3e-06,0.07082798999999938,0.1813481330769232,0.19642806264705878,6.276666666666654e-06,6.409230769230776e-06,6.458823529411765e-06
250,6.12e-06,1554840000,6.31e-06,6.03e-06,6.31e-06,44657.05429076,0.27265155,6.1e-06,0.0910611433333327,0.19943039538461552,0.20415097411764702,6.229999999999987e-06,6.3800000000000075e-06,6.443823529411764e-06
251,6.19e-06,1554847200,6.19e-06,6.12e-06,6.12e-06,13453.49178886,0.0823367,6.12e-06,0.11843996999999938,0.20052171923076934,0.19474957382352934,6.206666666666653e-06,6.356153846153853e-06,6.435294117647058e-06
