,close,date,high,low,open,quoteVolume,volume,weightedAverage,avg_vol_3,avg_vol_13,avg_vol_34,avg_close_3,avg_close_13,avg_close_34
0,0.01317328,1553040817,0.01317328,0.01317328,0.01317328,0.0,0.0,0.01317328,-99999.0,-99999.0,-99999.0,-99999.0,-99999.0,-99999.0
1,0.01317191,1553047200,0.01322942,0.013165,0.01317199,956.46069607,12.62262464,0.01319722,-99999.0,-99999.0,-99999.0,-99999.0,-99999.0,-99999.0
2,0.01319598,1553054400,0.01319598,0.01310179,0.01317191,543.59129024,7.14824353,0.01315003,6.59028939,-99999.0,-99999.0,0.01318039,-99999.0,-99999.0
3,0.01337583,1553061600,0.01345176,0.01315603,0.01319598,2651.25473286,35.37692045,0.01334346,18.382596206666665,-99999.0,-99999.0,0.013247906666666665,-99999.0,-99999.0
4,0.0134198,1553068800,0.01343,0.01327599,0.01338008,1985.33337449,26.55112979,0.01337363,23.025431256666668,-99999.0,-99999.0,0.013330536666666665,-99999.0,-99999.0
5,0.01334471,1553076000,0.01342999,0.01333306,0.01342038,266.31162608,3.56400654,0.01338284,21.83068559333333,-99999.0,-99999.0,0.013380113333333332,-99999.0,-99999.0
6,0.01339679,1553083200,0.01342908,0.0133401,0.01337891,633.55422486,8.48003987,0.01338486,12.865058733333333,-99999.0,-99999.0,0.013387099999999999,-99999.0,-99999.0
7,0.01345147,1553090400,0.0135,0.01339812,0.01340075,3340.58295785,45.0078422,0.01347305,19.01729620333333,-99999.0,-99999.0,0.013397656666666665,-99999.0,-99999.0
8,0.01345984,1553097600,0.01350677,0.01340048,0.01345572,832.84667236,11.22877875,0.0134824,21.572220273333333,-99999.0,-99999.0,0.013436033333333333,-99999.0,-99999.0
9,0.0134585,1553104800,0.01347013,0.01341572,0.01346118,73.74230928,0.99151626,0.01344569,19.076045736666668,-99999.0,-99999.0,0.013456603333333332,-99999.0,-99999.0
10,0.01345372,1553112000,0.01346999,0.01343871,0.0134585,300.00035135,4.03684558,0.01345613,5.419046863333333,-99999.0,-99999.0,0.013457353333333333,-99999.0,-99999.0
11,0.01335445,1553119200,0.0135,0.01335444,0.01345506,1303.86672496,17.55276184,0.01346208,7.527041226666665,-99999.0,-99999.0,0.013422223333333335,-99999.0,-99999.0
12,0.01332591,1553126400,0.01341442,0.0133,0.01337514,501.55816412,6.68680651,0.01333206,9.425471309999997,13.788270458461538,-99999.0,0.013378026666666668,0.013352476153846153,-99999.0
13,0.01332086,1553133600,0.01333937,0.01329924,0.01331287,180.34935229,2.40020674,0.01330865,8.879925029999997,13.972901746153845,-99999.0,0.013333740000000002,0.01336382846153846,-99999.0
14,0.0133,1553140800,0.01335346,0.0133,0.01331372,123.32070528,1.64291586,0.0133223,3.5766430366666646,13.12830876307692,-99999.0,0.013315590000000002,0.013373681538461536,-99999.0
15,0.01334799,1553148000,0.01334799,0.0132832,0.0133,81.60514121,1.08545297,0.01330128,1.709525189999998,12.661940258461536,-99999.0,0.013322950000000005,0.013385374615384613,-99999.0
16,0.01330293,1553155200,0.01334799,0.01329322,0.01334799,418.49930332,5.57622909,0.01332434,2.7681993066666646,10.369579384615381,-99999.0,0.013316973333333338,0.01337976692307692,-99999.0
17,0.01331482,1553162400,0.0133613,0.01329486,0.01330759,511.11745722,6.81142597,0.01332653,4.4910360099999975,8.851140629230766,-99999.0,0.013321913333333338,0.013371691538461536,-99999.0
18,0.0132503,1553169600,0.01333999,0.01323182,0.01329486,3097.75793749,41.26907133,0.01332223,17.885575463333332,11.751530228461535,-99999.0,0.013289350000000005,0.013364429230769227,-99999.0
19,0.01310009,1553176800,0.01327089,0.013,0.01326421,1486.34186958,19.47504051,0.01310266,22.518512603333335,12.597299508461532,-99999.0,0.013221736666666673,0.013341606153846152,-99999.0
20,0.01305999,1553184000,0.01313224,0.01303174,0.0131007,215.56952856,2.81927495,0.01307826,21.187795596666664,9.352025104615377,-99999.0,0.013136793333333341,0.013311492307692305,-99999.0
21,0.01312766,1553191200,0.01316304,0.01303174,0.01303177,279.90135512,3.67493436,0.01312939,8.656416606666662,8.770960151538453,-99999.0,0.01309591333333334,0.013285939999999996,-99999.0
22,0.01310119,1553198400,0.01316198,0.01308897,0.01316036,108.3376207,1.42177625,0.01312356,2.6386618533333297,8.804057073846145,-99999.0,0.013096280000000007,0.01325845461538461,-99999.0
23,0.01309157,1553205600,0.01313629,0.01303982,0.01309358,83.73888954,1.09494692,0.01307572,2.0638858433333294,8.577757176923068,-99999.0,0.013106806666666672,0.01323059692307692,-99999.0
24,0.01305893,1553212800,0.01314099,0.01305417,0.013091,295.3992118,3.86832387,0.01309524,2.128349013333329,7.525108102307684,-99999.0,0.013083896666666673,0.013207864615384611,-99999.0
25,0.01305517,1553220000,0.01310029,0.01303213,0.01305417,53.65097403,0.69998922,0.01304709,1.8877533366666626,7.0645836953846075,-99999.0,0.013068556666666674,0.013187038461538458,-99999.0
26,0.01309066,1553227200,0.01313043,0.01305511,0.0130655,68.43548842,0.89669208,0.01310273,1.821668389999996,6.9489287215384525,-99999.0,0.01306825333333334,0.013169330769230768,-99999.0
27,0.01306,1553234400,0.01313052,0.01305194,0.01309088,166.56653536,2.17668951,0.01306798,1.2577902699999959,6.9899882330769145,-99999.0,0.013068610000000008,0.013150869230769227,-99999.0
28,0.01308057,1553241600,0.01308706,0.01305192,0.01305192,432.1844248,5.65343906,0.01308108,2.908940216666663,7.3413717784615296,-99999.0,0.013077076666666675,0.013130298461538457,-99999.0
29,0.01310025,1553248800,0.01311981,0.01307231,0.01308057,89.9946433,1.17778897,0.01308732,3.002639179999997,7.003030230769221,-99999.0,0.013080273333333342,0.013114707692307688,-99999.0
30,0.01313582,1553256000,0.01316304,0.01308405,0.0131158,107.86161414,1.41685856,0.01313589,2.749362196666663,6.588063506923067,-99999.0,0.013105546666666674,0.013100938461538456,-99999.0
31,0.01323497,1553263200,0.013235,0.01313499,0.01314096,188.21347374,2.48627495,0.01320986,1.6936408266666632,3.6047714776922968,-99999.0,0.01315701333333334,0.013099759230769227,-99999.0
32,0.01326998,1553270400,0.01326998,0.01323497,0.01323497,301.49871115,3.99165822,0.01323938,2.6315972433333297,2.41374207076922,-99999.0,0.013213590000000006,0.013112827692307687,-99999.0
33,0.01323527,1553277600,0.01326999,0.01323497,0.01324521,83.76659823,1.10882944,0.01323713,2.5289208699999963,2.2821693392307583,8.529274552647056,0.013246740000000007,0.013126310769230765,0.01324180029411765
34,0.01323642,1553284800,0.01326999,0.01322788,0.01323668,355.28546282,4.71287563,0.01326503,3.271121096666663,2.3620109753846044,8.667888541764702,0.01324722333333334,0.013134676923076917,0.01324365735294118
35,0.01320966,1553292000,0.01327,0.01320966,0.01326999,153.62939027,2.03444304,0.01324253,2.6187160366666635,2.4091391899999888,8.356471435882348,0.013227116666666672,0.013143020769230764,0.013244767647058828
36,0.01317784,1553299200,0.01324414,0.01317712,0.01320966,81.79207317,1.08253742,0.01323523,2.6099520299999965,2.4081846130769122,8.178068314999996,0.013207973333333338,0.013149656923076918,0.013244234117647063
37,0.01322179,1553306400,0.01324414,0.01318108,0.01319012,47.62642199,0.63022381,0.01323265,1.2490680899999964,2.159099993076912,7.156106649117643,0.013203096666666672,0.01316218461538461,0.01323970352941177
38,0.01324667,1553313600,0.01327,0.01321643,0.013226,31.34001211,0.41560451,0.01326114,0.7094552466666629,2.1372242461538353,6.387414729117643,0.01321543333333334,0.013176915384615379,0.01323461147058824
39,0.01317557,1553320800,0.01326848,0.013173,0.01324667,128.38509767,1.69725198,0.01322,0.9143600999999962,2.198805776923066,6.33251018323529,0.013214676666666675,0.013183446923076917,0.013229636764705888
40,0.01319068,1553328000,0.01321979,0.01317345,0.01317733,60.68891541,0.80112317,0.01320048,0.9713265533333296,2.0929929815384507,6.10665969205882,0.013204306666666674,0.013193499230769226,0.01322357470588236
41,0.01314542,1553335200,0.01321884,0.01314542,0.01320775,47.36839026,0.6242596,0.01317882,1.0408782499999962,1.7061330230769123,4.801260203823524,0.013170556666666673,0.013198487692307689,0.013214573235294125
42,0.01309517,1553342400,0.01317628,0.01309517,0.01314543,146.49536615,1.92185899,0.0131189,1.1157472533333295,1.7633691784615275,4.527527269705878,0.013143756666666673,0.013198096923076916,0.01320384764705883
43,0.01309188,1553349600,0.01312937,0.01307,0.01309517,141.94220804,1.85880462,0.0130955,1.4683077366666628,1.7973650292307584,4.553035750882349,0.01311082333333334,0.013194716923076917,0.01319306470588236
44,0.01313,1553356800,0.0131301,0.01309085,0.013109,178.47339665,2.34080373,0.0131157,2.0404891133333294,1.7861749353846046,4.503152167058819,0.013105683333333342,0.013186642307692302,0.01318354352941177
45,0.01309141,1553364000,0.01313,0.01305304,0.01311569,668.33527442,8.75563908,0.01310066,4.318415809999996,2.1526350015384508,4.244413262352937,0.013104430000000009,0.013172906153846146,0.013175807058823536
46,0.01313009,1553371200,0.01313009,0.01307349,0.01310218,101.55319765,1.33262839,0.01312246,4.1430237333333295,2.1698503053846045,4.0869374352941135,0.013117166666666675,0.01316481538461538,0.013170047647058829
47,0.01313394,1553378400,0.01314571,0.01308508,0.0131301,277.45512113,3.64360764,0.01313224,4.577291703333329,2.0875989215384507,4.123508049999996,0.013118480000000007,0.013156932307692302,0.013164550000000007
48,0.01318542,1553385600,0.01321752,0.01311504,0.01311504,129.23582676,1.70408384,0.01318584,2.2267732899999952,2.0621866753846048,4.125307108235291,0.013149816666666675,0.013155067692307686,0.013161180000000008
49,0.01317742,1553392800,0.0132231,0.01317033,0.01318617,24.65385133,0.32534128,0.01319636,1.8910109199999952,2.0039408184615275,4.1029508820588205,0.013165593333333342,0.013155035384615378,0.013156163235294126
50,0.01314894,1553400000,0.01319513,0.013145,0.01317742,0.3021834,0.00398059,0.01317276,0.6778019033333287,1.9557682630769122,3.9390612202941147,0.013170593333333341,0.013149431538461532,0.013151634117647068
51,0.01315772,1553407200,0.01320236,0.01313725,0.01315653,25.3085033,0.33322311,0.01316644,0.22084832666666201,1.9494312323076812,3.748525842058821,0.013161360000000006,0.013142589230769226,0.013147013529411772
52,0.01314212,1553414400,0.01320923,0.0131318,0.01320514,324.91851759,4.28395189,0.01318469,1.5403851966666622,2.1484081484615274,2.6607282114705857,0.01314959333333334,0.01314001615384615,0.01314383176470589
53,0.01314706,1553421600,0.01318404,0.0130998,0.01315001,221.37309616,2.90603459,0.01312731,2.5077365299999954,2.3103244115384505,2.173404507941174,0.013148966666666673,0.013136660769230764,0.013145213235294124
54,0.01312014,1553428800,0.01315785,0.0131088,0.01310912,102.40999551,1.34445251,0.01312813,2.8448129966666618,2.3657238661538353,2.130027377352939,0.013136440000000008,0.013134716153846149,0.013146982352941183
55,0.01317418,1553436000,0.01320423,0.0131104,0.01312014,23.28724138,0.30667,0.01316901,1.519052366666662,2.2414785592307584,2.0309607785294093,0.013147126666666675,0.013140793846153843,0.0131483505882353
56,0.01316801,1553443200,0.0132,0.01315653,0.0131768,547.5950953,7.2261813,0.01319621,2.9591012699999957,2.6543536884615273,2.201678574117645,0.013154110000000009,0.013146649999999998,0.013150315882352949
57,0.01315153,1553450400,0.01319999,0.01312954,0.01316934,451.94916427,5.94277602,0.01314921,4.491875773333329,2.931428479999989,2.344261782941174,0.01316457333333334,0.01314830615384615,0.013152079411764713
58,0.01315518,1553457600,0.01319697,0.01312806,0.01315357,156.35922988,2.05787467,0.01316119,5.075610663333329,2.4162158330769117,2.291013277058821,0.013158240000000009,0.013153211538461534,0.013154910294117653
59,0.0132,1553464800,0.01321,0.01315055,0.01319156,471.45838,6.22224735,0.01319787,4.7409660133333285,2.792340368461527,2.4534326338235273,0.013168903333333341,0.013158589230769225,0.013159170000000006
60,0.01319998,1553472000,0.0132,0.01314432,0.01316404,40.7127243,0.53686757,0.01318672,2.9389965299999954,2.5533603630769117,2.4428495599999978,0.01318505333333334,0.013163669230769224,0.013162385294117654
61,0.0132249,1553479200,0.01323022,0.01317831,0.01317831,735.42779516,9.71405111,0.0132087,5.491055343333328,3.16951169153845,2.6645366658823506,0.013208293333333338,0.013166706153846148,0.013167235294117653
62,0.0132249,1553486400,0.0132323,0.01321111,0.0132249,95.45928966,1.26225284,0.01322294,3.837723839999994,3.24158181153845,2.535384129999998,0.013216593333333337,0.013170358461538457,0.013171480294117651
63,0.01317664,1553493600,0.01321112,0.01316442,0.01321112,38.03394152,0.50197434,0.01319806,3.8260927633333277,3.2798890230769113,2.5155072291176452,0.013208813333333338,0.013172489230769226,0.013173727058823536
64,0.01310733,1553500800,0.0131973,0.0130966,0.01317527,1087.5820659,14.29021281,0.01313943,5.3514799966666615,4.353503615384604,2.894135295294116,0.013169623333333338,0.013168613076923071,0.013172889117647064
65,0.01312,1553508000,0.01312926,0.01307868,0.01310743,31.41304552,0.4114337,0.01309754,5.067873616666661,4.055617600769219,2.8331105526470575,0.013134656666666673,0.01316691153846153,0.013169507647058829
66,0.01314874,1553515200,0.01316021,0.01309437,0.01312,694.65675837,9.12274869,0.01313274,7.9414650666666615,4.5338263776922965,2.9840249782352926,0.013125356666666671,0.013167040769230762,0.013165941764705886
67,0.01313311,1553522400,0.01316062,0.01310531,0.01313308,350.52661067,4.60222405,0.01312945,4.712135479999994,4.784424188461528,3.0867718785294103,0.013133950000000005,0.013168038461538455,0.013162937058823532
68,0.01310802,1553529600,0.01314262,0.01309437,0.01313311,57.09076323,0.74826401,0.01310656,4.824412249999995,4.818392958461528,2.970165654411763,0.013129956666666671,0.013162949230769223,0.013159160588235297
69,0.01310802,1553536800,0.0131315,0.01309438,0.01311194,33.91362531,0.44469253,0.0131125,1.9317268633333278,4.296739976153836,2.9234082864705866,0.013116383333333337,0.013158334615384607,0.013156171176470591
70,0.01310802,1553544000,0.01310802,0.01310802,0.01310802,0.0,0.0,0.01310802,0.39765217999999436,3.839603359230758,2.891568950588234,0.013108020000000003,0.013154987692307683,0.013154117647058827
71,0.01301294,1553551200,0.01309438,0.013,0.01309438,877.89374842,11.45294151,0.01304593,3.965878013333328,4.5623008084615275,3.209884177058822,0.01307632666666667,0.013144046153846147,0.013147975000000001
72,0.0129445,1553558400,0.01301297,0.01294062,0.01301297,185.87791242,2.41240353,0.01297843,4.621781679999995,4.269235899230758,3.268613559999999,0.013021820000000003,0.0131243923076923,0.013139087647058826
73,0.01290809,1553565600,0.01296737,0.01290806,0.0129445,313.7378199,4.06029205,0.01294167,5.975212363333328,4.540268551538451,3.3381147385294105,0.01295517666666667,0.013101939230769225,0.013131220588235295
74,0.01290812,1553572800,0.01290823,0.01289525,0.01290808,374.11914901,4.82561136,0.01289859,3.766102313333328,4.1642347246153735,3.456482038235293,0.01292023666666667,0.013077571538461532,0.013122910000000002
75,0.0128326,1553580000,0.01292329,0.0128326,0.01292139,253.87433517,3.26859013,0.01287483,4.051497846666661,4.318568362307681,3.5342564655882343,0.01288293666666667,0.013047394615384606,0.013113709411764705
76,0.01287506,1553587200,0.0128812,0.01282326,0.0128326,2204.26334543,28.31086174,0.01284368,12.13502107666666,6.457713546923065,4.310403605294117,0.012871926666666672,0.013024196153846146,0.013107235588235294
77,0.01285311,1553594400,0.01288403,0.0128531,0.01285661,162.68598834,2.09395268,0.01287113,11.224468183333329,5.51953969076922,4.317319724705881,0.012853590000000005,0.013004640769230762,0.01310021294117647
78,0.01277591,1553601600,0.01288016,0.01277,0.01285311,1425.58255122,18.28696091,0.01282771,16.230591776666664,6.894580245384604,4.786324347647058,0.01283469333333334,0.0129781723076923,0.013089798529411764
79,0.01288852,1553608800,0.01295794,0.01277591,0.01277591,448.35452852,5.76863614,0.01286623,8.716516576666663,6.636571587692297,4.6984713199999995,0.012839180000000006,0.012958155384615378,0.013083831176470589
80,0.01297623,1553616000,0.01297632,0.01283467,0.01288852,1800.94953169,23.27690743,0.01292479,15.77750149333333,8.073085693846142,5.343891291764705,0.012880220000000005,0.012946087692307687,0.01307930588235294
81,0.01289853,1553623200,0.01297752,0.01287243,0.01297623,4025.73712169,52.23837637,0.0129761,27.094639979999993,12.033863567692295,6.773149195588235,0.012921093333333336,0.012929973076923071,0.01307238205882353
82,0.01309438,1553630400,0.01309438,0.01288927,0.01290523,528.82367687,6.89894733,0.01304583,27.471410376666658,12.530344706153834,6.925939298235293,0.012989713333333338,0.01292892384615384,0.013069704411764707
83,0.01311603,1553637600,0.0131875,0.01306366,0.01309438,613.95201604,8.05080167,0.01311307,22.396041789999988,13.14963714230768,7.153158721470587,0.013036313333333339,0.012929539999999993,0.013067898823529413
84,0.01313285,1553644800,0.01317171,0.013108,0.01312153,368.70671212,4.83729208,0.01311962,6.595680359999989,12.64074103230768,7.295314941764705,0.013114420000000007,0.01293876384615384,0.013067425588235294
85,0.01312,1553652000,0.01314498,0.01305211,0.01313232,510.4210623,6.68723776,0.01310141,6.525110503333323,12.969574434615371,7.482197725588233,0.013122960000000008,0.01295226384615384,0.01306631617647059
86,0.0130712,1553659200,0.01312,0.01306393,0.01309537,46.02319669,0.60342405,0.0131113,4.042651296666657,12.70366151153845,7.373946906764704,0.013108016666666673,0.012964810769230763,0.013064230294117648
87,0.0130754,1553666400,0.01311707,0.01304545,0.01307142,113.6606739,1.48768936,0.01308886,2.9261170566666563,12.446898280769217,7.3322308705882335,0.013088866666666673,0.012977678461538454,0.013062122647058826
88,0.01310054,1553673600,0.01312,0.01306659,0.01307724,93.81310059,1.23001955,0.01311138,1.1070443199999893,12.290085159230756,7.328865195294116,0.013082380000000006,0.012998289230769223,0.01306154617647059
89,0.01309481,1553680800,0.01312,0.01307,0.01310026,797.55510899,10.45366233,0.01310713,4.390457079999989,10.916454435384603,7.627306146176469,0.013090250000000006,0.01301519307692307,0.013059211764705885
90,0.01312763,1553688000,0.01315501,0.01308149,0.01312,442.34020886,5.80335551,0.01311966,5.829012463333323,11.201793114615372,7.5854583288235276,0.013107660000000007,0.013036309999999994,0.013058024117647062
91,0.01314805,1553695200,0.0132,0.01312383,0.0131291,493.47550791,6.49669133,0.01316517,7.584569723333323,10.294849300769217,7.601749955588233,0.013123496666666673,0.013064936153846147,0.013057921764705886
92,0.01317649,1553702400,0.01323275,0.01315,0.01315001,3092.77242636,40.91544041,0.01322937,17.738495749999988,12.998449629230755,8.74461953617647,0.013150723333333341,0.013087087692307688,0.013058548529411768
93,0.01321109,1553709600,0.0132327,0.01317993,0.0132,351.79983513,4.64852515,0.01321355,17.353552296666653,11.565497146153833,8.698333589117647,0.013178543333333341,0.013105153846153841,0.013058874705882356
94,0.01327032,1553716800,0.0133,0.01319323,0.01321104,2128.91634181,28.20116419,0.01324672,24.588376583333318,9.71648082461537,9.511989372058823,0.013219300000000008,0.013133753076923074,0.013060943529411768
95,0.01319135,1553724000,0.01329999,0.01319001,0.01329999,360.90901991,4.76901081,0.01321388,12.53956671666665,9.55263955384614,9.366547010294116,0.01322425333333334,0.013141212307692303,0.013059956764705885
96,0.01312858,1553731200,0.01322354,0.01312005,0.0131927,729.13670413,9.60682336,0.01317561,14.192332786666652,9.672333529999985,9.611975555,0.013196750000000007,0.013142177692307688,0.013057123823529415
97,0.01321,1553738400,0.01322096,0.01312857,0.01315303,145.07220222,1.91313681,0.01318748,5.429656993333317,9.447398509230755,9.653480333529412,0.01317664333333334,0.013148112307692304,0.013058105000000002
98,0.01313126,1553745600,0.013215,0.01313126,0.0131811,136.58477194,1.79552414,0.01314585,4.438494769999984,9.07111284615383,9.285989490294117,0.01315661333333334,0.013148978461538459,0.013058808823529415
99,0.01310144,1553752800,0.01317374,0.0130659,0.01313257,332.75150189,4.36459947,0.01311669,2.6910868066666516,9.360434032307678,9.402259071764705,0.013147566666666673,0.01315130461538461,0.013058262941176473
100,0.01313248,1553760000,0.0131481,0.01306776,0.01310612,51.56697638,0.67626715,0.01311434,2.2787969199999845,9.298016939230754,9.153833144117648,0.013121726666666673,0.013155695384615381,0.013057784705882355
101,0.01322684,1553767200,0.01324142,0.01313135,0.013134,244.09311189,3.22565452,0.01321485,2.755507046666651,9.451527321538448,9.113345805,0.013153586666666673,0.013165410769230767,0.013060541470588239
102,0.01319,1553774400,0.013255,0.01315648,0.01320132,119.81583779,1.58448922,0.01322437,1.8288036299999846,8.769283236153832,9.137940664117647,0.013183106666666673,0.013172733076923073,0.013062952647058826
103,0.01313401,1553781600,0.01319001,0.013134,0.01319,48.57971321,0.63890047,0.01315159,1.8163480699999848,8.372017463846138,9.143652662352942,0.013183616666666674,0.013173223846153843,0.013063717058823532
104,0.01306504,1553788800,0.013152,0.01299834,0.01313401,734.01780478,9.57895022,0.01305002,3.934113303333318,8.609114301538446,9.425386492352942,0.013129683333333341,0.013166838461538459,0.013062452941176472
105,0.01306,1553796000,0.01309943,0.01306,0.01306037,204.21405788,2.66862897,0.0130678,4.295493219999985,5.667051883076907,9.167024358823529,0.013086350000000009,0.013157877692307687,0.013063837058823531
106,0.0131,1553803200,0.01311198,0.01305001,0.01306001,469.04188999,6.13840946,0.01308712,6.128662883333319,5.781658368461523,9.27661276852941,0.013075013333333342,0.013149332307692302,0.013068410588235295
107,0.01307071,1553810400,0.01314325,0.01304008,0.01310001,397.35915723,5.20526528,0.01309964,4.670767903333318,4.012743067692293,9.310288451764706,0.013076903333333341,0.013133977692307687,0.013073193529411765
108,0.0130249,1553817600,0.01310765,0.0130249,0.0130715,77.22761303,1.00927494,0.01306883,4.1176498933333185,3.7235326161538316,9.198043262941177,0.01306520333333334,0.013121173846153843,0.013076628235294117
109,0.01297555,1553824800,0.01304461,0.01293751,0.01302491,378.98353019,4.91209002,0.01296122,3.708876746666652,3.3623992823076776,9.246381495,0.013023720000000008,0.013109402307692305,0.013080832647058824
110,0.01302352,1553832000,0.01304999,0.01296531,0.01297425,199.99449195,2.60080098,0.01300436,2.840721979999986,3.4152965261538317,8.49020323735294,0.013007990000000006,0.013095057692307689,0.013085199117647061
111,0.01295481,1553839200,0.01303265,0.01295481,0.01301995,177.40601922,2.30816031,0.0130106,3.273683769999986,3.4547300776922936,8.496503461764705,0.012984626666666672,0.013081484615384612,0.013088190294117648
112,0.01301022,1553846400,0.0130521,0.01294831,0.01295481,315.87266336,4.11309771,0.01302137,3.0073529999999864,3.435383788461524,8.079625132352941,0.012996183333333336,0.01307446769230769,0.013095081764705883
113,0.013,1553853600,0.0130916,0.013,0.01301029,277.96205811,3.62791773,0.01305184,3.3497252499999868,3.6624338330769084,8.01666282617647,0.012988343333333338,0.013064276923076922,0.013098360588235295
114,0.01303688,1553860800,0.01308802,0.01298775,0.01300001,1131.31453865,14.7246417,0.01301551,7.488552379999987,4.546971308461524,7.765125598823528,0.013015700000000005,0.013049664615384614,0.013100144411764708
115,0.01318979,1553868000,0.01322589,0.01304206,0.01304206,499.75615321,6.57055807,0.01314752,8.307705833333321,4.9305150661538315,6.42195447235294,0.013075556666666674,0.01304964846153846,0.013108710882352943
116,0.01315444,1553875200,0.0132285,0.01315354,0.0131832,904.8976252,11.94152693,0.01319655,11.078908899999988,5.799947870769216,6.570265637058823,0.013127036666666675,0.013051219999999999,0.013110477352941177
117,0.01307338,1553882400,0.01319709,0.01297636,0.01315515,561.4428967,7.35074717,0.01309259,8.620944056666653,5.628547636153832,6.549675798823529,0.013139203333333342,0.013051861538461535,0.013109222941176472
118,0.01299959,1553889600,0.01308696,0.01297635,0.01307755,630.25042331,8.19805715,0.01300761,9.163443749999987,6.053888265384601,6.648521830294118,0.013075803333333342,0.013047214615384614,0.013105303529411767
119,0.01305382,1553896800,0.01305382,0.01297639,0.0129764,54.8953899,0.71313723,0.01299084,5.42064718333332,5.636559632307678,6.472812991176471,0.01304226333333334,0.013043662307692307,0.01310335705882353
120,0.01300405,1553904000,0.01309984,0.013,0.01303833,53.46703195,0.69641796,0.01302518,3.202537446666654,5.289725223076909,6.47554810617647,0.01301915333333334,0.013038534615384614,0.013101382058823531
121,0.01311494,1553911200,0.0131184,0.01299,0.01302391,87.49448801,1.14656357,0.0131044,0.8520395866666538,5.300285886923063,6.465514994705883,0.013057603333333341,0.013045460769230768,0.013102545000000002
122,0.01303905,1553918400,0.013125,0.01303,0.01307935,168.12691227,2.20343562,0.01310578,1.3488057166666538,5.0919278561538315,6.4941448791176475,0.01305268000000001,0.013050345384615383,0.013100736470588237
123,0.01298301,1553925600,0.01305475,0.01297001,0.01303265,131.14588385,1.7060265,0.01300861,1.685341896666654,5.023099049999985,6.236861472352941,0.013045666666666672,0.013047229230769227,0.013097448235294119
124,0.01301022,1553932800,0.01305225,0.01297001,0.01297004,119.2768172,1.55501959,0.01303706,1.8214939033333206,4.965165148461523,6.111910415882353,0.013010760000000008,0.013051491538461532,0.013093995000000002
125,0.01313501,1553940000,0.01316733,0.01301021,0.01301094,90.52200741,1.18790821,0.01312286,1.4829847666666538,4.740150571538447,5.9557697358823525,0.013042746666666674,0.013061090769230763,0.013093611470588237
126,0.01312336,1553947200,0.01316733,0.01311809,0.01313501,78.38548422,1.03068167,0.01314888,1.2578698233333203,4.5403631823076775,4.782688596470588,0.013089530000000007,0.013070579999999995,0.013092048823529415
127,0.01317,1553954400,0.01318246,0.01312244,0.01312647,21.79020087,0.28716359,0.01317856,0.835251156666654,3.429787943076908,4.654413256470588,0.013142790000000007,0.013080819999999993,0.013090840294117652
128,0.01312757,1553961600,0.01318231,0.01309999,0.01317142,52.1090168,0.68531478,0.01315155,0.6677200133333206,2.977076920769216,3.8451235679411764,0.013140310000000004,0.013076033846153839,0.013086641764705885
129,0.01311999,1553968800,0.01314488,0.01310001,0.01312888,49.7280442,0.65266452,0.01312467,0.5417142966666539,2.108702889230754,3.724054559411765,0.01313918666666667,0.013073383846153839,0.013084542941176475
130,0.0131017,1553976000,0.01317097,0.0131,0.0131213,240.31657331,3.15392332,0.01312403,1.4973008733333206,1.7858702853846002,3.5342633817647062,0.013116420000000004,0.013075562307692301,0.01308375235294118
131,0.01304484,1553983200,0.01310871,0.01301881,0.0131,38.17176945,0.49886189,0.01306887,1.4351499099999874,1.193624496153831,3.4926670605882357,0.013088843333333338,0.01307904307692307,0.013078894705882357
132,0.01299,1553990400,0.01304697,0.01299,0.01303,670.25709743,8.70816666,0.01299227,4.120317289999988,1.8086267599999848,3.6959800758823533,0.01304551333333334,0.01307413384615384,0.013074740000000005
133,0.01299001,1553997600,0.0130288,0.01299,0.0130033,118.28762568,1.53719839,0.01299542,3.581408979999987,1.8733021776922922,3.6128212205882355,0.01300828333333334,0.01307305384615384,0.013071462647058827
134,0.0130875,1554004800,0.01309962,0.01299001,0.01299001,92.98826342,1.21330735,0.01304796,3.819557466666654,1.8784363146153693,3.6286165205882353,0.01302250333333334,0.013070943076923072,0.013070139705882356
135,0.01308008,1554012000,0.01309962,0.01304091,0.01306052,51.81296128,0.67682067,0.01306276,1.142442136666654,1.7610043953846,3.553650819117647,0.013052530000000007,0.013074099230769225,0.01306582323529412
136,0.01305311,1554019200,0.0131,0.01303926,0.0130761,72.66067909,0.95077475,0.01308513,0.9469675899999873,1.7029081069230616,3.535012158235294,0.013073563333333338,0.013079491538461534,0.013061797058823531
137,0.01312243,1554026400,0.01312243,0.01304407,0.01305323,23.89705232,0.31295427,0.01309593,0.6468498966666539,1.6073646207692154,3.525425505294118,0.01308520666666667,0.013088123076923074,0.01306145647058824
138,0.0132,1554033600,0.01321729,0.01310815,0.01310815,351.88931253,4.6422458,0.01319234,1.9686582733333209,1.8730828969230617,3.3802283164705886,0.013125180000000002,0.013093122307692303,0.013065425882352946
139,0.01320132,1554040800,0.01322,0.01318,0.01320132,250.7848684,3.31089851,0.01320214,2.755366193333321,2.048484192307677,3.399118597058824,0.013174583333333337,0.013099119230769226,0.013069582352941181
140,0.01371612,1554048000,0.01371612,0.013202,0.01320264,4057.48472886,54.62883948,0.01346372,20.860661263333323,6.228613106923062,4.825307715294119,0.013372480000000004,0.013141128461538457,0.013087703529411769
141,0.01354857,1554055200,0.0138,0.01349291,0.01372,1962.62386204,26.87533711,0.01369357,28.27169169999999,8.243230209230754,5.462662769117649,0.013488670000000003,0.013173513076923073,0.013101758235294123
142,0.01364,1554062400,0.01370612,0.0135266,0.01354857,198.2388988,2.69789747,0.01360932,28.06735801999999,8.400555820769215,5.512328137647059,0.013634896666666669,0.013213513846153843,0.013119849411764709
143,0.01369199,1554069600,0.01369199,0.01354208,0.01363939,527.25479822,7.17121917,0.01360105,12.24815124999999,8.709578578461523,5.57877311264706,0.013626853333333336,0.013258920769230766,0.013140921176470591
144,0.0136447,1554076800,0.01373279,0.01359391,0.01369198,1947.81128038,26.63977847,0.01367677,12.169631703333323,10.7204183153846,6.285801862352942,0.01365889666666667,0.013305063846153844,0.01315919117647059
145,0.01383986,1554084000,0.0138831,0.01364001,0.0136447,484.23869353,6.67246408,0.01377928,13.49448723999999,10.563825809230755,6.414163737941177,0.013725516666666672,0.01337043769230769,0.013185222058823533
146,0.01401,1554091200,0.01401,0.0138408,0.0138408,1157.64996971,16.14308758,0.0139447,16.48511004333332,11.687355746923062,6.767986969411765,0.013831520000000005,0.01344889846153846,0.01321462735294118
147,0.01401911,1554098400,0.01402429,0.01395802,0.01401,892.71014685,12.48549978,0.01398606,11.767017146666655,12.554447472307677,7.028504088529411,0.01395632333333334,0.013520560769230767,0.013244601176470592
148,0.01398,1554105600,0.01404,0.01393026,0.01402429,2491.05223065,34.75270176,0.01395101,21.12709637333332,15.175669094615369,7.617564678529411,0.014003036666666671,0.013589785384615381,0.013272340000000004
149,0.01393403,1554112800,0.01398837,0.01393,0.01398,1024.42867604,14.28699775,0.0139463,20.50839976333332,16.201532402307677,7.844518786764705,0.013977713333333338,0.013657548461538457,0.01329422941176471
150,0.01417164,1554120000,0.01417164,0.01388175,0.01393061,2398.64440297,33.57666516,0.01399818,27.538788223333324,18.76027939384614,8.480846381764705,0.01402855666666667,0.013738256923076921,0.013324147058823533
151,0.01391744,1554127200,0.0142,0.01384081,0.01417334,5314.70917765,74.2623921,0.01397299,40.70868500333332,24.11567526307691,10.448835938529411,0.014007703333333336,0.013793444615384613,0.013348972352941179
152,0.01406529,1554134400,0.01407862,0.01391744,0.01391744,5602.38745641,78.43839991,0.01400088,62.09248572333331,29.894713832307676,12.514728372647058,0.01405145666666667,0.013859903846153846,0.013380316470588238
153,0.01413341,1554141600,0.0143125,0.0140653,0.0140653,4430.63431787,62.9407375,0.0142058,71.88050983666665,30.53409060307691,14.34495191,0.014038713333333336,0.013892003076923077,0.013412069117647063
154,0.01431144,1554148800,0.01435,0.01415404,0.014155,781.43407167,11.12747193,0.0142398,50.83553644666665,29.322716358461527,14.651747615,0.014170046666666672,0.013950685384615386,0.013450521764705887
155,0.01447044,1554156000,0.01449004,0.01429505,0.01429505,526.13559695,7.58025465,0.01440741,27.21615469333332,29.6982822953846,14.840973823235293,0.014305096666666671,0.014014565384615386,0.01349038941176471
156,0.0146661,1554163200,0.01475999,0.01446068,0.0144735,1054.39512109,15.41392093,0.01461873,11.37388250333332,30.332336276923066,15.229517508823525,0.014482660000000007,0.014089496923076926,0.013538243823529415
157,0.01412993,1554170400,0.01468057,0.014125,0.01466546,560.79857964,8.04807235,0.01435109,10.347415976666653,28.902205036923064,15.416048269117642,0.014422156666666672,0.01412682230769231,0.013571976764705885
158,0.01331974,1554177600,0.01417615,0.01310307,0.01414157,6301.4187372,84.79087258,0.01345583,36.08428861999999,34.91131338307691,17.864161592352936,0.014038590000000004,0.014086813076923079,0.013581080294117651
159,0.01363864,1554184800,0.0136976,0.01328416,0.01328416,2315.97704514,31.38065752,0.01354964,41.406534149999985,36.083434147692294,18.752183630882346,0.013696103333333336,0.014058246923076926,0.013595892941176474
160,0.01360269,1554192000,0.01369303,0.01342,0.01363,669.88522154,9.10354629,0.01358971,41.758358796666656,35.82328387923076,18.98962082558823,0.01352035666666667,0.014026214615384617,0.013609990882352943
161,0.0137065,1554199200,0.0137065,0.013544,0.01360268,3441.36714173,46.93507931,0.01363849,29.139761039999993,36.760389844615375,20.3616183467647,0.013649276666666673,0.014005176153846157,0.013625770294117647
162,0.01395,1554206400,0.01395492,0.0137,0.0137,2325.88433155,32.22399684,0.01385451,29.42087414666666,38.140159005384604,21.289226642647055,0.013753063333333341,0.014006404615384617,0.013649959411764709
163,0.01363,1554213600,0.01398366,0.01360244,0.0139247,3069.93094585,42.38568512,0.01380672,40.51492042333333,38.8177759253846,22.516668424999995,0.013762166666666673,0.013964740000000002,0.013664959705882353
164,0.01385508,1554220800,0.01387999,0.01360083,0.01363,1123.9989423,15.51271155,0.01380135,30.040797836666666,34.298569729230756,22.880162196470582,0.013811693333333338,0.013959943076923078,0.013687117941176472
165,0.01398,1554228000,0.014,0.013786,0.01387026,1213.53499727,16.96183653,0.01397721,24.953411066666664,29.5696033153846,23.36436733294117,0.013821693333333338,0.013953382307692306,0.013714622647058824
166,0.01405217,1554235200,0.01407999,0.0138,0.013989,1936.15701118,27.06705883,0.01397978,19.84720230333333,26.810089571538448,23.90433474970588,0.013962416666666672,0.013947133076923076,0.013745862941176471
167,0.01415999,1554242400,0.01431009,0.0140429,0.01405217,4089.83724589,58.0694561,0.01419847,34.03278381999999,30.421011430769212,25.567048211764703,0.014064053333333338,0.013935483076923076,0.013780274117647059
168,0.01394988,1554249600,0.0142,0.0138,0.01419663,3899.01544391,54.57953206,0.01399828,46.572015663333325,34.03634046230768,27.136643056176467,0.014054013333333337,0.013895439999999998,0.01380563823529412
169,0.01413905,1554256800,0.0142356,0.0138747,0.01393061,797.91724622,11.25679289,0.01410771,41.30192701666666,33.716561382307674,27.44781870970588,0.014082973333333337,0.01385489769230769,0.013836784411764709
170,0.01395,1554264000,0.01416046,0.01381251,0.01416046,1015.18819961,14.17985836,0.01396771,26.672061103333323,34.18823722923076,27.836909404117645,0.014012976666666671,0.01384105692307692,0.013863163529411767
171,0.01409047,1554271200,0.0141457,0.0139,0.01395,197.88123788,2.77473915,0.01402224,9.403796799999993,27.87930388846153,27.909314841764704,0.014059840000000006,0.013900343846153842,0.01389163529411765
172,0.01398572,1554278400,0.01413263,0.01398542,0.01413262,441.0576936,6.19120349,0.01403717,7.715266999999993,25.94165357846153,27.954872420882353,0.014008730000000006,0.013927042307692305,0.013914744705882356
173,0.01406621,1554285600,0.01410999,0.01398558,0.01398573,851.1178979,11.9737138,0.01406821,6.979885479999992,26.162435694615375,28.209661105882354,0.014047466666666675,0.013962697692307688,0.013940182647058827
174,0.01395079,1554292800,0.01408774,0.01390646,0.01405601,500.67935468,6.99368995,0.0139684,8.386202413333326,23.090021128461526,26.808627296176468,0.014000906666666674,0.013981489230769225,0.013947084705882356
175,0.01397195,1554300000,0.01399598,0.0139,0.013953,312.71289887,4.36071838,0.01394479,7.776040709999992,20.946692016153836,26.146432627647055,0.013996316666666673,0.013983177692307688,0.013959537058823534
176,0.01385023,1554307200,0.01397195,0.01380454,0.0139435,1394.73735784,19.34790443,0.01387207,10.234104253333326,19.174555039999987,26.63613871470588,0.013924323333333337,0.014000118461538456,0.013965720294117651
177,0.01381,1554314400,0.01386326,0.01361146,0.013839,1528.04746624,20.91277541,0.01368594,14.873799406666658,19.589944567692292,27.04030213352941,0.013877393333333337,0.013996650769230764,0.013969191176470594
178,0.01372857,1554321600,0.01390155,0.0136,0.01381818,1350.34316852,18.51406699,0.01371063,19.59158227666666,19.70934691076922,26.80131061941176,0.013796266666666673,0.013977309999999995,0.013971657941176475
179,0.01330204,1554328800,0.01371875,0.01292725,0.01370612,5173.78241283,68.07158394,0.01315702,35.83280877999999,22.863541149999985,28.607167085882345,0.013613536666666674,0.013919607692307686,0.013955839705882359
180,0.013085,1554336000,0.01332448,0.0130476,0.01330204,1201.76705539,15.81620828,0.01316079,34.13395307,19.613291317692294,28.59755298882352,0.013371870000000008,0.013836916153846147,0.013928633823529418
181,0.01312245,1554343200,0.01316,0.01305274,0.013085,477.17084666,6.25900561,0.0131169,30.048932609999994,15.896327744615373,28.41442080735293,0.013169830000000007,0.013773267692307687,0.013902261470588241
182,0.01326,1554350400,0.01326,0.01310634,0.01312245,407.96550831,5.38244609,0.01319338,9.152553326666663,15.444454913846142,27.550589758235283,0.013155816666666674,0.013705648461538454,0.013881085000000005
183,0.01312244,1554357600,0.01326999,0.0130804,0.01326,990.46028657,13.10106242,0.01322724,8.247504706666662,15.36147061076922,27.515709307352928,0.013168296666666674,0.013641989999999994,0.01385721470588236
184,0.01315,1554364800,0.01330824,0.01310001,0.01312244,877.87975203,11.58686205,0.01319868,10.02345685333333,16.03932621846153,26.868950392352932,0.013177480000000007,0.013569646153846149,0.013827166470588242
185,0.01317001,1554372000,0.01318707,0.01306546,0.01315,1260.44394831,16.51691522,0.01310404,13.73494656333333,16.833611736153838,25.1705540135294,0.013147483333333342,0.013506899230769226,0.013805183235294125
186,0.01311036,1554379200,0.01317983,0.01307,0.01317,613.22078505,8.0364513,0.01310531,12.046742856666661,16.530745389999993,23.09990846617646,0.013143456666666676,0.013433372307692303,0.013777097058823535
187,0.01317022,1554386400,0.01320999,0.01311,0.01311241,371.54335805,4.88855789,0.01315743,9.813974803333329,16.368812154615377,21.392491418823518,0.013150196666666676,0.013373328461538457,0.013748767941176477
188,0.01292,1554393600,0.01317111,0.01290729,0.01317111,952.2142943,12.37832491,0.01299951,8.434444699999995,16.98555111846153,21.42928121235293,0.013066860000000008,0.013292409230769225,0.013707843235294124
189,0.01287556,1554400800,0.01296972,0.01284491,0.01293653,555.77598321,7.17196994,0.01290442,8.146284246666662,16.048940773076914,21.4172728385294,0.012988593333333341,0.013217434615384611,0.013660935000000006
190,0.0129204,1554408000,0.01294285,0.0128449,0.01287557,874.93291352,11.27092622,0.01288204,10.273740356666659,15.307260066153837,21.295420052941164,0.012905320000000007,0.013149003846153843,0.013609590882352947
191,0.01298476,1554415200,0.01301,0.0129204,0.01292041,539.17221818,6.99791285,0.01297899,8.480269669999993,14.421402055384608,21.26453300882352,0.012926906666666673,0.01309178769230769,0.013575909411764711
192,0.01305248,1554422400,0.0131239,0.0129805,0.01298334,674.53487263,8.82545763,0.01308376,9.031432233333325,9.864007723846145,19.0302560985294,0.012985880000000005,0.013072590769230768,0.013568048823529416
193,0.01303266,1554429600,0.0130573,0.0129613,0.0130446,276.99932638,3.60190099,0.01300328,6.475090489999992,8.924445624615375,18.213233847647047,0.013023300000000007,0.013068564615384616,0.013550225882352945
194,0.0131674,1554436800,0.0132261,0.0130102,0.01303265,2557.36502913,33.54791756,0.01311815,15.325092059999994,11.023592697692298,18.932185943823512,0.013084180000000006,0.013072022307692307,0.01353742323529412
195,0.01324261,1554444000,0.01325,0.01310508,0.01316735,547.95190056,7.22685067,0.01318884,14.792223073333325,11.165469973076913,17.764296866176455,0.013147556666666673,0.013070684615384614,0.013523779411764707
196,0.01361995,1554451200,0.01365,0.01324,0.01325,2440.01617511,33.03665545,0.01353952,24.603807893333325,12.698977129230759,17.788198589999983,0.013343320000000006,0.013108954615384612,0.013514072058823531
197,0.01358007,1554458400,0.01376318,0.01352123,0.01361995,1434.74597765,19.60861095,0.01366695,19.957372356666657,13.316034736923067,17.11828464382351,0.013480876666666674,0.01314203692307692,0.013512603529411766
198,0.01364015,1554465600,0.01369299,0.01356007,0.01359387,267.28832532,3.64707305,0.01364471,18.764113149999993,12.326046877692297,16.769295276176454,0.013613390000000008,0.013178201538461535,0.01350628205882353
199,0.01347501,1554472800,0.01368307,0.01347501,0.01364212,583.23504346,7.92379284,0.01358593,10.39315894666666,12.317380842307681,16.503470461764692,0.013565076666666676,0.013206251538461536,0.013491429411764708
200,0.01347332,1554480000,0.01354896,0.0134701,0.01348,578.37286954,7.80789106,0.01349975,6.459585649999994,12.541944932307683,15.93702435088234,0.013529493333333342,0.01322956692307692,0.01347440441176471
201,0.01355903,1554487200,0.01358,0.01347,0.0134701,366.50162816,4.96049365,0.01353471,6.8973925166666605,11.971342527692297,14.374996043529396,0.01350245333333334,0.013278723076923075,0.013456729117647063
202,0.01364571,1554494400,0.01371935,0.01356717,0.01357465,602.11725372,8.22557828,0.01366109,6.997987663333327,12.052389323076913,13.01164446176469,0.013559353333333338,0.013337965384615383,0.013447782941176474
203,0.01379,1554501600,0.01379,0.01357802,0.01365015,816.91631274,11.17517257,0.0136797,8.12041483333333,12.045023657692298,13.009243864117632,0.013664913333333339,0.013404857692307691,0.013437516764705885
204,0.01393002,1554508800,0.01394,0.013764,0.01378997,1018.88746588,14.12802838,0.01386613,11.176259743333327,12.593494083076912,13.00771945294116,0.013788576666666672,0.013477569999999996,0.01343692911764706
205,0.01379453,1554516000,0.01394,0.01379453,0.01393002,954.50335948,13.23312283,0.01386388,12.845441259999994,12.93254525230768,13.31531897294116,0.013838183333333339,0.013534650769230765,0.013428225000000002
206,0.01375022,1554523200,0.0138097,0.01373,0.01379453,714.15222651,9.82757783,0.01376118,12.396243013333327,13.41144347076922,13.422271159411748,0.013824923333333341,0.013589847692307689,0.013421298529411766
207,0.01366174,1554530400,0.01377346,0.01364186,0.01377,384.44213698,5.26181591,0.01368688,9.440838856666662,11.235589497692295,13.224862397941159,0.013735496666666673,0.013627873846153844,0.013409402352941177
208,0.01366122,1554537600,0.01370602,0.01352845,0.01369028,351.03446104,4.78009493,0.01361716,6.623162889999996,11.047377517692295,13.159756662058808,0.013691060000000007,0.013660074615384614,0.013400885588235293
209,0.01348163,1554544800,0.01367127,0.01346098,0.01365176,1103.16032097,14.91602605,0.01352117,8.319312296666663,9.653482948461527,13.470206887647043,0.013601530000000008,0.013649434615384613,0.013386464411764706
210,0.01360282,1554552000,0.01361,0.01348163,0.01348163,263.17462794,3.57169946,0.01357159,7.7559401466666635,8.41987437230768,13.006200859117632,0.013581890000000008,0.013651184615384613,0.013379187647058824
211,0.013645,1554559200,0.01368,0.01360281,0.01360297,883.57817801,12.04301941,0.01362982,10.17691497333333,9.065716399999987,12.745325682647044,0.01357648333333334,0.01365155769230769,0.013374334705882354
212,0.0133596,1554566400,0.01367996,0.01325007,0.01367996,3052.97364924,40.9470773,0.01341219,18.853932056666665,11.605969050769216,13.405120103529397,0.013535806666666672,0.013642679999999997,0.013363482647058824
213,0.0133592,1554573600,0.01340448,0.01335,0.01338394,460.59459222,6.1604739,0.01337504,19.716856869999997,11.47924465384614,11.584205102352925,0.013454600000000006,0.013633901538461533,0.013365163823529412
214,0.01343,1554580800,0.01348661,0.013333,0.01336727,444.52029824,5.95053889,0.01338642,17.686030029999998,11.555401979999987,11.29403835558822,0.01338293333333334,0.013623976153846149,0.013375310882352942
215,0.01349974,1554588000,0.01349974,0.01339445,0.01340118,23.63868387,0.31872553,0.01348321,4.143246106666666,10.947182537692292,11.119324235588222,0.013429646666666675,0.013612747692307688,0.013386407647058824
216,0.01345068,1554595200,0.0134998,0.01345068,0.01346418,12.14491064,0.1637678,0.01348447,2.144344073333333,10.100151401538445,10.965833697647046,0.013460140000000008,0.013586646153846148,0.013392015882352941
217,0.01337987,1554602400,0.01347432,0.01335911,0.01345068,109.9831182,1.47555024,0.01341615,0.6526811899999995,9.126883852307675,10.623906868823516,0.013443430000000008,0.013544326923076918,0.013399587352941177
218,0.01345373,1554609600,0.01346988,0.01336395,0.01339183,106.83983739,1.43323048,0.01341475,1.0241828399999993,8.2191998253846,10.32527064617646,0.013428093333333344,0.013518111538461533,0.013408520588235294
219,0.0134975,1554616800,0.0135,0.01343,0.01345373,90.55133679,1.21892422,0.01346114,1.375901646666666,7.556995701538446,9.875329734411753,0.013443700000000012,0.013498671538461533,0.013418152647058824
220,0.0135041,1554624000,0.01353363,0.01349003,0.01349875,68.45700987,0.92544589,0.01351864,1.1925335299999993,7.223428776923062,9.666182516470577,0.01348511000000001,0.013486545384615377,0.013429733235294119
221,0.01347001,1554631200,0.01353,0.01347,0.0135041,11.09958286,0.14979031,0.01349513,0.7647201399999993,6.867251498461523,9.526806999411754,0.013490536666666678,0.013471836923076916,0.013438550588235294
222,0.0134312,1554638400,0.01347001,0.0134312,0.01347001,174.16308537,2.34114901,0.01344228,1.1387950699999994,5.899953264615369,9.231595943529399,0.013468436666666679,0.013467957692307686,0.013453585882352941
223,0.01336622,1554645600,0.01346,0.0133647,0.01345917,133.20253713,1.78679479,0.01341411,1.4259113699999995,5.762652905384599,9.073208439117636,0.013422476666666678,0.013449757692307688,0.013468017058823528
224,0.01345999,1554652800,0.01346,0.01333299,0.01336625,281.21838897,3.76291404,0.01338075,2.630285946666666,5.125721723076907,8.852384551470577,0.013419136666666678,0.01343552615384615,0.013483887352941175
225,0.01348704,1554660000,0.01353,0.01343675,0.01344102,596.17253207,8.02790281,0.01346573,4.525870546666666,2.593477531538446,8.882678373823518,0.013437750000000012,0.013445329230769227,0.013498660294117646
226,0.01342399,1554667200,0.01348893,0.01331,0.01348893,282.29552194,3.77164484,0.01336062,5.1874872299999994,2.4097214499999846,8.73403682117646,0.013457006666666679,0.013450313076923074,0.01350958705882353
227,0.01344351,1554674400,0.01347,0.01339184,0.01343,570.47696257,7.66806021,0.01344148,6.48920262,2.5418384746153695,8.853629739411755,0.013451513333333345,0.013451352307692305,0.01352167088235294
228,0.01339183,1554681600,0.01361625,0.01338084,0.01344244,1668.20098641,22.53392404,0.01350791,11.324543030000001,4.250699898461523,8.529688753529403,0.01341977666666668,0.013443051538461535,0.013528271764705882
229,0.01355,1554688800,0.01355,0.01334694,0.0133866,101.09972741,1.36059212,0.01345792,10.52085879,4.342763307692293,8.357151737352932,0.013461780000000012,0.013450691538461537,0.013537312647058824
230,0.01370375,1554696000,0.01371652,0.01348163,0.0135366,352.95014582,4.79837103,0.01359503,9.56429573,4.598364906923061,7.526613960294108,0.013548526666666678,0.013475605384615381,0.013539777352941177
231,0.01365999,1554703200,0.01375,0.01357,0.01370378,264.04376458,3.59759264,0.01362498,3.2521852633333346,4.764854303846139,7.055701657058814,0.013637913333333347,0.013491471538461537,0.013542127941176471
232,0.01370605,1554710400,0.01375,0.01365999,0.01365999,452.6647417,6.21223079,0.01372369,4.869398153333335,5.148954809230753,7.1311474729411675,0.013689930000000012,0.013507513846153844,0.01354406617647059
233,0.01343673,1554717600,0.01370514,0.01343673,0.01370514,1217.08559881,16.57451549,0.0136182,8.794779640000002,6.352729393846137,7.385580492058814,0.013600923333333346,0.013502331538461539,0.013542940294117648
234,0.01347832,1554724800,0.01359787,0.01337,0.01343673,457.64557948,6.19021262,0.01352621,9.6589863,6.8173772638461365,7.338001714411755,0.013540366666666678,0.013502970769230767,0.013543087352941177
235,0.01345403,1554732000,0.01349573,0.01342241,0.01347833,237.30469506,3.1927064,0.01345403,8.652478170000002,6.882881678461522,7.286007971764697,0.013456360000000013,0.013504726923076922,0.013539999117647061
236,0.01343001,1554739200,0.01352,0.01343,0.01348163,295.37334386,3.97757581,0.01346626,4.453498276666669,7.051403295384599,7.161066722647049,0.013454120000000012,0.013509633846153843,0.013533655000000002
237,0.01341109,1554746400,0.01348155,0.01341109,0.01345918,105.856323,1.42267845,0.01343971,2.864320220000002,6.8713851730769075,6.874228660294108,0.013431710000000012,0.013505872307692306,0.013522510588235295
238,0.01336268,1554753600,0.01342903,0.01332368,0.01341109,746.65646454,9.98181391,0.01336868,5.1273560566666685,7.021686026923062,6.752281175882343,0.013401260000000012,0.01349630615384615,0.013505824117647062
239,0.01345957,1554760800,0.01352499,0.01333297,0.01334693,1290.48780387,17.23965148,0.01335901,9.548047946666667,8.057686537692293,6.8701202538235195,0.013411113333333348,0.013499043076923074,0.01349597235294118
240,0.01332368,1554768000,0.01354,0.01332368,0.01346049,737.54044321,9.87440488,0.01338828,12.36529009,8.227405358461523,6.8714975199999895,0.013381976666666679,0.013489825384615382,0.013483427058823534
241,0.0131968,1554775200,0.01332368,0.0131,0.01332368,3218.11729093,42.46098175,0.01319435,23.191679370000003,9.760255951538447,7.965590632941167,0.013326683333333346,0.013474823076923076,0.013469752352941181
242,0.01311547,1554782400,0.0132698,0.01310747,0.01319696,243.45456476,3.21385538,0.01320104,18.516414003333335,9.902814663846138,7.919524763823519,0.013211983333333344,0.01344139769230769,0.013453700882352947
243,0.01316736,1554789600,0.0132121,0.01310019,0.01311533,88.06291775,1.15942868,0.01316591,15.611421936666668,9.622896021538445,7.51491895882352,0.01315987666666668,0.01340013692307692,0.01344445764705883
244,0.01320053,1554796800,0.01322,0.01316813,0.01316813,135.20866118,1.78610089,0.01320995,2.0531283166666676,9.483550502307676,7.462401353823519,0.013161120000000012,0.013364793846153843,0.0134326255882353
245,0.01335675,1554804000,0.0133622,0.01319051,0.01319608,440.49330507,5.84492036,0.01326903,2.9301499766666677,9.455295853846136,7.280104322941166,0.013241546666666678,0.013337924615384612,0.01342414764705883
246,0.01331603,1554811200,0.01338999,0.01326001,0.01335588,163.73740877,2.18003864,0.01331423,3.2703532966666677,8.348028403846136,6.139897303529402,0.013291103333333346,0.013328639999999996,0.013422866176470594
247,0.01323666,1554818400,0.01335996,0.01323666,0.01334642,283.65091564,3.76084364,0.0132587,3.928600880000001,8.16115386692306,6.069319942941166,0.013303146666666677,0.013310050769230768,0.013419262058823534
248,0.01321791,1554825600,0.01327876,0.01319383,0.01323701,501.35979186,6.62779469,0.01321963,4.189558990000001,8.425391427692292,6.08923923117646,0.013256866666666678,0.013291887692307689,0.013413024117647065
249,0.01307319,1554832800,0.01322883,0.01305512,0.01321791,574.46507547,7.54347662,0.0131313,5.977371650000001,8.699691489999982,6.301731910294108,0.01317592000000001,0.013264439999999999,0.013400478529411772
250,0.01314558,1554840000,0.0131786,0.01307319,0.01307319,91.07141598,1.19593816,0.01313187,5.1224031566666675,8.682249929230752,6.332089862058814,0.01314556000000001,0.013244016153846154,0.013391505000000007
251,0.01314733,1554847200,0.01317875,0.0131171,0.01314671,156.49705211,2.05679189,0.01314268,3.5987355566666674,8.072632850769212,6.349185204705873,0.013122033333333344,0.013227450769230771,0.0133846655882353
252,0.01313419,1554854400,0.01314733,0.01313419,0.01314733,18.65405427,0.24525099,0.01314732,1.1659936800000008,6.765371274615367,6.314244631470579,0.013142366666666678,0.013202421538461538,0.013375267352941183
