,close,date,high,low,open,quoteVolume,volume,weightedAverage,avg_vol_3,avg_vol_13,avg_vol_34,avg_close_3,avg_close_13,avg_close_34
0,1.163e-05,1543183200,1.176e-05,1.154e-05,1.159e-05,10004.33486454,0.11686499,1.168e-05,-99999.0,-99999.0,-99999.0,-99999.0,-99999.0,-99999.0
1,1.171e-05,1543190400,1.171e-05,1.158e-05,1.168e-05,5192.94320946,0.0605515,1.166e-05,-99999.0,-99999.0,-99999.0,-99999.0,-99999.0,-99999.0
2,1.161e-05,1543197600,1.161e-05,1.143e-05,1.16e-05,107330.16307561,1.2324269,1.148e-05,0.4699477966666667,-99999.0,-99999.0,1.165e-05,-99999.0,-99999.0
3,1.227e-05,1543204800,1.227e-05,1.16e-05,1.161e-05,113640.61584001,1.34912892,1.187e-05,0.88070244,-99999.0,-99999.0,1.1863333333333332e-05,-99999.0,-99999.0
4,1.213e-05,1543212000,1.25e-05,1.204e-05,1.228e-05,54340.8889423,0.6642002,1.222e-05,1.0819186733333332,-99999.0,-99999.0,1.2003333333333332e-05,-99999.0,-99999.0
5,1.21e-05,1543219200,1.231e-05,1.206e-05,1.219e-05,43863.33395781,0.53405055,1.217e-05,0.8491265566666666,-99999.0,-99999.0,1.2166666666666667e-05,-99999.0,-99999.0
6,1.212e-05,1543226400,1.217e-05,1.204e-05,1.216e-05,9861.29586868,0.1194838,1.211e-05,0.43924484999999985,-99999.0,-99999.0,1.2116666666666667e-05,-99999.0,-99999.0
7,1.274e-05,1543233600,1.291e-05,1.203e-05,1.211e-05,45435.36357719,0.56790471,1.249e-05,0.4071463533333332,-99999.0,-99999.0,1.2320000000000002e-05,-99999.0,-99999.0
8,1.222e-05,1543240800,1.271e-05,1.208e-05,1.271e-05,100595.88016959,1.24428438,1.236e-05,0.6438909633333333,-99999.0,-99999.0,1.2360000000000002e-05,-99999.0,-99999.0
9,1.19e-05,1543248000,1.225e-05,1.181e-05,1.225e-05,187131.94141128,2.25185342,1.203e-05,1.3546808366666665,-99999.0,-99999.0,1.2286666666666667e-05,-99999.0,-99999.0
10,1.258e-05,1543255200,1.266e-05,1.19e-05,1.19e-05,31092.36112239,0.38546097,1.239e-05,1.2938662566666663,-99999.0,-99999.0,1.2233333333333332e-05,-99999.0,-99999.0
11,1.214e-05,1543262400,1.26e-05,1.199e-05,1.26e-05,26486.98008487,0.32164936,1.214e-05,0.9863212499999996,-99999.0,-99999.0,1.2206666666666666e-05,-99999.0,-99999.0
12,1.242e-05,1543269600,1.256e-05,1.199e-05,1.205e-05,33493.5842807,0.41586736,1.241e-05,0.3743258966666662,0.7125943892307693,-99999.0,1.238e-05,1.212076923076923e-05,-99999.0
13,1.239e-05,1543276800,1.259e-05,1.239e-05,1.242e-05,10391.50895564,0.13057638,1.256e-05,0.28936436666666615,0.7136491115384617,-99999.0,1.2316666666666668e-05,1.217923076923077e-05,-99999.0
14,1.246e-05,1543284000,1.253e-05,1.24e-05,1.24e-05,8149.16432608,0.10144266,1.244e-05,0.21596213333333283,0.7167945853846155,-99999.0,1.2423333333333334e-05,1.2236923076923078e-05,-99999.0
15,1.258e-05,1543291200,1.258e-05,1.237e-05,1.24e-05,17938.95742036,0.22360754,1.246e-05,0.15187552666666618,0.6391930961538462,-99999.0,1.2476666666666667e-05,1.231153846153846e-05,-99999.0
16,1.244e-05,1543298400,1.247e-05,1.24e-05,1.247e-05,554.7744297,0.00689258,1.242e-05,0.11064759333333285,0.535944146923077,-99999.0,1.2493333333333331e-05,1.2324615384615386e-05,-99999.0
17,1.265e-05,1543305600,1.265e-05,1.244e-05,1.246e-05,47513.27681486,0.59474225,1.251e-05,0.2750807899999995,0.5306012276923078,-99999.0,1.2556666666666666e-05,1.2364615384615386e-05,-99999.0
18,1.239e-05,1543312800,1.269e-05,1.239e-05,1.268e-05,9907.49429987,0.12326842,1.244e-05,0.24163441666666619,0.49900260230769244,-99999.0,1.2493333333333333e-05,1.2386923076923078e-05,-99999.0
19,1.24e-05,1543320000,1.259e-05,1.238e-05,1.238e-05,3346.5992664,0.041731,1.246e-05,0.2532472233333328,0.4930216176923078,-99999.0,1.2480000000000002e-05,1.240846153846154e-05,-99999.0
20,1.25e-05,1543327200,1.279e-05,1.229e-05,1.239e-05,73472.71967862,0.91722025,1.248e-05,0.36073988999999945,0.519892043846154,-99999.0,1.2430000000000001e-05,1.2390000000000002e-05,-99999.0
21,1.217e-05,1543334400,1.251e-05,1.2e-05,1.25e-05,275500.36242514,3.35434415,1.217e-05,1.4377651333333328,0.682204333846154,-99999.0,1.2356666666666668e-05,1.2386153846153849e-05,-99999.0
22,1.231e-05,1543341600,1.244e-05,1.227e-05,1.227e-05,27618.08810064,0.34065976,1.233e-05,1.5374080533333327,0.535189436923077,-99999.0,1.2326666666666667e-05,1.241769230769231e-05,-99999.0
23,1.246e-05,1543348800,1.246e-05,1.23e-05,1.24e-05,8148.75244312,0.10106038,1.24e-05,1.2653547633333329,0.5133124684615384,-99999.0,1.2313333333333335e-05,1.2408461538461541e-05,-99999.0
24,1.273e-05,1543356000,1.278e-05,1.244e-05,1.244e-05,8938.66147763,0.11281418,1.262e-05,0.1848447733333328,0.49724822384615386,-99999.0,1.25e-05,1.2453846153846156e-05,-99999.0
25,1.411e-05,1543363200,1.437e-05,1.276e-05,1.276e-05,615122.67566528,8.44573585,1.373e-05,2.886536803333333,1.1149304153846153,-99999.0,1.31e-05,1.2583846153846158e-05,-99999.0
26,1.381e-05,1543370400,1.411e-05,1.367e-05,1.411e-05,45834.86425479,0.63310608,1.381e-05,3.0638853699999995,1.153586546153846,-99999.0,1.3549999999999999e-05,1.2693076923076927e-05,-99999.0
27,1.329e-05,1543377600,1.389e-05,1.315e-05,1.381e-05,31210.05823491,0.41923664,1.343e-05,3.166026189999999,1.1780322369230767,-99999.0,1.3736666666666667e-05,1.2756923076923081e-05,-99999.0
28,1.335e-05,1543384800,1.344e-05,1.319e-05,1.33e-05,85385.34132863,1.13863052,1.333e-05,0.7303244133333321,1.2484186199999998,-99999.0,1.3483333333333334e-05,1.2816153846153852e-05,-99999.0
29,1.336e-05,1543392000,1.356e-05,1.336e-05,1.342e-05,14501.84225359,0.19537851,1.347e-05,0.5844152233333321,1.2629175376923076,-99999.0,1.3333333333333335e-05,1.288692307692308e-05,-99999.0
30,1.38e-05,1543399200,1.399e-05,1.336e-05,1.336e-05,63281.31226955,0.8702662,1.375e-05,0.7347584099999988,1.2841116876923075,-99999.0,1.3503333333333335e-05,1.2975384615384619e-05,-99999.0
31,1.375e-05,1543406400,1.394e-05,1.347e-05,1.38e-05,45021.48318724,0.61892137,1.374e-05,0.5615220266666655,1.3222388376923075,-99999.0,1.363666666666667e-05,1.3080000000000004e-05,-99999.0
32,1.356e-05,1543413600,1.379e-05,1.355e-05,1.379e-05,13575.27193775,0.18485099,1.361e-05,0.5580128533333322,1.3332480676923077,-99999.0,1.3703333333333335e-05,1.3169230769230772e-05,-99999.0
33,1.36e-05,1543420800,1.371e-05,1.351e-05,1.365e-05,40245.9147749,0.54855453,1.363e-05,0.4507756299999988,1.3048891661538464,0.8343166852941178,1.3636666666666666e-05,1.3253846153846156e-05,1.2637647058823532e-05
34,1.36e-05,1543428000,1.361e-05,1.346e-05,1.36e-05,25419.98291311,0.34516484,1.357e-05,0.3595234533333322,1.0734138346153848,0.841031386764706,1.3586666666666665e-05,1.3363846153846157e-05,1.2695588235294121e-05
35,1.339e-05,1543435200,1.359e-05,1.339e-05,1.351e-05,25300.74668092,0.34071932,1.346e-05,0.4114795633333322,1.0734184161538463,0.8492716167647061,1.353e-05,1.344692307692308e-05,1.2745000000000002e-05
36,1.385e-05,1543442400,1.385e-05,1.323e-05,1.339e-05,62871.4602348,0.84603889,1.345e-05,0.5106410166666655,1.1307244553846156,0.837907263529412,1.3613333333333332e-05,1.3553846153846159e-05,1.2810882352941179e-05
37,1.339e-05,1543449600,1.374e-05,1.333e-05,1.374e-05,128817.14428454,1.7276757,1.341e-05,0.971477969999999,1.2549445723076924,0.8490409923529413,1.3543333333333331e-05,1.3604615384615389e-05,1.2843823529411767e-05
38,1.325e-05,1543456800,1.338e-05,1.322e-05,1.338e-05,2855.03979297,0.03803657,1.332e-05,0.8705837199999991,0.6081984738461538,0.8306244150000001,1.3496666666666664e-05,1.3538461538461542e-05,1.2876764705882357e-05
39,1.347e-05,1543464000,1.358e-05,1.316e-05,1.326e-05,87425.86597863,1.17308603,1.341e-05,0.9795994333333323,0.6497353930769231,0.8494195761764707,1.3369999999999997e-05,1.3512307692307695e-05,1.2917058823529415e-05
40,1.325e-05,1543471200,1.347e-05,1.325e-05,1.347e-05,13865.83475947,0.18509394,1.334e-05,0.4654055133333324,0.6317244161538462,0.8513492861764708,1.332333333333333e-05,1.3509230769230772e-05,1.2950294117647063e-05
41,1.319e-05,1543478400,1.33e-05,1.319e-05,1.33e-05,5621.21623838,0.07457055,1.326e-05,0.47758350666666577,0.5498736492307693,0.8368394579411766,1.330333333333333e-05,1.349692307692308e-05,1.296352941176471e-05
42,1.305e-05,1543485600,1.322e-05,1.303e-05,1.32e-05,8270.63002791,0.1085763,1.312e-05,0.1227469299999991,0.5431965561538463,0.8034362791176471,1.316333333333333e-05,1.3473076923076925e-05,1.2987941176470592e-05
43,1.29e-05,1543492800,1.323e-05,1.29e-05,1.306e-05,35231.57213367,0.45654703,1.295e-05,0.21323129333333246,0.5113720046153848,0.7506331500000001,1.3046666666666665e-05,1.3403846153846155e-05,1.3017352941176474e-05
44,1.311e-05,1543500000,1.322e-05,1.29e-05,1.29e-05,6523.43619392,0.08488822,1.301e-05,0.21667051666666579,0.47029253153846173,0.7417927750000001,1.3019999999999999e-05,1.3354615384615383e-05,1.303294117647059e-05
45,1.323e-05,1543507200,1.323e-05,1.307e-05,1.309e-05,20897.00878714,0.27395313,1.31e-05,0.2717961266666658,0.47714654230769243,0.7403899447058825,1.3079999999999998e-05,1.3329230769230769e-05,1.3065000000000001e-05
46,1.298e-05,1543514400,1.332e-05,1.298e-05,1.312e-05,30988.10052594,0.40797536,1.316e-05,0.25560556999999906,0.4663327600000002,0.7401578270588236,1.3106666666666666e-05,1.328153846153846e-05,1.3081470588235296e-05
47,1.298e-05,1543521600,1.317e-05,1.298e-05,1.308e-05,25470.22735895,0.33157158,1.301e-05,0.33783335666666575,0.4652871246153848,0.7460694505882353,1.3063333333333332e-05,1.3233846153846153e-05,1.3098823529411767e-05
48,1.305e-05,1543528800,1.309e-05,1.292e-05,1.3e-05,7459.60215311,0.09743076,1.306e-05,0.2789925666666657,0.4465726200000002,0.7459514535294118,1.3003333333333331e-05,1.3207692307692306e-05,1.3116176470588238e-05
49,1.298e-05,1543536000,1.33e-05,1.298e-05,1.305e-05,29159.89593009,0.38283961,1.312e-05,0.27061398333333236,0.41094190615384635,0.7506347497058824,1.3003333333333331e-05,1.3140769230769227e-05,1.312794117647059e-05
50,1.288e-05,1543543200,1.311e-05,1.271e-05,1.308e-05,59296.17957436,0.7611391,1.283e-05,0.41380315666666573,0.3365929369230771,0.7728184708823531,1.2969999999999998e-05,1.3101538461538458e-05,1.314088235294118e-05
51,1.292e-05,1543550400,1.315e-05,1.279e-05,1.286e-05,20289.46740864,0.26257881,1.294e-05,0.4688525066666657,0.35386541692307716,0.7630489579411767,1.2926666666666664e-05,1.3076153846153844e-05,1.3148823529411767e-05
52,1.282e-05,1543557600,1.311e-05,1.272e-05,1.292e-05,29733.46636019,0.38369224,1.29e-05,0.46913671666666573,0.29314281769230793,0.7707084820588237,1.2873333333333331e-05,1.3026153846153844e-05,1.3161470588235295e-05
53,1.275e-05,1543564800,1.312e-05,1.234e-05,1.281e-05,77171.66215699,0.97841499,1.267e-05,0.5415620133333324,0.3541675138461541,0.7982580111764709,1.2829999999999997e-05,1.2987692307692307e-05,1.3171764705882355e-05
54,1.232e-05,1543572000,1.277e-05,1.213e-05,1.277e-05,35631.73691266,0.44130042,1.238e-05,0.6011358833333325,0.3823775038461541,0.7842603691176473,1.263e-05,1.292076923076923e-05,1.3166470588235298e-05
55,1.261e-05,1543579200,1.261e-05,1.209e-05,1.221e-05,27594.80727143,0.34039163,1.233e-05,0.5867023466666658,0.40020945230769256,0.6956147067647062,1.2559999999999997e-05,1.2886923076923077e-05,1.3179411764705886e-05
56,1.279e-05,1543586400,1.322e-05,1.263e-05,1.263e-05,84667.36996539,1.10498579,1.305e-05,0.6288926133333325,0.4500893569230771,0.7180948841176473,1.257333333333333e-05,1.2878461538461539e-05,1.3193529411764707e-05
57,1.279e-05,1543593600,1.285e-05,1.27e-05,1.284e-05,10480.83078102,0.13368616,1.275e-05,0.5263545266666657,0.4538430446153848,0.7190544658823532,1.2729999999999995e-05,1.2853846153846153e-05,1.3203235294117649e-05
58,1.286e-05,1543600800,1.286e-05,1.285e-05,1.285e-05,272.1147,0.0034976,1.285e-05,0.41405651666666565,0.4330387730769233,0.7158392723529414,1.281333333333333e-05,1.2825384615384615e-05,1.3207058823529414e-05
59,1.282e-05,1543608000,1.296e-05,1.282e-05,1.286e-05,29189.77518892,0.37775262,1.294e-05,0.17164545999999903,0.43071394692307713,0.4785456479411766,1.2823333333333331e-05,1.2813076923076923e-05,1.3169117647058825e-05
60,1.276e-05,1543615200,1.286e-05,1.274e-05,1.281e-05,3794.97486593,0.04869125,1.283e-05,0.14331382333333234,0.4089539215384618,0.46135697647058843,1.2813333333333333e-05,1.2796153846153847e-05,1.3138235294117647e-05
61,1.298e-05,1543622400,1.306e-05,1.28e-05,1.283e-05,9960.12772127,0.12815802,1.286e-05,0.18486729666666568,0.41131755692307714,0.4527958405882355,1.2853333333333333e-05,1.2790769230769232e-05,1.3129117647058823e-05
62,1.315e-05,1543629600,1.331e-05,1.294e-05,1.304e-05,25749.62752477,0.33807445,1.312e-05,0.17164123999999903,0.4078740830769233,0.42925007382352964,1.2963333333333333e-05,1.2803846153846154e-05,1.3123235294117648e-05
63,1.389e-05,1543636800,1.524e-05,1.324e-05,1.324e-05,145554.10162556,2.06674816,1.419e-05,0.8443268766666656,0.5083055492307694,0.484290357647059,1.3340000000000003e-05,1.2881538461538462e-05,1.3138823529411767e-05
64,1.356e-05,1543644000,1.416e-05,1.355e-05,1.387e-05,21452.94238304,0.29488225,1.374e-05,0.8999016199999991,0.5107904292307693,0.4673673002941179,1.3533333333333335e-05,1.293076923076923e-05,1.3131764705882355e-05
65,1.343e-05,1543651200,1.385e-05,1.341e-05,1.356e-05,31988.74886053,0.43316383,1.354e-05,0.9315980799999989,0.5145959361538462,0.4619038432352944,1.3626666666666668e-05,1.2977692307692308e-05,1.3122352941176474e-05
66,1.387e-05,1543658400,1.393e-05,1.347e-05,1.351e-05,36273.13284847,0.49631095,1.368e-05,0.4081190099999989,0.47751101000000007,0.4710644302941179,1.362e-05,1.3063846153846153e-05,1.3131470588235296e-05
67,1.368e-05,1543665600,1.406e-05,1.361e-05,1.388e-05,32521.14007349,0.44668757,1.373e-05,0.45872078333333216,0.4779254061538462,0.4680683432352944,1.366e-05,1.3168461538461537e-05,1.3133823529411766e-05
68,1.351e-05,1543672800,1.365e-05,1.351e-05,1.365e-05,14007.45286525,0.19026311,1.358e-05,0.3777538766666655,0.46637705846153854,0.46351241000000026,1.3686666666666666e-05,1.3237692307692306e-05,1.3131176470588236e-05
69,1.347e-05,1543680000,1.358e-05,1.329e-05,1.358e-05,8619.55877459,0.11494414,1.333e-05,0.25063160666666545,0.3902200084615386,0.456871963529412,1.3553333333333331e-05,1.329e-05,1.3133529411764708e-05
70,1.331e-05,1543687200,1.337e-05,1.331e-05,1.337e-05,290.70686647,0.00387505,1.332e-05,0.10302743333333214,0.3802345384615386,0.43210243882352967,1.3429999999999998e-05,1.333e-05,1.3117647058823531e-05
71,1.343e-05,1543694400,1.343e-05,1.336e-05,1.336e-05,1847.59057466,0.02475341,1.339e-05,0.047857533333332127,0.3818696007692309,0.38201648911764735,1.3403333333333333e-05,1.3373846153846154e-05,1.3118823529411765e-05
72,1.322e-05,1543701600,1.347e-05,1.318e-05,1.34e-05,32329.27540924,0.42812467,1.324e-05,0.15225104333333214,0.38574437384615395,0.3934896685294121,1.332e-05,1.3404615384615384e-05,1.3117941176470587e-05
73,1.419e-05,1543708800,1.477e-05,1.327e-05,1.327e-05,605419.20937038,8.69354971,1.435e-05,3.048809263333332,1.0507334861538462,0.6146797767647061,1.3613333333333332e-05,1.3514615384615385e-05,1.3139117647058823e-05
74,1.378e-05,1543716000,1.435e-05,1.377e-05,1.418e-05,106031.12770333,1.49163037,1.406e-05,3.537768249999998,1.1556159746153847,0.6531073188235296,1.3729999999999999e-05,1.3576153846153844e-05,1.315470588235294e-05
75,1.387e-05,1543723200,1.387e-05,1.352e-05,1.379e-05,16111.26798095,0.22158841,1.375e-05,3.468922829999998,1.14665551,0.6574313735294118,1.3946666666666666e-05,1.3631538461538462e-05,1.317470588235294e-05
76,1.387e-05,1543730400,1.427e-05,1.376e-05,1.387e-05,34868.29161573,0.48694093,1.396e-05,0.7333865699999981,1.0251318769230768,0.6685597450000001,1.3840000000000001e-05,1.363e-05,1.3198823529411763e-05
77,1.374e-05,1543737600,1.391e-05,1.364e-05,1.38e-05,4925.50113835,0.06800777,1.38e-05,0.25884570333333135,1.0076799938461538,0.6571321197058825,1.3826666666666668e-05,1.3643846153846156e-05,1.3223529411764704e-05
78,1.351e-05,1543744800,1.366e-05,1.351e-05,1.366e-05,1189.00201013,0.0161275,1.356e-05,0.19035873333333134,0.975600276153846,0.6551097455882354,1.3706666666666667e-05,1.365e-05,1.3235294117647058e-05
79,1.349e-05,1543752000,1.356e-05,1.339e-05,1.354e-05,4331.48149811,0.0581691,1.342e-05,0.047434789999998006,0.9418970569230769,0.6487631564705885,1.358e-05,1.3620769230769231e-05,1.3242941176470587e-05
80,1.348e-05,1543759200,1.35e-05,1.337e-05,1.349e-05,4339.95283374,0.05818326,1.34e-05,0.044159953333331343,0.9120121099999999,0.638475153529412,1.3493333333333333e-05,1.3605384615384616e-05,1.3257647058823528e-05
81,1.353e-05,1543766400,1.364e-05,1.346e-05,1.346e-05,30911.70919538,0.42138868,1.363e-05,0.17924701333333137,0.9297909999999999,0.6411168329411767,1.3500000000000001e-05,1.3606923076923077e-05,1.3273823529411763e-05
82,1.341e-05,1543773600,1.352e-05,1.341e-05,1.352e-05,1712.62035339,0.02307599,1.347e-05,0.16754930999999806,0.9227242192307692,0.6389299279411766,1.3473333333333334e-05,1.3602307692307693e-05,1.3284411764705881e-05
83,1.337e-05,1543780800,1.368e-05,1.337e-05,1.348e-05,10540.84305806,0.14187885,1.345e-05,0.19544783999999807,0.9333398961538462,0.6318428467647061,1.3436666666666668e-05,1.3606923076923077e-05,1.3295882352941175e-05
84,1.386e-05,1543788000,1.39e-05,1.335e-05,1.335e-05,12849.10314441,0.17505638,1.362e-05,0.11333707333333141,0.944901663076923,0.6146051197058826,1.3546666666666669e-05,1.364e-05,1.3324705882352939e-05
85,1.341e-05,1543795200,1.409e-05,1.34e-05,1.391e-05,43982.53260134,0.60137012,1.367e-05,0.3061017833333314,0.9582282361538461,0.6245695700000001,1.3546666666666669e-05,1.3654615384615382e-05,1.3339117647058821e-05
86,1.333e-05,1543802400,1.349e-05,1.324e-05,1.349e-05,15223.42415829,0.2031998,1.334e-05,0.32654209999999806,0.3051243969230769,0.6192609688235295,1.3533333333333333e-05,1.3588461538461537e-05,1.3354117647058822e-05
87,1.333e-05,1543809600,1.343e-05,1.328e-05,1.333e-05,1174.14776501,0.01568133,1.335e-05,0.2734170833333314,0.19158985538461543,0.5909452729411766,1.3356666666666665e-05,1.3553846153846153e-05,1.3371176470588233e-05
88,1.337e-05,1543816800,1.352e-05,1.327e-05,1.334e-05,122895.4568843,1.65825742,1.349e-05,0.6257128499999981,0.3021028561538462,0.626738125882353,1.3343333333333332e-05,1.3515384615384614e-05,1.340205882352941e-05
89,1.339e-05,1543824000,1.348e-05,1.336e-05,1.336e-05,714.80244172,0.00958655,1.341e-05,0.5611750999999982,0.2653832884615385,0.6170085647058825,1.336333333333333e-05,1.3478461538461538e-05,1.3425e-05
90,1.322e-05,1543831200,1.339e-05,1.322e-05,1.339e-05,5032.65777127,0.06661253,1.323e-05,0.5781521666666648,0.26527596230769235,0.5864681747058825,1.3326666666666664e-05,1.343846153846154e-05,1.3437647058823528e-05
91,1.319e-05,1543838400,1.329e-05,1.319e-05,1.321e-05,8955.0599649,0.11854732,1.323e-05,0.06491546666666485,0.27315441,0.5860229147058825,1.3266666666666664e-05,1.3413846153846155e-05,1.3449411764705882e-05
92,1.31e-05,1543845600,1.341e-05,1.31e-05,1.323e-05,4334.83579669,0.05752826,1.327e-05,0.08089603666666485,0.27310511461538467,0.5876120517647061,1.3169999999999998e-05,1.3383846153846155e-05,1.3456470588235292e-05
93,1.315e-05,1543852800,1.328e-05,1.31e-05,1.31e-05,41607.78618388,0.54747708,1.315e-05,0.24118421999999817,0.3107431007692308,0.592603947647059,1.3146666666666666e-05,1.3358461538461539e-05,1.3466176470588235e-05
94,1.313e-05,1543860000,1.32e-05,1.304e-05,1.311e-05,44125.38711379,0.57651345,1.306e-05,0.39383959666666485,0.32267577538461545,0.6081281300000002,1.3126666666666664e-05,1.332769230769231e-05,1.3477058823529411e-05
95,1.315e-05,1543867200,1.316e-05,1.313e-05,1.314e-05,1200.97372967,0.01578444,1.314e-05,0.3799249899999982,0.322114886923077,0.6048230247058826,1.3143333333333332e-05,1.330769230769231e-05,1.3482058823529412e-05
96,1.315e-05,1543874400,1.333e-05,1.315e-05,1.315e-05,21662.40519226,0.28636425,1.321e-05,0.29288737999999825,0.3332291484615385,0.6033021364705884,1.3143333333333332e-05,1.3290769230769234e-05,1.3482058823529412e-05
97,1.36e-05,1543881600,1.364e-05,1.326e-05,1.33e-05,44885.60809355,0.60611101,1.35e-05,0.3027532333333316,0.36638719692307703,0.5603422202941178,1.3299999999999998e-05,1.3270769230769234e-05,1.3473529411764705e-05
98,1.309e-05,1543888800,1.355e-05,1.309e-05,1.355e-05,28921.38790382,0.3875558,1.34e-05,0.4266770199999983,0.34993994153846164,0.5630679129411766,1.3279999999999997e-05,1.3246153846153849e-05,1.345970588235294e-05
99,1.31e-05,1543896000,1.316e-05,1.308e-05,1.311e-05,5081.35855458,0.06659362,1.31e-05,0.35342014333333155,0.3394317738461539,0.5522864361764707,1.326333333333333e-05,1.322846153846154e-05,1.3449999999999998e-05
100,1.304e-05,1543903200,1.335e-05,1.304e-05,1.31e-05,23839.83035427,0.31387105,1.316e-05,0.2560068233333315,0.36236944461538473,0.546920556764706,1.3076666666666665e-05,1.3206153846153846e-05,1.3425588235294117e-05
101,1.314e-05,1543910400,1.33e-05,1.3e-05,1.304e-05,21824.99704621,0.28841463,1.321e-05,0.22295976666666484,0.25699692230769244,0.5422654702941176,1.3093333333333332e-05,1.318846153846154e-05,1.340970588235294e-05
102,1.314e-05,1543917600,1.321e-05,1.314e-05,1.317e-05,89576.97694704,1.17748015,1.314e-05,0.5932552766666649,0.3468348915384617,0.5713012655882352,1.3106666666666666e-05,1.316923076923077e-05,1.3398823529411763e-05
103,1.314e-05,1543924800,1.315e-05,1.308e-05,1.314e-05,52476.05247693,0.68952724,1.313e-05,0.7184740066666649,0.3947514076923079,0.5882007685294118,1.314e-05,1.3163076923076923e-05,1.3389117647058821e-05
104,1.316e-05,1543932000,1.317e-05,1.307e-05,1.313e-05,6996.78893791,0.0915905,1.309e-05,0.6528659633333316,0.39267780615384634,0.5907806347058823,1.3146666666666667e-05,1.316076923076923e-05,1.338470588235294e-05
105,1.312e-05,1543939200,1.318e-05,1.309e-05,1.315e-05,5159.18133562,0.06784403,1.315e-05,0.28298725666666485,0.39347132692307707,0.592048005882353,1.314e-05,1.3162307692307692e-05,1.3375588235294116e-05
106,1.323e-05,1543946400,1.323e-05,1.308e-05,1.311e-05,12053.32733057,0.15933665,1.321e-05,0.10625705999999817,0.3636143707692309,0.584142475882353,1.317e-05,1.316846153846154e-05,1.3375882352941174e-05
107,1.316e-05,1543953600,1.316e-05,1.316e-05,1.316e-05,597.0,0.00785652,1.316e-05,0.07834573333333149,0.3198715300000001,0.3286809114705883,1.3169999999999998e-05,1.3170769230769232e-05,1.3345588235294116e-05
108,1.342e-05,1543960800,1.343e-05,1.316e-05,1.316e-05,4592.16174668,0.0609148,1.326e-05,0.07603598999999815,0.32334309615384627,0.286601041764706,1.327e-05,1.3191538461538461e-05,1.3334999999999997e-05
109,1.319e-05,1543968000,1.337e-05,1.305e-05,1.337e-05,4992.82801698,0.06614709,1.324e-05,0.044972803333331486,0.3064033146153848,0.2820292382352942,1.3256666666666666e-05,1.3194615384615384e-05,1.3314999999999999e-05
110,1.289e-05,1543975200,1.315e-05,1.281e-05,1.315e-05,125601.34636025,1.63185679,1.299e-05,0.5863062266666649,0.3853068361538463,0.31570323411764717,1.3166666666666665e-05,1.314e-05,1.3286176470588233e-05
111,1.291e-05,1543982400,1.302e-05,1.287e-05,1.29e-05,8298.59130736,0.10777932,1.298e-05,0.6019277333333315,0.3637855684615386,0.31687298558823546,1.2996666666666664e-05,1.3126153846153847e-05,1.326176470588235e-05
112,1.285e-05,1543989600,1.299e-05,1.278e-05,1.299e-05,2228.11215454,0.02857044,1.282e-05,0.5894021833333315,0.3608607084615386,0.31723895441176486,1.288333333333333e-05,1.310692307692308e-05,1.3242352941176469e-05
113,1.294e-05,1543996800,1.294e-05,1.278e-05,1.283e-05,11901.4537577,0.15273515,1.283e-05,0.0963616366666648,0.34846563923076934,0.3200203088235295,1.2899999999999997e-05,1.309923076923077e-05,1.3226176470588236e-05
114,1.3e-05,1544004000,1.302e-05,1.297e-05,1.299e-05,2151.40026068,0.02793833,1.298e-05,0.06974797333333145,0.3284290007692308,0.31913075205882363,1.2929999999999995e-05,1.308846153846154e-05,1.3212058823529411e-05
115,1.301e-05,1544011200,1.302e-05,1.301e-05,1.301e-05,1218.60760553,0.01585857,1.301e-05,0.06551068333333145,0.23907349461538466,0.30720339588235307,1.2983333333333328e-05,1.307846153846154e-05,1.3196764705882352e-05
116,1.294e-05,1544018400,1.306e-05,1.294e-05,1.301e-05,3542.18358433,0.04607814,1.3e-05,0.029958346666664786,0.18957741000000006,0.30787992970588246,1.2983333333333328e-05,1.3063076923076926e-05,1.3182941176470588e-05
117,1.303e-05,1544025600,1.322e-05,1.296e-05,1.296e-05,39841.21087389,0.51798054,1.3e-05,0.19330574999999814,0.22237664384615388,0.3189417441176472,1.299333333333333e-05,1.3053076923076926e-05,1.3172941176470586e-05
118,1.294e-05,1544032800,1.313e-05,1.294e-05,1.305e-05,1209.28683437,0.01574886,1.302e-05,0.19326917999999813,0.21836932307692314,0.31425622882352955,1.2969999999999998e-05,1.3039230769230771e-05,1.3145882352941177e-05
119,1.292e-05,1544040000,1.292e-05,1.283e-05,1.292e-05,4563.15802383,0.05864186,1.285e-05,0.1974570866666648,0.21062357000000004,0.29829363294117656,1.296333333333333e-05,1.3015384615384617e-05,1.3131470588235294e-05
120,1.282e-05,1544047200,1.283e-05,1.282e-05,1.283e-05,810.0,0.01038575,1.282e-05,0.028258823333331445,0.2108181261538462,0.2926226314705883,1.2893333333333329e-05,1.2989230769230772e-05,1.3116470588235293e-05
121,1.288e-05,1544054400,1.288e-05,1.282e-05,1.285e-05,748.19097474,0.0096016,1.283e-05,0.026209736666664776,0.20687095692307697,0.292443815882353,1.287333333333333e-05,1.294769230769231e-05,1.3103235294117647e-05
122,1.281e-05,1544061600,1.293e-05,1.272e-05,1.286e-05,22551.97669506,0.29056377,1.288e-05,0.10351703999999812,0.2241337784615385,0.25221753205882363,1.2836666666666663e-05,1.2918461538461542e-05,1.3086764705882352e-05
123,1.31e-05,1544068800,1.317e-05,1.253e-05,1.281e-05,64726.81106339,0.8305718,1.283e-05,0.37691238999999815,0.16249647153846158,0.2763641570588236,1.2929999999999995e-05,1.2934615384615389e-05,1.3078235294117644e-05
124,1.283e-05,1544076000,1.316e-05,1.269e-05,1.316e-05,12129.27000066,0.15619188,1.287e-05,0.42577581666666475,0.16622051461538467,0.27899884382352946,1.2913333333333329e-05,1.2928461538461541e-05,1.3066764705882352e-05
125,1.284e-05,1544083200,1.286e-05,1.283e-05,1.285e-05,7413.33579424,0.09526356,1.285e-05,0.36067574666666474,0.17135075461538463,0.27831402735294125,1.2923333333333327e-05,1.292769230769231e-05,1.3056470588235294e-05
126,1.279e-05,1544090400,1.286e-05,1.271e-05,1.285e-05,1458.28412817,0.01869842,1.282e-05,0.09005128666666473,0.16104023692307698,0.2771719732352942,1.2819999999999994e-05,1.2916153846153849e-05,1.304735294117647e-05
127,1.228e-05,1544097600,1.281e-05,1.228e-05,1.279e-05,81419.36152823,1.01771665,1.249e-05,0.37722620999999806,0.2371770307692308,0.2910025488235295,1.263666666666666e-05,1.2860769230769235e-05,1.3021764705882351e-05
128,1.172e-05,1544104800,1.236e-05,1.144e-05,1.236e-05,113945.98247964,1.34277083,1.178e-05,0.7930619666666648,0.3392472046153847,0.31353953058823536,1.2263333333333328e-05,1.2761538461538465e-05,1.2980294117647058e-05
129,1.176e-05,1544112000,1.178e-05,1.167e-05,1.17e-05,5629.19147614,0.06614548,1.175e-05,0.8088776533333314,0.3407908461538463,0.3150207376470589,1.1919999999999996e-05,1.2670769230769235e-05,1.293941176470588e-05
130,1.169e-05,1544119200,1.174e-05,1.167e-05,1.17e-05,5866.3462892,0.06872619,1.171e-05,0.49254749999999814,0.30623281923076934,0.30861961823529416,1.172333333333333e-05,1.2567692307692312e-05,1.2896470588235292e-05
131,1.179e-05,1544126400,1.186e-05,1.172e-05,1.172e-05,13488.15370923,0.15911316,1.179e-05,0.09799494333333143,0.3172608423076924,0.2954726226470589,1.1746666666666665e-05,1.2479230769230773e-05,1.2843235294117646e-05
132,1.166e-05,1544133600,1.188e-05,1.166e-05,1.188e-05,43829.22553138,0.5138631,1.172e-05,0.24723414999999813,0.3522778607692309,0.29918754323529423,1.171333333333333e-05,1.2382307692307696e-05,1.2801176470588234e-05
133,1.117e-05,1544140800,1.166e-05,1.117e-05,1.163e-05,50236.78377464,0.57567695,1.145e-05,0.4162177366666648,0.3957617992307693,0.31416058235294125,1.154e-05,1.225538461538462e-05,1.2744411764705881e-05
134,1.143e-05,1544148000,1.162e-05,1.117e-05,1.117e-05,37234.40472367,0.42461242,1.14e-05,0.5047174899999981,0.4276857084615386,0.31741768147058835,1.1419999999999997e-05,1.2143846153846157e-05,1.269705882352941e-05
135,1.165e-05,1544155200,1.175e-05,1.143e-05,1.143e-05,41936.1973981,0.48661476,1.16e-05,0.4956347099999981,0.44276655384615393,0.32324709705882365,1.1416666666666664e-05,1.2054615384615387e-05,1.2653235294117644e-05
136,1.159e-05,1544162400,1.166e-05,1.158e-05,1.166e-05,9562.85556084,0.11106925,1.161e-05,0.34076547666666474,0.3874202038461539,0.29188207058823545,1.1556666666666664e-05,1.193846153846154e-05,1.2607647058823526e-05
137,1.148e-05,1544169600,1.165e-05,1.148e-05,1.16e-05,10512.84199164,0.12133634,1.154e-05,0.23967344999999807,0.3847390084615385,0.2751705735294119,1.1573333333333332e-05,1.1834615384615387e-05,1.255882352941176e-05
138,1.155e-05,1544176800,1.155e-05,1.13e-05,1.152e-05,45488.38064684,0.51878175,1.14e-05,0.2503957799999981,0.4173173307692308,0.2877350220588236,1.1539999999999996e-05,1.1735384615384619e-05,1.251147058823529e-05
139,1.146e-05,1544184000,1.155e-05,1.146e-05,1.153e-05,4954.34906795,0.05692838,1.149e-05,0.23234882333333148,0.4202580969230769,0.2874139735294119,1.1496666666666663e-05,1.1633076923076927e-05,1.2462647058823525e-05
140,1.178e-05,1544191200,1.179e-05,1.145e-05,1.146e-05,23297.90500624,0.27174782,1.166e-05,0.28248598333333147,0.36287587923076925,0.29072018441176484,1.1596666666666663e-05,1.1594615384615388e-05,1.2419999999999996e-05
141,1.169e-05,1544198400,1.169e-05,1.149e-05,1.168e-05,33022.04340537,0.38278367,1.159e-05,0.2371532899999981,0.28903071307692313,0.30174745352941185,1.164333333333333e-05,1.1592307692307695e-05,1.2376764705882348e-05
142,1.45e-05,1544205600,1.495e-05,1.168e-05,1.168e-05,1366865.9021786,18.5346701,1.355e-05,6.396400529999998,1.7096864530769231,0.8450931976470589,1.2656666666666664e-05,1.1803076923076924e-05,1.2408529411764702e-05
143,1.367e-05,1544212800,1.484e-05,1.317e-05,1.453e-05,406249.25361047,5.54133073,1.364e-05,8.152928166666664,2.1306560330769235,1.0061280105882353,1.3286666666666663e-05,1.1955384615384617e-05,1.2422647058823525e-05
144,1.369e-05,1544220000,1.398e-05,1.353e-05,1.37e-05,91327.49382708,1.26151746,1.381e-05,8.445839429999998,2.215456363846154,0.9952356773529412,1.3953333333333329e-05,1.2101538461538465e-05,1.2446176470588233e-05
145,1.349e-05,1544227200,1.375e-05,1.325e-05,1.369e-05,92456.73679262,1.24444238,1.345e-05,2.682430189999998,2.27165477,1.0286669438235294,1.3616666666666663e-05,1.2242307692307696e-05,1.2463235294117644e-05
146,1.334e-05,1544234400,1.374e-05,1.334e-05,1.35e-05,72773.33092407,0.98156806,1.348e-05,1.1625092999999982,2.302877163076923,1.0566962855882354,1.3506666666666662e-05,1.2409230769230774e-05,1.2477647058823525e-05
147,1.333e-05,1544241600,1.352e-05,1.333e-05,1.337e-05,39646.82290891,0.53208756,1.342e-05,0.919365999999998,2.311144481538462,1.0678537094117648,1.338666666666666e-05,1.2555384615384621e-05,1.248911764705882e-05
148,1.436e-05,1544248800,1.45e-05,1.331e-05,1.333e-05,133796.67854023,1.8797108,1.404e-05,1.131122139999998,2.418305715384616,1.1223176055882353,1.3676666666666659e-05,1.2763846153846158e-05,1.2529117647058819e-05
149,1.389e-05,1544256000,1.454e-05,1.378e-05,1.435e-05,49301.60621568,0.70645178,1.432e-05,1.0394167133333314,2.464104371538462,1.1426291705882354,1.3859999999999994e-05,1.2940769230769236e-05,1.2554999999999996e-05
150,1.377e-05,1544263200,1.395e-05,1.368e-05,1.381e-05,32609.31296814,0.4495037,1.378e-05,1.0118887599999982,2.4893480146153855,1.1544946282352944,1.400666666666666e-05,1.3116923076923083e-05,1.2579411764705878e-05
151,1.314e-05,1544270400,1.38e-05,1.306e-05,1.378e-05,44764.41081554,0.59519523,1.329e-05,0.5837169033333315,2.4952259746153853,1.156765648529412,1.3599999999999993e-05,1.3239230769230774e-05,1.2582647058823525e-05
152,1.37e-05,1544277600,1.37e-05,1.311e-05,1.311e-05,22164.94988494,0.29797151,1.344e-05,0.4475568133333316,2.513767753846154,1.1650663147058826,1.353666666666666e-05,1.3411538461538467e-05,1.2604999999999995e-05
153,1.38e-05,1544284800,1.431e-05,1.37e-05,1.37e-05,179463.94034031,2.50548846,1.396e-05,1.1328850666666648,2.6855939569230776,1.237032391176471,1.3546666666666658e-05,1.3566923076923082e-05,1.2630882352941174e-05
154,1.357e-05,1544292000,1.381e-05,1.34e-05,1.38e-05,98856.69821637,1.34777839,1.363e-05,1.383746119999998,2.7598243200000003,1.2763674688235298,1.3689999999999993e-05,1.3711538461538468e-05,1.2652941176470586e-05
155,1.349e-05,1544299200,1.36e-05,1.349e-05,1.351e-05,14959.06480567,0.20265659,1.354e-05,1.3519744799999982,1.3496694346153848,1.282045556764706,1.3619999999999993e-05,1.3633846153846161e-05,1.2670882352941175e-05
156,1.359e-05,1544306400,1.369e-05,1.321e-05,1.344e-05,44725.13792881,0.6015868,1.345e-05,0.7173405933333314,0.9696891323076925,1.2911932929411767,1.3549999999999996e-05,1.3627692307692316e-05,1.2693823529411763e-05
157,1.327e-05,1544313600,1.367e-05,1.326e-05,1.367e-05,24970.48788757,0.3338455,1.336e-05,0.3793629633333315,0.8983297507692309,1.276583695882353,1.3449999999999995e-05,1.3595384615384623e-05,1.2698823529411764e-05
158,1.32e-05,1544320800,1.326e-05,1.32e-05,1.326e-05,3544.18322284,0.046808,1.32e-05,0.3274134333333315,0.8062040292307694,1.2733665229411766,1.3353333333333328e-05,1.357307692307693e-05,1.270970588235294e-05
159,1.33e-05,1544328000,1.33e-05,1.323e-05,1.323e-05,2400.24893127,0.03184897,1.326e-05,0.13750082333333155,0.7331487146153848,1.2715013879411767,1.325666666666666e-05,1.3570000000000006e-05,1.2723235294117645e-05
160,1.33e-05,1544335200,1.33e-05,1.319e-05,1.325e-05,14739.02087649,0.1948657,1.322e-05,0.09117422333333154,0.7072085715384616,1.276682778529412,1.326666666666666e-05,1.3567692307692313e-05,1.2738235294117646e-05
161,1.328e-05,1544342400,1.348e-05,1.328e-05,1.33e-05,4947.48407417,0.06606127,1.335e-05,0.0975919799999982,0.5676970692307693,1.2486929144117649,1.3293333333333325e-05,1.3484615384615392e-05,1.276764705882353e-05
162,1.309e-05,1544349600,1.326e-05,1.308e-05,1.326e-05,16413.60658449,0.21655354,1.319e-05,0.15916016999999819,0.5300125892307693,1.2155688764705885,1.3223333333333326e-05,1.342307692307693e-05,1.2807941176470587e-05
163,1.315e-05,1544356800,1.329e-05,1.309e-05,1.31e-05,22368.44821168,0.29510412,1.319e-05,0.19257297666666484,0.5181356984615385,1.2223029541176471,1.3173333333333326e-05,1.3375384615384622e-05,1.2848823529411765e-05
164,1.363e-05,1544364000,1.366e-05,1.32e-05,1.32e-05,18856.38081948,0.25147685,1.333e-05,0.2543781699999981,0.4916958230769231,1.2276779735294119,1.3289999999999991e-05,1.3413076923076929e-05,1.2905882352941175e-05
165,1.347e-05,1544371200,1.38e-05,1.342e-05,1.364e-05,62731.54001165,0.85894775,1.369e-05,0.4685095733333315,0.5348478415384617,1.2482613438235297,1.3416666666666658e-05,1.339538461538462e-05,1.2955294117647059e-05
166,1.346e-05,1544378400,1.346e-05,1.327e-05,1.341e-05,11351.78987457,0.15205452,1.339e-05,0.4208263733333315,0.3538144615384616,1.2376199150000002,1.351999999999999e-05,1.3369230769230773e-05,1.3008235294117648e-05
167,1.346e-05,1544385600,1.347e-05,1.345e-05,1.347e-05,6687.87621771,0.090018,1.345e-05,0.3670067566666648,0.25706366230769234,1.2233358282352942,1.3463333333333324e-05,1.3360769230769235e-05,1.3075588235294119e-05
168,1.335e-05,1544392800,1.347e-05,1.335e-05,1.346e-05,5483.31247382,0.07364021,1.342e-05,0.10523757666666482,0.24713932538461542,1.2130131161764708,1.3423333333333324e-05,1.3350000000000003e-05,1.3132058823529412e-05
169,1.322e-05,1544400000,1.334e-05,1.321e-05,1.334e-05,9875.05111528,0.13059062,1.322e-05,0.0980829433333315,0.21090885000000004,1.2025418179411764,1.3343333333333323e-05,1.3321538461538465e-05,1.3178235294117647e-05
170,1.318e-05,1544407200,1.322e-05,1.301e-05,1.322e-05,40409.89184865,0.52705998,1.304e-05,0.24376360333333147,0.22577150230769233,1.2147768394117646,1.3249999999999988e-05,1.3314615384615388e-05,1.3225e-05
171,1.35e-05,1544414400,1.35e-05,1.308e-05,1.32e-05,35567.51308176,0.4705646,1.323e-05,0.3760717333333315,0.25836816384615385,1.2250482588235294,1.329999999999999e-05,1.3337692307692312e-05,1.3284411764705883e-05
172,1.326e-05,1544421600,1.34e-05,1.326e-05,1.34e-05,5176.87604689,0.06933045,1.339e-05,0.35565167666666486,0.2612513546153846,1.2118291029411765,1.3313333333333322e-05,1.3334615384615388e-05,1.3334705882352942e-05
173,1.346e-05,1544428800,1.346e-05,1.334e-05,1.334e-05,1461.77457749,0.01959197,1.34e-05,0.18649567333333153,0.24776876000000003,1.2107309732352942,1.3406666666666656e-05,1.3346923076923079e-05,1.3393529411764709e-05
174,1.358e-05,1544436000,1.358e-05,1.34e-05,1.342e-05,13911.57736265,0.18820501,1.352e-05,0.09237580999999821,0.2571644323076923,1.2082738317647057,1.3433333333333326e-05,1.337e-05,1.3446470588235297e-05
175,1.424e-05,1544443200,1.478e-05,1.358e-05,1.358e-05,144813.04998125,2.07024033,1.429e-05,0.7593457699999983,0.3997557238461539,1.2579049099999997,1.3759999999999992e-05,1.345846153846154e-05,1.3521470588235295e-05
176,1.378e-05,1544450400,1.423e-05,1.369e-05,1.423e-05,47022.45636713,0.65149686,1.385e-05,0.9699807333333316,0.42717055,0.7319292264705881,1.386666666666666e-05,1.3506923076923078e-05,1.350029411764706e-05
177,1.378e-05,1544457600,1.432e-05,1.371e-05,1.378e-05,164676.44471359,2.2845244,1.387e-05,1.6687538633333316,0.5835588230769232,0.6361408049999997,1.3933333333333326e-05,1.3518461538461541e-05,1.3503529411764708e-05
178,1.374e-05,1544464800,1.406e-05,1.374e-05,1.387e-05,23354.22361891,0.32533137,1.393e-05,1.0871175433333315,0.5425114092307693,0.6086059199999997,1.376666666666666e-05,1.353923076923077e-05,1.3505e-05
179,1.414e-05,1544472000,1.416e-05,1.384e-05,1.384e-05,10895.65029238,0.15290911,1.403e-05,0.920921626666665,0.542577146923077,0.5765020002941174,1.3886666666666662e-05,1.3591538461538462e-05,1.3524117647058824e-05
180,1.438e-05,1544479200,1.45e-05,1.4e-05,1.405e-05,102874.14698434,1.46759159,1.426e-05,0.6486106899999983,0.6485443461538463,0.5907968099999997,1.4086666666666662e-05,1.3662307692307694e-05,1.3554705882352942e-05
181,1.435e-05,1544486400,1.465e-05,1.432e-05,1.438e-05,28640.18626253,0.41602757,1.452e-05,0.6788427566666652,0.6748818353846155,0.5873832808823527,1.4289999999999995e-05,1.3739230769230771e-05,1.3584705882352941e-05
182,1.411e-05,1544493600,1.448e-05,1.411e-05,1.444e-05,143964.11993625,2.04942189,1.423e-05,1.311013683333332,0.8224842407692309,0.5923747835294115,1.4279999999999997e-05,1.3807692307692309e-05,1.3577352941176472e-05
183,1.406e-05,1544500800,1.411e-05,1.387e-05,1.411e-05,50691.48606917,0.70855379,1.397e-05,1.058001083333332,0.8364453030769231,0.592436607352941,1.4173333333333329e-05,1.3875384615384617e-05,1.3582352941176471e-05
184,1.379e-05,1544508000,1.397e-05,1.366e-05,1.397e-05,33125.05376662,0.45693958,1.379e-05,1.0716384199999986,0.8353972246153847,0.5926553097058821,1.3986666666666661e-05,1.389769230769231e-05,1.3582941176470587e-05
185,1.366e-05,1544515200,1.38e-05,1.351e-05,1.379e-05,51843.95026992,0.70704062,1.363e-05,0.6241779966666653,0.8844518530769232,0.5959448799999998,1.3836666666666662e-05,1.392846153846154e-05,1.3598235294117646e-05
186,1.346e-05,1544522400,1.366e-05,1.342e-05,1.359e-05,31662.31116171,0.42838455,1.352e-05,0.5307882499999987,0.9158974361538463,0.5997805576470586,1.3636666666666663e-05,1.392846153846154e-05,1.3591176470588236e-05
187,1.313e-05,1544529600,1.354e-05,1.279e-05,1.354e-05,94967.48185936,1.24572327,1.311e-05,0.7937161466666653,0.9972449946153847,0.5627286402941174,1.3416666666666661e-05,1.3893846153846157e-05,1.3571470588235293e-05
188,1.3e-05,1544536800,1.314e-05,1.3e-05,1.314e-05,17685.92738161,0.23089809,1.305e-05,0.6350019699999988,0.8557571300000001,0.5298792197058821,1.319666666666666e-05,1.3798461538461542e-05,1.355470588235294e-05
189,1.301e-05,1544544000,1.301e-05,1.286e-05,1.295e-05,13529.27990889,0.1748756,1.292e-05,0.5504989866666654,0.8190939561538463,0.5290621317647057,1.304666666666666e-05,1.3739230769230773e-05,1.3540588235294115e-05
190,1.253e-05,1544551200,1.301e-05,1.243e-05,1.301e-05,118244.89089368,1.49559647,1.264e-05,0.6337900533333322,0.7584071923076924,0.5553565338235292,1.2846666666666662e-05,1.3643076923076927e-05,1.350941176470588e-05
191,1.29e-05,1544558400,1.29e-05,1.252e-05,1.253e-05,61417.66508802,0.77897823,1.268e-05,0.8164834333333321,0.7933031046153847,0.5684486729411763,1.281333333333333e-05,1.3578461538461542e-05,1.3498529411764704e-05
192,1.296e-05,1544565600,1.296e-05,1.291e-05,1.291e-05,1003.69403153,0.01297444,1.292e-05,0.7625163799999987,0.7825388992307694,0.567453568235294,1.2796666666666664e-05,1.3487692307692312e-05,1.3491470588235292e-05
193,1.293e-05,1544572800,1.307e-05,1.289e-05,1.296e-05,32701.44198268,0.42617466,1.303e-05,0.406042443333332,0.7024299046153847,0.5790513826470588,1.2929999999999995e-05,1.3376153846153851e-05,1.3480588235294116e-05
194,1.282e-05,1544580000,1.297e-05,1.281e-05,1.293e-05,3216.45676533,0.04156844,1.292e-05,0.16023917999999868,0.6736253561538462,0.5745426397058823,1.2903333333333329e-05,1.3258461538461543e-05,1.3466470588235292e-05
195,1.285e-05,1544587200,1.289e-05,1.283e-05,1.288e-05,9019.7418761,0.11621262,1.288e-05,0.19465190666666532,0.524916950769231,0.5760176794117646,1.2866666666666663e-05,1.3161538461538465e-05,1.3453823529411763e-05
196,1.3e-05,1544594400,1.3e-05,1.285e-05,1.286e-05,5809.54162607,0.07486752,1.288e-05,0.07754952666666531,0.4761718530769233,0.5718504435294117,1.2889999999999995e-05,1.3080000000000002e-05,1.3451176470588233e-05
197,1.295e-05,1544601600,1.308e-05,1.291e-05,1.302e-05,5780.35294436,0.07541632,1.304e-05,0.08883215333333198,0.4468239100000002,0.5653890376470587,1.2933333333333327e-05,1.3015384615384617e-05,1.3445294117647057e-05
198,1.299e-05,1544608800,1.308e-05,1.294e-05,1.294e-05,5382.36275339,0.06990255,1.298e-05,0.07339546333333198,0.3978132892307694,0.5600486170588234,1.2979999999999993e-05,1.2963846153846156e-05,1.3426470588235292e-05
199,1.296e-05,1544616000,1.299e-05,1.292e-05,1.299e-05,2659.1609288,0.03443752,1.295e-05,0.05991879666666531,0.36750967153846176,0.5357983161764706,1.2966666666666659e-05,1.2925384615384618e-05,1.3411470588235291e-05
200,1.281e-05,1544623200,1.296e-05,1.269e-05,1.296e-05,34189.43989711,0.43868596,1.283e-05,0.1810086766666653,0.3054298784615387,0.5442286526470588,1.2919999999999991e-05,1.2900769230769233e-05,1.3392352941176468e-05
201,1.274e-05,1544630400,1.279e-05,1.272e-05,1.279e-05,936.01714399,0.01195883,1.277e-05,0.16169410333333198,0.28858839692307714,0.5419327947058823,1.283666666666666e-05,1.2880769230769233e-05,1.3371176470588232e-05
202,1.282e-05,1544637600,1.282e-05,1.276e-05,1.276e-05,2043.66077619,0.02609478,1.276e-05,0.15891318999999862,0.27714371846153874,0.5405343997058824,1.2789999999999996e-05,1.2866153846153848e-05,1.3355588235294115e-05
203,1.283e-05,1544644800,1.283e-05,1.278e-05,1.278e-05,3703.94271283,0.04735175,1.278e-05,0.028468453333331978,0.16574027846153871,0.5380861976470588,1.279666666666666e-05,1.2889230769230771e-05,1.334411764705882e-05
204,1.243e-05,1544652000,1.278e-05,1.18e-05,1.278e-05,190224.02928466,2.33685411,1.228e-05,0.8034335466666652,0.2855768846153849,0.5913154367647059,1.269333333333333e-05,1.2853076923076926e-05,1.332205882352941e-05
205,1.226e-05,1544659200,1.246e-05,1.225e-05,1.246e-05,7790.37209518,0.09629539,1.236e-05,0.8268337499999984,0.29198618846153873,0.5803075188235295,1.2506666666666665e-05,1.279923076923077e-05,1.3285588235294115e-05
206,1.23e-05,1544666400,1.238e-05,1.224e-05,1.234e-05,626.85584582,0.00767617,1.224e-05,0.8136085566666651,0.2597939969230772,0.5784941576470589,1.2329999999999999e-05,1.2750769230769232e-05,1.3257352941176468e-05
207,1.234e-05,1544673600,1.234e-05,1.23e-05,1.231e-05,1085.74898509,0.01337015,1.231e-05,0.03911390333333179,0.25762489769230795,0.5783111629411766,1.2299999999999999e-05,1.2713846153846155e-05,1.322441176470588e-05
208,1.22e-05,1544680800,1.24e-05,1.211e-05,1.233e-05,10694.68870329,0.13058763,1.221e-05,0.05054464999999847,0.25873066769230796,0.5766165341176471,1.2279999999999998e-05,1.2663846153846155e-05,1.3183823529411762e-05
209,1.234e-05,1544688000,1.234e-05,1.222e-05,1.222e-05,4353.18905974,0.05362659,1.231e-05,0.06586145666666514,0.2570967500000002,0.5173043652941177,1.2293333333333331e-05,1.2613076923076927e-05,1.3127941176470586e-05
210,1.232e-05,1544695200,1.24e-05,1.232e-05,1.234e-05,4179.16937685,0.05166337,1.236e-05,0.0786258633333318,0.2552696000000002,0.49966220382352944,1.2286666666666664e-05,1.2564615384615389e-05,1.3084999999999998e-05
211,1.241e-05,1544702400,1.241e-05,1.219e-05,1.232e-05,37817.92074452,0.46435855,1.227e-05,0.18988283666666508,0.28561236923076944,0.4461279141176471,1.2356666666666663e-05,1.2520000000000004e-05,1.304470588235294e-05
212,1.241e-05,1544709600,1.241e-05,1.239e-05,1.239e-05,350.0,0.0043385,1.239e-05,0.17345347333333175,0.2832970600000002,0.43668694735294117,1.2379999999999995e-05,1.247769230769231e-05,1.3005588235294116e-05
213,1.252e-05,1544716800,1.254e-05,1.233e-05,1.237e-05,8201.49667444,0.10199907,1.243e-05,0.1902320399999984,0.2573980684615387,0.4351895932352941,1.2446666666666664e-05,1.2455384615384617e-05,1.2957941176470587e-05
214,1.253e-05,1544724000,1.255e-05,1.243e-05,1.252e-05,29189.7253359,0.36445658,1.248e-05,0.15693138333333176,0.2845132800000002,0.402744445882353,1.2486666666666665e-05,1.243923076923077e-05,1.2903529411764707e-05
215,1.215e-05,1544731200,1.253e-05,1.211e-05,1.253e-05,17287.93792336,0.21258916,1.229e-05,0.22634826999999844,0.29885900153846173,0.39676096323529414,1.2399999999999998e-05,1.2387692307692309e-05,1.2838823529411766e-05
216,1.221e-05,1544738400,1.232e-05,1.213e-05,1.215e-05,9511.4633243,0.11619113,1.221e-05,0.23107895666666511,0.30415433846153866,0.339901235,1.2296666666666665e-05,1.234e-05,1.278294117647059e-05
217,1.218e-05,1544745600,1.218e-05,1.194e-05,1.213e-05,18356.89924316,0.2208329,1.202e-05,0.18320439666666513,0.14138347615384633,0.3255565029411765,1.218e-05,1.2320769230769233e-05,1.272764705882353e-05
218,1.218e-05,1544752800,1.219e-05,1.21e-05,1.218e-05,4021.26664623,0.04899155,1.218e-05,0.12867185999999847,0.1377447192307694,0.31355803147058825,1.2189999999999998e-05,1.2314615384615388e-05,1.2680294117647059e-05
219,1.234e-05,1544760000,1.234e-05,1.204e-05,1.218e-05,7240.05830221,0.0890093,1.229e-05,0.11961124999999846,0.144001113846154,0.29538063970588235,1.2233333333333332e-05,1.2317692307692311e-05,1.2641470588235295e-05
220,1.199e-05,1544767200,1.223e-05,1.192e-05,1.223e-05,3423.87788199,0.04127088,1.205e-05,0.0597572433333318,0.14614732384615398,0.2839949435294118,1.2169999999999999e-05,1.2290769230769234e-05,1.2598235294117649e-05
221,1.197e-05,1544774400,1.197e-05,1.195e-05,1.195e-05,2906.83244143,0.03479109,1.196e-05,0.05502375666666514,0.13877835923076937,0.24837929117647065,1.2099999999999998e-05,1.2273076923076928e-05,1.2564117647058825e-05
222,1.196e-05,1544781600,1.196e-05,1.194e-05,1.194e-05,1923.2347184,0.02297963,1.194e-05,0.033013866666665136,0.1364209007692309,0.24226404235294124,1.1973333333333331e-05,1.2243846153846156e-05,1.2533529411764707e-05
223,1.204e-05,1544788800,1.204e-05,1.194e-05,1.194e-05,2152.95598638,0.02574044,1.195e-05,0.027837053333331807,0.13442682923076937,0.23787771411764713,1.1989999999999999e-05,1.2222307692307696e-05,1.2505000000000001e-05
224,1.222e-05,1544796000,1.222e-05,1.203e-05,1.212e-05,4019.48499345,0.04873421,1.212e-05,0.032484759999998475,0.10245572615384632,0.19532294176470594,1.2073333333333332e-05,1.220769230769231e-05,1.2495882352941178e-05
225,1.178e-05,1544803200,1.213e-05,1.178e-05,1.213e-05,16131.56003249,0.19116338,1.185e-05,0.08854600999999847,0.11682687076923091,0.1780342697058824,1.201333333333333e-05,1.2159230769230771e-05,1.2462941176470591e-05
226,1.18e-05,1544810400,1.185e-05,1.18e-05,1.185e-05,6585.13907577,0.07776726,1.18e-05,0.10588828333333182,0.11496288538461555,0.179939940882353,1.1933333333333331e-05,1.2103846153846156e-05,1.2428823529411767e-05
227,1.162e-05,1544817600,1.181e-05,1.162e-05,1.181e-05,23113.55302492,0.2715041,1.174e-05,0.18014491333333182,0.10781269461538479,0.17539080676470595,1.1733333333333332e-05,1.2033846153846156e-05,1.2390294117647062e-05
228,1.165e-05,1544824800,1.176e-05,1.155e-05,1.172e-05,16392.23023765,0.19053664,1.162e-05,0.1799359999999985,0.10611634692307709,0.17977222441176477,1.1689999999999998e-05,1.199538461538462e-05,1.2355882352941179e-05
229,1.158e-05,1544832000,1.174e-05,1.158e-05,1.174e-05,3495.39428056,0.04060303,1.161e-05,0.16754792333333182,0.10030187769230785,0.17754841294117654,1.1616666666666665e-05,1.194692307692308e-05,1.2318529411764708e-05
230,1.183e-05,1544839200,1.183e-05,1.158e-05,1.158e-05,12108.04590307,0.14137965,1.167e-05,0.12417310666666515,0.09419008923076938,0.17950465205882363,1.1686666666666664e-05,1.1920000000000004e-05,1.2284117647058826e-05
231,1.208e-05,1544846400,1.21e-05,1.183e-05,1.183e-05,19017.05486884,0.22891744,1.203e-05,0.13696670666666513,0.10803054230769246,0.18401939088235303,1.1829999999999999e-05,1.1912307692307696e-05,1.2258529411764707e-05
232,1.205e-05,1544853600,1.205e-05,1.205e-05,1.205e-05,1171.0,0.01411055,1.205e-05,0.12813587999999848,0.10226910000000015,0.18237844970588243,1.1986666666666665e-05,1.1890000000000003e-05,1.2230882352941178e-05
233,1.204e-05,1544860800,1.213e-05,1.201e-05,1.205e-05,32711.21028359,0.39296539,1.201e-05,0.21199779333333182,0.129322523846154,0.1929233870588236,1.2056666666666664e-05,1.1893846153846156e-05,1.2203823529411766e-05
234,1.205e-05,1544868000,1.205e-05,1.204e-05,1.204e-05,4859.3906949,0.05854893,1.204e-05,0.15520828999999847,0.13115005000000018,0.18174288617647064,1.2046666666666666e-05,1.1900000000000001e-05,1.2181470588235296e-05
235,1.232e-05,1544875200,1.24e-05,1.204e-05,1.213e-05,49986.5004664,0.61516291,1.23e-05,0.35555907666666514,0.17670261000000015,0.19948418264705886,1.2136666666666663e-05,1.1927692307692307e-05,1.2169117647058826e-05
236,1.219e-05,1544882400,1.264e-05,1.219e-05,1.231e-05,100426.06973741,1.26223958,1.256e-05,0.6453171399999985,0.2718179284615386,0.2358413826470589,1.2186666666666663e-05,1.193923076923077e-05,1.2150588235294119e-05
237,1.219e-05,1544889600,1.23e-05,1.219e-05,1.223e-05,32479.5510135,0.39668462,1.221e-05,0.758029036666665,0.29858334461538477,0.24611587882352945,1.223333333333333e-05,1.1936923076923077e-05,1.2131764705882353e-05
238,1.228e-05,1544896800,1.228e-05,1.219e-05,1.219e-05,16699.794137,0.20453935,1.224e-05,0.6211545166666651,0.2996122653846155,0.18340073882352945,1.2219999999999997e-05,1.1975384615384617e-05,1.212735294117647e-05
239,1.223e-05,1544904000,1.228e-05,1.213e-05,1.221e-05,11297.42979788,0.13821083,1.223e-05,0.24647826666666517,0.30426177076923094,0.18463354588235298,1.2233333333333329e-05,1.2008461538461542e-05,1.2126470588235294e-05
240,1.246e-05,1544911200,1.247e-05,1.223e-05,1.223e-05,59874.89556879,0.74493808,1.244e-05,0.3625627533333318,0.34067976923076937,0.2063177197058824,1.2323333333333326e-05,1.2073076923076927e-05,1.2131176470588235e-05
241,1.231e-05,1544918400,1.255e-05,1.231e-05,1.246e-05,23574.98777365,0.29338236,1.244e-05,0.3921770899999985,0.3485909784615385,0.2145533729411765,1.2333333333333328e-05,1.2123846153846157e-05,1.213029411764706e-05
242,1.185e-05,1544925600,1.237e-05,1.185e-05,1.23e-05,31063.12977206,0.37658618,1.212e-05,0.47163553999999847,0.3744358361538463,0.22178862441176475,1.2206666666666661e-05,1.2144615384615386e-05,1.212e-05
243,1.2e-05,1544932800,1.205e-05,1.194e-05,1.194e-05,3252.15726439,0.03910298,1.202e-05,0.2363571733333318,0.3665684000000001,0.22136145941176474,1.2053333333333329e-05,1.215769230769231e-05,1.2110000000000001e-05
244,1.228e-05,1544940000,1.231e-05,1.205e-05,1.205e-05,5038.05423345,0.061211,1.214e-05,0.15896671999999848,0.3536679046153847,0.22164227205882356,1.2043333333333327e-05,1.2173076923076926e-05,1.2108823529411765e-05
245,1.211e-05,1544947200,1.228e-05,1.211e-05,1.227e-05,5423.39782196,0.06577455,1.212e-05,0.05536284333333182,0.3576420584615386,0.20991921323529417,1.2129999999999994e-05,1.217769230769231e-05,1.21e-05
246,1.217e-05,1544954400,1.217e-05,1.209e-05,1.209e-05,108.72518744,0.00131789,1.212e-05,0.042767813333331815,0.3275153276923079,0.20983037176470593,1.2186666666666661e-05,1.2187692307692311e-05,1.2092941176470586e-05
247,1.212e-05,1544961600,1.213e-05,1.212e-05,1.213e-05,611.03294647,0.00740582,1.212e-05,0.024832753333331816,0.32358124230769253,0.2070482173529412,1.2133333333333328e-05,1.2193076923076927e-05,1.2081176470588232e-05
248,1.21e-05,1544968800,1.215e-05,1.2e-05,1.207e-05,52461.6962933,0.63219302,1.205e-05,0.2136389099999985,0.324891250769231,0.2149228185294118,1.2129999999999996e-05,1.2176153846153851e-05,1.2068529411764704e-05
249,1.203e-05,1544976000,1.212e-05,1.192e-05,1.212e-05,29037.89601852,0.34656926,1.193e-05,0.3287226999999985,0.2544550723076925,0.2188634097058824,1.2083333333333328e-05,1.2163846153846158e-05,1.2064999999999999e-05
250,1.211e-05,1544983200,1.214e-05,1.2e-05,1.203e-05,9967.86510941,0.12068911,1.21e-05,0.36648379666666514,0.23322464846153868,0.21899570323529416,1.2079999999999994e-05,1.2157692307692311e-05,1.206205882352941e-05
251,1.198e-05,1544990400,1.228e-05,1.198e-05,1.215e-05,22564.97297287,0.2723445,1.206e-05,0.24653428999999846,0.2384404292307694,0.2205107502941177,1.2039999999999995e-05,1.2134615384615388e-05,1.2056176470588233e-05
