,close,date,high,low,open,quoteVolume,volume,weightedAverage,avg_vol_3,avg_vol_13,avg_vol_34,avg_close_3,avg_close_13,avg_close_34
0,1.02e-06,1553218424,1.02e-06,1.02e-06,1.02e-06,0.0,0.0,1.02e-06,-99999.0,-99999.0,-99999.0,-99999.0,-99999.0,-99999.0
1,1.02e-06,1553225624,1.02e-06,1.02e-06,1.02e-06,0.0,0.0,1.02e-06,-99999.0,-99999.0,-99999.0,-99999.0,-99999.0,-99999.0
2,1.01e-06,1553227200,1.02e-06,1e-06,1.01e-06,407672.06942675,0.41147634,1e-06,0.13715878,-99999.0,-99999.0,1.0166666666666667e-06,-99999.0,-99999.0
3,1e-06,1553234400,1.01e-06,1e-06,1.01e-06,7026.99068464,0.0070677,1e-06,0.13951468,-99999.0,-99999.0,1.01e-06,-99999.0,-99999.0
4,1e-06,1553241600,1.02e-06,1e-06,1.01e-06,44651.34207369,0.04482977,1e-06,0.15445793666666666,-99999.0,-99999.0,1.0033333333333334e-06,-99999.0,-99999.0
5,1e-06,1553248800,1.01e-06,1e-06,1.01e-06,256251.835,0.25626409,1e-06,0.10272051999999998,-99999.0,-99999.0,1.0000000000000002e-06,-99999.0,-99999.0
6,1.01e-06,1553256000,1.01e-06,1e-06,1.01e-06,93113.65066852,0.09336808,1e-06,0.13148731333333333,-99999.0,-99999.0,1.0033333333333336e-06,-99999.0,-99999.0
7,1.01e-06,1553263200,1.01e-06,1e-06,1e-06,115075.49101368,0.11557951,1e-06,0.15507055999999997,-99999.0,-99999.0,1.0066666666666668e-06,-99999.0,-99999.0
8,1.01e-06,1553270400,1.02e-06,1e-06,1.02e-06,15000.29131463,0.01504533,1e-06,0.07466430666666664,-99999.0,-99999.0,1.0100000000000003e-06,-99999.0,-99999.0
9,1.01e-06,1553277600,1.01e-06,1e-06,1e-06,498.22689108,0.00049921,1e-06,0.04370801666666665,-99999.0,-99999.0,1.01e-06,-99999.0,-99999.0
10,1.01e-06,1553284800,1.01e-06,1e-06,1.01e-06,48823.12722772,0.04920426,1e-06,0.021582933333333314,-99999.0,-99999.0,1.01e-06,-99999.0,-99999.0
11,1.02e-06,1553292000,1.02e-06,1.01e-06,1.01e-06,33769.19314817,0.0344307,1.01e-06,0.028044723333333316,-99999.0,-99999.0,1.0133333333333333e-06,-99999.0,-99999.0
12,1.01e-06,1553299200,1.01e-06,1.01e-06,1.01e-06,520503.90012124,0.52570893,1.01e-06,0.20311463,0.11949799384615384,-99999.0,1.0133333333333333e-06,1.0100000000000003e-06,-99999.0
13,1.01e-06,1553306400,1.02e-06,1e-06,1.02e-06,294587.16944607,0.29634304,1e-06,0.28549422333333335,0.1422936123076923,-99999.0,1.0133333333333333e-06,1.0092307692307694e-06,-99999.0
14,1.01e-06,1553313600,1.01e-06,1.01e-06,1.01e-06,2972.67516984,0.0030024,1.01e-06,0.2750181233333333,0.14252456615384615,-99999.0,1.01e-06,1.0084615384615387e-06,-99999.0
15,1.01e-06,1553320800,1.01e-06,1e-06,1.01e-06,2384.61890439,0.00239849,1e-06,0.10058131,0.1110570392307692,-99999.0,1.01e-06,1.0084615384615387e-06,-99999.0
16,1.01e-06,1553328000,1.01e-06,1e-06,1.01e-06,515111.45010645,0.52016456,1e-06,0.17518848333333334,0.15052602846153845,-99999.0,1.01e-06,1.0092307692307694e-06,-99999.0
17,1e-06,1553335200,1.01e-06,1e-06,1e-06,202915.10791089,0.20491609,1e-06,0.24249304666666668,0.16284036076923075,-99999.0,1.0066666666666668e-06,1.0092307692307694e-06,-99999.0
18,1e-06,1553342400,1.01e-06,9.8e-07,1e-06,1012794.5171588,1.00705852,9.9e-07,0.5773797233333333,0.2205937784615384,-99999.0,1.0033333333333334e-06,1.0092307692307694e-06,-99999.0
19,9.9e-07,1553349600,1e-06,9.8e-07,1e-06,23429.02737824,0.02319848,9.9e-07,0.41172436333333334,0.21519611692307689,-99999.0,9.96666666666667e-07,1.007692307692308e-06,-99999.0
20,1e-06,1553356800,1e-06,9.9e-07,9.9e-07,13260.449899,0.01318091,9.9e-07,0.3478126366666667,0.2073193015384615,-99999.0,9.96666666666667e-07,1.0069230769230771e-06,-99999.0
21,1e-06,1553364000,1e-06,9.8e-07,1e-06,33440.34249845,0.03303679,9.8e-07,0.023138726666666647,0.20870326,-99999.0,9.96666666666667e-07,1.0061538461538465e-06,-99999.0
22,1e-06,1553371200,1e-06,9.8e-07,9.8e-07,3613.87920436,0.00360594,9.9e-07,0.01660787999999998,0.2089422392307692,-99999.0,1.0000000000000004e-06,1.0053846153846156e-06,-99999.0
23,1e-06,1553378400,1e-06,9.9e-07,9.9e-07,27589.43406359,0.02744017,9.9e-07,0.021360966666666644,0.20726807846153847,-99999.0,1.0000000000000004e-06,1.0046153846153849e-06,-99999.0
24,1e-06,1553385600,1e-06,9.8e-07,9.9e-07,151105.69686214,0.15012417,9.9e-07,0.06039009333333331,0.21616757615384613,-99999.0,1.0000000000000004e-06,1.0030769230769233e-06,-99999.0
25,1e-06,1553392800,1e-06,9.8e-07,1e-06,127282.71653148,0.12650736,9.9e-07,0.10135723333333334,0.18545976307692308,-99999.0,1.0000000000000004e-06,1.0023076923076926e-06,-99999.0
26,1e-06,1553400000,1e-06,1e-06,1e-06,100.1,0.0001001,1e-06,0.09224387666666667,0.16267184461538461,-99999.0,1.0000000000000004e-06,1.001538461538462e-06,-99999.0
27,1e-06,1553407200,1e-06,9.9e-07,9.9e-07,85935.64018077,0.0859257,9.9e-07,0.07084438666666666,0.16905056000000002,-99999.0,1.0000000000000004e-06,1.000769230769231e-06,-99999.0
28,9.9e-07,1553414400,1e-06,9.8e-07,1e-06,175712.73023349,0.17356292,9.8e-07,0.08652957333333333,0.18221705461538462,-99999.0,9.96666666666667e-07,9.992307692307695e-07,-99999.0
29,9.9e-07,1553421600,1e-06,9.9e-07,9.9e-07,28472.70103315,0.02818909,9.9e-07,0.09589257000000001,0.1443727876923077,-99999.0,9.933333333333337e-07,9.976923076923081e-07,-99999.0
30,1e-06,1553428800,1e-06,9.9e-07,1e-06,181609.21226895,0.17981893,9.9e-07,0.12719031333333333,0.14244223692307695,-99999.0,9.933333333333337e-07,9.976923076923081e-07,-99999.0
31,1e-06,1553436000,1e-06,9.8e-07,9.8e-07,25817.42742686,0.02544598,9.8e-07,0.077818,0.06693358000000003,-99999.0,9.96666666666667e-07,9.976923076923081e-07,-99999.0
32,9.9e-07,1553443200,1e-06,9.8e-07,1e-06,23222.24545454,0.02307453,9.9e-07,0.07611314666666666,0.06692404538461542,-99999.0,9.96666666666667e-07,9.976923076923081e-07,-99999.0
33,9.8e-07,1553450400,9.9e-07,9.8e-07,9.9e-07,238820.73854605,0.23405112,9.8e-07,0.09419054333333333,0.08391406153846158,0.13866527088235292,9.900000000000005e-07,9.961538461538463e-07,1.0032352941176473e-06
34,9.9e-07,1553457600,9.9e-07,9.8e-07,9.8e-07,35759.32168984,0.03509565,9.8e-07,0.09740710000000001,0.08407243538461542,0.13969749588235292,9.86666666666667e-07,9.953846153846157e-07,1.0023529411764708e-06
35,9.9e-07,1553464800,1e-06,9.9e-07,9.9e-07,62126.56504872,0.06182022,9.9e-07,0.11032233000000001,0.08855045692307698,0.14151573764705883,9.86666666666667e-07,9.946153846153848e-07,1.0014705882352944e-06
36,9.9e-07,1553472000,1e-06,9.8e-07,9.9e-07,15803.04524737,0.01565415,9.9e-07,0.037523339999999995,0.08764384000000006,0.12987390852941175,9.900000000000005e-07,9.93846153846154e-07,1.0008823529411768e-06
37,9.9e-07,1553479200,1e-06,9.9e-07,1e-06,27964.40302929,0.02784714,9.9e-07,0.03510716999999999,0.07823791461538467,0.13048506852941175,9.900000000000005e-07,9.930769230769234e-07,1.0005882352941182e-06
38,1e-06,1553486400,1e-06,9.9e-07,9.9e-07,118297.00349884,0.11713803,9.9e-07,0.053546439999999994,0.07751719692307699,0.1326117820588235,9.933333333333337e-07,9.930769230769234e-07,1.0005882352941182e-06
39,9.9e-07,1553493600,9.9e-07,9.9e-07,9.9e-07,78918.69335,0.0781295,9.9e-07,0.07437155666666666,0.0835194584615385,0.1273725294117647,9.933333333333337e-07,9.923076923076925e-07,1.0002941176470594e-06
40,9.9e-07,1553500800,1e-06,9.8e-07,1e-06,1686098.605635,1.65447033,9.8e-07,0.6165792866666667,0.20417673769230774,0.1732873014705882,9.933333333333337e-07,9.915384615384618e-07,9.99705882352942e-07
41,9.9e-07,1553508000,9.9e-07,9.8e-07,9.9e-07,104534.21034033,0.10334309,9.8e-07,0.6119809733333333,0.19877521230769235,0.17292740676470586,9.900000000000005e-07,9.915384615384618e-07,9.991176470588244e-07
42,9.8e-07,1553515200,9.9e-07,9.8e-07,9.8e-07,28945.41556009,0.02836852,9.8e-07,0.59539398,0.19878901461538462,0.17331926529411762,9.86666666666667e-07,9.907692307692312e-07,9.98235294117648e-07
43,9.7e-07,1553522400,9.9e-07,9.7e-07,9.9e-07,336751.53419376,0.32908124,9.7e-07,0.1535976166666666,0.21027073076923075,0.1829834426470588,9.800000000000006e-07,9.884615384615387e-07,9.970588235294127e-07
44,9.7e-07,1553529600,9.8e-07,9.7e-07,9.8e-07,25993.04645159,0.02528961,9.7e-07,0.12757978999999994,0.2102587023076923,0.18228007058823525,9.73333333333334e-07,9.861538461538464e-07,9.958823529411775e-07
45,9.7e-07,1553536800,9.7e-07,9.7e-07,9.7e-07,0.0,0.0,9.7e-07,0.1181236166666666,0.20848373846153845,0.18126740294117644,9.700000000000007e-07,9.846153846153847e-07,9.944117647058832e-07
46,9.7e-07,1553544000,9.7e-07,9.7e-07,9.7e-07,0.0,0.0,9.7e-07,0.008429869999999931,0.19047980615384613,0.16580537558823524,9.700000000000007e-07,9.83846153846154e-07,9.93235294117648e-07
47,9.8e-07,1553551200,9.8e-07,9.7e-07,9.7e-07,21124.27530974,0.02066178,9.7e-07,0.006887259999999933,0.18936950846153844,0.15769710323529407,9.73333333333334e-07,9.83076923076923e-07,9.923529411764716e-07
48,9.7e-07,1553558400,9.9e-07,9.7e-07,9.9e-07,26662.93909685,0.02605858,9.7e-07,0.015573453333333266,0.18661861307692304,0.15837522617647057,9.73333333333334e-07,9.815384615384617e-07,9.911764705882363e-07
49,9.8e-07,1553565600,9.8e-07,9.8e-07,9.8e-07,7265.71428573,0.0071204,9.8e-07,0.017946919999999932,0.18596217076923072,0.1585141058823529,9.766666666666671e-07,9.807692307692308e-07,9.9029411764706e-07
50,9.9e-07,1553572800,9.9e-07,9.8e-07,9.8e-07,47627.98023771,0.04671573,9.8e-07,0.026631569999999934,0.1874136007692307,0.14458914029411762,9.800000000000006e-07,9.807692307692308e-07,9.897058823529423e-07
51,9.8e-07,1553580000,9.9e-07,9.8e-07,9.8e-07,60130.18509841,0.05928081,9.8e-07,0.0377056466666666,0.18296304538461533,0.1403057497058823,9.833333333333338e-07,9.79230769230769e-07,9.891176470588247e-07
52,9.9e-07,1553587200,9.9e-07,9.9e-07,9.9e-07,333.33333333,0.00032999,9.9e-07,0.0354421766666666,0.17697846769230763,0.11069608705882349,9.86666666666667e-07,9.79230769230769e-07,9.88823529411766e-07
53,9.9e-07,1553594400,9.9e-07,9.8e-07,9.9e-07,11434.03082983,0.01128721,9.8e-07,0.02363266999999994,0.05057976615384607,0.11034575558823524,9.86666666666667e-07,9.79230769230769e-07,9.88823529411766e-07
54,9.9e-07,1553601600,9.9e-07,9.8e-07,9.8e-07,15541.99020593,0.01525621,9.8e-07,0.00895780333333327,0.04380385230769223,0.11040679382352936,9.900000000000005e-07,9.79230769230769e-07,9.885294117647075e-07
55,9.8e-07,1553608800,9.8e-07,9.1e-07,9.8e-07,2618761.9521811,2.49157408,9.5e-07,0.8393725,0.233281203076923,0.18271671411764703,9.86666666666667e-07,9.79230769230769e-07,9.879411764705899e-07
56,9.8e-07,1553616000,9.8e-07,9.6e-07,9.8e-07,1997.49122654,0.00195353,9.7e-07,0.8362612733333333,0.20811753307692302,0.18266811382352938,9.833333333333338e-07,9.8e-07,9.873529411764723e-07
57,9.7e-07,1553623200,9.8e-07,9.6e-07,9.8e-07,111981.15481946,0.10751158,9.6e-07,0.8670130633333334,0.21444229999999995,0.18502315529411759,9.766666666666671e-07,9.8e-07,9.864705882352958e-07
58,9.7e-07,1553630400,9.8e-07,9.6e-07,9.7e-07,121246.54199979,0.11740785,9.6e-07,0.07562432000000019,0.22347367307692304,0.18406091058823526,9.73333333333334e-07,9.8e-07,9.855882352941196e-07
59,9.5e-07,1553637600,9.7e-07,9.4e-07,9.7e-07,81813.91669342,0.07751055,9.4e-07,0.10080999333333353,0.22943602307692304,0.18261982794117645,9.63333333333334e-07,9.784615384615386e-07,9.841176470588256e-07
60,9.7e-07,1553644800,9.7e-07,9.4e-07,9.5e-07,288038.55245437,0.27873969,9.6e-07,0.1578860300000002,0.24928816999999995,0.19081510999999998,9.63333333333334e-07,9.776923076923077e-07,9.832352941176492e-07
61,9.6e-07,1553652000,9.6e-07,9.5e-07,9.5e-07,30440.36256308,0.02904107,9.5e-07,0.12843043666666687,0.24951759230769224,0.1891420326470588,9.600000000000008e-07,9.769230769230768e-07,9.82058823529414e-07
62,9.7e-07,1553659200,9.7e-07,9.7e-07,9.7e-07,8200.0,0.007954,9.7e-07,0.1052449200000002,0.24958171538461532,0.1842711820588235,9.666666666666672e-07,9.76153846153846e-07,9.81470588235296e-07
63,9.7e-07,1553666400,9.7e-07,9.7e-07,9.7e-07,6582.61588298,0.00638513,9.7e-07,0.014460066666666882,0.24647936153846148,0.18362988911764705,9.666666666666672e-07,9.746153846153841e-07,9.808823529411785e-07
64,9.7e-07,1553673600,9.8e-07,9.5e-07,9.7e-07,65621.38832106,0.06341145,9.6e-07,0.02591686000000021,0.24679710307692299,0.18020613970588234,9.700000000000007e-07,9.738461538461534e-07,9.80000000000002e-07
65,9.6e-07,1553680800,9.7e-07,9.6e-07,9.7e-07,11857.61048696,0.01139497,9.6e-07,0.027063850000000212,0.2476482553846153,0.17979287470588234,9.666666666666672e-07,9.71538461538461e-07,9.788235294117666e-07
66,9.8e-07,1553688000,9.8e-07,9.5e-07,9.5e-07,91555.09059969,0.08871993,9.6e-07,0.05450878333333355,0.25360461846153837,0.18172362176470588,9.700000000000007e-07,9.707692307692303e-07,9.785294117647078e-07
67,9.7e-07,1553695200,9.7e-07,9.6e-07,9.6e-07,1391.64353956,0.00134643,9.6e-07,0.033820443333333554,0.2525346353846153,0.17487936617647057,9.700000000000007e-07,9.692307692307687e-07,9.78235294117649e-07
68,9.6e-07,1553702400,9.8e-07,9.6e-07,9.8e-07,84055.90423616,0.08145456,9.6e-07,0.05717364000000022,0.06714082615384608,0.17624286352941176,9.700000000000007e-07,9.67692307692307e-07,9.773529411764724e-07
69,9.5e-07,1553709600,9.8e-07,9.2e-07,9.7e-07,918774.74991473,0.86808478,9.4e-07,0.31696192333333356,0.13376630692307684,0.19995652705882352,9.600000000000008e-07,9.653846153846147e-07,9.761764705882371e-07
70,9.5e-07,1553716800,9.5e-07,9.5e-07,9.5e-07,61872.0699105,0.05877846,9.5e-07,0.3361059333333336,0.13001760538461532,0.20122488911764708,9.533333333333341e-07,9.63846153846153e-07,9.750000000000017e-07
71,9.6e-07,1553724000,9.6e-07,9.5e-07,9.6e-07,4953.36272449,0.00472539,9.5e-07,0.3105295433333336,0.12134972384615378,0.20054483764705883,9.533333333333341e-07,9.630769230769222e-07,9.741176470588253e-07
72,9.6e-07,1553731200,9.6e-07,9.5e-07,9.6e-07,251381.76616074,0.24118324,9.5e-07,0.10156236333333357,0.13393993076923072,0.20419322617647057,9.566666666666673e-07,9.638461538461529e-07,9.729411764705898e-07
73,9.6e-07,1553738400,9.7e-07,9.5e-07,9.7e-07,83679.43061274,0.07965362,9.5e-07,0.10852075000000024,0.11862561769230763,0.2042380532352941,9.600000000000008e-07,9.630769230769222e-07,9.720588235294132e-07
74,9.6e-07,1553745600,9.6e-07,9.6e-07,9.6e-07,5158.60175951,0.00495225,9.6e-07,0.10859637000000023,0.11677263153846149,0.15572281558823525,9.600000000000008e-07,9.630769230769222e-07,9.711764705882367e-07
75,9.7e-07,1553752800,9.7e-07,9.6e-07,9.6e-07,27321.71187663,0.02632624,9.6e-07,0.03697737000000024,0.11818588076923071,0.15345761411764702,9.63333333333334e-07,9.630769230769222e-07,9.70588235294119e-07
76,9.6e-07,1553760000,9.7e-07,9.6e-07,9.7e-07,181162.08473992,0.17535914,9.6e-07,0.06887921000000025,0.1311838815384615,0.1577808676470588,9.63333333333334e-07,9.623076923076913e-07,9.70000000000001e-07
77,9.6e-07,1553767200,9.6e-07,9.6e-07,9.6e-07,2149.60765501,0.00206362,9.6e-07,0.06791633333333358,0.12646481769230764,0.14816270235294116,9.63333333333334e-07,9.615384615384604e-07,9.697058823529423e-07
78,9.7e-07,1553774400,9.7e-07,9.6e-07,9.6e-07,5864.25773195,0.00563143,9.6e-07,0.06101806333333357,0.12602146846153842,0.1475845205882353,9.63333333333334e-07,9.623076923076911e-07,9.697058823529423e-07
79,9.7e-07,1553781600,9.7e-07,9.5e-07,9.6e-07,111271.3019884,0.10660925,9.5e-07,0.03810143333333357,0.12739756999999996,0.15072008676470589,9.666666666666672e-07,9.615384615384604e-07,9.697058823529423e-07
80,9.6e-07,1553788800,9.7e-07,9.4e-07,9.6e-07,332244.44561916,0.31727308,9.5e-07,0.14317125333333355,0.15169961999999998,0.16005164794117646,9.666666666666672e-07,9.607692307692295e-07,9.694117647058835e-07
81,9.6e-07,1553796000,9.7e-07,9.6e-07,9.6e-07,15320.481525,0.01481075,9.6e-07,0.1462310266666669,0.14657317307692305,0.1598795588235294,9.63333333333334e-07,9.607692307692295e-07,9.688235294117656e-07
82,9.5e-07,1553803200,9.7e-07,9.5e-07,9.5e-07,123077.68668143,0.1178913,9.5e-07,0.14999171000000022,0.08886598230769228,0.16258052117647057,9.566666666666673e-07,9.607692307692295e-07,9.682352941176482e-07
83,9.6e-07,1553810400,9.6e-07,9.4e-07,9.5e-07,157353.41596643,0.14921,9.4e-07,0.09397068333333354,0.0958222546153846,0.16675962705882352,9.566666666666673e-07,9.615384615384602e-07,9.676470588235304e-07
84,9.6e-07,1553817600,9.6e-07,9.5e-07,9.6e-07,30915.54897998,0.02966605,9.5e-07,0.09892245000000022,0.09774076692307691,0.16625816588235295,9.566666666666673e-07,9.615384615384602e-07,9.667647058823538e-07
85,9.6e-07,1553824800,9.6e-07,9.6e-07,9.6e-07,208.64583333,0.00020029,9.6e-07,0.059692113333333546,0.07920361692307691,0.16452050352941178,9.600000000000008e-07,9.615384615384602e-07,9.661764705882362e-07
86,9.6e-07,1553832000,9.6e-07,9.5e-07,9.5e-07,1935.76366667,0.00185333,9.5e-07,0.01057322333333354,0.07321897923076923,0.16456530764705884,9.600000000000008e-07,9.615384615384602e-07,9.652941176470595e-07
87,9.6e-07,1553839200,9.6e-07,9.6e-07,9.6e-07,0.0,0.0,9.6e-07,0.0006845400000002055,0.07283803692307692,0.16423333088235298,9.600000000000008e-07,9.615384615384602e-07,9.644117647058829e-07
88,9.6e-07,1553846400,9.6e-07,9.6e-07,9.6e-07,0.0,0.0,9.6e-07,0.0006177766666668722,0.07081294153846153,0.16378461882352943,9.600000000000008e-07,9.607692307692295e-07,9.635294117647062e-07
89,9.6e-07,1553853600,9.6e-07,9.6e-07,9.6e-07,0.0,0.0,9.6e-07,2.0549245175841927e-16,0.05732377692307692,0.09050302823529414,9.600000000000008e-07,9.607692307692295e-07,9.629411764705884e-07
90,9.4e-07,1553860800,9.6e-07,9.4e-07,9.5e-07,219251.4153811,0.20809208,9.4e-07,0.06936402666666687,0.07317212,0.0965659267647059,9.533333333333341e-07,9.59230769230768e-07,9.617647058823532e-07
91,9.6e-07,1553868000,9.7e-07,9.5e-07,9.5e-07,39515.97547843,0.03793373,9.5e-07,0.08200860333333354,0.07565691230769231,0.09451951941176472,9.533333333333341e-07,9.58461538461537e-07,9.614705882352944e-07
92,9.7e-07,1553875200,9.7e-07,9.6e-07,9.6e-07,22138.83720618,0.0213791,9.6e-07,0.0891349700000002,0.06910074692307691,0.09169514441176471,9.566666666666673e-07,9.58461538461537e-07,9.614705882352944e-07
93,9.5e-07,1553882400,9.6e-07,9.5e-07,9.6e-07,48504.85436896,0.04655309,9.5e-07,0.035288640000000204,0.0482761323076923,0.09078463088235295,9.600000000000008e-07,9.576923076923064e-07,9.614705882352944e-07
94,9.6e-07,1553889600,9.6e-07,9.5e-07,9.5e-07,5059.27774053,0.00484057,9.5e-07,0.024257586666666872,0.047509195384615385,0.08272877441176471,9.600000000000008e-07,9.576923076923064e-07,9.611764705882354e-07
95,9.7e-07,1553896800,9.7e-07,9.6e-07,9.6e-07,16140.87596286,0.01565556,9.6e-07,0.022349740000000205,0.03964490769230769,0.08233508294117647,9.600000000000008e-07,9.59230769230768e-07,9.614705882352944e-07
96,9.7e-07,1553904000,9.7e-07,9.7e-07,9.7e-07,582.22680412,0.00056475,9.7e-07,0.007020293333333541,0.028210657692307687,0.08211775205882355,9.666666666666672e-07,9.599999999999989e-07,9.614705882352944e-07
97,9.5e-07,1553911200,9.5e-07,9.5e-07,9.5e-07,127221.68398574,0.12086059,9.5e-07,0.045693633333333546,0.0352256223076923,0.08548467735294119,9.63333333333334e-07,9.59230769230768e-07,9.608823529411768e-07
98,9.5e-07,1553918400,9.5e-07,9.4e-07,9.5e-07,2779.41202105,0.00262879,9.4e-07,0.04135137666666688,0.035412429999999995,0.08369695205882355,9.566666666666673e-07,9.584615384615373e-07,9.602941176470591e-07
99,9.5e-07,1553925600,9.6e-07,9.4e-07,9.5e-07,64622.374701,0.06145306,9.5e-07,0.061647480000000206,0.03999702461538461,0.08516924882352943,9.500000000000008e-07,9.576923076923064e-07,9.600000000000005e-07
100,9.5e-07,1553932800,9.5e-07,9.5e-07,9.5e-07,0.0,0.0,9.5e-07,0.021360616666666873,0.03999702461538461,0.08255983911764708,9.500000000000008e-07,9.569230769230757e-07,9.591176470588241e-07
101,9.6e-07,1553940000,9.6e-07,9.4e-07,9.5e-07,49703.6761357,0.0474673,9.5e-07,0.036306786666666875,0.04364835538461538,0.08391633529411767,9.533333333333341e-07,9.569230769230757e-07,9.588235294117653e-07
102,9.6e-07,1553947200,9.7e-07,9.5e-07,9.5e-07,694347.77355983,0.66662435,9.6e-07,0.2380305500000002,0.09492715153846154,0.10112721147058824,9.566666666666673e-07,9.569230769230757e-07,9.588235294117653e-07
103,9.6e-07,1553954400,9.6e-07,9.6e-07,9.6e-07,218841.2865269,0.21008763,9.6e-07,0.3080597600000002,0.0950806553846154,0.08177435411764708,9.600000000000008e-07,9.584615384615373e-07,9.59117647058824e-07
104,9.6e-07,1553961600,9.7e-07,9.4e-07,9.5e-07,212637.53234626,0.20581541,9.6e-07,0.36084246333333353,0.10799463076923078,0.08609897029411766,9.600000000000008e-07,9.584615384615373e-07,9.594117647058827e-07
105,9.6e-07,1553968800,9.6e-07,9.5e-07,9.6e-07,2395.63518751,0.00229772,9.5e-07,0.13940025333333353,0.10652683230769232,0.08602756823529413,9.600000000000008e-07,9.576923076923064e-07,9.594117647058827e-07
106,9.6e-07,1553976000,9.6e-07,9.5e-07,9.6e-07,31319.82071249,0.03006156,9.5e-07,0.07939156333333354,0.1052582530769231,0.07981810705882356,9.600000000000008e-07,9.584615384615373e-07,9.594117647058827e-07
107,9.6e-07,1553983200,9.6e-07,9.6e-07,9.6e-07,1408.81249999,0.00135245,9.6e-07,0.011237243333333535,0.10498993615384616,0.07751513147058826,9.600000000000008e-07,9.584615384615373e-07,9.594117647058827e-07
108,9.6e-07,1553990400,9.6e-07,9.6e-07,9.6e-07,0.0,0.0,9.6e-07,0.010471336666666867,0.10378566230769233,0.07736947705882355,9.600000000000008e-07,9.576923076923064e-07,9.594117647058827e-07
109,9.6e-07,1553997600,9.6e-07,9.5e-07,9.5e-07,31582.18108041,0.03031391,9.5e-07,0.010555453333333534,0.10607405923076926,0.07748676147058825,9.600000000000008e-07,9.569230769230755e-07,9.591176470588237e-07
110,9.5e-07,1554004800,9.6e-07,9.4e-07,9.6e-07,82699.22953545,0.07799751,9.4e-07,0.03610380666666687,0.10277689923076928,0.07462318411764708,9.566666666666673e-07,9.569230769230755e-07,9.58823529411765e-07
111,9.4e-07,1554012000,9.4e-07,9.4e-07,9.4e-07,21030.76838708,0.01976892,9.4e-07,0.042693446666666864,0.10409537076923082,0.07514392823529414,9.500000000000008e-07,9.561538461538448e-07,9.582352941176475e-07
112,9.5e-07,1554019200,9.5e-07,9.4e-07,9.4e-07,139171.51993957,0.13082377,9.4e-07,0.07619673333333353,0.10943157923076928,0.07882605588235296,9.466666666666675e-07,9.561538461538448e-07,9.5764705882353e-07
113,9.4e-07,1554026400,9.5e-07,9.4e-07,9.5e-07,737.17494602,0.0006941,9.4e-07,0.050428930000000184,0.1094849715384616,0.07571090441176473,9.433333333333342e-07,9.553846153846141e-07,9.567647058823537e-07
114,9.5e-07,1554033600,9.5e-07,9.3e-07,9.5e-07,136056.37778541,0.12781474,9.3e-07,0.08644420333333352,0.11566554384615389,0.07013860029411767,9.466666666666676e-07,9.546153846153832e-07,9.564705882352949e-07
115,9.5e-07,1554040800,9.5e-07,9.3e-07,9.5e-07,37519.79958747,0.03529692,9.4e-07,0.05460192000000019,0.06710189538461543,0.07074113470588236,9.466666666666675e-07,9.538461538461526e-07,9.561764705882363e-07
116,9.4e-07,1554048000,9.5e-07,9.4e-07,9.4e-07,11938.97442368,0.01127526,9.4e-07,0.05812897333333353,0.051808636153846205,0.06760536882352942,9.466666666666675e-07,9.52307692307691e-07,9.558823529411774e-07
117,9.5e-07,1554055200,9.5e-07,9.3e-07,9.4e-07,10628.02123189,0.00999416,9.4e-07,0.01885544666666686,0.03674546307692313,0.06351078529411766,9.466666666666675e-07,9.515384615384602e-07,9.555882352941186e-07
118,9.5e-07,1554062400,9.5e-07,9.4e-07,9.4e-07,62550.72631581,0.0590733,9.4e-07,0.026780906666666854,0.041112815384615434,0.06437570441176473,9.466666666666675e-07,9.507692307692295e-07,9.5529411764706e-07
119,9.4e-07,1554069600,9.6e-07,9.4e-07,9.6e-07,45642.46972484,0.04377205,9.5e-07,0.03761317000000019,0.04216746846153851,0.0656572267647059,9.466666666666675e-07,9.49230769230768e-07,9.547058823529424e-07
120,9.4e-07,1554076800,9.5e-07,9.4e-07,9.5e-07,25274.10526317,0.0237604,9.4e-07,0.04220191666666686,0.04389115692307698,0.0663015523529412,9.433333333333342e-07,9.476923076923065e-07,9.54117647058825e-07
121,9.5e-07,1554084000,9.5e-07,9.4e-07,9.5e-07,15030.27405206,0.01419018,9.4e-07,0.027240876666666858,0.04498270923076929,0.06671891058823531,9.433333333333342e-07,9.469230769230757e-07,9.538235294117662e-07
122,9.4e-07,1554091200,9.4e-07,9.4e-07,9.4e-07,16193.33977761,0.01522173,9.4e-07,0.017724103333333525,0.04382177230769237,0.06716660852941178,9.433333333333342e-07,9.453846153846141e-07,9.532352941176487e-07
123,9.4e-07,1554098400,9.4e-07,9.4e-07,9.4e-07,12808.77901223,0.01204025,9.4e-07,0.013817386666666856,0.038748136923076985,0.06752073352941179,9.433333333333342e-07,9.446153846153833e-07,9.526470588235312e-07
124,9.3e-07,1554105600,9.5e-07,9.3e-07,9.5e-07,149934.51865628,0.13948151,9.3e-07,0.05558116333333352,0.047956797692307755,0.0655027755882353,9.366666666666676e-07,9.438461538461527e-07,9.523529411764724e-07
125,9.4e-07,1554112800,9.5e-07,9.3e-07,9.5e-07,141359.78768198,0.13387219,9.4e-07,0.09513131666666687,0.04819129153846159,0.06832449500000003,9.366666666666676e-07,9.430769230769219e-07,9.517647058823548e-07
126,9.5e-07,1554120000,9.6e-07,9.4e-07,9.5e-07,329715.91936027,0.3131958,9.4e-07,0.1955165000000002,0.0722298838461539,0.07690733911764708,9.400000000000011e-07,9.438461538461527e-07,9.511764705882373e-07
127,9.5e-07,1554127200,9.6e-07,9.4e-07,9.6e-07,29975.16931029,0.02847639,9.4e-07,0.15851479333333354,0.06458847230769237,0.07637567147058824,9.466666666666676e-07,9.438461538461527e-07,9.511764705882373e-07
128,9.4e-07,1554134400,9.5e-07,9.3e-07,9.5e-07,72144.3793061,0.06822431,9.4e-07,0.13663216666666686,0.06712134846153851,0.07823989911764707,9.466666666666676e-07,9.430769230769219e-07,9.505882352941197e-07
129,9.4e-07,1554141600,9.4e-07,9.1e-07,9.4e-07,660078.45966876,0.60876741,9.2e-07,0.23515603666666685,0.11308228307692314,0.09568436529411767,9.433333333333342e-07,9.430769230769219e-07,9.497058823529433e-07
130,9.4e-07,1554148800,9.5e-07,9.4e-07,9.5e-07,85955.50036752,0.08163146,9.4e-07,0.2528743933333335,0.11859284461538469,0.09806868029411767,9.400000000000008e-07,9.423076923076911e-07,9.488235294117669e-07
131,9.5e-07,1554156000,9.5e-07,9.4e-07,9.4e-07,18863.43877461,0.01786431,9.4e-07,0.23608772666666686,0.11542292230769237,0.0950393779411765,9.433333333333343e-07,9.423076923076911e-07,9.488235294117669e-07
132,9.5e-07,1554163200,9.5e-07,9.4e-07,9.5e-07,16418.9488466,0.015498,9.4e-07,0.03833125666666685,0.11324799538461544,0.09541788411764708,9.466666666666676e-07,9.430769230769219e-07,9.488235294117669e-07
133,9.3e-07,1554170400,9.4e-07,9.3e-07,9.4e-07,7932.17021276,0.00742319,9.3e-07,0.013595166666666847,0.11199128692307697,0.09382877029411768,9.433333333333343e-07,9.423076923076911e-07,9.482352941176492e-07
134,9e-07,1554177600,9.4e-07,9e-07,9.4e-07,1029245.7672216,0.94194399,9.1e-07,0.32162172666666683,0.1833569646153847,0.12153300529411769,9.266666666666677e-07,9.384615384615373e-07,9.46764705882355e-07
135,8.9e-07,1554184800,9.3e-07,8.9e-07,9.2e-07,1279300.8614228,1.14729854,8.9e-07,0.6988885733333335,0.2704397961538462,0.1538809829411765,9.066666666666676e-07,9.346153846153834e-07,9.447058823529433e-07
136,9.1e-07,1554192000,9.1e-07,8.9e-07,9.1e-07,139591.92936314,0.12702239,9e-07,0.7387549733333336,0.2792845761538462,0.13801033705882354,9.000000000000008e-07,9.323076923076912e-07,9.432352941176493e-07
137,9.2e-07,1554199200,9.4e-07,9e-07,9e-07,500109.09929838,0.46568617,9.3e-07,0.580002366666667,0.30437724230769236,0.14552794117647058,9.066666666666676e-07,9.315384615384604e-07,9.420588235294141e-07
138,9e-07,1554206400,9.1e-07,8.9e-07,9.1e-07,672759.7747715,0.59943716,8.9e-07,0.397381906666667,0.3401899323076924,0.15710505147058823,9.100000000000009e-07,9.284615384615374e-07,9.402941176470612e-07
139,8.8e-07,1554213600,9.1e-07,8.7e-07,9e-07,1007992.141367,0.89605638,8.8e-07,0.6537265700000003,0.3850253615384617,0.18339207088235296,9.00000000000001e-07,9.230769230769221e-07,9.379411764705907e-07
140,9.1e-07,1554220800,9.1e-07,8.8e-07,8.9e-07,105841.50933936,0.09441381,8.9e-07,0.5299691166666669,0.3900974707692309,0.18528478411764707,8.966666666666676e-07,9.19999999999999e-07,9.364705882352967e-07
141,9.3e-07,1554228000,9.3e-07,8.9e-07,8.9e-07,219123.19276257,0.19991776,9.1e-07,0.3967959833333336,0.4002277361538463,0.19112494029411767,9.066666666666676e-07,9.192307692307682e-07,9.355882352941203e-07
142,9.1e-07,1554235200,9.3e-07,9e-07,9.1e-07,96100.50512142,0.0874277,9e-07,0.1272530900000003,0.3601246815384617,0.19369634323529414,9.166666666666675e-07,9.16923076923076e-07,9.341176470588264e-07
143,9e-07,1554242400,9.2e-07,9e-07,9.1e-07,65625.03489903,0.05928532,9e-07,0.11554359333333362,0.3584057476923079,0.19454844352941178,9.133333333333342e-07,9.13846153846153e-07,9.323529411764735e-07
144,8.9e-07,1554249600,9e-07,8.8e-07,8.9e-07,212430.87554379,0.1880446,8.8e-07,0.1115858733333336,0.37149653923076936,0.19778512264705883,9.000000000000008e-07,9.092307692307683e-07,9.305882352941205e-07
145,8.8e-07,1554256800,8.9e-07,8.7e-07,8.8e-07,204450.86811323,0.17940169,8.7e-07,0.14224387000000027,0.38410451538461554,0.20248020411764706,8.900000000000008e-07,9.03846153846153e-07,9.288235294117675e-07
146,8.8e-07,1554264000,9.2e-07,8.8e-07,8.8e-07,249663.40235243,0.22570795,9e-07,0.19771808000000027,0.40089565076923095,0.20527091529411767,8.833333333333342e-07,8.999999999999992e-07,9.267647058823555e-07
147,9e-07,1554271200,9.2e-07,9e-07,9e-07,71113.64653899,0.06482801,9.1e-07,0.15664588333333362,0.33342519076923094,0.20715720676470592,8.866666666666675e-07,8.999999999999992e-07,9.255882352941203e-07
148,9.1e-07,1554278400,9.2e-07,9e-07,9.1e-07,112540.56874423,0.10219423,9e-07,0.1309100633333336,0.2530325515384617,0.20640366235294122,8.966666666666674e-07,9.015384615384607e-07,9.24411764705885e-07
149,9e-07,1554285600,9.3e-07,9e-07,9.2e-07,103765.63851678,0.09541506,9.1e-07,0.08747910000000027,0.25060121846153866,0.2081718429411765,9.03333333333334e-07,9.0076923076923e-07,9.229411764705908e-07
150,9.1e-07,1554292800,9.3e-07,9e-07,9.1e-07,645763.53626108,0.58851828,9.1e-07,0.2620425233333336,0.2600498423076925,0.22514957882352943,9.066666666666673e-07,8.999999999999992e-07,9.220588235294145e-07
151,9.2e-07,1554300000,9.2e-07,9e-07,9.1e-07,615061.63062392,0.55489801,9e-07,0.4129437833333336,0.25662375384615405,0.24117616264705888,9.100000000000006e-07,9.015384615384607e-07,9.211764705882379e-07
152,9.1e-07,1554307200,9.2e-07,9e-07,9.2e-07,185709.17466973,0.16943295,9.1e-07,0.43761641333333356,0.20072964384615405,0.2444220347058824,9.133333333333339e-07,9.03846153846153e-07,9.200000000000025e-07
153,9.1e-07,1554314400,9.2e-07,9e-07,9.1e-07,366471.37335129,0.33238939,9e-07,0.3522401166666669,0.2190354576923079,0.25291078000000006,9.133333333333339e-07,9.03846153846153e-07,9.191176470588261e-07
154,9.2e-07,1554321600,9.3e-07,9.1e-07,9.1e-07,107417.23703328,0.09881061,9.1e-07,0.2002109833333335,0.21125798461538484,0.2551181391176471,9.133333333333339e-07,9.030769230769223e-07,9.185294117647084e-07
155,9.1e-07,1554328800,9.3e-07,9.1e-07,9.2e-07,225108.71149043,0.20674061,9.1e-07,0.21264687000000015,0.22043590076923097,0.26078138705882353,9.133333333333339e-07,9.030769230769223e-07,9.173529411764731e-07
156,9.1e-07,1554336000,9.1e-07,9e-07,9.1e-07,12706.65271341,0.01147726,9e-07,0.10567616000000017,0.21675835769230792,0.2606712555882353,9.133333333333339e-07,9.03846153846153e-07,9.164705882352967e-07
157,9.2e-07,1554343200,9.2e-07,9e-07,9e-07,190483.84514638,0.17252405,9e-07,0.13024730666666684,0.21556446923076944,0.26539136735294117,9.133333333333339e-07,9.061538461538453e-07,9.15882352941179e-07
158,9e-07,1554350400,9.1e-07,9e-07,9.1e-07,7949.4877698,0.00721804,9e-07,0.06373978333333351,0.20231957307692328,0.26150126529411766,9.100000000000006e-07,9.076923076923069e-07,9.150000000000026e-07
159,9.1e-07,1554357600,9.3e-07,8.9e-07,9e-07,401425.10994892,0.36235192,9e-07,0.1806980033333335,0.21283064769230792,0.26822125735294117,9.100000000000006e-07,9.099999999999991e-07,9.141176470588261e-07
160,8.9e-07,1554364800,9.1e-07,8.9e-07,9.1e-07,124095.41792477,0.11193136,9e-07,0.16050044000000016,0.21645398230769253,0.262301715,9.000000000000006e-07,9.092307692307683e-07,9.123529411764731e-07
161,9.1e-07,1554372000,9.1e-07,9.1e-07,9.1e-07,349.56043956,0.00031809,9.1e-07,0.15820045666666682,0.20861735615384638,0.26147352970588233,9.03333333333334e-07,9.092307692307683e-07,9.111764705882378e-07
162,8.9e-07,1554379200,9.1e-07,8.9e-07,9e-07,192895.19251659,0.17324104,8.9e-07,0.0951634966666668,0.21460397000000023,0.2645622570588235,8.966666666666674e-07,9.084615384615375e-07,9.097058823529437e-07
163,8.9e-07,1554386400,9e-07,8.9e-07,9e-07,26947.27437014,0.02410132,8.9e-07,0.0658868166666668,0.171187280769231,0.24736619558823528,8.966666666666674e-07,9.069230769230761e-07,9.082352941176496e-07
164,8.9e-07,1554393600,8.9e-07,8.9e-07,8.9e-07,11910.50893346,0.01060035,8.9e-07,0.06931423666666682,0.12931823000000023,0.24527704529411765,8.900000000000008e-07,9.046153846153837e-07,9.067647058823554e-07
165,9.1e-07,1554400800,9.1e-07,8.9e-07,8.9e-07,48025.75925072,0.04339543,9e-07,0.026032366666666806,0.11962303615384637,0.24602796058823528,8.966666666666674e-07,9.046153846153837e-07,9.055882352941201e-07
166,8.9e-07,1554408000,9e-07,8.9e-07,9e-07,132748.34667905,0.1181545,8.9e-07,0.0573834266666668,0.10314342923076943,0.2490472694117647,8.966666666666674e-07,9.030769230769223e-07,9.038235294117671e-07
167,9.1e-07,1554415200,9.1e-07,8.9e-07,8.9e-07,56888.42581335,0.05066222,8.9e-07,0.07073738333333347,0.09943970692307712,0.2503190055882353,9.03333333333334e-07,9.023076923076915e-07,9.032352941176495e-07
168,9e-07,1554422400,9e-07,8.9e-07,8.9e-07,7441.08244536,0.00663629,8.9e-07,0.0584843366666668,0.08404706692307713,0.22280995558823524,9.000000000000007e-07,9.015384615384607e-07,9.032352941176495e-07
169,9e-07,1554429600,9e-07,9e-07,9e-07,131.17046666,0.00011805,9e-07,0.019138853333333473,0.08317328153846175,0.1890693529411764,9.03333333333334e-07,9.0076923076923e-07,9.035294117647084e-07
170,9.1e-07,1554436800,9.1e-07,8.9e-07,8.9e-07,56651.27521806,0.05137401,9e-07,0.019376116666666807,0.0738540476923079,0.18684440058823523,9.03333333333334e-07,8.999999999999992e-07,9.035294117647084e-07
171,8.9e-07,1554444000,9.1e-07,8.9e-07,9.1e-07,253847.97874187,0.23077742,9e-07,0.09408982666666682,0.09105092307692329,0.1799353197058823,9.000000000000007e-07,8.992307692307684e-07,9.02647058823532e-07
172,9.1e-07,1554451200,9.1e-07,9e-07,9e-07,23868.52917661,0.02167823,9e-07,0.1012765533333335,0.06484525461538483,0.16294240999999995,9.03333333333334e-07,8.992307692307684e-07,9.029411764705909e-07
173,9e-07,1554458400,9.1e-07,9e-07,9.1e-07,18400.70782576,0.0167265,9e-07,0.08972738333333348,0.05752180384615406,0.13707976647058817,9.000000000000007e-07,8.999999999999992e-07,9.035294117647086e-07
174,9.1e-07,1554465600,9.1e-07,9.1e-07,9.1e-07,115.77896703,0.00010535,9.1e-07,0.012836693333333482,0.057505439230769444,0.13430598823529408,9.066666666666673e-07,8.999999999999992e-07,9.035294117647086e-07
175,9e-07,1554472800,9.1e-07,9e-07,9.1e-07,7848.35000647,0.00707269,9e-07,0.00796818000000015,0.04472325846153867,0.12863407441176467,9.03333333333334e-07,9.0076923076923e-07,9.026470588235322e-07
176,9e-07,1554480000,9.1e-07,9e-07,9.1e-07,42239.92328869,0.03808407,9e-07,0.015087370000000148,0.045798854615384826,0.12718279117647055,9.03333333333334e-07,9.015384615384607e-07,9.023529411764733e-07
177,9e-07,1554487200,9.1e-07,9e-07,9.1e-07,75926.65322072,0.069066,9e-07,0.03807425333333348,0.05029621230769251,0.1274704582352941,9.000000000000007e-07,9.023076923076915e-07,9.023529411764733e-07
178,9.1e-07,1554494400,9.1e-07,9.1e-07,9.1e-07,27845.62634966,0.02533951,9.1e-07,0.04416319333333349,0.048907295384615586,0.12268501441176467,9.03333333333334e-07,9.023076923076915e-07,9.02941176470591e-07
179,9.1e-07,1554501600,9.1e-07,9e-07,9e-07,23238.86336627,0.02112206,9e-07,0.03850919000000016,0.04144326153846174,0.11802973117647055,9.066666666666673e-07,9.03846153846153e-07,9.038235294117676e-07
180,9.1e-07,1554508800,9.1e-07,9.1e-07,9.1e-07,25030.54557821,0.02277779,9.1e-07,0.02307978666666682,0.03929830538461559,0.1120611970588235,9.100000000000006e-07,9.03846153846153e-07,9.047058823529443e-07
181,9.1e-07,1554516000,9.1e-07,9.1e-07,9.1e-07,652.54945055,0.00059382,9.1e-07,0.014831223333333485,0.0388335000000002,0.11017195617647058,9.100000000000006e-07,9.046153846153837e-07,9.050000000000032e-07
182,9e-07,1554523200,9.1e-07,9e-07,9.1e-07,44325.442868,0.04032283,9e-07,0.021231480000000153,0.04192617538461559,0.10835220911764705,9.066666666666673e-07,9.046153846153837e-07,9.047058823529443e-07
183,9e-07,1554530400,9.1e-07,9e-07,9.1e-07,20035.80734233,0.0181533,9e-07,0.019689983333333487,0.03937073615384637,0.10607980441176468,9.03333333333334e-07,9.03846153846153e-07,9.047058823529443e-07
184,9.1e-07,1554537600,9.2e-07,9.1e-07,9.1e-07,200912.13740985,0.18446763,9.1e-07,0.08098125333333349,0.03580844461538483,0.09419596176470586,9.03333333333334e-07,9.053846153846145e-07,9.047058823529443e-07
185,9.2e-07,1554544800,9.2e-07,9.2e-07,9.2e-07,22255.60563067,0.02047515,9.2e-07,0.07436536000000014,0.03571590000000021,0.07847764235294116,9.100000000000007e-07,9.061538461538453e-07,9.047058823529443e-07
186,9.1e-07,1554552000,9.2e-07,9.1e-07,9.2e-07,8010.48166812,0.00730705,9.1e-07,0.07074994333333348,0.03499132692307713,0.07370923352941175,9.133333333333342e-07,9.069230769230761e-07,9.047058823529443e-07
187,8.9e-07,1554559200,9.1e-07,8.9e-07,9.1e-07,331622.75148822,0.2973463,8.9e-07,0.10837616666666683,0.0578560153846156,0.0726785544117647,9.066666666666676e-07,9.053846153846145e-07,9.041176470588266e-07
188,8.9e-07,1554566400,9.1e-07,8.9e-07,9.1e-07,22824.62463738,0.02050019,8.9e-07,0.1083845133333335,0.058888900000000216,0.07037530676470587,8.966666666666676e-07,9.046153846153837e-07,9.032352941176501e-07
189,9e-07,1554573600,9.1e-07,9e-07,9.1e-07,103313.03721919,0.09374582,9e-07,0.13719743666666684,0.0631705730769233,0.06705193058823529,8.933333333333341e-07,9.046153846153837e-07,9.029411764705912e-07
190,9e-07,1554580800,9e-07,9e-07,9e-07,17400.60876183,0.01566054,9e-07,0.0433021833333335,0.05906246076923098,0.06717496823529412,8.966666666666674e-07,9.046153846153837e-07,9.026470588235324e-07
191,9e-07,1554588000,9.1e-07,8.9e-07,8.9e-07,147764.332448,0.13192681,8.9e-07,0.08044439000000017,0.06726148384615406,0.06598093176470587,9.000000000000007e-07,9.03846153846153e-07,9.020588235294148e-07
192,8.8e-07,1554595200,9.1e-07,8.8e-07,9e-07,302471.92795505,0.27024017,8.9e-07,0.13927584000000018,0.0864244153846156,0.07371687676470588,8.933333333333341e-07,9.015384615384607e-07,9.014705882352971e-07
193,9.2e-07,1554602400,9.2e-07,8.8e-07,8.9e-07,57407.48281136,0.05121321,8.9e-07,0.15112673000000018,0.0886117553846156,0.0645657382352941,9.000000000000008e-07,9.023076923076915e-07,9.017647058823558e-07
194,9e-07,1554609600,9.1e-07,9e-07,9.1e-07,6302.37140659,0.00572251,9e-07,0.1090586300000002,0.08900627000000022,0.06144194852941176,9.000000000000008e-07,9.015384615384607e-07,9.020588235294147e-07
195,9e-07,1554616800,9.1e-07,9e-07,9.1e-07,128236.06159983,0.11552234,9e-07,0.05748602000000019,0.09479084769230792,0.06483030882352941,9.066666666666675e-07,9.015384615384607e-07,9.017647058823558e-07
196,9e-07,1554624000,9.1e-07,9e-07,9.1e-07,2383.53631012,0.00214679,9e-07,0.04113054666666686,0.09355957769230792,0.05979812499999999,9.000000000000007e-07,9.015384615384607e-07,9.020588235294147e-07
197,8.8e-07,1554631200,9e-07,8.8e-07,8.9e-07,108131.63466671,0.09547702,8.8e-07,0.07104871666666686,0.08671414615384637,0.06189741029411763,8.933333333333341e-07,8.992307692307684e-07,9.017647058823558e-07
198,8.8e-07,1554638400,9e-07,8.7e-07,8.8e-07,240876.94885259,0.21266721,8.8e-07,0.10343034000000019,0.10149815076923098,0.0678405532352941,8.866666666666675e-07,8.961538461538454e-07,9.014705882352969e-07
199,8.8e-07,1554645600,8.9e-07,8.7e-07,8.8e-07,526804.48789002,0.46358665,8.7e-07,0.25724362666666684,0.13659658153846174,0.08019911852941175,8.800000000000009e-07,8.938461538461531e-07,9.005882352941203e-07
200,8.9e-07,1554652800,8.9e-07,8.8e-07,8.8e-07,24176.57070965,0.02149434,8.8e-07,0.23258273333333349,0.1153772000000002,0.0773561726470588,8.833333333333342e-07,8.938461538461531e-07,9.005882352941203e-07
201,8.9e-07,1554660000,8.9e-07,8.7e-07,8.9e-07,279095.88274661,0.24430831,8.7e-07,0.24312976666666683,0.13259320923076945,0.08305164588235292,8.866666666666675e-07,8.938461538461531e-07,9.000000000000025e-07
202,9e-07,1554667200,9e-07,8.8e-07,8.9e-07,30394.40543133,0.02727051,8.9e-07,0.0976910533333335,0.12747972384615405,0.08365853470588235,8.933333333333341e-07,8.938461538461531e-07,9.000000000000025e-07
203,8.9e-07,1554674400,8.9e-07,8.7e-07,8.8e-07,34368.6835098,0.03034702,8.8e-07,0.10064194666666683,0.12860945307692326,0.0845476220588235,8.933333333333341e-07,8.930769230769224e-07,8.997058823529437e-07
204,8.9e-07,1554681600,9e-07,8.9e-07,8.9e-07,50102.60104013,0.04501914,8.9e-07,0.03421222333333351,0.12192424769230789,0.08436071411764703,8.933333333333341e-07,8.923076923076916e-07,8.99117647058826e-07
205,8.9e-07,1554688800,9.1e-07,8.9e-07,9e-07,307320.86847173,0.27464067,8.9e-07,0.11666894333333348,0.12226274769230788,0.08565080970588233,8.900000000000008e-07,8.930769230769224e-07,8.99117647058826e-07
206,8.8e-07,1554696000,8.9e-07,8.8e-07,8.9e-07,323993.25096941,0.28835211,8.8e-07,0.20267064000000015,0.14050420153846171,0.09349415911764704,8.866666666666675e-07,8.899999999999993e-07,8.982352941176493e-07
207,8.9e-07,1554703200,8.9e-07,8.8e-07,8.8e-07,101645.01138539,0.08970127,8.8e-07,0.21756468333333348,0.14696410615384634,0.09564047588235292,8.866666666666675e-07,8.892307692307685e-07,8.979411764705904e-07
208,8.8e-07,1554710400,8.8e-07,8.8e-07,8.8e-07,75017.15683798,0.06601509,8.8e-07,0.14802282333333353,0.14315585615384635,0.0975789976470588,8.833333333333342e-07,8.876923076923071e-07,8.970588235294139e-07
209,9e-07,1554717600,9e-07,8.9e-07,8.9e-07,62674.37300471,0.05623161,8.9e-07,0.07064932333333353,0.1473162269230771,0.0990248482352941,8.900000000000008e-07,8.876923076923071e-07,8.970588235294139e-07
210,9e-07,1554724800,9.1e-07,8.9e-07,8.9e-07,117030.41741497,0.10464094,8.9e-07,0.07562921333333354,0.14802114384615403,0.10098240323529409,8.933333333333341e-07,8.892307692307685e-07,8.970588235294139e-07
211,8.9e-07,1554732000,9e-07,8.9e-07,9e-07,58543.20920208,0.05234339,8.9e-07,0.0710719800000002,0.1356885423076925,0.10049056176470586,8.966666666666674e-07,8.899999999999993e-07,8.96764705882355e-07
212,8.9e-07,1554739200,9e-07,8.8e-07,9e-07,87596.15299652,0.07807712,8.9e-07,0.07835381666666687,0.10603396307692328,0.10204166794117646,8.933333333333341e-07,8.907692307692301e-07,8.961764705882374e-07
213,8.8e-07,1554746400,9e-07,8.8e-07,9e-07,5239.8350348,0.00464844,8.8e-07,0.045022983333333544,0.10473812461538481,0.10155714970588234,8.866666666666675e-07,8.899999999999993e-07,8.952941176470609e-07
214,8.8e-07,1554753600,9e-07,8.8e-07,8.9e-07,14280.68725711,0.01273126,8.9e-07,0.03181894000000021,0.08692450538461557,0.10126166352941174,8.833333333333342e-07,8.892307692307685e-07,8.944117647058845e-07
215,8.9e-07,1554760800,9e-07,8.8e-07,8.8e-07,34658.25785587,0.03052365,8.8e-07,0.01596778333333354,0.08717474692307711,0.10214195264705879,8.833333333333342e-07,8.884615384615377e-07,8.938235294117668e-07
216,8.8e-07,1554768000,8.9e-07,8.8e-07,8.8e-07,2779.06942644,0.00245406,8.8e-07,0.015236323333333543,0.0850291346153848,0.10102816529411761,8.833333333333342e-07,8.876923076923071e-07,8.932352941176492e-07
217,8.9e-07,1554775200,8.9e-07,8.9e-07,8.9e-07,337.07865168,0.00029999,8.9e-07,0.011092566666666874,0.0815892000000002,0.10050306794117643,8.866666666666675e-07,8.876923076923071e-07,8.929411764705903e-07
218,8.7e-07,1554782400,8.7e-07,8.7e-07,8.7e-07,41210.76383508,0.03585336,8.7e-07,0.012869136666666878,0.06322094538461559,0.09613205999999996,8.800000000000009e-07,8.861538461538455e-07,8.917647058823549e-07
219,8.9e-07,1554789600,8.9e-07,8.8e-07,8.8e-07,243680.75301728,0.21463486,8.8e-07,0.08359607000000023,0.05755038769230791,0.10184263970588231,8.833333333333342e-07,8.869230769230763e-07,8.908823529411783e-07
220,8.8e-07,1554796800,8.9e-07,8.8e-07,8.9e-07,116770.54017097,0.10309515,8.8e-07,0.11786112333333354,0.058580686153846366,0.10465993676470584,8.800000000000009e-07,8.861538461538455e-07,8.900000000000019e-07
221,8.8e-07,1554804000,8.9e-07,8.8e-07,8.9e-07,38071.84599095,0.03373927,8.8e-07,0.11715642666666687,0.05609793076923098,0.09690678882352936,8.833333333333342e-07,8.861538461538455e-07,8.89705882352943e-07
222,8.8e-07,1554811200,8.8e-07,8.8e-07,8.8e-07,58144.9373673,0.05116754,8.8e-07,0.0626673200000002,0.05570838692307714,0.0978087697058823,8.800000000000009e-07,8.846153846153839e-07,8.894117647058842e-07
223,8.9e-07,1554818400,8.9e-07,8.8e-07,8.9e-07,74292.10193494,0.06554602,8.8e-07,0.05015094333333354,0.0527010853846156,0.09697936382352935,8.833333333333342e-07,8.838461538461532e-07,8.891176470588253e-07
224,9e-07,1554825600,9e-07,8.8e-07,8.8e-07,114771.38919089,0.10232106,8.9e-07,0.07301154000000021,0.05654552153846175,0.09952820264705878,8.900000000000008e-07,8.846153846153839e-07,8.891176470588253e-07
225,9e-07,1554832800,9e-07,8.8e-07,8.8e-07,16203.29481278,0.01426886,8.8e-07,0.0607119800000002,0.05163719384615406,0.0960676747058823,8.966666666666674e-07,8.853846153846147e-07,8.891176470588253e-07
226,9e-07,1554840000,9e-07,8.9e-07,8.9e-07,1956.50049938,0.00174412,8.9e-07,0.0394446800000002,0.05141378461538483,0.08817073205882349,9.000000000000007e-07,8.869230769230763e-07,8.89705882352943e-07
227,9e-07,1554847200,9e-07,8.9e-07,8.9e-07,227151.31770259,0.20442827,8.9e-07,0.07348041666666687,0.06615970846153868,0.09267705735294114,9.000000000000007e-07,8.884615384615377e-07,8.891176470588254e-07
228,8.9e-07,1554854400,9e-07,8.9e-07,9e-07,30392.87962042,0.02710063,8.9e-07,0.07775767333333354,0.06589639923076944,0.09330582558823526,8.966666666666674e-07,8.884615384615377e-07,8.888235294117666e-07
229,8.9e-07,1554861600,9e-07,8.9e-07,9e-07,13883.31652354,0.01236726,8.9e-07,0.0812987200000002,0.06665895307692328,0.0902718526470588,8.933333333333341e-07,8.892307692307685e-07,8.885294117647078e-07
230,8.9e-07,1554868800,8.9e-07,8.9e-07,8.9e-07,16920.23660519,0.01505901,8.9e-07,0.01817563333333354,0.0677942623076925,0.09065162382352938,8.900000000000008e-07,8.892307692307685e-07,8.882352941176489e-07
231,8.9e-07,1554876000,8.9e-07,8.9e-07,8.9e-07,72644.30590181,0.06465343,8.9e-07,0.03069323333333354,0.07000965230769252,0.08974504764705879,8.900000000000008e-07,8.907692307692301e-07,8.885294117647078e-07
232,8.9e-07,1554883200,8.9e-07,8.9e-07,8.9e-07,330.62101493,0.00029425,8.9e-07,0.026668896666666872,0.05352191307692329,0.08349878411764701,8.900000000000008e-07,8.907692307692301e-07,8.888235294117666e-07
233,9e-07,1554890400,9e-07,8.9e-07,8.9e-07,1589.76118735,0.0014221,8.9e-07,0.022123260000000203,0.04570090923076944,0.06990570911764703,8.933333333333341e-07,8.923076923076916e-07,8.894117647058845e-07
234,9e-07,1554897600,9e-07,9e-07,9e-07,0.0,0.0,9e-07,0.000572116666666872,0.04310558076923098,0.06927352264705879,8.966666666666674e-07,8.938461538461531e-07,8.897058823529433e-07
235,8.9e-07,1554904800,9e-07,8.9e-07,8.9e-07,74855.49780457,0.06668737,8.9e-07,0.022703156666666873,0.04429941384615406,0.06404937735294114,8.966666666666674e-07,8.946153846153838e-07,8.897058823529433e-07
236,8.9e-07,1554912000,8.9e-07,8.9e-07,8.9e-07,0.0,0.0,8.9e-07,0.02222912333333354,0.03925741230769252,0.06324730352941173,8.933333333333341e-07,8.946153846153838e-07,8.894117647058845e-07
237,8.9e-07,1554919200,9e-07,8.9e-07,8.9e-07,185006.44512376,0.16634028,8.9e-07,0.07767588333333354,0.04418196769230791,0.0672471052941176,8.900000000000008e-07,8.938461538461531e-07,8.894117647058845e-07
238,8.8e-07,1554926400,9e-07,8.8e-07,8.9e-07,555907.26826476,0.49499684,8.9e-07,0.22044570666666685,0.08116104307692328,0.08048174352941173,8.866666666666675e-07,8.923076923076916e-07,8.891176470588255e-07
239,8.9e-07,1554933600,8.9e-07,8.9e-07,8.9e-07,440234.82022472,0.39180899,8.9e-07,0.35104870333333354,0.11116603307692328,0.08392787058823525,8.866666666666675e-07,8.915384615384608e-07,8.891176470588255e-07
240,8.8e-07,1554940800,8.9e-07,8.8e-07,8.8e-07,58037.85819443,0.05108904,8.8e-07,0.3126316233333335,0.0993707076923079,0.07694954499999995,8.833333333333342e-07,8.899999999999993e-07,8.891176470588255e-07
241,8.8e-07,1554948000,8.8e-07,8.8e-07,8.8e-07,559827.8387853,0.49264849,8.8e-07,0.3118488400000002,0.13518208153846173,0.08880093382352937,8.833333333333342e-07,8.892307692307685e-07,8.888235294117666e-07
242,8.8e-07,1554955200,8.8e-07,8.8e-07,8.8e-07,295914.12697786,0.26040443,8.8e-07,0.26804732000000026,0.15426186384615403,0.09451826735294112,8.800000000000009e-07,8.884615384615377e-07,8.888235294117666e-07
243,8.8e-07,1554962400,8.9e-07,8.8e-07,8.9e-07,53760.0888189,0.04732011,8.8e-07,0.2667910100000002,0.1567434869230771,0.09425616441176465,8.800000000000009e-07,8.876923076923071e-07,8.882352941176489e-07
244,8.7e-07,1554969600,8.8e-07,8.7e-07,8.8e-07,298501.84840069,0.2622008,8.7e-07,0.18997511333333358,0.17193943846153867,0.09889027794117641,8.766666666666676e-07,8.861538461538455e-07,8.873529411764723e-07
245,8.7e-07,1554976800,8.7e-07,8.7e-07,8.7e-07,35407.89712971,0.03080487,8.7e-07,0.1134419266666669,0.1742864092307694,0.09825679205882347,8.733333333333343e-07,8.846153846153839e-07,8.867647058823545e-07
246,8.7e-07,1554984000,8.7e-07,8.5e-07,8.7e-07,841158.6562622,0.7298121,8.6e-07,0.3409392566666669,0.2303164092307694,0.1174254679411764,8.70000000000001e-07,8.823076923076917e-07,8.861764705882368e-07
247,8.7e-07,1554991200,8.7e-07,8.6e-07,8.6e-07,52422.8300198,0.04515735,8.6e-07,0.26859144000000024,0.23379005153846172,0.11861690647058815,8.70000000000001e-07,8.799999999999994e-07,8.858823529411779e-07
248,8.7e-07,1554998400,8.7e-07,8.7e-07,8.7e-07,26541.46484357,0.02309107,8.7e-07,0.26602017333333355,0.2304364900000002,0.11892160676470581,8.70000000000001e-07,8.784615384615378e-07,8.855882352941191e-07
249,8.8e-07,1555005600,8.8e-07,8.7e-07,8.7e-07,32734.27272727,0.02870608,8.7e-07,0.032318166666666905,0.23264465000000017,0.11886814882352935,8.733333333333343e-07,8.776923076923072e-07,8.852941176470602e-07
250,8.7e-07,1555012800,8.8e-07,8.7e-07,8.7e-07,20587.81892839,0.01791806,8.7e-07,0.023238403333333574,0.22122755615384634,0.11932297235294112,8.733333333333343e-07,8.761538461538456e-07,8.850000000000014e-07
251,8.7e-07,1555020000,8.7e-07,8.6e-07,8.6e-07,6799.9230644,0.00585024,8.6e-07,0.01749146000000024,0.18360089461538479,0.11948621499999994,8.733333333333343e-07,8.753846153846148e-07,8.844117647058837e-07
252,8.6e-07,1555027200,8.7e-07,8.6e-07,8.6e-07,13571.06562746,0.01167241,8.6e-07,0.01181357000000024,0.1543596192307694,0.11877501058823524,8.666666666666677e-07,8.730769230769225e-07,8.841176470588248e-07
