,close,date,high,low,open,quoteVolume,volume,weightedAverage,avg_vol_3,avg_vol_13,avg_vol_34,avg_close_3,avg_close_13,avg_close_34
0,9.357e-05,1543183200,9.419e-05,9.194e-05,9.269e-05,1697017.0829233,158.13395136,9.318e-05,-99999.0,-99999.0,-99999.0,-99999.0,-99999.0,-99999.0
1,9.323e-05,1543190400,9.5e-05,9.267e-05,9.357e-05,1570123.3993215,147.47662769,9.392e-05,-99999.0,-99999.0,-99999.0,-99999.0,-99999.0,-99999.0
2,9.303e-05,1543197600,9.384e-05,9.253e-05,9.32e-05,731141.59437654,68.16690365,9.323e-05,124.59249423333331,-99999.0,-99999.0,9.327666666666667e-05,-99999.0,-99999.0
3,9.245e-05,1543204800,9.344e-05,9.174e-05,9.309e-05,996147.67945012,92.07243721,9.242e-05,102.57198951666665,-99999.0,-99999.0,9.290333333333334e-05,-99999.0,-99999.0
4,9.399e-05,1543212000,9.409e-05,9.235e-05,9.245e-05,3395020.6923775,316.99440087,9.337e-05,159.07791391,-99999.0,-99999.0,9.315666666666666e-05,-99999.0,-99999.0
5,9.38e-05,1543219200,9.449e-05,9.321e-05,9.363e-05,2327348.0181977,218.3377379,9.381e-05,209.13485866,-99999.0,-99999.0,9.341333333333332e-05,-99999.0,-99999.0
6,9.391e-05,1543226400,9.664e-05,9.33e-05,9.396e-05,2574576.8735455,244.48872751,9.496e-05,259.94028876,-99999.0,-99999.0,9.389999999999999e-05,-99999.0,-99999.0
7,9.273e-05,1543233600,9.439e-05,9.27e-05,9.391e-05,1555436.093945,145.68844687,9.366e-05,202.83830409333336,-99999.0,-99999.0,9.347999999999999e-05,-99999.0,-99999.0
8,9.265e-05,1543240800,9.382e-05,9.192e-05,9.272e-05,1247741.4420357,116.19039038,9.312e-05,168.78918825333338,-99999.0,-99999.0,9.309666666666666e-05,-99999.0,-99999.0
9,9.35e-05,1543248000,9.472e-05,9.239e-05,9.266e-05,1259277.134167,118.04333268,9.373e-05,126.64072331000007,-99999.0,-99999.0,9.295999999999999e-05,-99999.0,-99999.0
10,9.39e-05,1543255200,9.435e-05,9.317e-05,9.354e-05,590511.90501905,55.3676149,9.376e-05,96.53377932000006,-99999.0,-99999.0,9.334999999999998e-05,-99999.0,-99999.0
11,9.454e-05,1543262400,9.56e-05,9.342e-05,9.402e-05,1324415.3065861,125.3446179,9.464e-05,99.5851884933334,-99999.0,-99999.0,9.397999999999998e-05,-99999.0,-99999.0
12,9.411e-05,1543269600,9.499e-05,9.378e-05,9.457e-05,466501.03837416,44.08041187,9.449e-05,74.93088155666673,142.33735390692308,-99999.0,9.418333333333332e-05,9.349307692307692e-05,-99999.0
13,9.385e-05,1543276800,9.435e-05,9.32e-05,9.43e-05,471120.55371088,44.0608501,9.352e-05,71.16195995666672,133.56249996384616,-99999.0,9.416666666666665e-05,9.351461538461538e-05,-99999.0
14,9.4e-05,1543284000,9.459e-05,9.334e-05,9.392e-05,670775.34270952,62.91666063,9.379e-05,50.35264086666672,127.05788711307693,-99999.0,9.398666666666665e-05,9.357384615384615e-05,-99999.0
15,9.367e-05,1543291200,9.407e-05,9.35e-05,9.4e-05,368094.24744561,34.48944189,9.369e-05,47.15565087333338,124.46731313153848,-99999.0,9.383999999999998e-05,9.362307692307691e-05,-99999.0
16,9.399e-05,1543298400,9.435e-05,9.35e-05,9.366e-05,450887.00420455,42.26984167,9.374e-05,46.55864806333338,120.63634424384615,-99999.0,9.388666666666666e-05,9.374153846153844e-05,-99999.0
17,9.372e-05,1543305600,9.405e-05,9.33e-05,9.395e-05,497602.54788792,46.57344736,9.359e-05,41.11091030666672,99.83473243538462,-99999.0,9.379333333333332e-05,9.372076923076921e-05,-99999.0
18,9.374e-05,1543312800,9.4e-05,9.323e-05,9.372e-05,426102.61769521,39.89272895,9.362e-05,42.91200599333339,86.10819328538462,-99999.0,9.381666666666664e-05,9.371615384615383e-05,-99999.0
19,9.3e-05,1543320000,9.377e-05,9.283e-05,9.377e-05,323644.60790438,30.14960191,9.315e-05,38.871926073333384,69.62056823923078,-99999.0,9.348666666666663e-05,9.364615384615382e-05,-99999.0
20,9.373e-05,1543327200,9.395e-05,9.278e-05,9.3e-05,390246.74952401,36.4127741,9.33e-05,35.48503498666672,61.214747256923076,-99999.0,9.348999999999996e-05,9.37230769230769e-05,-99999.0
21,9.315e-05,1543334400,9.395e-05,9.308e-05,9.39e-05,209217.76065943,19.56073798,9.349e-05,28.707704663333384,53.78169707230769,-99999.0,9.329333333333331e-05,9.376153846153845e-05,-99999.0
22,9.289e-05,1543341600,9.329e-05,9.211e-05,9.326e-05,391807.4753158,36.34885064,9.277e-05,30.774120906666713,47.497506146153846,-99999.0,9.325666666666664e-05,9.371461538461537e-05,-99999.0
23,9.471e-05,1543348800,9.482e-05,9.256e-05,9.29e-05,735652.86270282,68.74945074,9.345e-05,41.55301312000005,48.526878133846154,-99999.0,9.358333333333332e-05,9.377692307692305e-05,-99999.0
24,9.435e-05,1543356000,9.55e-05,9.416e-05,9.473e-05,988604.87506813,93.811277,9.489e-05,66.30319279333338,46.10123652615385,-99999.0,9.398333333333332e-05,9.376230769230767e-05,-99999.0
25,9.417e-05,1543363200,9.454e-05,9.396e-05,9.435e-05,363156.68416884,34.22118078,9.423e-05,65.59396950666671,45.34283413461538,-99999.0,9.441e-05,9.376692307692305e-05,-99999.0
26,9.441e-05,1543370400,9.463e-05,9.411e-05,9.416e-05,538583.12756039,50.83818943,9.439e-05,59.623549070000045,45.86416792923077,-99999.0,9.431e-05,9.381e-05,-99999.0
27,9.31e-05,1543377600,9.542e-05,9.233e-05,9.453e-05,1232284.0562305,115.88750445,9.404e-05,66.98229155333337,49.93884822307692,-99999.0,9.389333333333332e-05,9.374076923076923e-05,-99999.0
28,9.284e-05,1543384800,9.366e-05,9.24e-05,9.306e-05,394721.82406357,36.69245044,9.295e-05,67.80604810666671,50.10831041923076,-99999.0,9.344999999999998e-05,9.367692307692309e-05,-99999.0
29,9.299e-05,1543392000,9.361e-05,9.274e-05,9.284e-05,534350.17792437,49.78845389,9.317e-05,67.45613626000004,50.686665205384614,-99999.0,9.297666666666664e-05,9.360000000000003e-05,-99999.0
30,9.247e-05,1543399200,9.299e-05,9.221e-05,9.299e-05,333646.9256616,30.89880587,9.26e-05,39.12657006666671,49.48092355230769,-99999.0,9.276666666666664e-05,9.350384615384618e-05,-99999.0
31,9.199e-05,1543406400,9.333e-05,9.161e-05,9.245e-05,890112.1438234,82.28922884,9.244e-05,54.32549620000003,52.74219277461538,-99999.0,9.248333333333331e-05,9.33692307692308e-05,-99999.0
32,9.219e-05,1543413600,9.29e-05,9.192e-05,9.199e-05,1357537.9298309,125.16884305,9.22e-05,79.4522925866667,60.05136516999999,-99999.0,9.221666666666665e-05,9.33069230769231e-05,-99999.0
33,9.175e-05,1543420800,9.231e-05,9.134e-05,9.22e-05,1053167.3437237,96.63882587,9.176e-05,101.3656325866667,64.68413838307691,89.06013959941176,9.197666666666666e-05,9.315461538461541e-05,9.341529411764705e-05
34,9.193e-05,1543428000,9.228e-05,9.142e-05,9.175e-05,514304.7012621,47.27532627,9.192e-05,89.69433173000003,66.81602979,85.79959180264704,9.195666666666665e-05,9.306076923076927e-05,9.336705882352941e-05
35,9.229e-05,1543435200,9.229e-05,9.152e-05,9.182e-05,470291.07650904,43.24052237,9.194e-05,62.38489150333336,67.34615838461538,82.73382399911762,9.198999999999998e-05,9.301461538461543e-05,9.333941176470588e-05
36,9.186e-05,1543442400,9.23e-05,9.17e-05,9.229e-05,203897.95516867,18.75555668,9.198e-05,36.42380177333336,63.50047422615384,81.28054908823528,9.202666666666667e-05,9.279538461538466e-05,9.3305e-05
37,9.142e-05,1543449600,9.22e-05,9.123e-05,9.194e-05,309229.49366355,28.33237363,9.162e-05,30.109484226666694,58.46363550538461,79.40584133588234,9.185666666666666e-05,9.257000000000006e-05,9.327470588235294e-05
38,9.091e-05,1543456800,9.154e-05,9.065e-05,9.138e-05,308806.23375638,28.08684423,9.095e-05,25.058258180000024,57.991763463076914,70.9085602582353,9.139666666666667e-05,9.231923076923083e-05,9.318411764705882e-05
39,9.106e-05,1543464000,9.135e-05,9.087e-05,9.09e-05,211146.1876853,19.23707047,9.11e-05,25.21876277666669,55.56090815846154,65.052658275,9.112999999999999e-05,9.206153846153851e-05,9.31035294117647e-05
40,9.079e-05,1543471200,9.105e-05,9.079e-05,9.105e-05,247682.54329156,22.50973526,9.088e-05,23.27788332000002,48.37800283615385,58.523864385294125,9.091999999999999e-05,9.188384615384621e-05,9.301176470588234e-05
41,8.981e-05,1543478400,9.097e-05,8.905e-05,9.079e-05,892730.4141774,80.30612835,8.995e-05,40.68431136000002,51.732901136923076,56.600855017058834,9.055333333333333e-05,9.165076923076928e-05,9.292588235294117e-05
42,8.864e-05,1543485600,8.994e-05,8.796e-05,8.971e-05,1305172.8051864,116.38799456,8.917e-05,73.06795272333335,56.855942726923075,56.60666690470589,8.974666666666667e-05,9.13161538461539e-05,9.280794117647057e-05
43,8.793e-05,1543492800,8.919e-05,8.673e-05,8.863e-05,1571397.6024614,138.20462004,8.795e-05,111.63291431666669,65.11023612461538,57.199645944705885,8.879333333333335e-05,9.096692307692312e-05,9.264411764705882e-05
44,8.88e-05,1543500000,8.89e-05,8.77e-05,8.793e-05,526553.25650814,46.40826073,8.813e-05,100.33362511000001,62.35016165461539,56.93613552794118,8.845666666666668e-05,9.072153846153851e-05,9.249411764705881e-05
45,8.791e-05,1543507200,8.88e-05,8.731e-05,8.865e-05,522350.6065681,45.97324772,8.801e-05,76.86204283000002,56.25819278307693,54.601683463823534,8.821333333333334e-05,9.039230769230775e-05,9.229911764705881e-05
46,8.921e-05,1543514400,8.922e-05,8.73e-05,8.791e-05,465516.13394744,40.94460501,8.795e-05,44.44203782000002,51.97402194769232,54.50945385029412,8.864e-05,9.019692307692313e-05,9.215499999999999e-05
47,8.909e-05,1543521600,8.954e-05,8.876e-05,8.922e-05,239904.55942649,21.40471703,8.922e-05,36.10752325333335,49.983975083076935,53.843096995294125,8.873666666666667e-05,8.997846153846158e-05,9.201499999999999e-05
48,8.889e-05,1543528800,8.909e-05,8.851e-05,8.908e-05,231515.92776539,20.55565187,8.878e-05,27.634991303333347,48.2389850446154,52.597184972941186,8.906333333333333e-05,8.971692307692313e-05,9.186470588235294e-05
49,8.869e-05,1543536000,8.963e-05,8.843e-05,8.882e-05,312757.44833676,27.81187513,8.892e-05,23.257414676666684,48.93562492538462,52.400785950588244,8.889e-05,8.947307692307697e-05,9.171823529411764e-05
50,8.864e-05,1543543200,8.874e-05,8.839e-05,8.856e-05,176338.52937466,15.61620742,8.855e-05,21.327911473333348,47.95745829384616,51.61685553147059,8.874000000000001e-05,8.925923076923081e-05,9.156088235294117e-05
51,8.812e-05,1543550400,8.939e-05,8.808e-05,8.865e-05,1026678.2644902,91.45577207,8.907e-05,44.96128487333335,52.83199120461539,52.93692390529412,8.848333333333335e-05,8.904461538461543e-05,9.139617647058824e-05
52,8.929e-05,1543557600,8.991e-05,8.812e-05,8.813e-05,598155.60305288,53.44217855,8.934e-05,53.50471934666668,55.46315336461539,53.335437128823536,8.868333333333335e-05,8.890846153846157e-05,9.126529411764707e-05
53,8.839e-05,1543564800,8.959e-05,8.832e-05,8.929e-05,276973.19205389,24.6107203,8.885e-05,56.50289030666668,55.624767598461546,53.172528846176476,8.86e-05,8.872384615384618e-05,9.112970588235294e-05
54,8.984e-05,1543572000,8.996e-05,8.752e-05,8.857e-05,576823.35879553,51.25546368,8.885e-05,43.10278751000001,53.39010108538462,53.609078539705884,8.917333333333333e-05,8.872615384615388e-05,9.101529411764705e-05
55,8.961e-05,1543579200,9.045e-05,8.924e-05,8.982e-05,747380.79280007,67.06748573,8.973e-05,47.64455657000002,49.59621579076924,55.00633582647059,8.928e-05,8.880076923076925e-05,9.091117647058821e-05
56,8.991e-05,1543586400,9.027e-05,8.938e-05,8.941e-05,801694.2051185,72.00476166,8.981e-05,63.442570356666685,44.5039189923077,56.05503909176471,8.978666666666667e-05,8.895307692307694e-05,9.082352941176468e-05
57,9.012e-05,1543593600,9.045e-05,8.986e-05,8.992e-05,172069.51972008,15.510122,9.013e-05,51.52745646333335,42.12713909000001,54.48917648176471,8.988000000000001e-05,8.90546153846154e-05,9.068852941176468e-05
58,9.07e-05,1543600800,9.08e-05,9.01e-05,9.012e-05,177213.57335788,16.0296135,9.045e-05,34.51483238666669,39.82378261153846,52.201480496470595,9.024333333333333e-05,8.926923076923078e-05,9.05811764705882e-05
59,9.105e-05,1543608000,9.131e-05,9.035e-05,9.07e-05,219534.51740959,19.90726478,9.067e-05,17.149000093333356,38.205525670769234,51.78048296705884,9.062333333333334e-05,8.941076923076925e-05,9.048941176470585e-05
60,9.035e-05,1543615200,9.111e-05,9.01e-05,9.104e-05,184394.93826802,16.73479033,9.075e-05,17.55722287000002,37.84630054,50.77744181705883,9.07e-05,8.950769230769233e-05,9.036999999999996e-05
61,9.062e-05,1543622400,9.074e-05,9.013e-05,9.036e-05,147894.7121691,13.34582582,9.023e-05,16.662626976666687,37.291698536153845,47.761510092647065,9.067333333333332e-05,8.964076923076927e-05,9.029705882352937e-05
62,9.06e-05,1543629600,9.085e-05,9.054e-05,9.063e-05,122747.21977557,11.1324416,9.069e-05,13.737685916666686,36.00866518769231,47.00974512676471,9.052333333333333e-05,8.978769230769233e-05,9.023117647058821e-05
63,9.012e-05,1543636800,9.066e-05,9.004e-05,9.06e-05,129444.7897431,11.70231895,9.04e-05,12.060195456666685,35.707596843846154,45.88956468735295,9.044666666666668e-05,8.990153846153848e-05,9.014676470588233e-05
64,9.014e-05,1543644000,9.031e-05,8.982e-05,9.011e-05,130006.08328454,11.69842322,8.998e-05,11.511061256666686,29.572416163076923,45.324847550588245,9.028666666666668e-05,9.00569230769231e-05,9.007823529411762e-05
65,9.005e-05,1543651200,9.03e-05,8.996e-05,9.015e-05,80686.04126277,7.27385698,9.015e-05,10.224866383333351,26.021006811538463,43.11851308411765,9.010333333333335e-05,9.011538461538465e-05,9.002117647058821e-05
66,8.944e-05,1543658400,9.014e-05,8.91e-05,9.014e-05,348639.0401308,31.25097087,8.963e-05,16.741083690000018,26.531795316923077,40.356222725882354,8.987666666666667e-05,9.019615384615389e-05,8.994029411764704e-05
67,8.933e-05,1543665600,8.97e-05,8.912e-05,8.94e-05,111522.82403497,9.97157902,8.941e-05,16.165468956666682,23.35611188153846,37.807186053823536,8.960666666666668e-05,9.015692307692312e-05,8.98691176470588e-05
68,8.851e-05,1543672800,8.939e-05,8.841e-05,8.933e-05,481851.3314141,42.85155206,8.893e-05,28.024700650000018,21.493347753076925,37.677075047647065,8.909333333333333e-05,9.007230769230774e-05,8.976852941176468e-05
69,8.804e-05,1543680000,8.852e-05,8.791e-05,8.849e-05,223042.41602978,19.66261041,8.815e-05,24.161913830000017,17.46702842615385,36.983607048823536,8.862666666666667e-05,8.992846153846158e-05,8.964352941176468e-05
70,8.791e-05,1543687200,8.827e-05,8.781e-05,8.805e-05,311539.51667468,27.39621953,8.793e-05,29.97012733333335,18.381343620769233,37.2377441914706,8.815333333333336e-05,8.975846153846159e-05,8.952735294117645e-05
71,8.84e-05,1543694400,8.867e-05,8.761e-05,8.795e-05,322597.47545965,28.45014068,8.819e-05,25.169656873333352,19.336768788461537,37.241207928235305,8.811666666666666e-05,8.958153846153851e-05,8.943852941176469e-05
72,8.88e-05,1543701600,8.908e-05,8.803e-05,8.825e-05,200817.26239031,17.7950894,8.861e-05,24.547149870000016,19.17429375923077,36.93850925676472,8.837e-05,8.940846153846158e-05,8.937647058823528e-05
73,8.797e-05,1543708800,8.89e-05,8.785e-05,8.89e-05,164329.95932881,14.51828332,8.834e-05,20.254504466666685,19.003793220000002,36.79972139941178,8.838999999999999e-05,8.922538461538465e-05,8.92855882352941e-05
74,8.926e-05,1543716000,8.93e-05,8.774e-05,8.797e-05,226511.33995302,20.04274969,8.848e-05,17.452040803333347,19.518941210000005,36.72716300029413,8.867666666666667e-05,8.912076923076927e-05,8.924058823529411e-05
75,8.941e-05,1543723200,8.976e-05,8.883e-05,8.915e-05,117833.72456587,10.51458369,8.923e-05,15.02520556666668,19.471413678461545,34.674470510294135,8.888e-05,8.902923076923081e-05,8.922882352941174e-05
76,8.856e-05,1543730400,8.976e-05,8.823e-05,8.954e-05,402094.04904038,35.74523609,8.889e-05,22.100856490000012,21.32086884307693,32.30262467294119,8.907666666666668e-05,8.890923076923082e-05,8.922647058823528e-05
77,8.81e-05,1543737600,8.876e-05,8.774e-05,8.857e-05,186427.86082929,16.43801771,8.817e-05,20.899279163333343,21.68545303461539,28.721254016176484,8.869000000000003e-05,8.875230769230773e-05,8.923147058823528e-05
78,8.878e-05,1543744800,8.929e-05,8.796e-05,8.809e-05,1378357.6101145,121.91315066,8.844e-05,58.03213482000001,30.503860240769235,30.94198607294119,8.848000000000003e-05,8.865461538461544e-05,8.923088235294116e-05
79,8.891e-05,1543752000,8.918e-05,8.858e-05,8.878e-05,360178.72573107,32.04679223,8.897e-05,56.79932020000001,30.565077268461543,30.532384440882364,8.859666666666669e-05,8.86138461538462e-05,8.926029411764705e-05
80,8.862e-05,1543759200,8.906e-05,8.842e-05,8.883e-05,73227.39315219,6.49892987,8.874e-05,53.486290920000016,30.297950410769236,29.51927634852942,8.877000000000002e-05,8.855923076923081e-05,8.924294117647058e-05
81,8.877e-05,1543766400,8.902e-05,8.85e-05,8.862e-05,82067.84003314,7.28798918,8.88e-05,15.27790376000002,27.562291727692312,29.10407847058824,8.876666666666669e-05,8.85792307692308e-05,8.92335294117647e-05
82,8.841e-05,1543773600,8.878e-05,8.841e-05,8.875e-05,86991.75700151,7.70765153,8.86e-05,7.164856860000019,26.64267950615385,28.726196107647066,8.860000000000003e-05,8.860769230769233e-05,8.921941176470588e-05
83,8.837e-05,1543780800,8.859e-05,8.798e-05,8.839e-05,117016.42475921,10.31895158,8.818e-05,8.438197430000018,25.32904351,28.211698356176477,8.851666666666667e-05,8.864307692307694e-05,8.921e-05
84,8.883e-05,1543788000,8.894e-05,8.821e-05,8.823e-05,252693.08030968,22.37921705,8.856e-05,13.46860672000002,24.86204938461539,28.41061040411765,8.853666666666669e-05,8.867615384615388e-05,8.92155882352941e-05
85,8.896e-05,1543795200,8.94e-05,8.864e-05,8.89e-05,168745.72121881,15.02146782,8.901e-05,15.906545483333353,24.648693878461543,26.16254263205883,8.872000000000003e-05,8.868846153846156e-05,8.924029411764703e-05
86,8.999e-05,1543802400,9.016e-05,8.895e-05,8.896e-05,586216.93913177,52.64853895,8.981e-05,30.016407940000022,27.581790465384618,26.13920029088236,8.926000000000002e-05,8.884384615384618e-05,8.926088235294114e-05
87,8.973e-05,1543809600,9.019e-05,8.971e-05,8.999e-05,250032.52917628,22.49186101,8.995e-05,30.053955926666692,27.770183643846153,26.076880900000006,8.956000000000003e-05,8.888000000000003e-05,8.930029411764704e-05
88,9.003e-05,1543816800,9.004e-05,8.971e-05,8.971e-05,168041.43136294,15.11134728,8.992e-05,30.083915746666694,28.123780843076926,25.013818652941183,8.991666666666669e-05,8.892769230769235e-05,8.930588235294116e-05
89,8.971e-05,1543824000,9.04e-05,8.959e-05,9.005e-05,418316.72756664,37.6822144,9.008e-05,25.095140896666695,28.272779174615387,24.14954596676471,8.982333333333336e-05,8.901615384615389e-05,8.930882352941176e-05
90,8.98e-05,1543831200,9e-05,8.958e-05,8.973e-05,133434.87655408,11.99151756,8.986e-05,21.59502641333337,27.930740701538465,22.38445055205883,8.984666666666669e-05,8.91469230769231e-05,8.930558823529412e-05
91,8.987e-05,1543838400,9.012e-05,8.94e-05,8.981e-05,196174.4637937,17.60556598,8.974e-05,22.426432646666697,19.907080341538464,22.446081257352947,8.979333333333337e-05,8.923076923076926e-05,8.929823529411766e-05
92,9.082e-05,1543845600,9.09e-05,8.947e-05,8.987e-05,1010360.7802474,91.39800903,9.046e-05,40.33169752333336,24.472558556923083,24.662798772941184,9.016333333333336e-05,8.937769230769234e-05,8.930176470588236e-05
93,9.012e-05,1543852800,9.089e-05,9.007e-05,9.07e-05,475484.98530971,43.05898521,9.055e-05,50.68752007333336,27.284870506153855,25.343731726764716,9.027000000000003e-05,8.949307692307695e-05,8.927441176470588e-05
94,8.985e-05,1543860000,9.019e-05,8.967e-05,9.013e-05,209926.73090023,18.87720035,8.992e-05,51.1113981966667,28.176348288461547,25.406743786176477,9.026333333333335e-05,8.957615384615389e-05,8.925970588235294e-05
95,8.991e-05,1543867200,9.016e-05,8.89e-05,8.99e-05,576575.44158428,51.66689826,8.96e-05,37.8676946066667,31.55782880615385,26.533834152058834,8.996e-05,8.969153846153849e-05,8.923882352941177e-05
96,8.964e-05,1543874400,9.006e-05,8.96e-05,8.977e-05,157099.73020288,14.10539975,8.978e-05,28.21649945333337,31.849094050000005,26.621274097647067,8.98e-05,8.978923076923081e-05,8.921058823529411e-05
97,8.999e-05,1543881600,9.003e-05,8.963e-05,8.964e-05,260050.86471459,23.37419298,8.988e-05,29.715496996666705,31.925630660000003,26.964564510294128,8.984666666666667e-05,8.987846153846158e-05,8.920676470588236e-05
98,9.044e-05,1543888800,9.059e-05,8.979e-05,8.999e-05,319094.74952197,28.77171253,9.016e-05,22.08376842000004,32.983341791538464,27.4667200782353,9.002333333333334e-05,8.999230769230774e-05,8.921558823529411e-05
99,8.951e-05,1543896000,9.044e-05,8.941e-05,9.044e-05,600846.51370456,54.10441353,9.004e-05,35.416773013333376,33.09533214384616,28.84408938852942,8.998000000000002e-05,8.995538461538467e-05,8.919970588235295e-05
100,8.914e-05,1543903200,9.02e-05,8.902e-05,8.937e-05,1191497.2558111,106.90077519,8.971e-05,63.258967083333374,39.58832554230769,31.0690836332353,8.969666666666668e-05,8.991000000000004e-05,8.919088235294118e-05
101,8.902e-05,1543910400,8.945e-05,8.86e-05,8.913e-05,284633.27082598,25.32506286,8.897e-05,62.11008386000004,40.37399597153846,31.520656687352947,8.922333333333334e-05,8.983230769230773e-05,8.918176470588236e-05
102,8.927e-05,1543917600,8.928e-05,8.885e-05,8.905e-05,102822.11954541,9.15334275,8.902e-05,47.12639360000005,38.179467383076926,30.529532884117657,8.914333333333334e-05,8.979846153846157e-05,8.920411764705882e-05
103,8.89e-05,1543924800,8.941e-05,8.875e-05,8.919e-05,409574.05396039,36.46795116,8.903e-05,23.648785590000042,40.0622699676923,31.02380761205883,8.906333333333335e-05,8.972923076923081e-05,8.922941176470588e-05
104,8.889e-05,1543932000,8.913e-05,8.85e-05,8.891e-05,351201.86113127,31.18758203,8.88e-05,25.602958646666707,41.10704043307692,31.135318273823533,8.902000000000003e-05,8.96538461538462e-05,8.925823529411764e-05
105,8.95e-05,1543939200,8.965e-05,8.886e-05,8.897e-05,164577.06656821,14.69958349,8.931e-05,27.45170556000004,35.20716154538461,30.730890121176472,8.909666666666668e-05,8.955230769230773e-05,8.92905882352941e-05
106,8.912e-05,1543946400,8.96e-05,8.878e-05,8.932e-05,191343.72982259,17.07886713,8.925e-05,20.988677550000038,33.20869092384615,30.709824760294115,8.917000000000002e-05,8.947538461538466e-05,8.929999999999998e-05
107,8.952e-05,1543953600,8.964e-05,8.9e-05,8.915e-05,79823.85467531,7.13171289,8.934e-05,12.970054503333373,32.30519188846153,30.49257268882353,8.938000000000001e-05,8.945000000000005e-05,8.93455882352941e-05
108,8.908e-05,1543960800,8.977e-05,8.897e-05,8.938e-05,280883.45277647,25.14098042,8.95e-05,16.450520146666708,30.264736669999994,30.64252065147059,8.924000000000002e-05,8.93861538461539e-05,8.934029411764705e-05
109,8.871e-05,1543968000,8.955e-05,8.858e-05,8.909e-05,482287.61519744,42.9790686,8.911e-05,25.083920636666704,32.485788119999995,31.59735844294117,8.910333333333335e-05,8.931461538461545e-05,8.931970588235293e-05
110,8.954e-05,1543975200,8.999e-05,8.813e-05,8.87e-05,644658.11381159,57.39795999,8.903e-05,41.839336336666705,35.10300096692308,32.23420326352941,8.911e-05,8.928000000000005e-05,8.93485294117647e-05
111,9e-05,1543982400,9.007e-05,8.931e-05,8.937e-05,498601.54634989,44.83116472,8.991e-05,48.402731103333366,36.33834344307692,33.06929582264706,8.941666666666668e-05,8.924615384615391e-05,8.940441176470587e-05
112,8.998e-05,1543989600,9.05e-05,8.931e-05,9.003e-05,338851.36554818,30.43520841,8.981e-05,44.22144437333336,34.51763535692308,30.378768109411766,8.984000000000003e-05,8.928230769230775e-05,8.943970588235292e-05
113,8.996e-05,1543996800,8.997e-05,8.927e-05,8.997e-05,497750.43004455,44.57388718,8.955e-05,39.94675343666669,29.723259356153847,30.747212078529415,8.998000000000003e-05,8.934538461538469e-05,8.947058823529409e-05
114,8.937e-05,1544004000,9e-05,8.937e-05,8.976e-05,296890.4132283,26.63393628,8.97e-05,33.88101062333336,29.823941926923077,31.339418149411767,8.977000000000003e-05,8.937230769230777e-05,8.94926470588235e-05
115,8.917e-05,1544011200,8.953e-05,8.906e-05,8.937e-05,262169.58862258,23.40872004,8.928e-05,31.538847833333353,30.92050941076923,31.81355729235294,8.950000000000002e-05,8.936461538461545e-05,8.950441176470584e-05
116,8.929e-05,1544018400,8.983e-05,8.907e-05,8.929e-05,447245.56972828,39.96373027,8.935e-05,30.002128863333358,31.18941549615385,32.762265490588234,8.92766666666667e-05,8.939461538461545e-05,8.953029411764702e-05
117,9.04e-05,1544025600,9.137e-05,8.901e-05,8.929e-05,1160890.8624895,104.97821833,9.042e-05,56.1168895466667,36.86561828846154,35.54636157147059,8.962000000000001e-05,8.951076923076931e-05,8.958999999999996e-05
118,9.061e-05,1544032800,9.099e-05,9.032e-05,9.041e-05,978153.82958264,88.74352789,9.072e-05,77.89515883000003,42.561306319230766,37.498253066764704,9.010000000000002e-05,8.959615384615393e-05,8.964235294117644e-05
119,8.998e-05,1544040000,9.056e-05,8.985e-05,9.056e-05,240916.56197054,21.71272093,9.012e-05,71.81148905000003,42.91775661153846,37.69505462882353,9.033000000000001e-05,8.966230769230776e-05,8.967235294117645e-05
120,9.013e-05,1544047200,9.05e-05,8.984e-05,8.995e-05,468561.78711201,42.24174301,9.015e-05,50.89933061000003,45.61852815923077,37.38897239529411,9.024e-05,8.970923076923084e-05,8.967647058823528e-05
121,8.96e-05,1544054400,9.008e-05,8.927e-05,9.008e-05,807801.27180007,72.35329851,8.956e-05,45.4359208166667,49.25024493538462,38.855485262941166,8.990333333333334e-05,8.974923076923083e-05,8.96726470588235e-05
122,8.927e-05,1544061600,9.045e-05,8.927e-05,8.959e-05,599562.84131661,53.82455164,8.977e-05,56.13986438666671,50.084512861538464,39.994108920588225,8.966666666666667e-05,8.979230769230775e-05,8.965029411764702e-05
123,8.861e-05,1544068800,8.955e-05,8.815e-05,8.927e-05,801254.62425114,71.16138171,8.881e-05,65.77974395333338,51.14323760923077,40.97879031205882,8.916000000000001e-05,8.97207692307693e-05,8.961794117647055e-05
124,8.825e-05,1544076000,8.886e-05,8.814e-05,8.846e-05,424295.03876789,37.47994746,8.833e-05,54.15529360333338,50.57775935846154,41.72845001499999,8.871e-05,8.958615384615391e-05,8.957235294117641e-05
125,8.845e-05,1544083200,8.869e-05,8.818e-05,8.825e-05,337330.85503015,29.82900483,8.842e-05,46.15677800000004,50.53112831384616,42.087962922352936,8.843666666666666e-05,8.94684615384616e-05,8.953058823529406e-05
126,8.856e-05,1544090400,8.926e-05,8.84e-05,8.845e-05,298287.3530051,26.50932429,8.887e-05,31.27275886000004,49.14154655307693,40.17947219470588,8.842000000000001e-05,8.936076923076929e-05,8.946411764705876e-05
127,8.972e-05,1544097600,9.015e-05,8.848e-05,8.857e-05,540850.91660335,48.40076594,8.949e-05,34.913031686666706,50.815918065384615,40.33658339264706,8.891e-05,8.938769230769236e-05,8.945235294117642e-05
128,8.917e-05,1544104800,8.994e-05,8.843e-05,8.957e-05,719047.94169603,64.18486301,8.926e-05,46.36498441333338,53.952544447692304,41.66916170617647,8.915000000000001e-05,8.938769230769236e-05,8.943235294117641e-05
129,8.913e-05,1544112000,8.999e-05,8.911e-05,8.911e-05,444166.95506421,39.72607093,8.943e-05,50.770566626666714,53.93426295999999,41.317960902352944,8.934e-05,8.937538461538467e-05,8.940941176470584e-05
130,8.881e-05,1544119200,8.937e-05,8.84e-05,8.912e-05,491086.4038342,43.68837598,8.896e-05,49.19976997333339,49.21965970230769,42.188048438529414,8.903666666666666e-05,8.925307692307698e-05,8.938499999999994e-05
131,8.93e-05,1544126400,8.943e-05,8.874e-05,8.894e-05,203639.20476788,18.15180327,8.913e-05,33.85541672666672,43.78952703923076,42.034448741176476,8.908e-05,8.915230769230774e-05,8.936470588235289e-05
132,8.821e-05,1544133600,8.932e-05,8.616e-05,8.931e-05,1768137.769219,154.52266893,8.739e-05,72.12094939333339,54.0056768853846,45.733006282352946,8.877333333333333e-05,8.90161538461539e-05,8.929911764705879e-05
133,8.794e-05,1544140800,8.861e-05,8.713e-05,8.821e-05,4096606.7573772,359.71190305,8.78e-05,177.46212508333338,78.42645842692306,54.72146185647059,8.848333333333335e-05,8.884769230769239e-05,8.925294117647055e-05
134,8.745e-05,1544148000,8.871e-05,8.723e-05,8.795e-05,1949598.5912689,171.77613346,8.81e-05,228.67023514666673,86.0743688076923,56.62956062911764,8.786666666666667e-05,8.868230769230777e-05,8.92032352941176e-05
135,8.974e-05,1544155200,9.058e-05,8.725e-05,8.744e-05,1381737.9365772,123.3609174,8.927e-05,218.2829846366667,91.42332001999999,59.51296811558823,8.837666666666668e-05,8.871846153846161e-05,8.922441176470584e-05
136,8.9e-05,1544162400,8.99e-05,8.89e-05,8.974e-05,942602.56517508,84.14570174,8.926e-05,126.42758420000006,92.42211386846154,61.71862573294117,8.873000000000001e-05,8.874846153846162e-05,8.921647058823526e-05
137,8.828e-05,1544169600,8.913e-05,8.79e-05,8.9e-05,413359.49020437,36.566316,8.846e-05,81.3576450466667,92.3518345253846,61.72151881647057,8.900666666666668e-05,8.875076923076931e-05,8.919823529411761e-05
138,8.839e-05,1544176800,8.839e-05,8.78e-05,8.827e-05,199084.16560888,17.527854,8.804e-05,46.07995724666671,91.40559215384613,61.31976210970586,8.855666666666668e-05,8.874615384615394e-05,8.918352941176467e-05
139,8.88e-05,1544184000,8.889e-05,8.822e-05,8.833e-05,322989.16877092,28.59045941,8.851e-05,27.561543136666703,91.56567947076921,61.728317283823515,8.849e-05,8.876461538461549e-05,8.916294117647055e-05
140,8.901e-05,1544191200,8.96e-05,8.849e-05,8.88e-05,636252.35239815,56.66722438,8.906e-05,34.26184593000004,92.20156088923076,62.89268073235292,8.873333333333334e-05,8.87100000000001e-05,8.915970588235291e-05
141,8.935e-05,1544198400,8.946e-05,8.875e-05,8.907e-05,671325.36372747,59.88704077,8.92e-05,48.381574853333376,91.87095917846152,64.44430802294116,8.905333333333335e-05,8.872384615384626e-05,8.915470588235292e-05
142,8.869e-05,1544205600,8.941e-05,8.75e-05,8.937e-05,1120691.9418102,99.09797244,8.842e-05,71.88407919666672,96.43802852538458,66.61951367058822,8.901666666666668e-05,8.869000000000011e-05,8.914323529411763e-05
143,8.94e-05,1544212800,8.94e-05,8.859e-05,8.874e-05,291445.68448539,25.9308444,8.897e-05,61.638619203333384,95.07206455769227,66.11809531176469,8.91466666666667e-05,8.873538461538472e-05,8.916352941176468e-05
144,8.857e-05,1544220000,8.952e-05,8.838e-05,8.939e-05,255804.35108369,22.78617502,8.907e-05,49.27166395333339,95.42855469230766,65.10010163617645,8.888666666666668e-05,8.867923076923088e-05,8.913499999999998e-05
145,9.181e-05,1544227200,9.25e-05,8.846e-05,8.857e-05,2216640.2867092,201.89277882,9.108e-05,83.53659941333339,99.07240929923071,69.71956087441174,8.992666666666669e-05,8.895615384615395e-05,8.918823529411763e-05
146,9.083e-05,1544234400,9.243e-05,9.058e-05,9.179e-05,803158.95748892,73.40704768,9.139e-05,99.36200050666672,77.0489588861538,70.98343849999998,9.040333333333334e-05,8.917846153846164e-05,8.921323529411763e-05
147,8.983e-05,1544241600,9.083e-05,8.983e-05,9.083e-05,233643.06564864,21.11105288,9.035e-05,98.80362646000003,65.45933730307686,70.29335513823527,9.082333333333334e-05,8.936153846153857e-05,8.920941176470586e-05
148,8.95e-05,1544248800,8.993e-05,8.904e-05,8.983e-05,273802.52109117,24.48300434,8.941e-05,39.6670349666667,57.853343990769176,70.23009243411764,9.005333333333335e-05,8.934307692307703e-05,8.921323529411763e-05
149,8.902e-05,1544256000,8.983e-05,8.85e-05,8.945e-05,272378.82243093,24.24440667,8.9e-05,23.279487963333356,53.24555206230763,70.25467145264705,8.944999999999999e-05,8.934461538461548e-05,8.920882352941176e-05
150,8.902e-05,1544263200,8.921e-05,8.85e-05,8.886e-05,282674.36595321,25.11513651,8.884e-05,24.61418250666669,52.364692101538395,69.81794810676469,8.918e-05,8.940153846153855e-05,8.920088235294116e-05
151,8.879e-05,1544270400,8.903e-05,8.799e-05,8.902e-05,374496.78363407,33.13530447,8.847e-05,27.498282550000017,53.565265214615316,67.7049212285294,8.894333333333333e-05,8.943230769230778e-05,8.915352941176469e-05
152,8.905e-05,1544277600,9.001e-05,8.831e-05,8.883e-05,1059136.8952423,94.31934969,8.905e-05,50.85659689000002,58.621333697692236,67.86891598735292,8.895333333333332e-05,8.945153846153855e-05,8.91076470588235e-05
153,8.927e-05,1544284800,8.929e-05,8.9e-05,8.902e-05,266521.35302167,23.78795181,8.925e-05,50.41420199000002,56.092158884615316,67.92995218970586,8.903666666666666e-05,8.947153846153855e-05,8.908676470588232e-05
154,8.946e-05,1544292000,8.968e-05,8.913e-05,8.923e-05,275418.46413899,24.61636406,8.937e-05,47.574555186666686,53.37902990692301,67.41155869117644,8.925999999999998e-05,8.948000000000009e-05,8.906705882352939e-05
155,8.915e-05,1544299200,8.945e-05,8.749e-05,8.945e-05,989486.09227662,87.14877009,8.807e-05,45.18436198666669,52.45986049538454,67.84671961999997,8.929333333333332e-05,8.95153846153847e-05,8.905382352941174e-05
156,8.858e-05,1544306400,8.953e-05,8.825e-05,8.918e-05,574953.29213322,51.14451601,8.895e-05,54.303216720000016,54.39937369615377,67.76789504264703,8.906333333333332e-05,8.945230769230777e-05,8.903352941176468e-05
157,8.871e-05,1544313600,8.891e-05,8.839e-05,8.865e-05,247893.33201305,21.94231149,8.851e-05,53.411865863333354,54.334461116923,66.32027533029408,8.881333333333331e-05,8.9463076923077e-05,8.903647058823528e-05
158,8.843e-05,1544320800,8.877e-05,8.84e-05,8.871e-05,45013.71372012,3.98755652,8.858e-05,25.691461340000018,39.110982478461466,65.33520500852939,8.857333333333333e-05,8.920307692307702e-05,8.904176470588233e-05
159,8.813e-05,1544328000,8.853e-05,8.81e-05,8.851e-05,99766.81610816,8.80677258,8.827e-05,11.578880196666686,34.141730547692234,64.71690405999998,8.842333333333334e-05,8.899538461538472e-05,8.903235294117646e-05
160,8.822e-05,1544335200,8.841e-05,8.781e-05,8.812e-05,254725.01614207,22.42922509,8.805e-05,11.741184730000017,34.243128409999926,64.5969011423529,8.826000000000001e-05,8.887153846153856e-05,8.902235294117645e-05
161,8.821e-05,1544342400,8.85e-05,8.801e-05,8.821e-05,118250.81674384,10.42586507,8.816e-05,13.887287580000018,33.16181000461531,63.479992293235256,8.818666666666668e-05,8.87723076923078e-05,8.897794117647057e-05
162,8.791e-05,1544349600,8.849e-05,8.751e-05,8.82e-05,286180.71956298,25.18555995,8.8e-05,19.34688337000002,33.23420641076916,62.33295396794114,8.811333333333335e-05,8.868692307692319e-05,8.894088235294116e-05
163,8.816e-05,1544356800,8.83e-05,8.725e-05,8.791e-05,627012.86015309,54.99062851,8.77e-05,30.200684510000016,35.53232117999993,62.7819115438235,8.809333333333335e-05,8.862076923076935e-05,8.891235294117644e-05
164,8.749e-05,1544364000,8.881e-05,8.73e-05,8.816e-05,844755.00220154,74.34624632,8.8e-05,51.50747826000003,38.70239362999993,63.68361361264703,8.785333333333335e-05,8.852076923076935e-05,8.887352941176469e-05
165,8.78e-05,1544371200,8.78e-05,8.681e-05,8.746e-05,742504.28282865,64.81976755,8.729e-05,64.71888079333335,36.43319500384609,65.05620079735291,8.781666666666668e-05,8.84246153846155e-05,8.882941176470585e-05
166,8.721e-05,1544378400,8.78e-05,8.691e-05,8.779e-05,243187.33732459,21.19812008,8.716e-05,53.454711316666696,36.23397717846147,61.13489053705879,8.750000000000001e-05,8.826615384615395e-05,8.879999999999996e-05
167,8.713e-05,1544385600,8.769e-05,8.687e-05,8.721e-05,158882.85501617,13.87086307,8.73e-05,33.29625023333336,35.4074001792307,50.963095243529374,8.738000000000001e-05,8.808692307692318e-05,8.87761764705882e-05
168,8.71e-05,1544392800,8.749e-05,8.683e-05,8.712e-05,203655.33042263,17.74498383,8.713e-05,17.60465566000003,30.068647389999935,46.43276731323525,8.714666666666666e-05,8.792923076923086e-05,8.876588235294114e-05
169,8.662e-05,1544400000,8.748e-05,8.657e-05,8.71e-05,274223.59737481,23.87616775,8.706e-05,18.4973382166667,27.971082139230703,43.506745264705835,8.694999999999999e-05,8.777846153846162e-05,8.867411764705879e-05
170,8.652e-05,1544407200,8.687e-05,8.622e-05,8.662e-05,330626.44347155,28.6168241,8.655e-05,23.412658560000036,28.484506186153776,41.87354298117642,8.674666666666665e-05,8.761000000000009e-05,8.86011764705882e-05
171,8.682e-05,1544414400,8.684e-05,8.6e-05,8.651e-05,258002.14003472,22.28007665,8.635e-05,24.9243561666667,29.8916231192307,41.453359470882305,8.665333333333332e-05,8.748615384615394e-05,8.85582352941176e-05
172,8.72e-05,1544421600,8.747e-05,8.667e-05,8.678e-05,170830.00558308,14.91427093,8.73e-05,21.937057226666706,30.361430684615314,41.37648938058819,8.684666666666666e-05,8.741461538461546e-05,8.852323529411761e-05
173,8.687e-05,1544428800,8.725e-05,8.661e-05,8.725e-05,117377.59614251,10.2060668,8.695e-05,15.800138126666704,29.421187739230696,40.835771950882304,8.696333333333332e-05,8.731076923076931e-05,8.846647058823527e-05
174,8.667e-05,1544436000,8.699e-05,8.655e-05,8.699e-05,174363.06309482,15.11092094,8.666e-05,13.410419556666705,29.781576652307624,39.61352773205877,8.691333333333332e-05,8.719230769230778e-05,8.83976470588235e-05
175,8.628e-05,1544443200,8.689e-05,8.626e-05,8.666e-05,194593.33155217,16.83743297,8.652e-05,14.051473570000036,29.139413038461473,38.347362796764656,8.660666666666666e-05,8.706692307692315e-05,8.830735294117643e-05
176,8.679e-05,1544450400,8.706e-05,8.617e-05,8.637e-05,668475.61918853,57.86947726,8.656e-05,29.9392770566667,29.360862942307623,37.13475999735289,8.657999999999999e-05,8.696153846153852e-05,8.825147058823524e-05
177,8.656e-05,1544457600,8.679e-05,8.552e-05,8.65e-05,281053.10092963,24.16323517,8.597e-05,32.95671513333337,25.50063131538455,37.082771490588186,8.654333333333332e-05,8.689000000000007e-05,8.816794117647052e-05
178,8.737e-05,1544464800,8.756e-05,8.635e-05,8.651e-05,246564.00809694,21.4805547,8.711e-05,34.5044223766667,22.166845711538393,37.044370892941124,8.690666666666667e-05,8.685692307692315e-05,8.813264705882346e-05
179,8.702e-05,1544472000,8.75e-05,8.675e-05,8.737e-05,274856.13268322,23.97646395,8.723e-05,23.206751273333367,22.38056447076916,31.81153810264701,8.698333333333332e-05,8.684230769230777e-05,8.79917647058823e-05
180,8.72e-05,1544479200,8.728e-05,8.683e-05,8.695e-05,98745.69723467,8.59344307,8.702e-05,18.01682057333337,21.974609086153773,29.905255614117596,8.719666666666665e-05,8.684769230769238e-05,8.788499999999994e-05
181,8.722e-05,1544486400,8.755e-05,8.712e-05,8.715e-05,111119.9919998,9.71047244,8.738e-05,14.093459820000035,21.356569748461464,29.569944424705835,8.714666666666665e-05,8.685692307692316e-05,8.780823529411759e-05
182,8.874e-05,1544493600,8.88e-05,8.723e-05,8.723e-05,296347.39505066,26.07377858,8.798e-05,14.792564696666702,21.525616735384542,29.616731902352893,8.772e-05,8.702000000000009e-05,8.77858823529411e-05
183,8.873e-05,1544500800,9e-05,8.854e-05,8.879e-05,762901.56531003,68.16314009,8.934e-05,34.64913037000003,24.567641042307624,30.908459355882307,8.823e-05,8.719000000000008e-05,8.77773529411764e-05
184,8.807e-05,1544508000,8.9e-05,8.795e-05,8.861e-05,112035.6317842,9.91175984,8.846e-05,34.716226170000034,23.616232056923007,30.46130121852937,8.851333333333333e-05,8.728615384615392e-05,8.77494117647058e-05
185,8.798e-05,1544515200,8.825e-05,8.758e-05,8.804e-05,65650.45418047,5.77132075,8.79e-05,27.9487402266667,22.912928196923005,29.656478167941135,8.825999999999999e-05,8.734615384615393e-05,8.772558823529404e-05
186,8.849e-05,1544522400,8.893e-05,8.776e-05,8.79e-05,1344881.6391503,118.88628145,8.839e-05,44.85645401333337,31.27294470846147,30.37903498441172,8.817999999999999e-05,8.747076923076932e-05,8.770911764705876e-05
187,8.795e-05,1544529600,8.86e-05,8.788e-05,8.848e-05,421143.50354365,37.17079528,8.826e-05,53.94279916000003,32.9698581192307,30.772648027647012,8.813999999999999e-05,8.756923076923086e-05,8.767029411764699e-05
188,8.826e-05,1544536800,8.838e-05,8.79e-05,8.79e-05,236243.86255886,20.83184479,8.817e-05,58.962973840000025,33.277120566923,30.661338637352895,8.823333333333333e-05,8.772153846153855e-05,8.763499999999994e-05
189,8.801e-05,1544544000,8.837e-05,8.8e-05,8.826e-05,83545.92353272,7.36733522,8.818e-05,21.78999176333336,29.392340409999925,28.31482584705878,8.807333333333334e-05,8.781538461538469e-05,8.760147058823524e-05
190,8.826e-05,1544551200,8.837e-05,8.8e-05,8.811e-05,113749.07740541,10.0348038,8.821e-05,12.74466127000003,28.305537996923004,27.105716664411723,8.817666666666667e-05,8.794615384615392e-05,8.759205882352935e-05
191,8.837e-05,1544558400,8.853e-05,8.785e-05,8.826e-05,227840.3594199,20.10375299,8.823e-05,12.501964003333361,28.19963017307685,27.051641414411723,8.821333333333334e-05,8.802307692307699e-05,8.758205882352936e-05
192,8.845e-05,1544565600,8.852e-05,8.802e-05,8.832e-05,354554.78707266,31.32234431,8.834e-05,20.48696703333336,28.764697893076853,27.855605761176427,8.836e-05,8.813307692307699e-05,8.758264705882346e-05
193,8.896e-05,1544572800,8.896e-05,8.823e-05,8.845e-05,291710.6987375,25.88199481,8.872e-05,25.76936403666669,30.094586488461466,28.35781817970584,8.859333333333334e-05,8.82684615384616e-05,8.760705882352934e-05
194,8.914e-05,1544580000,8.94e-05,8.871e-05,8.896e-05,903850.50310092,80.45018713,8.9e-05,45.88484208333336,35.53610300307685,30.064317063235247,8.885e-05,8.84161538461539e-05,8.763411764705876e-05
195,8.903e-05,1544587200,8.93e-05,8.887e-05,8.907e-05,131217.0767822,11.68466896,8.904e-05,39.33895030000003,34.42924841692301,30.101340707058775,8.904333333333333e-05,8.843846153846159e-05,8.765823529411758e-05
196,8.893e-05,1544594400,8.912e-05,8.868e-05,8.901e-05,647536.5806545,57.59753721,8.894e-05,49.9107977666667,33.61650973384609,31.054634155882308,8.90333333333333e-05,8.845384615384621e-05,8.768823529411758e-05
197,8.891e-05,1544601600,8.904e-05,8.876e-05,8.883e-05,232471.56017817,20.66910757,8.891e-05,29.983771246666695,34.44399802076916,30.045177657647017,8.895666666666663e-05,8.85184615384616e-05,8.7710294117647e-05
198,8.878e-05,1544608800,8.95e-05,8.871e-05,8.894e-05,1015647.1523059,90.62614051,8.922e-05,56.29759509666669,40.97129184846147,30.523998074999955,8.887333333333328e-05,8.858000000000006e-05,8.774823529411759e-05
199,8.888e-05,1544616000,8.898e-05,8.85e-05,8.87e-05,164546.16985693,14.59871057,8.872e-05,41.96465288333336,32.94917101153839,29.046908163823485,8.88566666666666e-05,8.861000000000005e-05,8.777999999999995e-05
200,8.852e-05,1544623200,8.921e-05,8.85e-05,8.888e-05,186852.67147312,16.60559465,8.886e-05,40.61014857666669,31.367232501538393,28.911833886470546,8.872666666666662e-05,8.865384615384619e-05,8.781852941176466e-05
201,8.858e-05,1544630400,8.903e-05,8.814e-05,8.852e-05,790171.04328376,70.20432453,8.884e-05,33.80287658333336,35.16511555846147,30.56870039999996,8.865999999999995e-05,8.867846153846158e-05,8.786117647058819e-05
202,8.852e-05,1544637600,8.862e-05,8.837e-05,8.858e-05,77262.34437965,6.83775942,8.85e-05,31.215892866666692,35.12437895846147,30.247899682058787,8.853999999999996e-05,8.871769230769236e-05,8.790294117647054e-05
203,8.858e-05,1544644800,8.859e-05,8.815e-05,8.854e-05,67797.34931279,5.98911852,8.833e-05,27.677067490000027,34.81317239846147,29.72180999882349,8.855999999999997e-05,8.874230769230775e-05,8.796058823529407e-05
204,8.832e-05,1544652000,8.855e-05,8.818e-05,8.85e-05,50571.72283609,4.46617653,8.831e-05,5.7643514900000286,33.61028190153839,29.01149683499996,8.847333333333331e-05,8.87384615384616e-05,8.801352941176464e-05
205,8.877e-05,1544659200,8.885e-05,8.838e-05,8.839e-05,21761.42934362,1.92839124,8.861e-05,4.127895430000028,31.34920858846147,28.4129178523529,8.855666666666665e-05,8.876307692307699e-05,8.807088235294112e-05
206,8.871e-05,1544666400,8.882e-05,8.84e-05,8.878e-05,80748.29552509,7.15540142,8.861e-05,4.516656396666695,29.908701404615314,28.184715807941135,8.859999999999999e-05,8.874384615384622e-05,8.8115294117647e-05
207,8.92e-05,1544673600,8.92e-05,8.863e-05,8.864e-05,173388.52154005,15.42832268,8.898e-05,8.170705113333362,24.907019523846085,28.338311569117604,8.889333333333331e-05,8.874846153846162e-05,8.818382352941172e-05
208,8.91e-05,1544680800,8.959e-05,8.897e-05,8.921e-05,529486.1502367,47.25004439,8.923e-05,23.277922830000033,27.642817633846086,29.283579905882306,8.900333333333331e-05,8.875384615384623e-05,8.8255294117647e-05
209,8.928e-05,1544688000,8.928e-05,8.896e-05,8.906e-05,333411.10735424,29.71595797,8.912e-05,30.798108346666698,25.4980807692307,29.662360052941132,8.919333333333332e-05,8.87807692307693e-05,8.834352941176465e-05
210,8.933e-05,1544695200,9e-05,8.902e-05,8.924e-05,619712.03970155,55.46561408,8.95e-05,44.143872146666695,28.17473511615378,29.591658194705843,8.923666666666665e-05,8.8813076923077e-05,8.841823529411758e-05
211,8.895e-05,1544702400,8.936e-05,8.861e-05,8.925e-05,192774.76793098,17.13585646,8.889e-05,34.10580950333337,22.52163634307686,29.384970585588196,8.918666666666665e-05,8.882615384615391e-05,8.848852941176464e-05
212,8.895e-05,1544709600,8.931e-05,8.875e-05,8.895e-05,117987.89805687,10.49570565,8.895e-05,27.699058730000033,22.206020579999937,29.06188678999996,8.907666666666665e-05,8.883153846153853e-05,8.853499999999994e-05
213,8.953e-05,1544716800,9.029e-05,8.89e-05,8.894e-05,545413.63313619,48.84423068,8.955e-05,25.491930930000034,24.68591565923071,29.793291693823484,8.914333333333333e-05,8.890923076923084e-05,8.86088235294117e-05
214,8.939e-05,1544724000,8.999e-05,8.915e-05,8.951e-05,318929.67443938,28.5218228,8.942e-05,29.287253043333365,21.47956937230763,30.379420509411723,8.929000000000001e-05,8.897153846153854e-05,8.867323529411759e-05
215,9.055e-05,1544731200,9.071e-05,8.928e-05,8.941e-05,659992.77358169,59.58326311,9.027e-05,45.6497721966667,25.53691580999994,31.846267293823484,8.982333333333336e-05,8.912769230769239e-05,8.877117647058818e-05
216,9.065e-05,1544738400,9.065e-05,9.024e-05,9.054e-05,311763.79103049,28.20920814,9.048e-05,38.771431350000036,27.246153473076863,31.909074045588195,9.01966666666667e-05,8.928692307692317e-05,8.882735294117642e-05
217,9.048e-05,1544745600,9.104e-05,8.994e-05,9.064e-05,820258.99674808,74.23161642,9.049e-05,54.008029223333374,32.61272577230763,32.08755864352936,9.056000000000001e-05,8.945307692307701e-05,8.887882352941171e-05
218,9.048e-05,1544752800,9.099e-05,9.025e-05,9.036e-05,258695.10648907,23.43642449,9.059e-05,41.95908301666671,34.26718986846147,32.48534289794113,9.053666666666668e-05,8.958461538461547e-05,8.894970588235289e-05
219,9.024e-05,1544760000,9.117e-05,9.007e-05,9.047e-05,324993.2305199,29.48216189,9.071e-05,42.383400933333384,35.9846329815384,33.18272057852936,9.040000000000002e-05,8.970230769230777e-05,8.901617647058817e-05
220,9.021e-05,1544767200,9.1e-05,9.001e-05,9.025e-05,420622.26753149,38.06210048,9.048e-05,30.326895620000045,37.72569281230763,30.80553878529407,9.031000000000002e-05,8.978000000000008e-05,8.90667647058823e-05
221,9.007e-05,1544774400,9.028e-05,9.001e-05,9.021e-05,124437.29155046,11.21385684,9.011e-05,26.252706403333377,34.953678385384556,30.042099419411716,9.017333333333335e-05,8.985461538461547e-05,8.912911764705875e-05
222,8.952e-05,1544781600,9.007e-05,8.95e-05,9.006e-05,254410.92228027,22.83423605,8.975e-05,24.03673112333338,34.424315160769176,30.100993279999955,8.993333333333336e-05,8.987307692307701e-05,8.916617647058816e-05
223,8.97e-05,1544788800,9.014e-05,8.949e-05,8.95e-05,113000.14135937,10.14402779,8.977e-05,14.730706893333377,30.938039292307636,30.182660708529365,8.976333333333335e-05,8.990153846153855e-05,8.921588235294111e-05
224,8.921e-05,1544796000,8.987e-05,8.921e-05,8.969e-05,223978.26304979,20.07257836,8.961e-05,17.68361406666671,31.16394097692302,30.47788937205878,8.947666666666669e-05,8.992153846153855e-05,8.92438235294117e-05
225,8.902e-05,1544803200,8.945e-05,8.855e-05,8.921e-05,371423.62340825,33.09451015,8.91e-05,21.103705433333374,32.9023105538461,30.859970464999954,8.931000000000001e-05,8.992692307692316e-05,8.926294117647053e-05
226,8.901e-05,1544810400,8.932e-05,8.897e-05,8.902e-05,308531.63230074,27.48793894,8.909e-05,26.88500915000004,31.259518881538405,30.74719383647054,8.908000000000001e-05,8.988692307692317e-05,8.927941176470583e-05
227,8.915e-05,1544817600,8.943e-05,8.895e-05,8.899e-05,122261.18242981,10.9094263,8.923e-05,23.830625130000044,29.904719150769175,30.30682417441172,8.906000000000002e-05,8.986846153846164e-05,8.928499999999994e-05
228,8.948e-05,1544824800,9.001e-05,8.9e-05,8.915e-05,407918.29759682,36.49603062,8.946e-05,24.964465286666712,28.12877818999994,29.01405486529407,8.921333333333336e-05,8.978615384615395e-05,8.929499999999994e-05
229,8.939e-05,1544832000,8.958e-05,8.875e-05,8.939e-05,213354.35366053,18.99562703,8.903e-05,22.133694650000052,27.420041181538405,29.229083043823486,8.934000000000004e-05,8.968923076923086e-05,8.930558823529405e-05
230,8.916e-05,1544839200,8.955e-05,8.905e-05,8.955e-05,149753.35408457,13.35906237,8.92e-05,22.950240006666718,22.737537023846095,27.927951430882306,8.934333333333339e-05,8.958769230769241e-05,8.931235294117641e-05
231,8.909e-05,1544846400,8.948e-05,8.898e-05,8.916e-05,136577.50708324,12.17859994,8.916e-05,14.84442978000005,21.871550519999946,27.678230618235247,8.921333333333338e-05,8.948076923076934e-05,8.931764705882346e-05
232,8.929e-05,1544853600,8.93e-05,8.904e-05,8.909e-05,20746.72518979,1.84968568,8.915e-05,9.129115996666718,19.74597542692302,25.067158417352893,8.918000000000005e-05,8.94076923076924e-05,8.933264705882345e-05
233,8.934e-05,1544860800,8.934e-05,8.898e-05,8.927e-05,106399.37871266,9.48985922,8.919e-05,7.839381613333384,17.548110714615326,24.916898083529365,8.924000000000005e-05,8.934076923076931e-05,8.934617647058816e-05
234,8.965e-05,1544868000,8.975e-05,8.914e-05,8.926e-05,145907.75542484,13.0634271,8.953e-05,8.134324000000051,17.690385349999943,24.812716684999955,8.942666666666672e-05,8.930846153846162e-05,8.937941176470581e-05
235,8.943e-05,1544875200,8.966e-05,8.943e-05,8.966e-05,68557.34888906,6.13739114,8.952e-05,9.563559153333385,16.40601266461533,22.928395114705836,8.947333333333338e-05,8.930153846153853e-05,8.940441176470581e-05
236,8.871e-05,1544882400,8.949e-05,8.82e-05,8.943e-05,1584680.4869244,140.49785477,8.866e-05,53.232891003333386,26.433230124615328,26.859574389705838,8.926333333333338e-05,8.922538461538468e-05,8.940999999999995e-05
237,8.866e-05,1544889600,8.878e-05,8.826e-05,8.87e-05,640502.98228818,56.65788091,8.845e-05,67.76437560666672,29.24748416692302,28.349832107058777,8.893333333333339e-05,8.918307692307699e-05,8.941235294117641e-05
238,8.818e-05,1544896800,8.863e-05,8.808e-05,8.86e-05,178368.225515,15.75964331,8.835e-05,70.97179299666672,27.914032871538403,28.681992894705836,8.851666666666671e-05,8.91184615384616e-05,8.94082352941176e-05
239,8.821e-05,1544904000,8.832e-05,8.792e-05,8.81e-05,171845.28736808,15.14063322,8.81e-05,29.186052480000058,26.964240123846096,29.07058824705878,8.835000000000006e-05,8.905692307692315e-05,8.93917647058823e-05
240,8.85e-05,1544911200,8.856e-05,8.795e-05,8.821e-05,164399.24035251,14.49674886,8.818e-05,15.132341796666722,27.240188013076867,29.286510230588192,8.829666666666672e-05,8.900692307692313e-05,8.938558823529406e-05
241,8.923e-05,1544918400,8.96e-05,8.84e-05,8.85e-05,318064.3975119,28.21841873,8.871e-05,19.28526693666672,26.60344863692302,29.66268952617643,8.864666666666671e-05,8.898769230769237e-05,8.938647058823525e-05
242,8.94e-05,1544925600,9.032e-05,8.896e-05,8.919e-05,563902.22956833,50.53665815,8.961e-05,31.08394191333339,29.029681799999942,29.759354636764666,8.90433333333334e-05,8.89884615384616e-05,8.9395294117647e-05
243,8.897e-05,1544932800,8.949e-05,8.893e-05,8.934e-05,177983.51452262,15.8868615,8.926e-05,31.54731279333339,29.22412788692302,29.35261650529408,8.920000000000007e-05,8.897384615384623e-05,8.938617647058817e-05
244,8.855e-05,1544940000,8.923e-05,8.853e-05,8.9e-05,274909.27924014,24.41559029,8.881e-05,30.27970331333339,30.16543483692302,28.439380511470546,8.897333333333342e-05,8.893230769230776e-05,8.93632352941176e-05
245,8.872e-05,1544947200,8.889e-05,8.851e-05,8.864e-05,321863.80619866,28.52073253,8.861e-05,22.941061440000055,32.21705382538455,28.774229807647018,8.874666666666676e-05,8.888846153846162e-05,8.935647058823524e-05
246,8.9e-05,1544954400,8.906e-05,8.865e-05,8.871e-05,134472.44931236,11.95126864,8.887e-05,21.62919715333339,32.406393011538405,28.81704048382349,8.875666666666675e-05,8.886230769230777e-05,8.935794117647055e-05
247,8.927e-05,1544961600,8.937e-05,8.898e-05,8.9e-05,123944.86191538,11.05206232,8.916e-05,17.174687830000057,32.2516726438461,27.705506120294075,8.899666666666675e-05,8.8833076923077e-05,8.9350294117647e-05
248,8.908e-05,1544968800,8.928e-05,8.894e-05,8.927e-05,107180.220956,9.54597015,8.906e-05,10.849767036666725,32.513871029230714,27.147392807058782,8.911666666666677e-05,8.880615384615393e-05,8.93411764705882e-05
249,8.903e-05,1544976000,8.908e-05,8.881e-05,8.907e-05,90569.32588451,8.05314042,8.891e-05,9.55039096333339,22.325816079230716,25.631800963235253,8.912666666666678e-05,8.883076923076931e-05,8.929647058823524e-05
250,8.881e-05,1544983200,8.909e-05,8.862e-05,8.902e-05,110352.01824547,9.80835143,8.888e-05,9.135820666666724,18.722006119230716,25.09059929529408,8.897333333333343e-05,8.884230769230776e-05,8.924235294117642e-05
251,8.865e-05,1544990400,8.885e-05,8.864e-05,8.881e-05,48099.54699959,4.26489955,8.866e-05,7.375463800000058,17.837795060769174,23.03275468147055,8.88300000000001e-05,8.887846153846161e-05,8.918852941176466e-05
