,close,date,high,low,open,quoteVolume,volume,weightedAverage,avg_vol_3,avg_vol_13,avg_vol_34,avg_close_3,avg_close_13,avg_close_34
0,0.00036947,1552914661,0.00036947,0.00036947,0.00036947,0.0,0.0,0.00036947,-99999.0,-99999.0,-99999.0,-99999.0,-99999.0,-99999.0
1,0.00036743,1552917600,0.00036896,0.00036596,0.00036827,26.37239351,0.00969193,0.0003675,-99999.0,-99999.0,-99999.0,-99999.0,-99999.0,-99999.0
2,0.00036568,1552924800,0.00037188,0.00036568,0.00036838,1324.29088063,0.48814652,0.0003686,0.16594615,-99999.0,-99999.0,0.00036752666666666666,-99999.0,-99999.0
3,0.00036562,1552932000,0.00036979,0.00036562,0.00036961,148.93053939,0.05488686,0.00036854,0.18424177,-99999.0,-99999.0,0.00036624333333333325,-99999.0,-99999.0
4,0.00036897,1552939200,0.00037055,0.00036657,0.00036657,2879.85614248,1.05647783,0.00036685,0.5331704033333333,-99999.0,-99999.0,0.00036675666666666657,-99999.0,-99999.0
5,0.00037202,1552946400,0.00037202,0.00036917,0.00036917,15.12985136,0.00560598,0.00037052,0.37232355666666667,-99999.0,-99999.0,0.00036886999999999993,-99999.0,-99999.0
6,0.00037009,1552953600,0.00037242,0.00037009,0.00037242,2.96480945,0.00110037,0.00037114,0.35439472666666666,-99999.0,-99999.0,0.00037035999999999997,-99999.0,-99999.0
7,0.00037036,1552960800,0.00037149,0.00037008,0.00037149,328.78484012,0.12167744,0.00037008,0.042794596666666664,-99999.0,-99999.0,0.00037082333333333337,-99999.0,-99999.0
8,0.00036889,1552968000,0.00037057,0.00036889,0.00037057,481.0875734,0.17772853,0.00036943,0.10016878,-99999.0,-99999.0,0.00036978000000000005,-99999.0,-99999.0
9,0.00036827,1552975200,0.00037029,0.00036827,0.00037029,4.26042314,0.00157036,0.00036859,0.10032544333333332,-99999.0,-99999.0,0.00036917333333333336,-99999.0,-99999.0
10,0.00036742,1552982400,0.0003682,0.00036633,0.0003682,128.69086737,0.04724564,0.00036712,0.07551484333333332,-99999.0,-99999.0,0.0003681933333333333,-99999.0,-99999.0
11,0.00036883,1552989600,0.00037058,0.00036812,0.00037055,352.21587896,0.13047832,0.00037044,0.05976477333333332,-99999.0,-99999.0,0.0003681733333333334,-99999.0,-99999.0
12,0.0003718,1552996800,0.0003718,0.00036883,0.00036883,188.37191731,0.06981789,0.00037063,0.08251394999999999,0.16649443615384618,-99999.0,0.00036935000000000006,0.00036883461538461535,-99999.0
13,0.00037037,1553004000,0.00037269,0.00036909,0.00036972,496.50466751,0.18451809,0.00037163,0.12827143333333332,0.18068813538461542,-99999.0,0.0003703333333333334,0.0003689038461538461,-99999.0
14,0.00037543,1553011200,0.00037543,0.0003721,0.00037313,1477.10914626,0.55375762,0.00037489,0.26936453333333327,0.22253934230769234,-99999.0,0.0003725333333333334,0.0003695192307692308,-99999.0
15,0.00037334,1553018400,0.00037476,0.00037182,0.0003721,95.57683748,0.03570663,0.00037359,0.2579941133333333,0.18773627384615388,-99999.0,0.00037304666666666673,0.0003701084615384615,-99999.0
16,0.00036962,1553025600,0.00037312,0.00036957,0.00037203,1057.62213643,0.39336121,0.00037192,0.3276084866666667,0.21377276230769235,-99999.0,0.0003727966666666667,0.00037041615384615385,-99999.0
17,0.00036958,1553032800,0.00037213,0.0003694,0.00037213,143.50814332,0.0532893,0.00037133,0.16078571333333336,0.1366044138461539,-99999.0,0.00037084666666666673,0.000370463076923077,-99999.0
18,0.00037104,1553040000,0.00037104,0.00036845,0.00036948,43.07039226,0.01587515,0.00036858,0.15417522000000003,0.13739435000000005,-99999.0,0.00037008000000000006,0.00037038769230769236,-99999.0
19,0.00036545,1553047200,0.00036867,0.00036472,0.00036842,475.35486147,0.1737398,0.00036549,0.08096808333333334,0.15067430615384622,-99999.0,0.0003686900000000001,0.00037003076923076923,-99999.0
20,0.00036601,1553054400,0.00036618,0.00036545,0.00036545,4.40666443,0.0016108,0.00036553,0.06374191666666668,0.14143841076923083,-99999.0,0.00036750000000000004,0.00036969615384615384,-99999.0
21,0.00036714,1553061600,0.00036734,0.00036522,0.00036566,84.29970051,0.03094217,0.00036704,0.06876425666666668,0.13014715230769236,-99999.0,0.00036620000000000006,0.00036956153846153845,-99999.0
22,0.0003649,1553068800,0.00036805,0.0003649,0.00036805,48.01198927,0.01757057,0.00036596,0.016707846666666675,0.13137793769230774,-99999.0,0.00036601666666666674,0.0003693023076923076,-99999.0
23,0.00037549,1553076000,0.00037551,0.00036371,0.00036476,1014.97200134,0.37629855,0.00037074,0.14160376333333333,0.15668970000000007,-99999.0,0.0003691766666666667,0.0003699230769230768,-99999.0
24,0.00037622,1553083200,0.0003808,0.00037302,0.00037454,578.82914788,0.21729428,0.0003754,0.20372113333333333,0.16336785076923083,-99999.0,0.0003722033333333334,0.0003704915384615384,-99999.0
25,0.00037559,1553090400,0.00037747,0.000374,0.00037553,320.33187661,0.12065503,0.00037665,0.23808262000000002,0.16727840000000008,-99999.0,0.0003757666666666668,0.00037078307692307687,-99999.0
26,0.00038078,1553097600,0.00038078,0.00037706,0.00037863,485.46261212,0.18389002,0.00037879,0.17394644333333334,0.167230086923077,-99999.0,0.0003775300000000001,0.0003715838461538461,-99999.0
27,0.00038385,1553104800,0.00038385,0.00037746,0.0003805,1776.50323332,0.67793356,0.00038161,0.3274928700000001,0.1767820823076924,-99999.0,0.00038007333333333346,0.00037223153846153837,-99999.0
28,0.00037968,1553112000,0.00038409,0.00037856,0.00038088,1402.75782405,0.53391602,0.00038061,0.4652465333333334,0.21510588153846164,-99999.0,0.0003814366666666668,0.0003727192307692307,-99999.0
29,0.00038371,1553119200,0.00038382,0.00037943,0.0003823,211.35838907,0.08070938,0.00038186,0.43085298666666677,0.19105574076923085,-99999.0,0.00038241333333333344,0.0003738030769230768,-99999.0
30,0.0003935,1553126400,0.00040419,0.00038175,0.00038239,7360.42183373,2.91671373,0.00039626,1.1771130433333334,0.4113191584615385,-99999.0,0.0003856300000000001,0.0003756430769230768,-99999.0
31,0.00039057,1553133600,0.00039712,0.00039057,0.00039712,487.02247006,0.19045765,0.00039106,1.0626269200000003,0.42474858153846157,-99999.0,0.00038926000000000005,0.00037714538461538447,-99999.0
32,0.00038744,1553140800,0.00039273,0.0003848,0.00039014,1624.50328757,0.63176717,0.00038889,1.24631285,0.45998145615384617,-99999.0,0.00039050333333333337,0.00037883692307692297,-99999.0
33,0.00039555,1553148000,0.00040191,0.00039008,0.00039307,1293.22448562,0.51036883,0.00039464,0.4441978833333334,0.49911668923076924,0.2960236244117648,0.0003911866666666667,0.00038110923076923063,0.0003738267647058823
34,0.000398,1553155200,0.00039916,0.0003949,0.00039904,63.91461574,0.0252834,0.00039558,0.3891398000000001,0.4986813992307692,0.2967672538235295,0.00039366333333333336,0.0003834830769230768,0.00037466588235294114
35,0.00039968,1553162400,0.00040739,0.00039476,0.00039568,2392.43478385,0.96388413,0.00040288,0.4998454533333334,0.57147475,0.3248317302941177,0.0003977433333333334,0.0003861584615384615,0.00037561441176470585
36,0.00039143,1553169600,0.000405,0.00038646,0.00040039,1654.82205332,0.6598963,0.00039877,0.5496879433333334,0.5932899615384616,0.3298831944117647,0.0003963700000000001,0.0003873846153846153,0.0003763717647058823
37,0.00038188,1553176800,0.00039234,0.00037332,0.00039061,5259.40224979,2.00731437,0.00038166,1.2103649333333333,0.7309838146153845,0.3873075329411765,0.0003909966666666668,0.00038781999999999993,0.0003768499999999999
38,0.00038644,1553184000,0.00038644,0.00038038,0.00038189,193.17595391,0.074268,0.00038445,0.9138262233333334,0.7274155815384614,0.3584190085294118,0.00038658333333333356,0.0003886546153846153,0.0003773638235294117
39,0.00038811,1553191200,0.00038976,0.00038181,0.00038388,806.72897734,0.31362224,0.00038875,0.7984015366666668,0.7373949830769231,0.36747831029411765,0.00038547666666666696,0.0003892184615384614,0.00037783705882352933
40,0.00038854,1553198400,0.00039246,0.00038854,0.00038976,957.27378367,0.37513391,0.00039187,0.2543413833333335,0.7141027023076923,0.37847929676470593,0.0003876966666666669,0.00038957923076923063,0.00037837970588235287
41,0.00038924,1553205600,0.00039127,0.00038924,0.0003912,3.42600281,0.00133616,0.00039,0.2300307700000002,0.6731350207692308,0.3749398473529412,0.0003886300000000002,0.00039031461538461523,0.00037893499999999995
42,0.0003883,1553212800,0.00039262,0.00038682,0.00038924,316.38749186,0.1236001,0.00039066,0.16669005666666684,0.676434306923077,0.37334783470588245,0.0003886933333333336,0.0003906676923076922,0.00037950588235294107
43,0.0003901,1553220000,0.00039297,0.00038698,0.00038698,69.85595112,0.02739525,0.00039216,0.05077717000000017,0.45417903923076935,0.3741073902941177,0.0003892133333333336,0.00039040615384615374,0.0003801479411764705
44,0.00038795,1553227200,0.00039317,0.00038772,0.00039015,81.50933695,0.03201953,0.00039283,0.061004960000000164,0.4419914915384617,0.3736595635294118,0.0003887833333333336,0.0003902046153846153,0.00038075176470588225
45,0.00038925,1553234400,0.00039151,0.00038749,0.00038777,163.56972287,0.06371229,0.00038951,0.04104235666666683,0.39829496230769246,0.3716958567647059,0.0003891000000000003,0.000390343846153846,0.0003813523529411764
46,0.00039103,1553241600,0.00039366,0.0003891,0.0003916,350.75893347,0.13773937,0.00039268,0.07782373000000016,0.36963115769230787,0.37369354735294125,0.00038941000000000035,0.00038999615384615374,0.0003819179411764705
47,0.00039035,1553248800,0.000391,0.00038915,0.00039089,28.74768607,0.01122608,0.0003905,0.07089258000000016,0.36854982538461556,0.36859672352941186,0.00039021000000000037,0.0003894076923076922,0.000382505588235294
48,0.00039754,1553256000,0.00040309,0.00039044,0.00039044,2432.43252469,0.96857496,0.00039819,0.3725134700000001,0.3689106584615386,0.3807972335294118,0.00039297333333333367,0.0003892430769230768,0.0003831558823529411
49,0.00039747,1553263200,0.00040109,0.00039657,0.00039792,130.58223006,0.05223074,0.00039998,0.34401059333333345,0.32216715384615396,0.38128323676470594,0.0003951200000000004,0.00038970769230769217,0.000383865588235294
50,0.00040286,1553270400,0.00040455,0.00039623,0.00039759,2204.24975132,0.88128216,0.00039981,0.6340292866666668,0.2355492915384617,0.39563385294117653,0.00039929000000000044,0.0003913215384615383,0.0003848432352941176
51,0.00040322,1553277600,0.00040898,0.00040241,0.00040286,1595.92343717,0.64824953,0.00040619,0.5272541433333334,0.27970171692307705,0.4131326832352942,0.0004011833333333337,0.00039261230769230753,0.0003858326470588235
52,0.00040342,1553284800,0.00040898,0.00040197,0.00040311,2246.7808265,0.91478502,0.00040715,0.8147722366666666,0.32594500769230783,0.4395712088235295,0.00040316666666666707,0.0003937899999999998,0.00038678499999999995
53,0.00041347,1553292000,0.0004208,0.00040408,0.00040408,4364.24095178,1.80925459,0.00041456,1.12409638,0.43626198307692327,0.4876745850000001,0.00040670333333333377,0.00039570769230769216,0.00038819735294117646
54,0.00041608,1553299200,0.00041661,0.00041155,0.00041348,150.46285559,0.06202054,0.00041219,0.9286867166666667,0.44093001230769246,0.4894513420588235,0.00041099000000000045,0.00039777230769230757,0.00038966999999999995
55,0.00042522,1553306400,0.00043448,0.00041281,0.0004158,2426.87480524,1.03147905,0.00042502,0.9675847266666665,0.5107668546153847,0.5188788973529412,0.0004182566666666671,0.00040061230769230757,0.0003913782352941176
56,0.00042503,1553313600,0.00043374,0.00042044,0.00042246,319.37694975,0.13747018,0.00043043,0.4103232566666666,0.5192341569230771,0.5224053564705883,0.0004221100000000005,0.00040329923076923063,0.0003931467647058823
57,0.00042419,1553320800,0.00043012,0.00042256,0.00042318,2007.50684472,0.85885684,0.00042782,0.6759353566666667,0.582837026923077,0.5365982473529413,0.0004248133333333339,0.00040608692307692295,0.00039457911764705875
58,0.00042748,1553328000,0.00043273,0.000418,0.00042348,2622.02503583,1.11189615,0.00042406,0.7027410566666669,0.6634665546153848,0.5629100670588236,0.00042556666666666724,0.0004090276923076922,0.00039608676470588225
59,0.00042417,1553335200,0.00043045,0.00041991,0.00042767,730.48635631,0.30932565,0.00042345,0.7600262133333334,0.6766654992307694,0.5684592029411766,0.00042528000000000054,0.000411576923076923,0.000397515588235294
60,0.00041514,1553342400,0.00042418,0.00041514,0.00042124,531.77503352,0.22215103,0.00041775,0.5477909433333333,0.6928904953846154,0.5695845267647061,0.00042226333333333384,0.00041348384615384596,0.0003985261764705881
61,0.00042552,1553349600,0.00042941,0.00041684,0.00041684,328.75612442,0.13942216,0.00042408,0.22363294666666675,0.6291095107692309,0.5537459561764707,0.0004216100000000005,0.0004156361538461537,0.0003997517647058822
62,0.0004247,1553356800,0.00043045,0.00042339,0.00042339,1048.3444083,0.45072684,0.00042994,0.2707666766666667,0.659763056923077,0.5512992155882355,0.0004217866666666672,0.00041773076923076914,0.000401075882352941
63,0.00042251,1553364000,0.00042573,0.0004225,0.00042448,141.64126703,0.06009745,0.00042429,0.2167488166666667,0.5965950023076925,0.5506929823529414,0.0004242433333333339,0.0004192423076923076,0.00040221705882352923
64,0.00042803,1553371200,0.00042803,0.00042258,0.00042259,148.20404907,0.06309533,0.00042573,0.19130654000000005,0.551583140769231,0.46676302941176495,0.0004250800000000006,0.00042115076923076916,0.00040323264705882336
65,0.00044269,1553378400,0.00044681,0.00042674,0.00042803,9692.84092263,4.25363018,0.00043884,1.4589409866666667,0.808417383846154,0.5862681038235297,0.0004310766666666672,0.0004241715384615384,0.00040476558823529393
66,0.00043793,1553385600,0.00044329,0.00043275,0.00044329,1947.80497648,0.84882635,0.00043578,1.7218506199999999,0.7345382884615386,0.5926521973529414,0.00043621666666666714,0.0004260530769230769,0.00040625058823529395
67,0.00045455,1553392800,0.00045579,0.00043826,0.00043955,3875.02950693,1.7394199,0.00044887,2.2806254766666663,0.8635690084615385,0.6288007582352944,0.0004450566666666671,0.00042901230769230766,0.000407985882352941
68,0.00045899,1553400000,0.00045899,0.00045014,0.00045285,239.44080453,0.10879397,0.00045436,0.8990134066666663,0.7925932330769232,0.6312569514705886,0.0004504900000000005,0.00043161,0.00040977970588235277
69,0.00044752,1553407200,0.00045241,0.00044445,0.00045241,1280.23034314,0.57616929,0.00045005,0.8081277199999998,0.8263393184615386,0.6198535738235297,0.0004536866666666672,0.00043334,0.0004111867647058822
70,0.00044661,1553414400,0.00044764,0.00044438,0.00044764,201.38571996,0.09003734,0.00044708,0.25833353333333303,0.7671993569230771,0.6030930161764708,0.0004510400000000006,0.0004350646153846154,0.00041280970588235277
71,0.00044269,1553421600,0.00044476,0.00043734,0.00044476,2274.77105704,1.00221376,0.00044057,0.5561401299999997,0.7587622500000002,0.573531233529412,0.0004456066666666672,0.0004362346153846154,0.0004145982352941175
72,0.00044,1553428800,0.00044225,0.00043601,0.00043934,246.34926668,0.10811677,0.00043887,0.4001226233333331,0.7432846438461541,0.5745267855882356,0.0004431000000000005,0.0004374523076923078,0.0004161735294117646
73,0.0004357,1553436000,0.0004406,0.00043536,0.00043996,670.81677863,0.29380613,0.00043798,0.46804555333333303,0.748796574615385,0.5739439588235297,0.0004394633333333338,0.00043903384615384623,0.0004175732352941175
74,0.00043897,1553443200,0.00043897,0.0004335,0.00043549,365.44235244,0.15897459,0.00043501,0.18696582999999967,0.750300607692308,0.5675863317647061,0.0004382233333333339,0.00044006846153846164,0.00041905647058823516
75,0.00043796,1553450400,0.00044127,0.00043472,0.00043757,47.29008547,0.02074248,0.00043862,0.15784106666666634,0.7172248876923079,0.5681571058823531,0.0004375433333333339,0.00044108846153846165,0.0004204894117647057
76,0.00043375,1553457600,0.00044325,0.00043214,0.00043793,427.66970256,0.18796805,0.00043951,0.12256170666666633,0.7270610876923078,0.5700502808823531,0.0004368933333333339,0.00044195307692307704,0.00042182617647058807
77,0.00043034,1553464800,0.00043619,0.0004295,0.00043616,1047.91087355,0.45587862,0.00043503,0.22152971666666632,0.7572751869230772,0.5826527329411766,0.0004340166666666672,0.00044213076923076925,0.0004230097058823528
78,0.00042748,1553472000,0.00043062,0.0004209,0.0004297,2311.57177603,0.98349023,0.00042546,0.5424456333333331,0.5057259600000001,0.6106371652941177,0.0004305233333333339,0.00044096076923076926,0.0004241723529411763
79,0.000424,1553479200,0.00043188,0.000424,0.00042812,1251.27049953,0.53727097,0.00042938,0.6588799399999997,0.48176016153846174,0.624565361764706,0.0004272733333333339,0.0004398892307692308,0.0004251944117647057
80,0.00042104,1553486400,0.00042499,0.0004206,0.00042334,572.86957742,0.2412157,0.00042106,0.5873256333333331,0.3665136846153848,0.6276087832352943,0.00042417333333333394,0.00043731153846153856,0.00042607705882352924
81,0.0004249,1553493600,0.000425,0.00042094,0.00042094,83.6158647,0.0354262,0.00042367,0.2713042899999997,0.3608700100000002,0.6283205514705884,0.0004233133333333339,0.00043468923076923086,0.0004270932352941175
82,0.00042908,1553500800,0.00043174,0.00042206,0.00042476,332.64572626,0.14186967,0.00042648,0.13950385666666643,0.32746234692307713,0.6040056900000002,0.00042500666666666725,0.00043327076923076934,0.000428020882352941
83,0.00042929,1553508000,0.00042929,0.00042426,0.00042926,412.47645292,0.17645902,0.0004278,0.11791829666666642,0.3341101684615386,0.6076594629411766,0.00042775666666666724,0.0004319384615384616,0.0004289567647058822
84,0.0004232,1553515200,0.00042979,0.00041905,0.00042929,1425.89413647,0.60234653,0.00042243,0.3068917399999998,0.30335115076923097,0.5994554738235295,0.0004271900000000005,0.00043043923076923084,0.00042955499999999987
85,0.00041272,1553522400,0.00042307,0.00041,0.00042307,1079.98750968,0.44894804,0.00041569,0.4092511966666665,0.329568940769231,0.5935936652941177,0.00042173666666666716,0.0004283407692307693,0.00042983441176470575
86,0.00041793,1553529600,0.00041944,0.00040331,0.00041416,1633.31141977,0.67096422,0.00041079,0.5740862633333331,0.3585811015384618,0.5864224652941177,0.0004179500000000005,0.0004269738461538463,0.0004302611764705881
87,0.00041793,1553536800,0.00041793,0.00041793,0.00041793,0.0,0.0,0.00041793,0.37330408666666653,0.3463522869230772,0.5332090949999999,0.0004161933333333338,0.0004253553846153847,0.00043039235294117643
88,0.00041793,1553544000,0.00041793,0.00041793,0.00041793,0.0,0.0,0.00041793,0.22365473999999985,0.3447567115384618,0.5313849614705882,0.0004179300000000004,0.0004238146153846155,0.00043044676470588235
89,0.00041961,1553551200,0.00042394,0.00041797,0.00041797,631.96040072,0.26590354,0.00042075,0.08863451333333316,0.35075174923076946,0.5088680347058823,0.00041849000000000037,0.00042272692307692317,0.00043028176470588235
90,0.00042252,1553558400,0.00042265,0.00042008,0.00042008,28.78404842,0.01210067,0.00042039,0.09266806999999982,0.31661498384615405,0.5051806961764704,0.0004200200000000004,0.00042212538461538476,0.0004302079411764706
91,0.00041604,1553565600,0.0004203,0.00041604,0.0004203,409.54048626,0.1711782,0.00041797,0.14972746999999983,0.2541294430769233,0.4849548538235292,0.0004193900000000004,0.0004212453846153848,0.0004299682352941176
92,0.00041569,1553572800,0.00041745,0.00041473,0.00041616,133.24506291,0.05551162,0.00041661,0.07959682999999983,0.21707103153846175,0.45388472058823515,0.00041808333333333373,0.00042060615384615404,0.0004296214705882353
93,0.00041052,1553580000,0.00041775,0.00040907,0.00041467,936.14004205,0.38637603,0.00041273,0.2043552833333331,0.22823721076923098,0.4561509082352939,0.00041408333333333374,0.0004197969230769232,0.00042921999999999996
94,0.00040911,1553587200,0.00041193,0.00040838,0.00041064,609.51350916,0.24996662,0.0004101,0.2306180899999998,0.2447403200000002,0.4569690138235293,0.0004117733333333337,0.00041858230769230786,0.00042904264705882354
95,0.00041134,1553594400,0.00041207,0.00040493,0.00040907,427.98818173,0.17511212,0.00040915,0.2704849233333331,0.24729743153846176,0.45801871852941156,0.00041032333333333374,0.00041721769230769246,0.0004286255882352941
96,0.00040352,1553601600,0.00041142,0.00040175,0.00041138,881.12519288,0.35541653,0.00040336,0.2601650899999998,0.26106339384615407,0.45521547411764685,0.0004079900000000004,0.0004152353846153848,0.0004280026470588235
97,0.0004126,1553608800,0.0004126,0.00040378,0.00040378,211.40945193,0.08639818,0.00040867,0.20564227666666648,0.22137505923076944,0.45598902499999977,0.00040915333333333364,0.00041442000000000014,0.00042771117647058825
98,0.000411,1553616000,0.00041183,0.00041005,0.00041005,102.58340808,0.04212104,0.0004106,0.16131191666666653,0.19008067461538486,0.4553721341176469,0.00040904000000000027,0.00041428769230769246,0.0004272102941176471
99,0.000416,1553623200,0.000416,0.00041113,0.00041113,297.58140247,0.12329219,0.00041431,0.08393713666666652,0.14795205692307714,0.3338916049999998,0.0004132000000000003,0.0004141392307692309,0.00042642529411764704
100,0.00041668,1553630400,0.00041782,0.00041458,0.00041458,517.70361839,0.21579416,0.00041682,0.12706912999999986,0.16455160769230792,0.3152730111764704,0.0004145600000000003,0.00041404307692307696,0.00042580029411764706
101,0.00041344,1553637600,0.00041991,0.00040676,0.00041774,3261.49880146,1.34486592,0.00041234,0.5613174233333331,0.2680028323076925,0.303668482352941,0.00041537333333333356,0.00041369769230769233,0.00042459117647058824
102,0.00041934,1553644800,0.00041934,0.00040968,0.00041124,590.71240907,0.24466185,0.00041418,0.6017739766666664,0.26636885615384637,0.307664596470588,0.00041648666666666695,0.0004136769230769231,0.00042342500000000006
103,0.00041979,1553652000,0.00041979,0.00041631,0.00041829,871.52113701,0.36525358,0.00041909,0.6515937833333332,0.2935344646153848,0.3014611932352939,0.0004175233333333336,0.0004134669230769231,0.00042260941176470594
104,0.00042147,1553659200,0.00042198,0.00041586,0.00041586,3489.74025131,1.46981425,0.00042118,0.6932432266666666,0.3934295453846156,0.34204286705882336,0.0004202000000000003,0.0004138846153846154,0.00042187
105,0.00041767,1553666400,0.0004208,0.00041767,0.00041967,242.86371145,0.10176052,0.000419,0.6456094499999999,0.3969871530769233,0.3155589482352939,0.00041964333333333357,0.0004140369230769231,0.00042113411764705885
106,0.00042934,1553673600,0.00043064,0.00041959,0.00041965,2012.8896225,0.86113486,0.00042781,0.8109032099999999,0.43350706307692327,0.3377065391176468,0.000422826666666667,0.0004154846153846154,0.00042082058823529416
107,0.000434,1553680800,0.000434,0.00042668,0.0004319,563.54813185,0.24340437,0.00043191,0.40209991666666656,0.4330022746153848,0.33622413441176446,0.0004270033333333336,0.0004173992307692308,0.0004207705882352942
108,0.00044309,1553688000,0.0004475,0.00043275,0.00043275,7312.61228565,3.21154974,0.00043917,1.4386963233333334,0.6665743992307694,0.426005756470588,0.00043547666666666693,0.00041984153846153855,0.0004208917647058824
109,0.00043905,1553695200,0.00044099,0.00043532,0.00044099,1262.36543274,0.55270496,0.00043783,1.3358863566666666,0.6817504323076926,0.4416517117647057,0.0004387133333333336,0.0004225746153846155,0.00042092382352941184
110,0.00044,1553702400,0.00044682,0.00043905,0.00043905,829.552663,0.36678162,0.00044214,1.3770121066666665,0.7033183892307695,0.4469109344117645,0.00044071333333333367,0.0004246823076923078,0.00042110764705882356
111,0.00044239,1553709600,0.00044766,0.00043996,0.00043999,963.77835797,0.42763021,0.0004437,0.44903892999999995,0.732972940769231,0.4460800988235292,0.0004404800000000003,0.0004270969230769232,0.0004214620588235295
112,0.00043952,1553716800,0.00044679,0.00043918,0.00044238,244.40248468,0.10784843,0.00044127,0.30075341999999994,0.7317849592307695,0.42032592823529397,0.000440636666666667,0.00042890615384615397,0.00042181617647058835
113,0.00043973,1553724000,0.00044584,0.00043585,0.00043948,1180.30362275,0.51998852,0.00044055,0.3518223866666666,0.7551845253846157,0.4198176208823528,0.00044054666666666696,0.0004306792307692309,0.0004222788235294118
114,0.00043259,1553731200,0.00044322,0.00042943,0.00043974,1294.74923541,0.56221418,0.00043422,0.39668370999999997,0.6949805453846156,0.4292587526470587,0.00043728000000000034,0.0004321523076923078,0.0004226185294117648
115,0.0004315,1553738400,0.00043603,0.00042947,0.00042947,584.36443285,0.25223209,0.00043163,0.4448115966666666,0.6955628715384617,0.4356353964705881,0.00043460666666666705,0.0004330876923076924,0.00042281264705882357
116,0.00043587,1553745600,0.00043599,0.00043144,0.0004315,428.21212218,0.18496429,0.00043194,0.33313685333333326,0.6816944646153849,0.43690288529411747,0.00043332000000000044,0.0004343246153846155,0.0004230123529411765
117,0.00043689,1553752800,0.0004369,0.00043275,0.0004359,557.48126531,0.24176978,0.00043368,0.22632205333333322,0.5872295053846157,0.4388237899999999,0.0004347533333333337,0.0004355107692307693,0.00042323588235294125
118,0.00043275,1553760000,0.000435,0.00043271,0.00043365,750.13563296,0.32617815,0.00043482,0.2509707399999999,0.6044924000000003,0.4307011905882352,0.00043517000000000035,0.00043667076923076926,0.0004235167647058824
119,0.00042945,1553767200,0.00043506,0.00042823,0.00043279,596.53562953,0.25650017,0.00042998,0.2748160333333332,0.5579820392307695,0.425040959117647,0.0004330300000000003,0.00043667923076923075,0.0004240088235294118
120,0.00043018,1553774400,0.00043271,0.0004259,0.00042887,2443.85433497,1.05425102,0.00043138,0.5456431133333332,0.6203548584615388,0.4363141002941176,0.00043079333333333365,0.00043638538461538453,0.0004243691176470589
121,0.000436,1553781600,0.000436,0.00043103,0.00043103,957.88728427,0.41513818,0.00043338,0.5752964566666665,0.40524627692307713,0.4485240467647058,0.000431876666666667,0.0004358399999999999,0.00042490058823529416
122,0.000434,1553788800,0.00043593,0.000434,0.000434,1534.62533435,0.66665228,0.0004344,0.7120138266666665,0.41401145538461565,0.4681314667647058,0.0004333933333333336,0.0004354515384615384,0.0004253732352941177
123,0.000434,1553796000,0.00043622,0.000434,0.000434,1087.45244191,0.47230685,0.00043432,0.5180324366666664,0.422128780769231,0.47420215235294105,0.0004346666666666669,0.00043498999999999995,0.00042579647058823536
124,0.00043622,1553803200,0.00043709,0.00043147,0.000434,189.41015076,0.08265213,0.00043636,0.4072037533333331,0.39559200538461553,0.47627719529411755,0.00043474000000000025,0.0004345153846153846,0.0004261994117647059
125,0.00043535,1553810400,0.00043709,0.00043121,0.00043622,158.57784738,0.06919516,0.00043634,0.20805137999999979,0.39261867692307706,0.4732776941176469,0.00043519000000000023,0.0004341946153846154,0.0004267673529411765
126,0.00044267,1553817600,0.000445,0.0004345,0.000435,830.7531407,0.36513726,0.00043952,0.17232818333333313,0.3807070415384617,0.48238433058823516,0.00043808000000000025,0.00043442076923076923,0.0004275608823529412
127,0.00044363,1553824800,0.00045,0.00044313,0.00044313,822.07984613,0.36689086,0.00044629,0.2670744266666665,0.36568217076923093,0.48181123735294107,0.0004405500000000003,0.00043527,0.000428534705882353
128,0.0004442,1553832000,0.00044944,0.0004442,0.00044727,7.04401872,0.00315747,0.00044824,0.24506186333333313,0.34652258461538477,0.47455214470588236,0.0004435000000000003,0.00043624692307692306,0.0004295667647058824
129,0.00044664,1553839200,0.00044664,0.00044415,0.00044415,18.97795732,0.00843514,0.00044447,0.12616115666666647,0.33294341923076937,0.46964988058823526,0.0004448233333333336,0.0004370753846153846,0.0004306050000000001
130,0.0004415,1553846400,0.0004477,0.00044079,0.00044376,736.46434662,0.32868072,0.00044629,0.11342444333333314,0.3396288761538463,0.4688635332352941,0.00044411333333333364,0.00043743,0.0004317220588235295
131,0.00044,1553853600,0.00044859,0.00044,0.0004415,652.18198826,0.28960129,0.00044404,0.20890571666666646,0.3368152715384617,0.47484009529411764,0.0004427133333333336,0.0004379876923076923,0.0004325279411764706
132,0.00044183,1553860800,0.00044621,0.00043833,0.00044236,466.03238631,0.20648273,0.00044306,0.2749215799999998,0.3329677761538464,0.4796742626470588,0.00044111000000000036,0.00043894,0.00043343470588235296
133,0.00045676,1553868000,0.00045678,0.00044443,0.00044443,2729.23643866,1.22896535,0.00045029,0.5750164566666665,0.34640734000000023,0.5121940614705882,0.000446196666666667,0.00044098461538461545,0.0004346335294117648
134,0.00047718,1553875200,0.00049,0.00044856,0.00045673,13133.24851052,6.14906859,0.0004682,2.5281722233333332,0.7874789100000003,0.6867021329411763,0.0004585900000000003,0.00044415230769230773,0.0004364129411764707
135,0.00048065,1553882400,0.00050219,0.00047918,0.00048049,9673.69032714,4.74295691,0.00049029,4.040330283333334,1.101040804615385,0.7866459855882352,0.00047153000000000033,0.00044774076923076927,0.000438389705882353
136,0.00047944,1553889600,0.00048605,0.00047347,0.00048065,1467.55236601,0.70406973,0.00047975,3.865365076666667,1.1188687184615387,0.8001579820588234,0.0004790900000000003,0.00045123615384615385,0.00044015735294117655
137,0.00048614,1553896800,0.00048719,0.00047637,0.0004773,1166.75235685,0.56466101,0.00048395,2.003895883333334,1.155946324615385,0.8060229064705882,0.0004820766666666669,0.00045507615384615387,0.00044210882352941185
138,0.00046476,1553904000,0.00049061,0.00046317,0.00048616,5409.50899081,2.56423105,0.00047402,1.2776539300000007,1.3478721623076928,0.8382116358823529,0.00047678000000000027,0.00045733846153846153,0.00044338205882352947
139,0.00045841,1553911200,0.00046595,0.00045302,0.00046476,1586.11703148,0.72969099,0.00046004,1.2861943500000008,1.3759147569230774,0.856680179117647,0.00046977000000000027,0.0004585492307692308,0.0004445802941176471
140,0.00046689,1553918400,0.00046751,0.00045565,0.00045948,1017.02961567,0.47225853,0.00046435,1.255393523333334,1.384019962307693,0.84524264,0.00046335333333333365,0.0004603384615384616,0.00044568470588235296
141,0.00047016,1553925600,0.00047016,0.000463,0.000463,1492.1516296,0.69388214,0.00046502,0.6319438866666675,1.4371526292307697,0.8584919861764706,0.00046515333333333364,0.0004623353846153847,0.00044674823529411764
142,0.00046593,1553932800,0.00047064,0.00046136,0.00047064,1211.9663493,0.56460951,0.00046586,0.5769167266666675,1.4799352730769235,0.7806408029411765,0.00046766000000000033,0.00046381923076923084,0.00044742
143,0.00046168,1553940000,0.00046595,0.00045838,0.00046056,698.59264275,0.32231017,0.00046137,0.5269339400000009,1.4794452307692312,0.7738644855882354,0.0004659233333333337,0.0004653715384615385,0.00044808558823529416
144,0.00046388,1553947200,0.00047063,0.00046119,0.00046119,1528.08348136,0.71342468,0.00046687,0.533448120000001,1.5120470300000004,0.7840598697058825,0.00046383000000000036,0.00046720846153846157,0.0004487879411764706
145,0.0004584,1553954400,0.00046502,0.0004584,0.00046502,232.93881379,0.10716771,0.00046006,0.3809675200000009,1.5044074130769234,0.7746345020588236,0.00046132000000000036,0.00046848307692307696,0.00044925882352941183
146,0.00045834,1553961600,0.000461,0.00045279,0.0004584,1744.65286716,0.79380066,0.00045499,0.5381310166666676,1.4709332061538463,0.7948095676470588,0.0004602066666666671,0.00046860461538461546,0.00044981235294117657
147,0.0004604,1553968800,0.0004604,0.00045913,0.00045926,107.7216681,0.04952281,0.00045972,0.31683039333333424,1.001737376923077,0.7809723408823529,0.0004590466666666671,0.0004673138461538462,0.0004504202941176472
148,0.00046121,1553976000,0.00046206,0.00045782,0.00045911,127.26891871,0.05843854,0.00045917,0.30058733666666754,0.6413898100000002,0.7661554102941176,0.00045998333333333377,0.00046581846153846164,0.00045126205882352956
149,0.00045928,1553983200,0.00046069,0.00045489,0.00046069,77.17602791,0.03518383,0.00045589,0.047715060000000885,0.5899370484615386,0.7597716379411765,0.00046029666666666714,0.0004642676923076924,0.00045207911764705896
150,0.0004589,1553990400,0.00046475,0.0004589,0.00046028,361.93826029,0.16743881,0.00046261,0.08702039333333422,0.5593814946153848,0.7592561826470589,0.0004597966666666671,0.00046217230769230773,0.00045275647058823544
151,0.00045662,1553997600,0.00046225,0.00045662,0.00046225,459.06623227,0.20967022,0.00045673,0.13743095333333424,0.37826143076923086,0.7583120779411765,0.00045826666666666705,0.0004615461538461539,0.0004533367647058825
152,0.00045367,1554004800,0.00046034,0.00045367,0.00045621,2565.20605654,1.16441427,0.00045392,0.5138411000000008,0.4117016830769232,0.7829660814705883,0.000456396666666667,0.00046118153846153845,0.0004539520588235296
153,0.0004521,1554012000,0.00045474,0.000452,0.00045367,341.91141996,0.15510069,0.00045362,0.5097283933333342,0.38730492615384626,0.7799837438235295,0.00045413000000000034,0.00046004384615384614,0.00045461823529411785
154,0.00045736,1554019200,0.0004583,0.00045221,0.000454,2449.20251389,1.10942092,0.00045297,0.8096452933333342,0.41926944769230773,0.7816063879411768,0.000454376666666667,0.0004590592307692308,0.0004554176470588237
155,0.00045333,1554026400,0.00045992,0.00045333,0.00045621,2064.73889171,0.94499657,0.00045768,0.7365060600000009,0.4485299907692308,0.7971904582352944,0.0004542633333333337,0.0004580900000000001,0.0004559273529411766
156,0.00045653,1554033600,0.00045763,0.00045004,0.00045288,1310.22503073,0.59218441,0.00045197,0.8822006333333342,0.4692895476923077,0.7950002267647062,0.0004557400000000003,0.0004576938461538462,0.0004565900000000001
157,0.00045255,1554040800,0.00045652,0.00045254,0.0004563,166.2982448,0.0758704,0.00045623,0.5376837933333342,0.42024691076923076,0.783340331176471,0.00045413666666666697,0.00045682230769230784,0.0004571355882352942
158,0.00045408,1554048000,0.00045729,0.00045408,0.00045494,207.93304317,0.09460904,0.00045499,0.2542212833333341,0.41928085923076924,0.7836920050000004,0.00045438666666666695,0.0004564900000000001,0.00045766088235294123
159,0.00045326,1554055200,0.0004558,0.00044962,0.00045392,648.86486643,0.29303525,0.00045161,0.15450489666666742,0.38076044307692314,0.7902755370588239,0.0004532966666666669,0.00045609923076923083,0.00045818764705882355
160,0.00045455,1554062400,0.00045808,0.0004504,0.00045703,709.54336224,0.32220153,0.00045409,0.2366152733333341,0.4017357292307693,0.7890127214705887,0.00045396333333333353,0.00045564923076923085,0.00045853705882352945
161,0.00045217,1554069600,0.0004549,0.00044777,0.00045231,1395.99130912,0.62920002,0.00045071,0.41481226666666743,0.4456404584615385,0.7967276967647061,0.0004533266666666669,0.00045495384615384623,0.00045878823529411775
162,0.00045609,1554076800,0.00045724,0.00044777,0.00045217,370.90546633,0.16790311,0.00045268,0.3731015533333341,0.4558496338461539,0.8015731567647062,0.00045427000000000016,0.0004547084615384616,0.0004591379411764706
163,0.00046078,1554084000,0.00046389,0.00045438,0.00045438,2127.58925454,0.98249477,0.00046178,0.5931993000000008,0.5185462461538461,0.830221969411765,0.00045634666666666686,0.00045485307692307703,0.0004595538235294118
164,0.00045483,1554091200,0.00045969,0.00045438,0.00045855,640.38367897,0.2939001,0.00045894,0.4814326600000009,0.5250254676923077,0.8291990100000002,0.00045723333333333357,0.0004547153846153847,0.0004599458823529412
165,0.000454,1554098400,0.00045829,0.0004522,0.00045829,686.54412143,0.31161766,0.00045389,0.529337510000001,0.45942572846153856,0.8298465502941178,0.0004565366666666669,0.00045474076923076933,0.00046035764705882357
166,0.00045794,1554105600,0.00045794,0.000452,0.00045231,126.02242266,0.057695,0.00045781,0.22107092000000095,0.45193298307692314,0.8254704405882354,0.00045559000000000024,0.00045519000000000007,0.00046083147058823535
167,0.00045466,1554112800,0.00045632,0.00044911,0.00045632,2358.10617519,1.06633071,0.00045219,0.47854779000000097,0.4486183515384616,0.8206870688235295,0.00045553333333333353,0.00045498230769230776,0.00046076970588235293
168,0.0004511,1554120000,0.00045464,0.0004511,0.00045463,609.94766332,0.27597616,0.00045245,0.4666672900000009,0.3971552430769231,0.6479490561764707,0.0004545666666666669,0.0004548107692307693,0.0004600026470588235
169,0.00044834,1554127200,0.00045491,0.00044834,0.00045491,65.72704764,0.02975275,0.00045267,0.4573532066666676,0.3538912692307693,0.5093254044117648,0.0004513666666666669,0.0004541807692307693,0.00045905235294117644
170,0.00044825,1554134400,0.00044949,0.00044383,0.00044926,2309.69173189,1.02926757,0.00044562,0.44499882666666757,0.42722951307692314,0.518890046764706,0.0004492300000000003,0.00045385000000000005,0.000458135
171,0.0004459,1554141600,0.00044755,0.0004437,0.00044605,610.24751533,0.27185203,0.00044547,0.4436241166666675,0.4408635892307693,0.5102780179411767,0.0004474966666666669,0.00045322076923076925,0.0004569514705882353
172,0.00043924,1554148800,0.0004437,0.00043031,0.0004437,4895.2077424,2.13967754,0.00043709,1.1469323800000009,0.5829129961538462,0.49779115000000024,0.00044446333333333357,0.0004521423076923077,0.00045620088235294123
173,0.00043904,1554156000,0.00044219,0.00043536,0.00043861,593.00065691,0.26066874,0.00043957,0.8907327700000008,0.5781797046153847,0.48399637794117667,0.00044139333333333353,0.00045094923076923084,0.0004556311764705883
174,0.00044573,1554163200,0.00044573,0.00043973,0.00044321,697.20164685,0.30946609,0.00044386,0.9032707900000009,0.553584786923077,0.4792083650000002,0.0004413366666666668,0.00045045384615384623,0.0004550088235294118
175,0.00044216,1554170400,0.000443,0.00044162,0.00044242,6.0171086,0.00266407,0.00044274,0.1909329666666674,0.5408740915384616,0.4588784217647061,0.0004423100000000002,0.0004493823076923077,0.00045418529411764703
176,0.00040193,1554177600,0.00043905,0.00039033,0.00043905,11847.61574632,4.89586547,0.00041323,1.7359985433333343,0.841902606923077,0.5862683029411767,0.0004299400000000002,0.00044485538461538465,0.0004523029411764706
177,0.000412,1554184800,0.00041411,0.00040201,0.00040201,3456.35540061,1.4256607,0.00041247,2.1080634133333342,0.9289611146153847,0.6187197891176472,0.00041869666666666683,0.00044156076923076927,0.00045084176470588233
178,0.00041454,1554192000,0.00043102,0.00040943,0.000412,3724.20212271,1.57098026,0.00042183,2.6308354766666677,1.0258351607692309,0.6439420120588237,0.0004094900000000002,0.0004385253846153847,0.0004493905882352941
179,0.0004188,1554199200,0.0004261,0.00041473,0.00041473,970.44185931,0.4105193,0.00042302,1.1357200866666677,1.0529754915384617,0.6528641176470591,0.00041511333333333353,0.0004355146153846154,0.00044822588235294116
180,0.00042564,1554206400,0.0004297,0.00041861,0.00041881,2104.15636019,0.88693449,0.00042151,0.9561446833333344,1.0391757823076924,0.6556033479411768,0.00041966000000000025,0.0004332823076923077,0.0004472641176470588
181,0.00041357,1554213600,0.0004242,0.00041357,0.0004242,2140.07946832,0.89435911,0.0004179,0.730604300000001,1.0867437015384616,0.6804514744117651,0.00041933666666666694,0.00043039538461538465,0.0004458867647058824
182,0.00042466,1554220800,0.00042466,0.00041763,0.00041835,419.8058152,0.17652796,0.00042049,0.6526071866666677,1.0980341023076923,0.6839246926470592,0.0004212900000000002,0.00042857384615384617,0.00044481176470588236
183,0.00043017,1554228000,0.00043217,0.00042352,0.00042352,1011.91579985,0.43247931,0.00042738,0.5011221266666677,1.052127313076923,0.6956098538235298,0.00042280000000000025,0.00042718307692307694,0.0004439555882352942
184,0.000428,1554235200,0.00043188,0.000428,0.00043017,1673.90043761,0.72049757,0.00043043,0.44316828000000097,1.0866385084615384,0.7118762879411769,0.0004276100000000002,0.00042580615384615384,0.0004430467647058824
185,0.00042838,1554242400,0.00043308,0.0004259,0.00043051,1122.08484843,0.47918163,0.00042704,0.5440528366666676,0.9589080538461539,0.7198030941176474,0.0004288500000000003,0.00042497076923076924,0.0004422161764705883
186,0.00043418,1554249600,0.00043418,0.00041914,0.0004259,5604.24792536,2.37407406,0.00042362,1.1912510866666675,1.121477693846154,0.7553813232352944,0.00043018666666666696,0.0004245969230769231,0.00044164294117647065
187,0.00043102,1554256800,0.00043534,0.0004269,0.00043534,1036.0734234,0.44538757,0.00042988,1.099547753333334,1.131933192307692,0.7639191726470591,0.00043119333333333366,0.0004234653846153846,0.00044102294117647064
188,0.00042249,1554264000,0.00043187,0.00041507,0.000431,3406.46325448,1.43866959,0.00042233,1.419377073333334,1.242395155384615,0.7736029570588238,0.00042923000000000033,0.00042195230769230774,0.0004399973529411765
189,0.00042324,1554271200,0.00042333,0.00041783,0.00042015,403.39376141,0.16956106,0.00042033,0.6845394066666675,0.8788332776923073,0.7507960302941178,0.00042558333333333375,0.0004235915384615385,0.0004391123529411765
190,0.0004232,1554278400,0.00042393,0.00041749,0.00042223,645.56503357,0.27230367,0.0004218,0.6268447733333341,0.7901135061538458,0.7413877732352943,0.00042297666666666706,0.000424453076923077,0.0004381320588235295
191,0.00042334,1554285600,0.00042342,0.00041942,0.00041942,226.69464924,0.09581704,0.00042267,0.17922725666666742,0.6766394123076919,0.7419744391176472,0.00042326000000000044,0.0004251300000000001,0.00043727294117647063
192,0.00042674,1554292800,0.00043188,0.00042116,0.00042116,918.6984891,0.39314606,0.00042793,0.25375559000000075,0.6753030092307687,0.7507549397058825,0.00042442666666666707,0.0004257407692307694,0.0004364688235294118
193,0.0004206,1554300000,0.00042663,0.00041977,0.00042663,693.55373178,0.29395454,0.00042383,0.2609725466666674,0.6296891669230764,0.750781977647059,0.00042356000000000034,0.0004253530769230771,0.00043550823529411766
194,0.00042679,1554307200,0.00043186,0.00041782,0.00041957,3180.76225544,1.35576968,0.00042624,0.6809567600000008,0.6651822876923071,0.7811810408823531,0.0004247100000000003,0.0004263700000000002,0.0004346917647058824
195,0.00043362,1554314400,0.00044145,0.00042811,0.00043061,2435.58657152,1.06294129,0.00043642,0.9042218366666676,0.733367928461538,0.7939381370588238,0.0004270033333333336,0.0004270592307692309,0.00043414617647058825
196,0.00042225,1554321600,0.00044412,0.00041918,0.00043354,2598.55001459,1.11953316,0.00043082,1.1794147100000008,0.786218224615384,0.8219272561764708,0.0004275533333333336,0.00042645000000000015,0.00043315088235294124
197,0.00039837,1554328800,0.0004203,0.00038971,0.00041804,103384.04256859,41.50663685,0.00040148,14.5630371,3.923613553846153,2.0138137879411766,0.0004180800000000003,0.0004241707692307694,0.00043131529411764716
198,0.00040727,1554336000,0.00040938,0.00039256,0.00039852,12054.45600174,4.7927843,0.00039759,15.806318103333334,4.255429143846153,2.146133911470588,0.00040929666666666693,0.00042254692307692326,0.00042991647058823534
199,0.0004,1554343200,0.00040805,0.00039965,0.00040805,804.06886155,0.32464644,0.00040375,15.541355863333335,4.097780865384615,2.146517110882353,0.0004018800000000003,0.0004199176923076925,0.0004283282352941177
200,0.00040596,1554350400,0.00041436,0.000401,0.000401,926.70958839,0.3795408,0.00040955,1.832323846666668,4.092715729230769,2.1559831638235294,0.0004044100000000003,0.00041799000000000025,0.00042679941176470594
201,0.00043275,1554357600,0.00043904,0.000408,0.00040834,6085.7083562,2.58997301,0.00042558,1.0980534166666678,4.181277530769231,2.2007961726470584,0.00041290333333333365,0.00041877923076923096,0.000426155
202,0.00042291,1554364800,0.00043747,0.00042291,0.00043189,1407.06620633,0.60427466,0.00042945,1.1912628233333344,4.214717038461538,2.210452010882353,0.0004205400000000003,0.0004187538461538464,0.0004253258823529412
203,0.00042704,1554372000,0.00042704,0.00041983,0.0004221,1572.58586059,0.66742439,0.00042441,1.2872240200000011,4.24511094,2.2292070591176465,0.0004275666666666669,0.000419049230769231,0.0004246994117647059
204,0.00043282,1554379200,0.00043722,0.00042116,0.00042717,878.63414295,0.37759918,0.00042975,0.5497660766666678,4.266786489230769,2.2100403417647057,0.00042759000000000026,0.0004197784615384617,0.00042424558823529415
205,0.00042862,1554386400,0.00043423,0.00042274,0.00043423,612.81564303,0.26189023,0.00042735,0.4356379333333345,4.256689886923077,2.2097473476470584,0.00042949333333333357,0.00041992307692307706,0.00042373735294117643
206,0.00043622,1554393600,0.00044831,0.00042343,0.00042905,4573.012835,1.99639782,0.00043656,0.8786290766666679,4.387647062307692,2.2055332382352937,0.00043255333333333355,0.00042112461538461554,0.00042364852941176464
207,0.00042585,1554400800,0.00043134,0.00042585,0.00042932,428.2101276,0.18346474,0.00042844,0.813917596666668,4.2974697592307685,2.203262532352941,0.0004302300000000002,0.0004210523076923079,0.0004232605882352941
208,0.00043234,1554408000,0.00043234,0.00042643,0.00042698,648.67907877,0.27831926,0.00042905,0.8193939400000012,4.237114218461539,2.202346449117647,0.0004314700000000002,0.0004209538461538463,0.0004228667647058823
209,0.00042967,1554415200,0.00043011,0.00042674,0.00042892,988.36452473,0.42264588,0.00042762,0.2948099600000012,4.183507504615384,2.214698855294118,0.0004292866666666669,0.00042152461538461555,0.00042249941176470584
210,0.00045291,1554422400,0.0004568,0.00043229,0.00043272,14955.56364505,6.69365615,0.00044756,2.4648737633333346,1.505585912307692,2.2675750517647058,0.00043830666666666687,0.00042572000000000015,0.00042399882352941174
211,0.00045783,1554429600,0.00046453,0.00044966,0.00045062,3008.65717186,1.37304719,0.00045636,2.8297830733333345,1.2425292115384612,2.2660275955882354,0.00044680333333333355,0.00042960923076923094,0.00042534676470588233
212,0.00045037,1554436800,0.00046331,0.00044508,0.00046331,3715.42468182,1.69657747,0.00045663,3.254426936666668,1.3480623676923076,2.2697216311764703,0.00045370333333333355,0.0004334838461538463,0.0004264005882352941
213,0.00045036,1554444000,0.0004549,0.00044776,0.00045053,1129.60387516,0.50786767,0.00044959,1.1924974433333342,1.3579336653846152,2.2725848185294115,0.0004528533333333336,0.0004368992307692309,0.00042732882352941175
214,0.00045672,1554451200,0.00045682,0.00044889,0.00045177,322.2275018,0.1462179,0.00045377,0.7835543466666675,1.169952503076923,2.2507990364705877,0.0004524833333333336,0.0004387430769230771,0.0004282429411764706
215,0.00048405,1554458400,0.00048619,0.00045494,0.00045494,18086.02113326,8.65714178,0.00047866,3.103742450000001,1.7894038199999995,2.4791161738235292,0.0004637100000000002,0.0004434461538461539,0.00043031588235294116
216,0.0004725,1554465600,0.00048395,0.00046862,0.00048395,3406.73267862,1.6230511,0.00047642,3.475470260000001,1.8629135669230765,2.521660972058823,0.00047109000000000023,0.000446943076923077,0.0004317229411764706
217,0.00046932,1554472800,0.00047174,0.00046465,0.00047,1811.96641443,0.84711357,0.00046751,3.709102150000001,1.899030058461538,2.533856097352941,0.00047529000000000034,0.0004497507692307693,0.00043287441176470586
218,0.00047597,1554480000,0.00048104,0.00046712,0.00046912,2244.00816313,1.0617722,0.00047315,1.1773122900000008,1.9605594407692306,2.543893586470588,0.000472596666666667,0.000453393076923077,0.00043428529411764703
219,0.00048271,1554487200,0.00048271,0.00046944,0.00047339,8505.54928649,4.05790846,0.00047708,1.988931410000001,2.1191371823076923,2.6491502579411765,0.00047600000000000035,0.0004569692307692308,0.00043588323529411766
220,0.0004861,1554494400,0.000488,0.00048058,0.0004839,2584.13343425,1.25307644,0.00048491,2.1242523666666675,2.2014150053846153,2.616179739705882,0.00048159333333333364,0.0004616038461538462,0.00043741029411764707
221,0.00048927,1554501600,0.00049184,0.00048128,0.000487,2338.13318919,1.1378587,0.00048665,2.149614533333334,2.2675334238461535,2.636546537647059,0.000486026666666667,0.00046598307692307696,0.0004391235294117647
222,0.00048178,1554508800,0.0004853,0.00047834,0.0004853,431.38900489,0.20760655,0.00048125,0.8661805633333343,2.250991936923077,2.6003388011764703,0.00048571666666666694,0.0004699915384615385,0.00044086735294117645
223,0.0004853,1554516000,0.0004853,0.00047817,0.0004805,781.16441774,0.37621766,0.00048161,0.5738943033333342,1.7650351299999998,2.6064169364705876,0.0004854500000000003,0.000472483076923077,0.00044269264705882347
224,0.00048091,1554523200,0.00048503,0.00047812,0.00048503,480.85465855,0.23202129,0.00048251,0.271948500000001,1.6772639069230766,2.6052321605882347,0.0004826633333333336,0.0004742584615384616,0.0004443899999999999
225,0.00047135,1554530400,0.00048093,0.00047113,0.00048093,872.91643101,0.41508783,0.00047551,0.34110892666666764,1.5786877807692303,2.614622477941176,0.0004791866666666669,0.00047587230769230774,0.00044580205882352935
226,0.00046711,1554537600,0.00047206,0.00046242,0.00047206,1028.47232679,0.47992256,0.00046663,0.3756772266666677,1.5765381569230763,2.617174727941176,0.0004731233333333336,0.0004771607692307692,0.00044698941176470584
227,0.0004681,1554544800,0.00047227,0.000467,0.00047,39.42449897,0.01846232,0.00046829,0.30449090333333434,1.5667108046153841,2.609072015588235,0.00046885333333333357,0.00047803615384615385,0.0004483864705882352
228,0.0004649,1554552000,0.0004705,0.00046204,0.00046607,395.0501014,0.1834544,0.00046438,0.22727976000000102,0.914888698461538,2.5745921544117643,0.0004667033333333336,0.0004765630769230769,0.0004495073529411764
229,0.00046788,1554559200,0.00047092,0.0004609,0.00046315,1158.09042606,0.54212834,0.00046812,0.24801502000000097,0.8317407938461533,2.559274126470588,0.00046696000000000026,0.0004762076923076923,0.00045051499999999996
230,0.00046114,1554566400,0.00046594,0.00045712,0.00046299,1391.40725288,0.64210681,0.00046148,0.4558965166666677,0.8159710430769226,2.5452321749999998,0.0004646400000000003,0.0004755784615384616,0.0004516588235294117
231,0.00046296,1554573600,0.0004671,0.00046013,0.00046116,5526.37033281,2.55291614,0.00046195,1.2457170966666677,0.9306744230769226,1.3995345070588232,0.0004639933333333336,0.00047457769230769235,0.0004535585294117646
232,0.00046785,1554580800,0.00047157,0.00045953,0.00046155,1032.85050779,0.48432026,0.00046891,1.2264477366666677,0.6557830230769226,1.2728149764705878,0.0004639833333333336,0.0004734346153846154,0.000455340294117647
233,0.00046108,1554588000,0.00046594,0.00046108,0.00046547,854.43596854,0.39489247,0.00046216,1.1440429566666677,0.5897688715384611,1.2748810361764702,0.00046396333333333355,0.00047151,0.00045713676470588235
234,0.00045739,1554595200,0.00046306,0.00045526,0.00046306,653.42468891,0.30016677,0.00045937,0.39312650000000104,0.5253310307692304,1.2725465058823524,0.0004621066666666669,0.00046905769230769234,0.0004586494117647059
235,0.00045325,1554602400,0.00045744,0.00044584,0.00045744,4046.87694491,1.82688173,0.00045143,0.8406469900000011,0.6498906599999995,1.2501026447058816,0.00045724000000000025,0.00046686307692307694,0.00045925235294117645
236,0.00044909,1554609600,0.00045305,0.00044909,0.00045266,377.71798689,0.17037474,0.00045106,0.7658077466666678,0.6340565892307688,1.2373408823529406,0.00045324333333333363,0.0004640776923076923,0.0004600223529411765
237,0.00045371,1554616800,0.00045398,0.00044808,0.00045,1452.96603409,0.6570736,0.00045222,0.8847766900000011,0.6667529207692303,1.2370364473529403,0.00045201666666666693,0.0004619853846153846,0.00046080676470588235
238,0.00045234,1554624000,0.00045686,0.00045234,0.00045259,1866.03409088,0.85176662,0.00045645,0.5597383200000011,0.7003435969230765,1.250982548529411,0.0004517133333333336,0.00046052307692307697,0.0004613808823529411
239,0.00045514,1554631200,0.0004578,0.00045246,0.00045639,460.8403412,0.21017089,0.00045606,0.5730037033333344,0.679593468461538,1.2494613914705877,0.0004537300000000002,0.0004596023076923077,0.00046216088235294107
240,0.00045246,1554638400,0.00045249,0.00045246,0.00045246,64.09486798,0.02900151,0.00045247,0.363646340000001,0.6804041753846151,1.1915967941176464,0.00045331333333333354,0.00045839923076923083,0.0004626385294117645
241,0.00044941,1554645600,0.00045375,0.00044722,0.00045246,306.57149172,0.13870402,0.00045243,0.1259588066666677,0.6769618384615381,1.1902803023529405,0.0004523366666666669,0.00045720769230769235,0.0004633314705882352
242,0.00044692,1554652800,0.0004503,0.00044504,0.00044942,846.86143784,0.37815604,0.00044653,0.18195385666666772,0.6643485846153843,1.1932166782352933,0.00044959666666666694,0.0004555953846153846,0.000463760294117647
243,0.00045562,1554660000,0.00045582,0.00044527,0.00044527,772.27745747,0.34969554,0.00045281,0.28885186666666773,0.6418554099999998,1.1910710799999993,0.0004506500000000002,0.00045517076923076927,0.0004645235294117646
244,0.00045831,1554667200,0.0004594,0.00045402,0.00045402,635.61653319,0.29097675,0.00045778,0.33960944333333437,0.46786007230769217,1.0027569799999991,0.0004536166666666669,0.000454813076923077,0.00046468235294117635
245,0.00045136,1554674400,0.00045778,0.00045126,0.00045778,767.50953973,0.34777143,0.00045311,0.32948124000000106,0.45735631615384603,0.9726018105882346,0.0004550966666666669,0.00045354461538461545,0.0004644920588235293
246,0.00046131,1554681600,0.00047247,0.00045108,0.0004513,3533.96391625,1.64584833,0.00046572,0.7615321700000011,0.5535836899999999,0.9711097770588227,0.0004569933333333336,0.00045356230769230774,0.0004648138235294117
247,0.00045076,1554688800,0.00045802,0.00045076,0.0004579,291.74828941,0.1323279,0.00045356,0.7086492200000011,0.5406730076923075,0.9600644897058814,0.0004544766666666669,0.00045305230769230773,0.0004648255882352941
248,0.0004432,1554696000,0.00045218,0.0004429,0.00045121,2615.74567552,1.17224317,0.00044814,0.9834731333333343,0.49031619538461524,0.9902417035294109,0.0004517566666666669,0.00045227923076923086,0.0004644279411764706
249,0.00044419,1554703200,0.00044796,0.00044354,0.00044426,2030.35953074,0.90529006,0.00044587,0.7366203766666676,0.546848143076923,0.7622460647058814,0.0004460500000000002,0.00045190230769230773,0.00046325558823529417
250,0.0004542,1554710400,0.0004542,0.00044519,0.00044519,2327.15314502,1.03926987,0.00044658,1.0389343666666677,0.5762478561538461,0.7450760285294108,0.00044719666666666693,0.00045194,0.0004627173529411764
251,0.00043537,1554717600,0.0004541,0.00043297,0.0004541,2672.51931217,1.17023296,0.00043787,1.0382642966666678,0.6007452669230768,0.754579539999999,0.000444586666666667,0.00045063461538461544,0.0004617188235294118
252,0.00044733,1554724800,0.00044733,0.00043443,0.00043443,715.06837195,0.31559765,0.00044135,0.841700160000001,0.6088550176923075,0.7326332297058814,0.00044563333333333356,0.00045003384615384623,0.0004608764705882353
