,close,date,high,low,open,quoteVolume,volume,weightedAverage,avg_vol_3,avg_vol_13,avg_vol_34,avg_close_3,avg_close_13,avg_close_34
0,1.657e-05,1543168800,1.697e-05,1.608e-05,1.618e-05,10703.00627829,0.1767178,1.651e-05,-99999.0,-99999.0,-99999.0,-99999.0,-99999.0,-99999.0
1,1.658e-05,1543176000,1.68e-05,1.646e-05,1.667e-05,4532.32381704,0.07490944,1.652e-05,-99999.0,-99999.0,-99999.0,-99999.0,-99999.0,-99999.0
2,1.659e-05,1543183200,1.659e-05,1.61e-05,1.658e-05,16058.55106157,0.26553623,1.653e-05,0.17238782333333336,-99999.0,-99999.0,1.6579999999999997e-05,-99999.0,-99999.0
3,1.66e-05,1543190400,1.66e-05,1.639e-05,1.659e-05,4348.37103577,0.07192892,1.654e-05,0.13745819666666667,-99999.0,-99999.0,1.659e-05,-99999.0,-99999.0
4,1.66e-05,1543197600,1.661e-05,1.66e-05,1.661e-05,732.77256911,0.01216644,1.66e-05,0.11654386333333333,-99999.0,-99999.0,1.6596666666666663e-05,-99999.0,-99999.0
5,1.66e-05,1543204800,1.661e-05,1.66e-05,1.66e-05,35.43064305,0.00058827,1.66e-05,0.02822787666666667,-99999.0,-99999.0,1.6599999999999997e-05,-99999.0,-99999.0
6,1.643e-05,1543212000,1.662e-05,1.641e-05,1.66e-05,57634.7021643,0.94703083,1.643e-05,0.31992851333333333,-99999.0,-99999.0,1.654333333333333e-05,-99999.0,-99999.0
7,1.643e-05,1543219200,1.654e-05,1.634e-05,1.644e-05,21264.69817295,0.34927934,1.642e-05,0.43229948,-99999.0,-99999.0,1.648666666666667e-05,-99999.0,-99999.0
8,1.64e-05,1543226400,1.643e-05,1.626e-05,1.643e-05,13957.3380448,0.22874433,1.638e-05,0.5083515000000001,-99999.0,-99999.0,1.642e-05,-99999.0,-99999.0
9,1.655e-05,1543233600,1.657e-05,1.614e-05,1.641e-05,30303.99890851,0.49769351,1.642e-05,0.3585723933333334,-99999.0,-99999.0,1.6459999999999998e-05,-99999.0,-99999.0
10,1.625e-05,1543240800,1.658e-05,1.607e-05,1.655e-05,63139.88272267,1.0376376,1.643e-05,0.5880251466666667,-99999.0,-99999.0,1.6399999999999995e-05,-99999.0,-99999.0
11,1.639e-05,1543248000,1.656e-05,1.63e-05,1.63e-05,6135.93382449,0.10081613,1.643e-05,0.5453824133333334,-99999.0,-99999.0,1.639666666666666e-05,-99999.0,-99999.0
12,1.662e-05,1543255200,1.663e-05,1.639e-05,1.639e-05,11901.16422745,0.19717603,1.656e-05,0.4452099200000001,0.3046326823076923,-99999.0,1.642e-05,1.6508461538461534e-05,-99999.0
13,1.655e-05,1543262400,1.693e-05,1.655e-05,1.662e-05,12536.81035065,0.20930704,1.669e-05,0.16909973333333342,0.30713954692307693,-99999.0,1.6519999999999998e-05,1.6506923076923073e-05,-99999.0
14,1.675e-05,1543269600,1.675e-05,1.655e-05,1.655e-05,2029.47365714,0.03375594,1.663e-05,0.14674633666666678,0.3039738930769231,-99999.0,1.664e-05,1.6519999999999998e-05,-99999.0
15,1.671e-05,1543276800,1.675e-05,1.657e-05,1.675e-05,2496.04490573,0.0416668,1.669e-05,0.09490992666666677,0.2867531676923077,-99999.0,1.667e-05,1.6529230769230765e-05,-99999.0
16,1.673e-05,1543284000,1.673e-05,1.647e-05,1.671e-05,9856.27227624,0.16359599,1.659e-05,0.0796729100000001,0.29380448076923077,-99999.0,1.673e-05,1.6539230769230767e-05,-99999.0
17,1.644e-05,1543291200,1.674e-05,1.643e-05,1.674e-05,12759.25372739,0.21049578,1.649e-05,0.1385861900000001,0.30906058384615387,-99999.0,1.6626666666666668e-05,1.6526923076923076e-05,-99999.0
18,1.659e-05,1543298400,1.659e-05,1.637e-05,1.644e-05,12190.56684448,0.20087246,1.647e-05,0.19165474333333343,0.32446706000000003,-99999.0,1.6586666666666668e-05,1.6526153846153845e-05,-99999.0
19,1.698e-05,1543305600,1.701e-05,1.647e-05,1.659e-05,11499.71105878,0.19302435,1.678e-05,0.2014641966666668,0.2664665615384616,-99999.0,1.667e-05,1.6568461538461534e-05,-99999.0
20,1.779e-05,1543312800,1.793e-05,1.679e-05,1.699e-05,158493.54161119,2.7383475,1.727e-05,1.0440814366666669,0.45024103538461546,-99999.0,1.7120000000000002e-05,1.6673076923076918e-05,-99999.0
21,1.725e-05,1543320000,1.781e-05,1.725e-05,1.779e-05,24714.93175195,0.43793238,1.771e-05,1.12310141,0.46633242384615403,-99999.0,1.7340000000000003e-05,1.6738461538461534e-05,-99999.0
22,1.844e-05,1543327200,1.949e-05,1.723e-05,1.744e-05,130980.2539457,2.38228544,1.818e-05,1.8528551066666668,0.611301033846154,-99999.0,1.7826666666666667e-05,1.688384615384615e-05,-99999.0
23,1.899e-05,1543334400,1.95e-05,1.817e-05,1.852e-05,107164.51358269,2.0144235,1.879e-05,1.6115471066666671,0.686438410769231,-99999.0,1.8226666666666663e-05,1.7094615384615383e-05,-99999.0
24,1.98e-05,1543341600,2.079e-05,1.87e-05,1.87e-05,283019.69007931,5.6128496,1.983e-05,3.3365195133333336,1.1104409853846156,-99999.0,1.907666666666666e-05,1.7356923076923073e-05,-99999.0
25,1.928e-05,1543348800,2e-05,1.928e-05,1.952e-05,67293.04691432,1.31734134,1.957e-05,2.981538146666667,1.196607547692308,-99999.0,1.935666666666666e-05,1.756153846153846e-05,-99999.0
26,1.895e-05,1543356000,1.97e-05,1.895e-05,1.928e-05,35147.42605088,0.67385448,1.917e-05,2.5346818066666668,1.2323419661538466,-99999.0,1.934333333333333e-05,1.7746153846153843e-05,-99999.0
27,1.865e-05,1543363200,1.92e-05,1.865e-05,1.895e-05,34610.01018933,0.65369931,1.888e-05,0.8816317100000003,1.2800299176923082,-99999.0,1.8959999999999998e-05,1.789230769230769e-05,-99999.0
28,1.829e-05,1543370400,1.895e-05,1.785e-05,1.865e-05,212686.31671113,3.88108902,1.824e-05,1.7362142700000003,1.575370088461539,-99999.0,1.8629999999999996e-05,1.8013846153846153e-05,-99999.0
29,1.8e-05,1543377600,1.858e-05,1.768e-05,1.829e-05,55567.96789297,0.99586757,1.792e-05,1.8435519666666667,1.6393909792307697,-99999.0,1.831333333333333e-05,1.8111538461538456e-05,-99999.0
30,1.771e-05,1543384800,1.886e-05,1.75e-05,1.8e-05,32786.69137811,0.58743352,1.791e-05,1.82146337,1.6683861900000008,-99999.0,1.7999999999999997e-05,1.8209230769230766e-05,-99999.0
31,1.854e-05,1543392000,1.854e-05,1.764e-05,1.77e-05,27777.83325405,0.49982834,1.799e-05,0.6943764766666666,1.691382796153847,-99999.0,1.808333333333333e-05,1.8359230769230763e-05,-99999.0
32,1.857e-05,1543399200,1.926e-05,1.849e-05,1.855e-05,54225.28050288,1.0138298,1.869e-05,0.7003638866666665,1.7545216769230776,-99999.0,1.827333333333333e-05,1.8481538461538458e-05,-99999.0
33,1.821e-05,1543406400,1.904e-05,1.821e-05,1.857e-05,47736.93610543,0.88330357,1.85e-05,0.7989872366666665,1.6118259900000007,0.8442655470588235,1.8439999999999996e-05,1.8513846153846152e-05,1.7347941176470583e-05
34,1.818e-05,1543413600,1.89e-05,1.797e-05,1.821e-05,82955.25631254,1.52259646,1.835e-05,1.139909943333333,1.695261688461539,0.8838502135294117,1.832e-05,1.858538461538461e-05,1.7395294117647055e-05
35,1.793e-05,1543420800,1.899e-05,1.793e-05,1.819e-05,77975.04039911,1.4272996,1.83e-05,1.2777332099999998,1.62180123923077,0.9236263947058824,1.8106666666666667e-05,1.8546153846153842e-05,1.7434999999999995e-05
36,1.801e-05,1543428000,1.86e-05,1.787e-05,1.793e-05,55746.15564103,1.00991046,1.811e-05,1.3199355066666667,1.5445310053846162,0.9455197544117647,1.804e-05,1.8470769230769225e-05,1.747676470588235e-05
37,1.87e-05,1543435200,1.899e-05,1.787e-05,1.801e-05,67767.17795644,1.24086905,1.831e-05,1.2260263699999998,1.20822480923077,0.9799003464705883,1.8213333333333334e-05,1.838615384615384e-05,1.7538529411764702e-05
38,1.788e-05,1543442400,1.906e-05,1.788e-05,1.867e-05,32278.33625574,0.59389401,1.839e-05,0.9482245066666665,1.1525750146153853,0.9970099808823529,1.8196666666666668e-05,1.8278461538461536e-05,1.757617647058823e-05
39,1.8e-05,1543449600,1.859e-05,1.798e-05,1.818e-05,33210.0985408,0.60709237,1.828e-05,0.8139518099999998,1.1474394676923085,1.0148483367647056,1.8193333333333338e-05,1.820538461538461e-05,1.7617352941176465e-05
40,1.782e-05,1543456800,1.83e-05,1.782e-05,1.8e-05,25527.79970214,0.45726609,1.791e-05,0.5527508233333333,1.1323292200000006,1.000443491470588,1.7900000000000005e-05,1.8141538461538458e-05,1.7658235294117645e-05
41,1.781e-05,1543464000,1.811e-05,1.781e-05,1.782e-05,25866.77092028,0.46251474,1.788e-05,0.5089577333333332,0.8693619676923082,1.0037739444117644,1.787666666666667e-05,1.810461538461538e-05,1.769882352941176e-05
42,1.751e-05,1543471200,1.795e-05,1.751e-05,1.781e-05,34243.48379978,0.60679426,1.771e-05,0.5088583633333331,0.8394332515384622,1.01489306,1.7713333333333335e-05,1.8066923076923075e-05,1.773147058823529e-05
43,1.814e-05,1543478400,1.824e-05,1.751e-05,1.751e-05,24357.56950185,0.43739495,1.795e-05,0.5022346499999998,0.8278918230769238,1.0131195729411764,1.7820000000000002e-05,1.81e-05,1.7778235294117643e-05
44,1.866e-05,1543485600,1.995e-05,1.822e-05,1.822e-05,79636.25483293,1.50060363,1.884e-05,0.8482642799999996,0.9048745376923084,1.0267362208823527,1.8103333333333337e-05,1.8109230769230767e-05,1.784911764705882e-05
45,1.857e-05,1543492800,1.887e-05,1.857e-05,1.867e-05,18170.69272489,0.3395706,1.868e-05,0.7591897266666664,0.8530084453846161,1.0337584111764704,1.845666666666667e-05,1.8109230769230763e-05,1.7913235294117645e-05
46,1.854e-05,1543500000,1.86e-05,1.827e-05,1.86e-05,47510.03384744,0.87495465,1.841e-05,0.9050429599999997,0.8523662207692314,1.053693076470588,1.859e-05,1.8134615384615383e-05,1.796970588235294e-05
47,1.84e-05,1543507200,1.855e-05,1.84e-05,1.852e-05,18310.03114149,0.33869145,1.849e-05,0.5177388999999996,0.7612966046153853,1.0574985002941175,1.8503333333333333e-05,1.815153846153846e-05,1.802411764705882e-05
48,1.839e-05,1543514400,1.852e-05,1.839e-05,1.852e-05,5391.19566688,0.0996139,1.847e-05,0.43775333333333294,0.6591669353846161,1.059435499117647,1.8443333333333337e-05,1.8186923076923077e-05,1.8072352941176467e-05
49,1.819e-05,1543521600,1.835e-05,1.819e-05,1.835e-05,4445.5600434,0.08135937,1.83e-05,0.1732215733333329,0.5877399284615391,1.0606029276470588,1.8326666666666672e-05,1.820076923076923e-05,1.811588235294117e-05
50,1.814e-05,1543528800,1.836e-05,1.814e-05,1.821e-05,4998.25629762,0.09092831,1.819e-05,0.09063385999999958,0.49928294846153914,1.0584656429411765,1.8240000000000005e-05,1.8157692307692306e-05,1.8157352941176467e-05
51,1.826e-05,1543536000,1.829e-05,1.809e-05,1.814e-05,15303.93259444,0.27741604,1.812e-05,0.14990123999999957,0.4749384892307699,1.0604338858823528,1.8196666666666675e-05,1.8186923076923077e-05,1.8210882352941173e-05
52,1.829e-05,1543543200,1.836e-05,1.826e-05,1.826e-05,1750.0,0.03206551,1.832e-05,0.13346995333333292,0.43070565384615456,1.0554689755882354,1.8230000000000007e-05,1.820923076923077e-05,1.826088235294117e-05
53,1.841e-05,1543550400,1.841e-05,1.81e-05,1.828e-05,3161.42324584,0.0580318,1.835e-05,0.12250444999999958,0.39999532384615455,1.0514986064705882,1.8320000000000004e-05,1.8254615384615385e-05,1.8302941176470583e-05
54,1.844e-05,1543557600,1.844e-05,1.84e-05,1.841e-05,5663.97789069,0.10437334,1.842e-05,0.06482354999999958,0.37244598538461615,0.9740287782352941,1.8380000000000007e-05,1.8303076923076925e-05,1.8322058823529406e-05
55,1.83e-05,1543564800,1.844e-05,1.808e-05,1.833e-05,17943.96422162,0.32781766,1.826e-05,0.16340759999999957,0.35098624692307767,0.97079011,1.8383333333333337e-05,1.8363846153846158e-05,1.835294117647058e-05
56,1.904e-05,1543572000,2.024e-05,1.814e-05,1.814e-05,72663.75960021,1.37679967,1.894e-05,0.6029968899999997,0.42324814846153924,0.9412169991176471,1.859333333333334e-05,1.843307692307693e-05,1.837058823529411e-05
57,1.878e-05,1543579200,1.998e-05,1.861e-05,1.904e-05,19400.61432346,0.366038,1.886e-05,0.6902184433333329,0.33597386923077,0.892735072647059,1.870666666666667e-05,1.8442307692307696e-05,1.8364411764705878e-05
58,1.95e-05,1543586400,2.046e-05,1.862e-05,1.881e-05,88940.93214623,1.74239284,1.959e-05,1.161743503333333,0.44388327230769303,0.7788981091176472,1.910666666666667e-05,1.8513846153846155e-05,1.8355588235294113e-05
59,1.984e-05,1543593600,2.097e-05,1.899e-05,2.005e-05,104263.15372219,2.02044181,1.937e-05,1.3762908833333327,0.53199766923077,0.7995775347058826,1.9373333333333336e-05,1.8613846153846158e-05,1.8372058823529408e-05
60,1.943e-05,1543600800,1.977e-05,1.9e-05,1.977e-05,7828.7537472,0.15136774,1.933e-05,1.3047341299999995,0.5175881530769239,0.7842102776470591,1.9590000000000004e-05,1.8693076923076926e-05,1.838617647058823e-05
61,1.963e-05,1543608000,1.963e-05,1.942e-05,1.942e-05,10864.44634276,0.21240157,1.955e-05,0.7947370399999997,0.5262641276923085,0.7712309323529415,1.9633333333333337e-05,1.8788461538461543e-05,1.8414999999999992e-05
62,1.937e-05,1543615200,1.955e-05,1.934e-05,1.936e-05,6089.35942939,0.11841137,1.944e-05,0.160726893333333,0.5291142815384623,0.6605639426470591,1.947666666666667e-05,1.887923076923077e-05,1.8446764705882343e-05
63,1.953e-05,1543622400,1.954e-05,1.935e-05,1.954e-05,1339.33997501,0.02615055,1.952e-05,0.11898782999999968,0.5241313769230777,0.6320428538235296,1.9510000000000005e-05,1.8986153846153852e-05,1.8491764705882343e-05
64,1.937e-05,1543629600,1.963e-05,1.933e-05,1.936e-05,2958.83218926,0.05773307,1.951e-05,0.06743166333333302,0.5072326869230777,0.6164634288235297,1.9423333333333338e-05,1.907153846153847e-05,1.8540588235294108e-05
65,1.938e-05,1543636800,1.96e-05,1.938e-05,1.94e-05,4062.66213732,0.07899186,1.944e-05,0.05429182666666634,0.5108424061538469,0.6040858852941178,1.942666666666667e-05,1.915538461538462e-05,1.856529411764705e-05
66,1.939e-05,1543644000,1.958e-05,1.939e-05,1.958e-05,1408.10402022,0.02733633,1.941e-05,0.054687086666666336,0.5084812161538469,0.5750713714705884,1.9380000000000008e-05,1.9230769230769235e-05,1.8589411764705873e-05
67,1.898e-05,1543651200,1.963e-05,1.864e-05,1.939e-05,34520.26333477,0.66334752,1.921e-05,0.25655856999999965,0.5514792300000008,0.5686020758823531,1.9250000000000007e-05,1.9272307692307696e-05,1.8612058823529405e-05
68,1.871e-05,1543658400,1.936e-05,1.86e-05,1.868e-05,32353.44779979,0.60739802,1.877e-05,0.4326939566666663,0.5729854115384623,0.5416844747058827,1.9026666666666675e-05,1.930384615384616e-05,1.8627647058823524e-05
69,1.861e-05,1543665600,1.9e-05,1.86e-05,1.871e-05,32619.26781558,0.6091408,1.867e-05,0.6266287799999997,0.51393472923077,0.5176209805882355,1.8766666666666674e-05,1.9270769230769234e-05,1.8647647058823524e-05
70,1.851e-05,1543672800,1.887e-05,1.851e-05,1.86e-05,24423.48731982,0.45357985,1.857e-05,0.556706223333333,0.5206687176923084,0.5012583155882355,1.861000000000001e-05,1.9250000000000007e-05,1.8662352941176463e-05
71,1.89e-05,1543680000,1.906e-05,1.84e-05,1.851e-05,46846.33185204,0.87469463,1.867e-05,0.645805093333333,0.45392270153846226,0.49048847970588255,1.867333333333334e-05,1.9203846153846164e-05,1.866823529411764e-05
72,1.861e-05,1543687200,1.952e-05,1.855e-05,1.89e-05,36797.8661444,0.69062852,1.876e-05,0.6729676666666663,0.35162937153846224,0.4933336123529414,1.867333333333334e-05,1.910923076923078e-05,1.8689705882352932e-05
73,1.855e-05,1543694400,1.912e-05,1.854e-05,1.862e-05,27196.44275058,0.50669447,1.863e-05,0.6906725399999997,0.37896219692307764,0.4903807329411767,1.8686666666666675e-05,1.9041538461538473e-05,1.8705882352941167e-05
74,1.867e-05,1543701600,1.871e-05,1.85e-05,1.855e-05,25499.35063939,0.47226698,1.852e-05,0.5565299899999997,0.3989518438461545,0.49082193558823545,1.861000000000001e-05,1.896769230769232e-05,1.873088235294117e-05
75,1.84e-05,1543708800,1.867e-05,1.84e-05,1.867e-05,23868.88300778,0.44147724,1.849e-05,0.473479563333333,0.42380306461538536,0.4902031855882355,1.854000000000001e-05,1.8893076923076934e-05,1.874823529411764e-05
76,1.831e-05,1543716000,1.847e-05,1.831e-05,1.842e-05,22274.38493462,0.40853314,1.834e-05,0.44075911999999967,0.45321711000000076,0.48437197617647076,1.8460000000000006e-05,1.879923076923078e-05,1.8771764705882347e-05
77,1.826e-05,1543723200,1.854e-05,1.826e-05,1.831e-05,25750.87594704,0.47100184,1.829e-05,0.4403374066666664,0.4850070153846161,0.4853604141176472,1.832333333333334e-05,1.8713846153846163e-05,1.877529411764705e-05
78,1.819e-05,1543730400,1.85e-05,1.819e-05,1.826e-05,20110.35315959,0.36732196,1.826e-05,0.4156189799999997,0.5071862538461546,0.4520286002941178,1.825333333333334e-05,1.8622307692307704e-05,1.8761470588235286e-05
79,1.812e-05,1543737600,1.871e-05,1.811e-05,1.843e-05,9894.69858764,0.18020281,1.821e-05,0.3395088699999997,0.5189452138461546,0.44734131235294133,1.8190000000000007e-05,1.8524615384615398e-05,1.874823529411764e-05
80,1.887e-05,1543744800,1.887e-05,1.826e-05,1.826e-05,27143.2632622,0.50415044,1.857e-05,0.35055840333333305,0.5066992846153853,0.43643530617647075,1.8393333333333342e-05,1.8516153846153855e-05,1.875794117647058e-05
81,1.82e-05,1543752000,1.934e-05,1.82e-05,1.886e-05,32175.21009918,0.59895699,1.861e-05,0.4277700799999997,0.5060499746153854,0.44409017500000014,1.8396666666666673e-05,1.8476923076923086e-05,1.8752058823529404e-05
82,1.813e-05,1543759200,1.861e-05,1.813e-05,1.826e-05,8619.85000293,0.15865066,1.84e-05,0.4205860299999997,0.4713968869230777,0.4458265502941178,1.840000000000001e-05,1.844000000000001e-05,1.8744411764705874e-05
83,1.885e-05,1543766400,1.962e-05,1.83e-05,1.844e-05,14699.05940581,0.27911877,1.898e-05,0.345575473333333,0.4579768038461547,0.45164300323529427,1.8393333333333342e-05,1.8466153846153853e-05,1.876382352941176e-05
84,1.869e-05,1543773600,2.005e-05,1.866e-05,1.891e-05,43858.55490786,0.84583926,1.928e-05,0.427869563333333,0.4557571600000009,0.4738462664705884,1.8556666666666675e-05,1.8450000000000008e-05,1.8779999999999996e-05
85,1.86e-05,1543780800,1.886e-05,1.86e-05,1.869e-05,4088.50494149,0.07625465,1.865e-05,0.40040422666666636,0.4084976315384624,0.46792975500000017,1.8713333333333343e-05,1.8449230769230774e-05,1.8789999999999998e-05
86,1.851e-05,1543788000,1.935e-05,1.851e-05,1.879e-05,6603.02551184,0.12353948,1.87e-05,0.34854446333333305,0.3790241707692316,0.4706201658823531,1.8600000000000008e-05,1.8446153846153854e-05,1.879647058823529e-05
87,1.82e-05,1543795200,1.95e-05,1.82e-05,1.856e-05,6031.57885422,0.11146495,1.848e-05,0.10375302666666641,0.35127016846153936,0.47219172911764723,1.8436666666666676e-05,1.8410000000000005e-05,1.8790294117647058e-05
88,1.832e-05,1543802400,1.866e-05,1.823e-05,1.846e-05,8971.4263568,0.16542405,1.843e-05,0.13347615999999976,0.3300353076923086,0.4739873382352943,1.834333333333334e-05,1.840384615384616e-05,1.8786764705882353e-05
89,2.014e-05,1543809600,2.014e-05,1.819e-05,1.832e-05,40914.75150813,0.77576566,1.896e-05,0.35088488666666645,0.358283963076924,0.48716227941176493,1.8886666666666677e-05,1.854461538461539e-05,1.8840882352941175e-05
90,1.853e-05,1543816800,2.001e-05,1.852e-05,1.934e-05,43335.93925556,0.82214836,1.897e-05,0.5877793566666665,0.3852952338461547,0.4708490055882355,1.8996666666666677e-05,1.856538461538462e-05,1.8825882352941176e-05
91,1.846e-05,1543824000,1.868e-05,1.835e-05,1.852e-05,6917.13592784,0.12787119,1.848e-05,0.5752617366666665,0.3668759438461547,0.4638440994117649,1.9043333333333345e-05,1.8586153846153852e-05,1.8816470588235295e-05
92,1.844e-05,1543831200,1.853e-05,1.841e-05,1.841e-05,723.90552327,0.01337842,1.848e-05,0.3211326566666665,0.35404329846153926,0.4129907341176473,1.847666666666668e-05,1.8610769230769234e-05,1.8785294117647057e-05
93,1.838e-05,1543838400,1.851e-05,1.811e-05,1.844e-05,28982.10709626,0.52640292,1.816e-05,0.22255084333333316,0.3557550276923085,0.3690484138235297,1.842666666666668e-05,1.857307692307693e-05,1.874235294117647e-05
94,1.83e-05,1543845600,1.847e-05,1.811e-05,1.843e-05,4195.68048679,0.07711308,1.837e-05,0.20563147333333318,0.3156131884615393,0.36686445323529443,1.8373333333333346e-05,1.858076923076924e-05,1.8709117647058823e-05
95,1.814e-05,1543852800,1.838e-05,1.807e-05,1.816e-05,10101.51413525,0.1839333,1.82e-05,0.2624830999999998,0.31755800692307773,0.36602715117647083,1.8273333333333347e-05,1.858153846153847e-05,1.8665294117647058e-05
96,1.824e-05,1543860000,1.847e-05,1.812e-05,1.815e-05,6602.19849208,0.12013345,1.819e-05,0.12705994333333315,0.3053283669230777,0.3660778005882356,1.822666666666668e-05,1.8534615384615393e-05,1.8632058823529412e-05
97,1.835e-05,1543867200,1.892e-05,1.807e-05,1.817e-05,28261.96870112,0.51830324,1.833e-05,0.27412332999999983,0.28013328846153923,0.3805528797058826,1.8243333333333346e-05,1.8508461538461542e-05,1.859735294117647e-05
98,1.82e-05,1543874400,1.832e-05,1.81e-05,1.831e-05,939.64991896,0.01713721,1.823e-05,0.21852463333333316,0.2755857930769238,0.37935888382352967,1.8263333333333345e-05,1.8477692307692313e-05,1.8562941176470587e-05
99,1.827e-05,1543881600,1.832e-05,1.821e-05,1.831e-05,2623.01043794,0.04793199,1.827e-05,0.19445747999999985,0.2697698323076931,0.3784453582352944,1.8273333333333344e-05,1.8459230769230772e-05,1.8530294117647057e-05
100,1.844e-05,1543888800,1.844e-05,1.817e-05,1.826e-05,6078.11924026,0.11098657,1.826e-05,0.0586852566666665,0.26973303384615466,0.38090565941176496,1.830333333333335e-05,1.847769230769231e-05,1.8502352941176468e-05
101,1.851e-05,1543896000,1.938e-05,1.823e-05,1.823e-05,6923.42386299,0.12979299,1.874e-05,0.09623718333333316,0.26699218307692385,0.36521287911764727,1.840666666666668e-05,1.8492307692307697e-05,1.8488529411764705e-05
102,1.824e-05,1543903200,1.849e-05,1.824e-05,1.849e-05,5088.06375843,0.09296424,1.827e-05,0.11124793333333317,0.21446899692307772,0.3500824738235297,1.8396666666666683e-05,1.8346153846153848e-05,1.847470588235294e-05
103,1.816e-05,1543910400,1.826e-05,1.815e-05,1.826e-05,2461.90568762,0.04482966,1.82e-05,0.08919562999999985,0.15467525076923158,0.3334850873529414,1.830333333333335e-05,1.8317692307692308e-05,1.8461470588235292e-05
104,1.822e-05,1543917600,1.822e-05,1.821e-05,1.821e-05,8914.1770746,0.16238959,1.821e-05,0.10006116333333319,0.15733051230769313,0.3249206679411767,1.8206666666666687e-05,1.829923076923077e-05,1.8452941176470586e-05
105,1.833e-05,1543924800,1.944e-05,1.815e-05,1.822e-05,30535.41465002,0.5706006,1.868e-05,0.25927328333333316,0.20019375692307775,0.31597672588235315,1.8236666666666685e-05,1.8290769230769234e-05,1.8436176470588235e-05
106,1.83e-05,1543932000,1.833e-05,1.825e-05,1.826e-05,3408.07191539,0.0624095,1.831e-05,0.26513322999999983,0.16450195538461618,0.29749969588235314,1.828333333333335e-05,1.828461538461539e-05,1.8427058823529413e-05
107,1.823e-05,1543939200,1.848e-05,1.823e-05,1.83e-05,8739.24965722,0.1598936,1.829e-05,0.26430123333333316,0.17086968769230848,0.28729967029411785,1.8286666666666686e-05,1.8279230769230774e-05,1.841764705882353e-05
108,1.85e-05,1543946400,1.85e-05,1.82e-05,1.823e-05,14533.93008592,0.2666747,1.834e-05,0.16299259999999982,0.17723441076923155,0.28125283852941196,1.8343333333333355e-05,1.8306923076923086e-05,1.8412647058823527e-05
109,1.817e-05,1543953600,1.829e-05,1.817e-05,1.829e-05,5319.5523797,0.09700911,1.823e-05,0.17452580333333315,0.17545561538461618,0.2711214229411767,1.830000000000002e-05,1.8301538461538473e-05,1.8405882352941174e-05
110,1.852e-05,1543960800,1.917e-05,1.818e-05,1.818e-05,24132.45105175,0.45631425,1.89e-05,0.2733326866666665,0.17068723153846235,0.2725267497058826,1.839666666666669e-05,1.8314615384615398e-05,1.8412058823529407e-05
111,1.852e-05,1543968000,1.852e-05,1.836e-05,1.852e-05,496.12791148,0.00916955,1.848e-05,0.18749763666666644,0.17007433461538543,0.2589434470588237,1.8403333333333354e-05,1.833923076923078e-05,1.8419705882352937e-05
112,1.821e-05,1543975200,1.85e-05,1.821e-05,1.837e-05,3504.20847762,0.06399365,1.826e-05,0.17649248333333312,0.17130984692307777,0.2500220261764708,1.841666666666669e-05,1.8334615384615398e-05,1.8420294117647053e-05
113,1.818e-05,1543982400,1.832e-05,1.818e-05,1.828e-05,3046.88843005,0.05563828,1.826e-05,0.04293382666666647,0.16705228615384698,0.24635836352941198,1.8303333333333355e-05,1.8314615384615398e-05,1.8422058823529405e-05
114,1.845e-05,1543989600,1.845e-05,1.815e-05,1.816e-05,4510.76714606,0.08247839,1.828e-05,0.06737010666666647,0.16341270153846238,0.2339562444117649,1.8280000000000025e-05,1.831000000000001e-05,1.8409705882352935e-05
115,1.848e-05,1543996800,1.85e-05,1.818e-05,1.828e-05,3296.46516803,0.06070227,1.841e-05,0.06627297999999981,0.16093101153846237,0.21812522323529435,1.837000000000002e-05,1.832846153846155e-05,1.841794117647058e-05
116,1.847e-05,1544004000,1.847e-05,1.82e-05,1.83e-05,3331.93182842,0.06097618,1.83e-05,0.06805227999999981,0.16217305153846237,0.21525244441176494,1.8466666666666688e-05,1.8352307692307705e-05,1.8427941176470582e-05
117,1.845e-05,1544011200,1.846e-05,1.845e-05,1.846e-05,3034.49458757,0.05598824,1.845e-05,0.05922222999999982,0.15398833230769313,0.2086897817647061,1.8466666666666688e-05,1.8370000000000012e-05,1.841617647058823e-05
118,1.824e-05,1544018400,1.843e-05,1.824e-05,1.828e-05,475.9581819,0.00870651,1.829e-05,0.04189030999999982,0.11076571000000082,0.18406823029411784,1.8386666666666688e-05,1.8363076923076934e-05,1.8402941176470582e-05
119,2.032e-05,1544025600,2.149e-05,1.843e-05,1.843e-05,367345.22813575,7.19169931,1.957e-05,2.4187980199999997,0.6591726184615394,0.39334601441176487,1.9003333333333352e-05,1.851846153846155e-05,1.84535294117647e-05
120,2.038e-05,1544032800,2.249e-05,2e-05,2.035e-05,264122.95931827,5.50329322,2.083e-05,4.234566346666666,1.0702033584615394,0.5515740655882354,1.9646666666666686e-05,1.8683846153846165e-05,1.8508529411764698e-05
121,2.033e-05,1544040000,2.201e-05,2e-05,2.041e-05,380859.36889246,7.78121423,2.043e-05,6.825402253333333,1.6482448607692317,0.7771549267647061,2.0343333333333353e-05,1.8824615384615395e-05,1.8571176470588226e-05
122,2.023e-05,1544047200,2.074e-05,1.95e-05,2.033e-05,151446.43918403,3.02421207,1.996e-05,5.43623984,1.8734143192307704,0.8612369273529414,2.0313333333333355e-05,1.898307692307693e-05,1.862735294117646e-05
123,1.908e-05,1544054400,2.048e-05,1.903e-05,2.023e-05,55135.92349375,1.08281913,1.963e-05,3.962748476666667,1.9216070023076937,0.8702679117647061,1.988000000000002e-05,1.902615384615385e-05,1.8596176470588227e-05
124,1.903e-05,1544061600,1.985e-05,1.903e-05,1.908e-05,42037.93563284,0.8116208,1.93e-05,1.6395506666666673,1.983334021538463,0.869958277647059,1.9446666666666685e-05,1.9065384615384623e-05,1.8610882352941166e-05
125,1.9e-05,1544068800,1.941e-05,1.9e-05,1.904e-05,86074.20729349,1.63763347,1.902e-05,1.1773578000000005,2.1043832384615397,0.9143630505882355,1.9036666666666684e-05,1.9126153846153854e-05,1.8626764705882344e-05
126,1.901e-05,1544076000,1.975e-05,1.9e-05,1.9e-05,96876.30776271,1.86877291,1.929e-05,1.4393423933333338,2.2438551330769245,0.9689334767647061,1.901333333333335e-05,1.9190000000000008e-05,1.8643529411764696e-05
127,1.901e-05,1544083200,1.947e-05,1.9e-05,1.901e-05,47891.63829563,0.91811759,1.917e-05,1.4748413233333337,2.308135071538463,0.9804544964705884,1.9006666666666682e-05,1.9233076923076934e-05,1.86620588235294e-05
128,1.901e-05,1544090400,1.943e-05,1.9e-05,1.9e-05,34307.15749617,0.65514091,1.909e-05,1.1473438033333336,2.353861120769232,0.9974553150000003,1.9010000000000013e-05,1.9273846153846165e-05,1.8682941176470576e-05
129,1.869e-05,1544097600,1.927e-05,1.869e-05,1.9e-05,21662.56580367,0.41056279,1.895e-05,0.6612737633333338,2.38075239846154,1.0041208882352943,1.890333333333335e-05,1.9290769230769244e-05,1.869911764705881e-05
130,1.869e-05,1544104800,1.894e-05,1.869e-05,1.869e-05,40858.715091,0.76403755,1.869e-05,0.6099137500000005,2.4352177300000015,1.0230592441176474,1.8796666666666683e-05,1.9309230769230782e-05,1.871235294117646e-05
131,1.872e-05,1544112000,1.898e-05,1.869e-05,1.869e-05,29548.4664963,0.5550536,1.878e-05,0.5765513133333338,2.4772444292307703,1.024140137058824,1.8700000000000017e-05,1.9346153846153862e-05,1.8723235294117635e-05
132,1.87e-05,1544119200,1.906e-05,1.868e-05,1.875e-05,27406.5820089,0.51620397,1.883e-05,0.6117650400000004,1.9637447876923086,1.0388185711764708,1.870333333333335e-05,1.9221538461538478e-05,1.8737941176470574e-05
133,1.857e-05,1544126400,1.931e-05,1.85e-05,1.87e-05,41147.08795009,0.77303693,1.878e-05,0.6147648333333339,1.5998789192307703,1.0601451870588237,1.8663333333333355e-05,1.9082307692307707e-05,1.874676470588234e-05
134,1.87e-05,1544133600,1.981e-05,1.85e-05,1.853e-05,32093.4477016,0.60500361,1.885e-05,0.6314148366666673,1.0478627176923088,1.0746750999999999,1.8656666666666687e-05,1.8956923076923095e-05,1.8754411764705866e-05
135,1.846e-05,1544140800,1.876e-05,1.844e-05,1.876e-05,13986.52753755,0.25961502,1.856e-05,0.5458851866666673,0.8352014061538473,1.078493395,1.8576666666666685e-05,1.8820769230769247e-05,1.8752941176470573e-05
136,1.848e-05,1544148000,1.863e-05,1.846e-05,1.847e-05,2057.37857485,0.03800782,1.847e-05,0.300875483333334,0.7548313053846165,1.076877029705882,1.8546666666666687e-05,1.87746153846154e-05,1.8759999999999983e-05
137,1.91e-05,1544155200,1.97e-05,1.846e-05,1.849e-05,12136.80726101,0.22883357,1.885e-05,0.17548547000000067,0.7100015184615397,1.0822889094117645,1.868000000000002e-05,1.8780000000000013e-05,1.8787647058823512e-05
138,1.92e-05,1544162400,1.954e-05,1.917e-05,1.945e-05,5999.08392499,0.11649488,1.941e-05,0.12777875666666733,0.5929908576923089,1.080939065,1.8926666666666686e-05,1.8795384615384624e-05,1.8816470588235278e-05
139,1.889e-05,1544169600,1.937e-05,1.888e-05,1.936e-05,15386.48732395,0.29391459,1.91e-05,0.21308101333333399,0.4718479100000011,1.0728012411764705,1.9063333333333355e-05,1.878615384615385e-05,1.8832941176470573e-05
140,1.896e-05,1544176800,1.921e-05,1.895e-05,1.898e-05,2620.15397315,0.04996698,1.907e-05,0.15345881666666733,0.40506709384615497,1.0724352847058822,1.9016666666666687e-05,1.8782307692307696e-05,1.8852352941176456e-05
141,1.908e-05,1544184000,1.911e-05,1.89e-05,1.895e-05,4328.2760366,0.08229956,1.901e-05,0.14206037666666735,0.36100237461538576,1.0701531070588235,1.8976666666666688e-05,1.878769230769231e-05,1.8877352941176457e-05
142,1.889e-05,1544191200,1.931e-05,1.888e-05,1.913e-05,11401.02143082,0.21873984,1.918e-05,0.11700212666666736,0.34624676307692415,1.068743258235294,1.8976666666666684e-05,1.880307692307692e-05,1.888882352941175e-05
143,1.86e-05,1544198400,1.918e-05,1.856e-05,1.915e-05,22631.99727932,0.42645606,1.884e-05,0.24249848666666737,0.3202789561538472,1.0784328744117646,1.8856666666666685e-05,1.8796153846153842e-05,1.890147058823528e-05
144,1.85e-05,1544205600,1.87e-05,1.846e-05,1.861e-05,36861.72044952,0.68220242,1.85e-05,0.44246610666666736,0.33005963461538573,1.0850766441176471,1.8663333333333352e-05,1.8779230769230765e-05,1.8900882352941165e-05
145,1.85e-05,1544212800,1.87e-05,1.849e-05,1.85e-05,25593.84637826,0.47367456,1.85e-05,0.5274443466666674,0.32678814153846264,1.0987385561764704,1.853333333333335e-05,1.876384615384615e-05,1.890029411764705e-05
146,1.851e-05,1544220000,1.892e-05,1.85e-05,1.85e-05,28065.95692942,0.5205684,1.854e-05,0.5588151266666674,0.3073674853846165,1.1121672252941175,1.8503333333333346e-05,1.8759230769230766e-05,1.8909117647058814e-05
147,1.85e-05,1544227200,1.893e-05,1.85e-05,1.85e-05,32624.63466856,0.60524625,1.855e-05,0.5331630700000008,0.3073861500000011,1.1283321655882352,1.8503333333333346e-05,1.874384615384615e-05,1.8918529411764696e-05
148,1.851e-05,1544234400,1.88e-05,1.85e-05,1.85e-05,33515.5709247,0.62207758,1.856e-05,0.5826307433333341,0.3352678853846165,1.1442027300000002,1.850666666666668e-05,1.8747692307692302e-05,1.8920294117647048e-05
149,1.85e-05,1544241600,1.864e-05,1.85e-05,1.85e-05,22820.44501843,0.42275777,1.852e-05,0.5500272000000007,0.3648640353846165,1.1548514211764707,1.8503333333333346e-05,1.8749230769230764e-05,1.8920882352941164e-05
150,1.836e-05,1544248800,1.866e-05,1.836e-05,1.85e-05,159165.44687003,2.94086144,1.847e-05,1.3285655966666676,0.5734815638461549,1.2395539288235295,1.8456666666666683e-05,1.8692307692307685e-05,1.8917647058823516e-05
151,1.821e-05,1544256000,1.853e-05,1.82e-05,1.836e-05,39240.07379702,0.72028244,1.835e-05,1.3613005500000008,0.6199267607692319,1.2590919935294118,1.8356666666666683e-05,1.8616153846153837e-05,1.8910588235294103e-05
152,1.822e-05,1544263200,1.835e-05,1.801e-05,1.821e-05,24509.16798907,0.44507586,1.815e-05,1.3687399133333342,0.6315545507692318,1.2719263861764707,1.826333333333335e-05,1.8564615384615374e-05,1.8909999999999987e-05
153,1.794e-05,1544270400,1.903e-05,1.718e-05,1.802e-05,154389.68164033,2.75984124,1.787e-05,1.3083998466666678,0.840006416923078,1.1415776194117648,1.8123333333333347e-05,1.8486153846153836e-05,1.8839999999999986e-05
154,1.783e-05,1544277600,1.807e-05,1.767e-05,1.794e-05,31127.62988936,0.55979146,1.798e-05,1.2549028533333342,0.8767365630769242,0.9961805088235297,1.799666666666668e-05,1.8389999999999988e-05,1.8764999999999987e-05
155,1.772e-05,1544284800,1.888e-05,1.75e-05,1.785e-05,88227.33866703,1.59580835,1.808e-05,1.638480350000001,0.9826649100000011,0.8142568064705885,1.7830000000000014e-05,1.8299999999999987e-05,1.8688235294117636e-05
156,1.764e-05,1544292000,1.785e-05,1.751e-05,1.776e-05,53413.85352937,0.9453226,1.769e-05,1.0336408033333342,1.022577720769232,0.753112998529412,1.7730000000000015e-05,1.8226153846153835e-05,1.86120588235294e-05
157,1.806e-05,1544299200,1.854e-05,1.755e-05,1.765e-05,41375.85275816,0.742915,1.795e-05,1.094681983333334,1.0272479192307704,0.7431158182352944,1.7806666666666684e-05,1.8192307692307683e-05,1.85820588235294e-05
158,1.755e-05,1544306400,1.819e-05,1.75e-05,1.806e-05,43838.97629174,0.78471401,1.789e-05,0.824317203333334,1.051174030769232,0.7423244420588238,1.775000000000002e-05,1.8119230769230758e-05,1.8538529411764693e-05
159,1.751e-05,1544313600,1.808e-05,1.75e-05,1.757e-05,32985.9898929,0.58542161,1.774e-05,0.7043502066666675,1.0561627392307706,0.7113770344117649,1.7706666666666688e-05,1.8042307692307683e-05,1.8494705882352928e-05
160,1.79e-05,1544320800,1.819e-05,1.773e-05,1.781e-05,19427.93636615,0.34996325,1.801e-05,0.5733662900000008,1.0365255853846167,0.6667061620588237,1.7653333333333353e-05,1.7996153846153836e-05,1.8462058823529398e-05
161,1.807e-05,1544328000,1.807e-05,1.787e-05,1.806e-05,1735.07383535,0.03117404,1.796e-05,0.3221863000000008,0.9910714669230783,0.6406195870588236,1.7826666666666687e-05,1.7962307692307683e-05,1.843441176470587e-05
162,1.795e-05,1544335200,1.814e-05,1.773e-05,1.789e-05,14474.28550107,0.26038076,1.798e-05,0.2138393500000008,0.9785809276923091,0.6290089944117648,1.797333333333335e-05,1.7919999999999988e-05,1.8403235294117635e-05
163,1.796e-05,1544342400,1.814e-05,1.795e-05,1.795e-05,3220.85120221,0.05809542,1.803e-05,0.11655007333333413,0.756829695384617,0.6186423070588236,1.799333333333335e-05,1.788923076923076e-05,1.8381764705882342e-05
164,1.822e-05,1544349600,1.848e-05,1.804e-05,1.804e-05,7618.78770527,0.13875464,1.821e-05,0.15241027333333412,0.7120967876923092,0.6002516332352942,1.8043333333333347e-05,1.7889999999999986e-05,1.8367941176470576e-05
165,1.805e-05,1544356800,1.839e-05,1.804e-05,1.839e-05,4664.1886836,0.08495391,1.821e-05,0.09393465666666745,0.6843950992307708,0.5864251717647059,1.807666666666668e-05,1.787692307692306e-05,1.8348235294117636e-05
166,1.83e-05,1544364000,1.83e-05,1.809e-05,1.814e-05,893.82632508,0.01622062,1.814e-05,0.07997639000000079,0.4733473592307708,0.571719779117647,1.8190000000000014e-05,1.790461538461537e-05,1.8336470588235282e-05
167,1.852e-05,1544371200,1.899e-05,1.812e-05,1.816e-05,17885.47034379,0.33258008,1.859e-05,0.14458487000000078,0.45586956076923235,0.5587651658823529,1.8290000000000016e-05,1.795769230769229e-05,1.833499999999999e-05
168,1.89e-05,1544378400,1.89e-05,1.848e-05,1.851e-05,11413.42607247,0.21298601,1.866e-05,0.18726223666666744,0.34949861153846307,0.5472352364705882,1.8573333333333347e-05,1.8048461538461523e-05,1.8340882352941163e-05
169,1.91e-05,1544385600,1.911e-05,1.88e-05,1.89e-05,18807.93264023,0.35753543,1.9e-05,0.3010338400000008,0.3042842138461554,0.5501152485294117,1.8840000000000016e-05,1.8160769230769213e-05,1.835970588235293e-05
170,1.861e-05,1544392800,1.909e-05,1.85e-05,1.889e-05,9506.55461074,0.17788822,1.871e-05,0.24946988666666745,0.2608206153846169,0.5542293779411764,1.8870000000000018e-05,1.8203076923076902e-05,1.8363529411764695e-05
171,1.918e-05,1544400000,1.918e-05,1.875e-05,1.875e-05,2596.5265416,0.04948285,1.905e-05,0.19496883333333406,0.20426437230769384,0.5489543567647059,1.896333333333335e-05,1.832846153846152e-05,1.8365882352941167e-05
172,1.903e-05,1544407200,1.928e-05,1.901e-05,1.908e-05,7566.32303187,0.14524608,1.919e-05,0.1242057166666674,0.17040471615384772,0.5497999802941176,1.8940000000000015e-05,1.8445384615384596e-05,1.8360882352941163e-05
173,1.864e-05,1544414400,1.911e-05,1.858e-05,1.907e-05,16209.04970196,0.3046518,1.879e-05,0.16646024333333406,0.16691922000000153,0.5501157805882352,1.8950000000000013e-05,1.8502307692307675e-05,1.8353529411764693e-05
174,1.884e-05,1544421600,1.892e-05,1.882e-05,1.892e-05,702.85605749,0.01326222,1.886e-05,0.1543867000000007,0.16554138769230925,0.5490362288235293,1.883666666666668e-05,1.8561538461538443e-05,1.8349999999999985e-05
175,1.894e-05,1544428800,1.894e-05,1.86e-05,1.881e-05,19690.84137751,0.36972424,1.877e-05,0.22921275333333405,0.17395242461538618,0.5574898958823529,1.880666666666668e-05,1.8637692307692288e-05,1.834588235294116e-05
176,1.845e-05,1544436000,1.893e-05,1.843e-05,1.893e-05,6289.87895614,0.11743435,1.867e-05,0.16680693666666743,0.17851695769230927,0.5545103226470588,1.874333333333335e-05,1.86753846153846e-05,1.8332941176470574e-05
177,1.828e-05,1544443200,1.848e-05,1.828e-05,1.848e-05,4222.40048649,0.07753758,1.836e-05,0.18823205666666742,0.17380795307692465,0.5442480144117647,1.855666666666668e-05,1.867999999999998e-05,1.832352941176469e-05
178,1.821e-05,1544450400,1.83e-05,1.799e-05,1.828e-05,14764.3171202,0.26739321,1.811e-05,0.15412171333333408,0.18784174538461695,0.5320477435294118,1.8313333333333347e-05,1.8692307692307675e-05,1.8314999999999983e-05
179,1.827e-05,1544457600,1.827e-05,1.805e-05,1.82e-05,5758.50363822,0.10487107,1.821e-05,0.14993395333333406,0.19466101076923234,0.5212005820588237,1.8253333333333347e-05,1.868999999999998e-05,1.8308235294117633e-05
180,1.848e-05,1544464800,1.856e-05,1.822e-05,1.822e-05,9628.20877655,0.17714326,1.839e-05,0.1831358466666674,0.18270433230769387,0.511099842647059,1.832000000000001e-05,1.868692307692306e-05,1.8307352941176454e-05
181,1.854e-05,1544472000,1.867e-05,1.837e-05,1.848e-05,6341.78280979,0.11773262,1.856e-05,0.13324898333333407,0.17537714846154004,0.49676120647058847,1.843000000000001e-05,1.865923076923075e-05,1.8308529411764693e-05
182,1.862e-05,1544479200,1.865e-05,1.858e-05,1.858e-05,471.84143446,0.008789,1.862e-05,0.1012216266666674,0.14855050000000158,0.47872330705882377,1.8546666666666677e-05,1.8622307692307674e-05,1.8311764705882338e-05
183,1.859e-05,1544486400,1.865e-05,1.859e-05,1.862e-05,2602.65036016,0.04845613,1.861e-05,0.05832591666666739,0.13859418538461696,0.46771443529411794,1.8583333333333342e-05,1.862076923076921e-05,1.831441176470587e-05
184,1.84e-05,1544493600,1.854e-05,1.821e-05,1.854e-05,11421.64502895,0.20957076,1.834e-05,0.08893863000000073,0.15090864000000156,0.3873823564705885,1.853666666666668e-05,1.8560769230769212e-05,1.8315588235294103e-05
185,1.851e-05,1544500800,1.858e-05,1.832e-05,1.841e-05,4421.21370426,0.08161684,1.846e-05,0.1132145766666674,0.14601408307692465,0.36859807411764733,1.850000000000001e-05,1.852076923076921e-05,1.8324411764705868e-05
186,1.853e-05,1544508000,1.856e-05,1.849e-05,1.849e-05,3961.77119374,0.07340664,1.852e-05,0.12153141333333407,0.12822599384615543,0.35766662647058856,1.848000000000001e-05,1.8512307692307673e-05,1.8333529411764694e-05
187,1.858e-05,1544515200,1.858e-05,1.834e-05,1.853e-05,3292.29827149,0.06102008,1.853e-05,0.07201452000000073,0.13189967538461694,0.2782895335294121,1.854000000000001e-05,1.8492307692307673e-05,1.8352352941176457e-05
188,1.843e-05,1544522400,1.894e-05,1.842e-05,1.858e-05,4605.09354247,0.08554855,1.857e-05,0.07332509000000073,0.11004000692307848,0.2643412126470592,1.851333333333334e-05,1.8453076923076904e-05,1.836999999999999e-05
189,1.81e-05,1544529600,1.884e-05,1.806e-05,1.843e-05,57053.52043585,1.04940262,1.839e-05,0.39865708333333405,0.1817298738461554,0.24827045588235327,1.8370000000000012e-05,1.842615384615383e-05,1.838117647058822e-05
190,1.782e-05,1544536800,1.82e-05,1.775e-05,1.809e-05,46475.15276628,0.83480202,1.796e-05,0.6565843966666675,0.2399809846153862,0.2450198505882356,1.811666666666668e-05,1.8390769230769212e-05,1.838647058823528e-05
191,1.779e-05,1544544000,1.803e-05,1.779e-05,1.788e-05,27133.86823136,0.48428617,1.784e-05,0.7894969366666674,0.25666505846154003,0.23741312029411799,1.7903333333333345e-05,1.8358461538461518e-05,1.837852941176469e-05
192,1.799e-05,1544551200,1.879e-05,1.779e-05,1.779e-05,51170.52733736,0.92537663,1.808e-05,0.7481549400000008,0.3197808707692324,0.24155025617647094,1.786666666666668e-05,1.833692307692306e-05,1.8391470588235277e-05
193,1.776e-05,1544558400,1.818e-05,1.776e-05,1.801e-05,27696.61771675,0.49549479,1.789e-05,0.6350525300000007,0.34426945000000164,0.23890534970588273,1.7846666666666676e-05,1.8281538461538443e-05,1.839882352941175e-05
194,1.773e-05,1544565600,1.83e-05,1.773e-05,1.776e-05,36912.70615683,0.65681772,1.779e-05,0.6925630466666673,0.3857375346153863,0.24793048117647096,1.782666666666668e-05,1.821923076923075e-05,1.839382352941175e-05
195,1.761e-05,1544572800,1.797e-05,1.759e-05,1.774e-05,22727.71552461,0.40264605,1.771e-05,0.5183195200000007,0.41603423076923246,0.25885612852941214,1.7700000000000013e-05,1.814153846153844e-05,1.8380294117647047e-05
196,1.76e-05,1544580000,1.788e-05,1.759e-05,1.761e-05,27990.23881262,0.49531886,1.769e-05,0.5182608766666674,0.4504082869230786,0.26576607264705915,1.764666666666668e-05,1.8065384615384596e-05,1.836999999999999e-05
197,1.759e-05,1544587200,1.787e-05,1.759e-05,1.76e-05,24587.94946391,0.43486812,1.768e-05,0.4442776766666674,0.46773885307692475,0.27684762264705914,1.7600000000000014e-05,1.80030769230769e-05,1.835911764705881e-05
198,1.76e-05,1544594400,1.788e-05,1.759e-05,1.759e-05,28033.53849052,0.49508922,1.766e-05,0.47509206666666737,0.49954442076923244,0.2873280514705886,1.759666666666668e-05,1.79330769230769e-05,1.8340882352941163e-05
199,1.759e-05,1544601600,1.783e-05,1.759e-05,1.76e-05,27420.32596745,0.48436747,1.766e-05,0.471441603333334,0.5311567923076941,0.2990755091176474,1.7593333333333347e-05,1.7860769230769206e-05,1.832735294117646e-05
200,1.747e-05,1544608800,1.779e-05,1.746e-05,1.759e-05,28943.25659325,0.50750209,1.753e-05,0.4956529266666674,0.5655015623076941,0.31352496411764746,1.7553333333333347e-05,1.777538461538459e-05,1.830294117647058e-05
201,1.747e-05,1544616000,1.759e-05,1.746e-05,1.747e-05,31774.72445785,0.55566687,1.748e-05,0.5158454766666675,0.6016645100000017,0.32008634029411803,1.751000000000001e-05,1.7701538461538438e-05,1.8272058823529405e-05
202,1.747e-05,1544623200,1.78e-05,1.746e-05,1.747e-05,39471.57697961,0.69204873,1.753e-05,0.5850725633333341,0.5741757492307709,0.33417642029411804,1.747000000000001e-05,1.76530769230769e-05,1.8229999999999993e-05
203,1.718e-05,1544630400,1.755e-05,1.717e-05,1.747e-05,32511.33088476,0.56417789,1.735e-05,0.6039644966666674,0.5533585084615401,0.3402541397058827,1.737333333333335e-05,1.7603846153846128e-05,1.81735294117647e-05
204,1.718e-05,1544637600,1.749e-05,1.718e-05,1.718e-05,36119.97217207,0.62190472,1.721e-05,0.6260437800000007,0.5639445507692324,0.35331344852941216,1.727666666666668e-05,1.755692307692305e-05,1.813147058823529e-05
205,1.717e-05,1544644800,1.726e-05,1.717e-05,1.718e-05,31350.17019347,0.53860602,1.718e-05,0.5748962100000007,0.5341929653846171,0.3676994241176474,1.7176666666666685e-05,1.7493846153846128e-05,1.8072352941176463e-05
206,1.717e-05,1544652000,1.748e-05,1.717e-05,1.717e-05,44354.25769959,0.76184631,1.717e-05,0.6407856833333341,0.5546815438461555,0.3858347250000003,1.7173333333333347e-05,1.7448461538461512e-05,1.8017647058823525e-05
207,1.701e-05,1544659200,1.75e-05,1.701e-05,1.717e-05,29442.23107732,0.50502939,1.715e-05,0.6018272400000008,0.5430055184615401,0.39172818352941213,1.7116666666666682e-05,1.7393076923076898e-05,1.7969705882352936e-05
208,1.701e-05,1544666400,1.714e-05,1.701e-05,1.702e-05,24242.43911981,0.41244505,1.701e-05,0.559773583333334,0.5437592876923093,0.40346885500000035,1.7063333333333353e-05,1.734692307692305e-05,1.7915882352941173e-05
209,1.701e-05,1544673600,1.714e-05,1.701e-05,1.701e-05,25664.82740861,0.43656436,1.701e-05,0.45134626666666744,0.5392397107692324,0.4054347408823533,1.701000000000002e-05,1.730153846153844e-05,1.7859117647058822e-05
210,1.7e-05,1544680800,1.702e-05,1.7e-05,1.701e-05,45320.97243692,0.77089261,1.7e-05,0.5399673400000007,0.5650877484615401,0.42465410147058863,1.7006666666666688e-05,1.7256153846153823e-05,1.781647058823529e-05
211,1.686e-05,1544688000,1.7e-05,1.686e-05,1.7e-05,30402.76262342,0.51324704,1.688e-05,0.5735680033333339,0.5664845038461555,0.4374690855882357,1.6956666666666687e-05,1.7199230769230747e-05,1.7774705882352942e-05
212,1.676e-05,1544695200,1.701e-05,1.676e-05,1.686e-05,28806.85282282,0.48473411,1.682e-05,0.5896245866666673,0.5665127069230785,0.4438614650000004,1.687333333333335e-05,1.7135384615384593e-05,1.7732058823529414e-05
213,1.65e-05,1544702400,1.678e-05,1.65e-05,1.676e-05,28742.35623356,0.48014066,1.67e-05,0.4927072700000006,0.5644079815384632,0.4548988058823533,1.6706666666666684e-05,1.7060769230769206e-05,1.768e-05
214,1.63e-05,1544709600,1.677e-05,1.617e-05,1.65e-05,58271.67522139,0.95613701,1.64e-05,0.6403372600000007,0.5952133769230786,0.4778103867647063,1.6520000000000015e-05,1.6970769230769206e-05,1.761588235294118e-05
215,1.612e-05,1544716800,1.673e-05,1.6e-05,1.63e-05,33749.41667373,0.54971365,1.628e-05,0.6619971066666673,0.5842645246153862,0.49051571117647097,1.6306666666666684e-05,1.686692307692305e-05,1.7544705882352942e-05
216,1.601e-05,1544724000,1.642e-05,1.6e-05,1.611e-05,24650.43160838,0.39549553,1.604e-05,0.6337820633333341,0.5712889584615402,0.5018894326470592,1.6143333333333352e-05,1.677692307692305e-05,1.7467941176470588e-05
217,1.62e-05,1544731200,1.642e-05,1.601e-05,1.619e-05,36948.20024111,0.59642365,1.614e-05,0.5138776100000007,0.5693288761538479,0.5180061244117651,1.611000000000002e-05,1.6701538461538437e-05,1.739764705882353e-05
218,1.657e-05,1544738400,1.657e-05,1.603e-05,1.62e-05,17046.06404485,0.27843514,1.633e-05,0.4234514400000006,0.5493157315384631,0.5200315473529415,1.626000000000002e-05,1.665538461538459e-05,1.7343823529411765e-05
219,1.64e-05,1544745600,1.658e-05,1.64e-05,1.656e-05,814.23064989,0.01348905,1.656e-05,0.29611594666666724,0.49174978846154005,0.5180277888235298,1.6390000000000014e-05,1.659615384615382e-05,1.7281764705882353e-05
220,1.642e-05,1544752800,1.658e-05,1.622e-05,1.641e-05,20035.99976699,0.32652378,1.629e-05,0.20614932333333394,0.47801858769230926,0.5254724105882356,1.6463333333333346e-05,1.6550769230769206e-05,1.7219705882352938e-05
221,1.64e-05,1544760000,1.643e-05,1.628e-05,1.628e-05,3404.95634631,0.05585571,1.64e-05,0.13195618000000062,0.45058863846154007,0.5253205173529415,1.6406666666666677e-05,1.650384615384613e-05,1.7155588235294114e-05
222,1.651e-05,1544767200,1.651e-05,1.64e-05,1.64e-05,4217.83870043,0.06935592,1.644e-05,0.1505784700000006,0.42234183538461695,0.5248442635294122,1.6443333333333346e-05,1.6465384615384587e-05,1.7099117647058816e-05
223,1.642e-05,1544774400,1.706e-05,1.604e-05,1.651e-05,30933.41159449,0.50503623,1.632e-05,0.21008262000000064,0.4018913446153862,0.5088334873529415,1.644333333333335e-05,1.6420769230769202e-05,1.7049705882352934e-05
224,1.621e-05,1544781600,1.634e-05,1.604e-05,1.632e-05,23897.7895997,0.38501952,1.611e-05,0.3198038900000006,0.3920276892307708,0.49560459029411796,1.6380000000000013e-05,1.6370769230769205e-05,1.7002352941176465e-05
225,1.64e-05,1544788800,1.64e-05,1.628e-05,1.628e-05,7723.25937669,0.12622794,1.634e-05,0.33876123000000063,0.3644502915384631,0.4850734658823532,1.6343333333333347e-05,1.6343076923076896e-05,1.696147058823529e-05
226,1.627e-05,1544796000,1.657e-05,1.625e-05,1.637e-05,2708.56122638,0.04451384,1.643e-05,0.1852537666666673,0.33094053615384766,0.4591657367647062,1.629333333333335e-05,1.632538461538459e-05,1.6910882352941172e-05
227,1.616e-05,1544803200,1.625e-05,1.616e-05,1.625e-05,4448.58663873,0.0720716,1.62e-05,0.08093779333333397,0.2629355046153862,0.446712113529412,1.6276666666666683e-05,1.631461538461536e-05,1.686382352941176e-05
228,1.608e-05,1544810400,1.621e-05,1.605e-05,1.621e-05,10032.26474842,0.16230122,1.617e-05,0.09296222000000061,0.23313454846153997,0.43216751058823555,1.6170000000000013e-05,1.6311538461538436e-05,1.6815294117647054e-05
229,1.716e-05,1544817600,1.76e-05,1.604e-05,1.609e-05,64549.88226623,1.09420731,1.695e-05,0.442860043333334,0.28688160846154,0.4525075476470591,1.646666666666668e-05,1.6399999999999975e-05,1.6802058823529407e-05
230,1.729e-05,1544824800,1.729e-05,1.694e-05,1.714e-05,18772.92838535,0.32113006,1.71e-05,0.5258795300000007,0.26570517846153996,0.4473843476470591,1.6843333333333345e-05,1.648384615384613e-05,1.6792941176470582e-05
231,1.778e-05,1544832000,1.826e-05,1.727e-05,1.727e-05,80861.70379128,1.44439223,1.786e-05,0.9532432000000007,0.35539418538461687,0.47707623323529436,1.7410000000000015e-05,1.6576923076923053e-05,1.6798529411764702e-05
232,1.685e-05,1544839200,1.744e-05,1.685e-05,1.744e-05,6098.54565792,0.10482237,1.718e-05,0.6234482200000008,0.3624198253846169,0.46559779647058847,1.7306666666666685e-05,1.661153846153844e-05,1.677647058823529e-05
233,1.667e-05,1544846400,1.685e-05,1.667e-05,1.685e-05,2634.12266081,0.04410781,1.674e-05,0.5311074700000008,0.34069552000000153,0.4526489829411767,1.7100000000000016e-05,1.663076923076921e-05,1.6749411764705877e-05
234,1.678e-05,1544853600,1.678e-05,1.643e-05,1.643e-05,981.33214589,0.01635713,1.666e-05,0.055095770000000766,0.33765716769230925,0.43820354294117664,1.676666666666668e-05,1.665999999999998e-05,1.6729117647058818e-05
235,1.689e-05,1544860800,1.699e-05,1.689e-05,1.699e-05,399.11432443,0.00674226,1.689e-05,0.022402400000000766,0.3328407323076939,0.42205870147058844,1.6780000000000012e-05,1.668923076923075e-05,1.6712058823529406e-05
236,1.668e-05,1544868000,1.685e-05,1.667e-05,1.685e-05,331.23215743,0.00555216,1.676e-05,0.009550516666667433,0.29441888076923234,0.40186762588235314,1.6783333333333343e-05,1.670923076923075e-05,1.6688823529411758e-05
237,1.694e-05,1544875200,1.694e-05,1.67e-05,1.67e-05,205.74682257,0.00347476,1.688e-05,0.005256393333334101,0.2650692838461554,0.3853763573529414,1.6836666666666678e-05,1.6765384615384595e-05,1.668176470588235e-05
238,1.692e-05,1544882400,1.692e-05,1.666e-05,1.668e-05,2842.39273725,0.04761558,1.675e-05,0.0188808333333341,0.25902217923077075,0.36848550029411786,1.6846666666666676e-05,1.6805384615384594e-05,1.667411764705882e-05
239,1.87e-05,1544889600,1.895e-05,1.693e-05,1.693e-05,20965.47977299,0.37531293,1.79e-05,0.14213442333333412,0.28446826307692463,0.3636827623529414,1.7520000000000012e-05,1.699230769230767e-05,1.671911764705882e-05
240,1.724e-05,1544896800,1.848e-05,1.682e-05,1.825e-05,15121.16932434,0.26440462,1.748e-05,0.2291110433333341,0.29926311076923234,0.349052124411765,1.7620000000000014e-05,1.7075384615384593e-05,1.6721176470588232e-05
241,1.761e-05,1544904000,1.761e-05,1.706e-05,1.719e-05,3515.8834458,0.06097241,1.734e-05,0.23356332000000077,0.29146858692307853,0.33599162500000024,1.7850000000000017e-05,1.71930769230769e-05,1.6738823529411763e-05
242,1.685e-05,1544911200,1.707e-05,1.685e-05,1.707e-05,3397.67023732,0.05791234,1.704e-05,0.1277631233333341,0.21175358923077084,0.3255641923529414,1.7233333333333347e-05,1.7169230769230745e-05,1.673411764705882e-05
243,1.722e-05,1544918400,1.722e-05,1.69e-05,1.712e-05,762.32361929,0.01308532,1.716e-05,0.043990023333334106,0.18805784000000164,0.3131089264705884,1.722666666666668e-05,1.7163846153846132e-05,1.6740294117647052e-05
244,1.762e-05,1544925600,1.762e-05,1.722e-05,1.722e-05,433.03018153,0.00753209,1.739e-05,0.026176583333334103,0.07753013692307856,0.29065714647058843,1.723000000000001e-05,1.7151538461538438e-05,1.67585294117647e-05
245,1.713e-05,1544932800,1.816e-05,1.713e-05,1.724e-05,2745.74836905,0.04748373,1.729e-05,0.02270038000000077,0.07311947230769394,0.27695822558823546,1.7323333333333344e-05,1.71730769230769e-05,1.6766470588235285e-05
246,1.729e-05,1544940000,1.731e-05,1.712e-05,1.713e-05,10007.28672976,0.17255278,1.724e-05,0.07585620000000076,0.08299985461538625,0.26777642176470606,1.7346666666666675e-05,1.722076923076921e-05,1.6782058823529404e-05
247,1.7e-05,1544947200,1.729e-05,1.7e-05,1.729e-05,799.16919869,0.01376797,1.722e-05,0.07793482666666743,0.08280068846154008,0.2540595779411767,1.7140000000000012e-05,1.7237692307692285e-05,1.6796764705882343e-05
248,1.654e-05,1544954400,1.703e-05,1.647e-05,1.7e-05,20493.09903457,0.34198647,1.668e-05,0.17610240666666743,0.10858870461538624,0.23599632676470605,1.6943333333333344e-05,1.7210769230769207e-05,1.6803823529411756e-05
249,1.644e-05,1544961600,1.675e-05,1.629e-05,1.674e-05,59840.91922403,0.98545029,1.646e-05,0.4470682433333341,0.18396548384615544,0.24881211029411782,1.666000000000001e-05,1.719230769230767e-05,1.6813235294117635e-05
250,1.629e-05,1544968800,1.65e-05,1.617e-05,1.649e-05,16294.36545788,0.26739171,1.641e-05,0.5316094900000008,0.20426678769230927,0.24504435088235313,1.6423333333333343e-05,1.7142307692307667e-05,1.682147058823528e-05
251,1.644e-05,1544976000,1.644e-05,1.639e-05,1.639e-05,1111.39493424,0.01822093,1.639e-05,0.42368764333333414,0.20200566076923238,0.22803838852941194,1.6390000000000007e-05,1.710538461538459e-05,1.6828529411764694e-05
