,close,date,high,low,open,quoteVolume,volume,weightedAverage,avg_vol_3,avg_vol_13,avg_vol_34,avg_close_3,avg_close_13,avg_close_34
0,0.00062979,1552914661,0.00062979,0.00062979,0.00062979,0.0,0.0,0.00062979,-99999.0,-99999.0,-99999.0,-99999.0,-99999.0,-99999.0
1,0.00062979,1552917600,0.0006358,0.00062979,0.00062979,9.81481063,0.00621806,0.00063353,-99999.0,-99999.0,-99999.0,-99999.0,-99999.0,-99999.0
2,0.00063578,1552924800,0.00063578,0.00063578,0.00063578,0.37373591,0.00023761,0.00063578,0.00215189,-99999.0,-99999.0,0.0006317866666666667,-99999.0,-99999.0
3,0.00063578,1552932000,0.00063578,0.00063578,0.00063578,0.0,0.0,0.00063578,0.00215189,-99999.0,-99999.0,0.0006337833333333333,-99999.0,-99999.0
4,0.00063,1552939200,0.00063556,0.00063,0.00063556,10.92816722,0.0068859,0.0006301,0.0023745033333333336,-99999.0,-99999.0,0.0006338533333333334,-99999.0,-99999.0
5,0.00063,1552946400,0.00063,0.00063,0.00063,0.0,0.0,0.00063,0.0022953,-99999.0,-99999.0,0.0006319266666666667,-99999.0,-99999.0
6,0.00063,1552953600,0.00063559,0.00063,0.00063559,3.78050185,0.00240121,0.00063515,0.0030957033333333336,-99999.0,-99999.0,0.00063,-99999.0,-99999.0
7,0.00063776,1552960800,0.00064241,0.00063258,0.0006356,85.71589583,0.05487734,0.00064022,0.019092849999999998,-99999.0,-99999.0,0.0006325866666666668,-99999.0,-99999.0
8,0.00063773,1552968000,0.00063773,0.00063773,0.00063773,0.19202197,0.00012245,0.00063773,0.019133666666666667,-99999.0,-99999.0,0.0006351633333333335,-99999.0,-99999.0
9,0.00063773,1552975200,0.00063773,0.00063773,0.00063773,0.0,0.0,0.00063773,0.018333263333333332,-99999.0,-99999.0,0.0006377400000000002,-99999.0,-99999.0
10,0.00064075,1552982400,0.00064081,0.00063773,0.00063773,87.32552271,0.05594014,0.00064059,0.018687529999999997,-99999.0,-99999.0,0.000638736666666667,-99999.0,-99999.0
11,0.00063725,1552989600,0.00064081,0.00063725,0.00064081,41.42873277,0.02653568,0.00064051,0.027491940000000003,-99999.0,-99999.0,0.0006385766666666669,-99999.0,-99999.0
12,0.00063725,1552996800,0.00064044,0.00063725,0.00064044,47.69531262,0.03052231,0.00063994,0.037666043333333336,0.014133899999999998,-99999.0,0.0006384166666666669,0.0006345853846153846,-99999.0
13,0.00063515,1553004000,0.00064002,0.00063515,0.00064002,0.9465023,0.00060484,0.00063903,0.019220943333333334,0.014180426153846152,-99999.0,0.0006365500000000003,0.0006349976923076922,-99999.0
14,0.00064021,1553011200,0.00064431,0.00063857,0.00063857,63.01564736,0.04049995,0.00064269,0.0238757,0.016817494615384614,-99999.0,0.000637536666666667,0.0006357992307692307,-99999.0
15,0.0006388,1553018400,0.00064363,0.0006388,0.00064363,9.35944279,0.00599287,0.0006403,0.01569922,0.017260206923076924,-99999.0,0.0006380533333333337,0.0006360315384615384,-99999.0
16,0.00064021,1553025600,0.00064431,0.00062946,0.0006388,109.20596355,0.06991801,0.00064023,0.03880361,0.022638515384615383,-99999.0,0.0006397400000000003,0.0006363723076923076,-99999.0
17,0.00064021,1553032800,0.00064021,0.00064021,0.00064021,0.44271115,0.00028342,0.00064021,0.025398100000000007,0.022130632307692303,-99999.0,0.0006397400000000003,0.0006371576923076921,-99999.0
18,0.0006415,1553040000,0.0006415,0.00063725,0.00064021,6.56505672,0.00419857,0.00063953,0.024800000000000006,0.022453599230769228,-99999.0,0.0006406400000000004,0.0006380423076923075,-99999.0
19,0.00063725,1553047200,0.00063725,0.00063725,0.00063725,0.32470513,0.00020691,0.00063725,0.0015629666666666746,0.02228480692307692,-99999.0,0.0006396533333333337,0.0006385999999999998,-99999.0
20,0.0006415,1553054400,0.0006415,0.00063981,0.00063981,0.83899642,0.0005375,0.00064065,0.0016476600000000076,0.01810481923076923,-99999.0,0.0006400833333333338,0.0006388876923076922,-99999.0
21,0.0006415,1553061600,0.0006415,0.00064118,0.00064118,0.81356568,0.00052169,0.00064124,0.00042203333333334085,0.01813553,-99999.0,0.0006400833333333338,0.0006391776923076922,-99999.0
22,0.00064052,1553068800,0.00064187,0.00063515,0.00064119,10.42503298,0.00664855,0.00063774,0.0025692466666666744,0.018646956923076923,-99999.0,0.0006411733333333338,0.0006393923076923076,-99999.0
23,0.00062701,1553076000,0.00064118,0.0006201,0.00064052,149.63696821,0.09353585,0.00062508,0.033568696666666675,0.02153893461538461,-99999.0,0.0006363433333333337,0.0006383353846153845,-99999.0
24,0.00065325,1553083200,0.00065326,0.00062701,0.00062701,316.44434432,0.20403688,0.00064477,0.10140709333333335,0.03519287307692307,-99999.0,0.0006402600000000002,0.0006395661538461537,-99999.0
25,0.00064493,1553090400,0.00064885,0.00064492,0.00064636,14.60784854,0.00943768,0.00064606,0.10233680333333335,0.033570978461538455,-99999.0,0.0006417300000000004,0.0006401569230769229,-99999.0
26,0.00065103,1553097600,0.00065103,0.00064493,0.00064493,4.21893185,0.0027354,0.00064836,0.07206998666666668,0.033734867692307685,-99999.0,0.000649736666666667,0.0006413784615384615,-99999.0
27,0.0006598,1553104800,0.0006598,0.00065103,0.00065103,129.09145133,0.08487785,0.0006575,0.03235031000000002,0.037148552307692304,-99999.0,0.0006519200000000003,0.0006428853846153845,-99999.0
28,0.0006533,1553112000,0.00065389,0.0006533,0.00065388,7.56045266,0.00494104,0.00065353,0.030851430000000016,0.03706764230769231,-99999.0,0.0006547100000000002,0.0006440007692307692,-99999.0
29,0.00065981,1553119200,0.00065981,0.0006531,0.0006531,208.20444077,0.13680863,0.00065708,0.07554250666666668,0.04221307461538462,-99999.0,0.0006576366666666669,0.0006455084615384615,-99999.0
30,0.00065388,1553126400,0.00065388,0.00065388,0.00065388,0.1767485,0.00011557,0.00065388,0.04728841333333334,0.04220016307692308,-99999.0,0.0006556633333333336,0.0006465599999999999,-99999.0
31,0.00063638,1553133600,0.00065376,0.00063349,0.00065376,123.74567238,0.07922283,0.0006402,0.07204901000000001,0.047971259999999995,-99999.0,0.0006500233333333336,0.0006461661538461539,-99999.0
32,0.00064072,1553140800,0.00064072,0.00063638,0.00063638,93.42033565,0.05947115,0.00063659,0.04626985000000002,0.052530047692307694,-99999.0,0.0006436600000000002,0.0006464330769230769,-99999.0
33,0.00063638,1553148000,0.00064072,0.00063638,0.00063638,6.48449585,0.00413024,0.00063694,0.047608073333333355,0.052806412307692306,0.029190180294117647,0.0006378266666666669,0.0006460392307692309,0.0006400867647058823
34,0.00064505,1553155200,0.00065416,0.00064072,0.00064072,52.45336827,0.03386745,0.00064566,0.032489613333333354,0.05537147076923077,0.03018628176470588,0.0006407166666666669,0.0006463123076923077,0.000640535588235294
35,0.00064095,1553162400,0.00064939,0.00064095,0.00064939,17.18176554,0.01105644,0.00064349,0.016351376666666684,0.05571053923076923,0.03032858705882353,0.0006407933333333337,0.0006463453846153847,0.0006408638235294116
36,0.00064095,1553169600,0.00064529,0.00064095,0.00064529,9.11582611,0.00584784,0.0006415,0.016923910000000018,0.0489653076923077,0.030493593823529407,0.000642316666666667,0.0006474176923076923,0.0006410158823529411
37,0.00063345,1553176800,0.00063881,0.00063345,0.00063881,79.90975256,0.05079709,0.00063568,0.022567123333333355,0.03717763153846154,0.03198762588235294,0.0006384500000000004,0.0006458946153846154,0.0006409473529411765
38,0.00063758,1553184000,0.00063758,0.00063359,0.0006363,0.94341893,0.00060081,0.00063684,0.019081913333333353,0.03649787230769231,0.03180277029411765,0.000637326666666667,0.0006453292307692308,0.0006411702941176471
39,0.0006377,1553191200,0.0006377,0.00063758,0.00063758,3.8681496,0.00246666,0.00063768,0.017954853333333354,0.0364772,0.03187531911764706,0.0006362433333333338,0.0006443038461538461,0.0006413967647058824
40,0.0006407,1553198400,0.0006407,0.00063349,0.0006377,20.7652221,0.01328159,0.0006396,0.005449686666666685,0.030969795384615393,0.03219533029411765,0.0006386600000000004,0.0006428346153846153,0.0006417114705882355
41,0.0006407,1553205600,0.0006407,0.00063349,0.00063349,0.35661084,0.00022716,0.000637,0.005325136666666685,0.030607189230769237,0.03058797205882353,0.0006397000000000004,0.0006418653846153844,0.0006417979411764707
42,0.00063637,1553212800,0.00064529,0.00063353,0.0006407,75.12925147,0.04797946,0.00063862,0.020496070000000016,0.023774176153846163,0.03199553117647059,0.0006392566666666671,0.0006400623076923076,0.0006417579411764707
43,0.00065004,1553220000,0.00065004,0.00064105,0.00064105,93.91786226,0.06048703,0.00064404,0.036231216666666684,0.028418134615384623,0.03377456147058824,0.0006423700000000003,0.0006397669230769228,0.0006421200000000003
44,0.0006447,1553227200,0.00064531,0.0006447,0.00064531,1.96419526,0.00126682,0.00064495,0.036577770000000016,0.02242151846153847,0.032166522647058826,0.0006437033333333335,0.0006404069230769228,0.0006422361764705885
45,0.00065431,1553234400,0.00065981,0.00064332,0.0006447,120.14337233,0.07899345,0.00065749,0.046915766666666685,0.023923233846153854,0.03370939823529412,0.0006496833333333336,0.0006414523076923074,0.000642737941176471
46,0.00065295,1553241600,0.00066,0.00064905,0.00065431,10.25437929,0.00672379,0.00065569,0.028994686666666686,0.0241227376923077,0.033009441764705875,0.0006506533333333335,0.0006427269230769227,0.0006431997058823533
47,0.00065396,1553248800,0.00065396,0.00064905,0.00065295,3.30194818,0.00215176,0.00065166,0.029289666666666686,0.021683069230769236,0.0330549394117647,0.0006537400000000002,0.0006434123076923074,0.0006437529411764709
48,0.00064939,1553256000,0.00065396,0.0006447,0.00064939,38.78578241,0.02507031,0.00064637,0.011315286666666683,0.022761059230769234,0.03260112647058823,0.0006521000000000002,0.0006440615384615382,0.0006440229411764709
49,0.00064905,1553263200,0.00064939,0.00064905,0.00064939,0.37715363,0.00024486,0.00064923,0.00915564333333335,0.022330060769230775,0.03243206735294117,0.0006508000000000002,0.0006446846153846151,0.0006443244117647063
50,0.00065395,1553270400,0.00066,0.00065295,0.00065374,189.42944962,0.12445329,0.00065699,0.049922820000000014,0.027995922307692316,0.034036046176470575,0.000650796666666667,0.0006462615384615381,0.0006447285294117651
51,0.00065431,1553277600,0.00065999,0.00065431,0.00065764,56.80962987,0.03725382,0.00065576,0.053983990000000016,0.03081538461538462,0.035123410882352935,0.0006524366666666669,0.0006475484615384613,0.000645143235294118
52,0.00065433,1553284800,0.00066,0.00065433,0.00065845,104.71813038,0.06911133,0.00065997,0.07693948000000002,0.0359418976923077,0.03703260970588235,0.0006541966666666669,0.000648827692307692,0.0006455205882352946
53,0.00065396,1553292000,0.00065999,0.00064939,0.00065845,4.4979118,0.00293868,0.00065334,0.03643461000000001,0.03514628923076924,0.03711295588235293,0.0006542000000000002,0.0006498476923076921,0.0006460120588235299
54,0.00065396,1553299200,0.00065416,0.00065396,0.00065416,2.66525474,0.001743,0.00065397,0.024597670000000016,0.03526289230769231,0.037148411764705874,0.0006540833333333334,0.0006508676923076921,0.000646378529411765
55,0.00065396,1553306400,0.00065396,0.00065396,0.00065396,1.60541426,0.00104987,0.00065396,0.0019105166666666812,0.031652923846153855,0.037163946470588224,0.0006539600000000002,0.000652220769230769,0.0006467450000000003
56,0.00065004,1553313600,0.00065004,0.00065004,0.00065004,8.20391912,0.00533287,0.00065004,0.0027085800000000147,0.027410296153846162,0.037125249999999985,0.0006526533333333335,0.000652220769230769,0.0006470250000000004
57,0.00065951,1553320800,0.000667,0.00065396,0.00065396,750.63059734,0.49718343,0.00066235,0.16785538999999997,0.06555772769230771,0.04899723764705881,0.0006545033333333334,0.0006533599999999999,0.0006479808823529415
58,0.00066136,1553328000,0.00067723,0.00065874,0.00065951,1025.29591411,0.68459615,0.0006677,0.39570415000000003,0.11214255076923077,0.0631313338235294,0.0006569700000000002,0.0006539023076923075,0.0006482194117647062
59,0.00065874,1553335200,0.00066366,0.00065874,0.00066343,3.79421408,0.002511,0.00066179,0.3947635266666667,0.11181849,0.06292760794117645,0.0006598700000000002,0.0006543476923076922,0.0006486255882352946
60,0.00065874,1553342400,0.00066137,0.0006566,0.00066137,8.17630388,0.00537755,0.00065769,0.23082823333333335,0.11206662769230769,0.0630053182352941,0.0006596133333333336,0.0006547153846153844,0.0006488523529411769
61,0.00065757,1553349600,0.00065874,0.00065495,0.0006566,14.74964436,0.0096926,0.00065714,0.0058603833333333855,0.11088372692307691,0.06079398735294116,0.0006583500000000003,0.0006553446153846152,0.0006487867647058829
62,0.00065756,1553356800,0.00065756,0.00065756,0.00065756,1.12826693,0.0007419,0.00065756,0.005270683333333386,0.11092196076923075,0.06067048323529411,0.0006579566666666668,0.0006559992307692305,0.00064891205882353
63,0.00065494,1553364000,0.00065495,0.00065494,0.00065495,0.59743659,0.00039128,0.00065494,0.003608593333333386,0.10137872923076922,0.05665820823529411,0.0006566900000000001,0.0006560753846153844,0.0006487688235294123
64,0.00064658,1553371200,0.00065494,0.00064392,0.00065494,99.51535013,0.06422585,0.00064538,0.02178634333333339,0.10345350076923075,0.058543804705882344,0.0006530266666666668,0.0006554807692307691,0.0006485541176470594
65,0.00064657,1553378400,0.00064657,0.00064657,0.00064657,0.15497162,0.0001002,0.00064657,0.021572443333333385,0.0981449523076923,0.05621666852941176,0.0006493633333333334,0.0006548838461538459,0.0006488538235294123
66,0.00064689,1553385600,0.00064689,0.00064689,0.00064689,0.31981541,0.00020688,0.00064689,0.021510976666666723,0.09793481384615384,0.05447360176470588,0.0006466800000000001,0.0006543399999999998,0.0006490352941176476
67,0.00065354,1553392800,0.00065634,0.00064494,0.0006455,161.36377459,0.10466331,0.00064861,0.03499013000000006,0.10585176076923077,0.05743045676470587,0.000649,0.000654307692307692,0.0006495400000000006
68,0.000645,1553400000,0.00065412,0.000645,0.00065095,65.62865065,0.04235637,0.00064539,0.04907552000000006,0.10902918384615384,0.05768013088235294,0.0006484766666666666,0.0006536184615384612,0.0006495385294117653
69,0.000645,1553407200,0.000645,0.000645,0.000645,12.52139419,0.00807629,0.000645,0.051698656666666724,0.10924021615384616,0.0575924794117647,0.0006478466666666665,0.0006532307692307689,0.000649657647058824
70,0.00064494,1553414400,0.00064501,0.00064494,0.00064501,92.70723878,0.0597919,0.00064495,0.03674152000000006,0.07559471384615385,0.059179069411764706,0.0006449799999999998,0.0006521099999999997,0.0006497750000000005
71,0.00065004,1553421600,0.00065004,0.00064494,0.00064494,2.91877969,0.00189037,0.00064765,0.023252853333333396,0.02307888461538463,0.057740636470588226,0.0006466599999999997,0.0006512392307692304,0.0006502629411764712
72,0.0006511,1553428800,0.0006511,0.0006511,0.0006511,0.16899016,0.00011002,0.0006511,0.020597430000000066,0.02289419384615386,0.057726201470588226,0.0006486933333333331,0.0006506515384615381,0.0006506605882352947
73,0.00065077,1553436000,0.00065077,0.00065077,0.00065077,1.2843745,0.00083583,0.00065077,0.0009454066666667293,0.02254483076923078,0.057678235882352935,0.0006506366666666664,0.0006500384615384612,0.0006510450000000005
74,0.00064603,1553443200,0.00064603,0.00064603,0.00064603,0.17032591,0.00011003,0.00064603,0.0003519600000000626,0.02180771000000001,0.05729083705882352,0.0006492999999999999,0.000649150769230769,0.0006512017647058828
75,0.0006452,1553450400,0.0006452,0.0006452,0.0006452,1.56559004,0.00101011,0.0006452,0.0006519900000000626,0.021828341538461547,0.05731386499999999,0.0006473333333333332,0.0006481999999999998,0.0006513341176470592
76,0.0006452,1553457600,0.0006452,0.0006452,0.0006452,0.38984181,0.00025152,0.0006452,0.00045722000000006255,0.02181759076923078,0.05591010205882352,0.0006454766666666665,0.0006474507692307691,0.0006515938235294121
77,0.00065293,1553464800,0.00065293,0.0006452,0.0006452,21.32001203,0.01376356,0.00064557,0.005008396666666729,0.017935876153846165,0.05453588235294116,0.0006477766666666665,0.0006479392307692305,0.000651678823529412
78,0.00064772,1553472000,0.00065293,0.00064519,0.0006486,43.86573719,0.02862083,0.00065246,0.014211970000000062,0.02012977076923078,0.055340412058823514,0.0006486166666666666,0.000648027692307692,0.0006517676470588238
79,0.00064915,1553479200,0.00065412,0.00064915,0.00065205,0.87820358,0.00057251,0.00065191,0.01431896666666673,0.020157896153846167,0.0530339138235294,0.0006499333333333334,0.000648201538461538,0.0006516158823529415
80,0.00064915,1553486400,0.00064915,0.00064915,0.00064915,0.0,0.0,0.00064915,0.009731113333333395,0.012106872307692319,0.052836155294117636,0.0006486733333333334,0.0006478638461538457,0.0006515041176470592
81,0.00065409,1553493600,0.00065409,0.00065409,0.00065409,0.33169016,0.00021695,0.00065409,0.00026315333333339536,0.008865378461538473,0.052779249117647045,0.0006507966666666667,0.0006485630769230764,0.000651507941176471
82,0.0006413,1553500800,0.00064915,0.0006413,0.00064915,127.62559221,0.08211219,0.00064338,0.02744304666666673,0.014560447692307705,0.05445695147058822,0.00064818,0.0006482784615384611,0.0006512700000000005
83,0.00064049,1553508000,0.0006413,0.00064049,0.0006413,201.5525598,0.12925517,0.00064129,0.0705281033333334,0.019903776153846163,0.05825137235294116,0.0006452933333333333,0.0006479361538461534,0.0006510182352941181
84,0.00064049,1553515200,0.0006413,0.00064049,0.00064068,6.91202276,0.00442857,0.0006407,0.07193197666666673,0.02009902230769232,0.05472123352941175,0.0006407599999999999,0.0006472015384615381,0.0006506223529411769
85,0.0006413,1553522400,0.0006413,0.00064049,0.0006405,1.72845117,0.00110776,0.00064089,0.04493050000000007,0.020175771538461555,0.05365811411764704,0.0006407599999999999,0.0006464476923076918,0.0006502397058823534
86,0.00064049,1553529600,0.00064068,0.00064049,0.00064049,0.96180007,0.00061606,0.00064053,0.002050796666666734,0.02015886615384617,0.05164354735294116,0.0006407599999999999,0.0006456569230769226,0.0006498326470588239
87,0.00064049,1553536800,0.00064049,0.00064049,0.00064049,0.58959334,0.00037762,0.00064049,0.0007004800000000675,0.02017945000000002,0.05156822205882352,0.0006407599999999999,0.0006452307692307688,0.0006494364705882357
88,0.00064049,1553544000,0.00064049,0.00064049,0.00064049,0.0,0.0,0.00064049,0.0003312266666667342,0.020101749230769246,0.051516957352941165,0.00064049,0.0006448684615384611,0.0006490402941176476
89,0.00064049,1553551200,0.0006413,0.00064049,0.0006413,79.19851884,0.05078984,0.00064129,0.01705582000000007,0.023989312307692322,0.052979897647058814,0.00064049,0.0006445061538461535,0.0006486441176470594
90,0.0006413,1553558400,0.0006413,0.00064049,0.00064049,5.68962986,0.00364741,0.00064106,0.018145750000000068,0.02321114692307694,0.05293032529411763,0.0006407599999999999,0.000643611538461538,0.00064838705882353
91,0.0006413,1553565600,0.0006413,0.0006413,0.0006413,0.0,0.0,0.0006413,0.018145750000000068,0.02100954461538463,0.03830728323529411,0.0006410299999999999,0.000643117692307692,0.0006478514705882359
92,0.0006413,1553572800,0.0006413,0.00064049,0.0006413,103.16817845,0.06616123,0.00064129,0.023269546666666734,0.026054830769230784,0.020118020882352934,0.0006412999999999999,0.0006425138461538458,0.0006472614705882359
93,0.00064049,1553580000,0.00064049,0.00064049,0.00064049,0.80906771,0.00051819,0.00064049,0.0222264733333334,0.026094691538461553,0.0200594088235294,0.0006410299999999999,0.000641847692307692,0.0006467247058823535
94,0.0006413,1553587200,0.0006413,0.00064049,0.00064049,26.73596549,0.0171455,0.00064129,0.027941640000000063,0.027396887692307706,0.020405524999999994,0.0006410299999999999,0.0006408638461538461,0.000646211764705883
95,0.00064049,1553594400,0.0006413,0.00064049,0.0006413,41.01785335,0.02627167,0.00064049,0.014645120000000062,0.023101463076923092,0.020893144705882345,0.0006407599999999999,0.0006408015384615384,0.0006457094117647065
96,0.00063888,1553601600,0.00063943,0.00063888,0.00063943,2.76244836,0.00176505,0.00063894,0.01506074000000006,0.013294530769230786,0.02092323735294117,0.0006402233333333333,0.0006406776923076921,0.0006451600000000006
97,0.000635,1553608800,0.00064049,0.000635,0.00064049,117.17826026,0.07445736,0.00063541,0.03416469333333339,0.018681360769230784,0.02310165147058823,0.0006381233333333333,0.0006402553846153844,0.0006445735294117654
98,0.00064125,1553616000,0.00064125,0.00063383,0.00063492,39.4397295,0.02504802,0.00063509,0.03375681000000006,0.020522919230769245,0.02194936235294117,0.0006383766666666666,0.0006402515384615383,0.0006444167647058829
99,0.00064125,1553623200,0.00064125,0.00064125,0.00064125,30.78325707,0.01973976,0.00064125,0.03974838000000006,0.021993973076923093,0.02252699647058823,0.0006391666666666665,0.0006403099999999997,0.0006442602941176477
100,0.00064125,1553630400,0.00064125,0.00064125,0.00064125,0.0,0.0,0.00064125,0.01492926000000006,0.0219649253846154,0.022520911764705873,0.0006412499999999998,0.0006403684615384612,0.0006440944117647064
101,0.0006413,1553637600,0.0006413,0.00064129,0.00064129,15.27006082,0.00979268,0.00064129,0.009844146666666725,0.022718208461538474,0.01973059911764705,0.0006412666666666665,0.0006404307692307689,0.0006437344117647065
102,0.00064125,1553644800,0.0006413,0.00064125,0.0006413,1.21612943,0.00077989,0.00064129,0.003524190000000059,0.018871289230769243,0.018507761470588226,0.0006412666666666665,0.0006404892307692304,0.0006436241176470594
103,0.0006413,1553652000,0.0006413,0.0006413,0.0006413,0.30010028,0.00019245,0.0006413,0.003588340000000059,0.01860552307692309,0.018275883823529404,0.0006412833333333331,0.0006404892307692304,0.0006435152941176477
104,0.00064125,1553659200,0.00064125,0.00064125,0.00064125,0.63256057,0.00040562,0.00064125,0.0004593200000000593,0.01863672461538463,0.016529228529411757,0.0006412666666666665,0.0006404853846153841,0.0006434067647058829
105,0.00064125,1553666400,0.0006413,0.00064125,0.0006413,2.27851777,0.00146114,0.00064127,0.0006864033333333926,0.013659794615384632,0.01651660411764705,0.0006412666666666665,0.0006404815384615378,0.0006431482352941181
106,0.00063966,1553673600,0.00064125,0.00063966,0.00064125,210.15731967,0.13476089,0.00064123,0.04554255000000005,0.023986156153846173,0.020476923823529402,0.0006407199999999997,0.0006404176923076916,0.0006428117647058829
107,0.00063293,1553680800,0.00064129,0.00062846,0.00064129,207.12260993,0.1304341,0.00062974,0.08888537666666672,0.03270066384615387,0.024288637647058815,0.0006379466666666663,0.0006397738461538454,0.00064228705882353
108,0.00063559,1553688000,0.00063566,0.00062963,0.00063293,133.10484334,0.08413735,0.00063211,0.11644411333333338,0.03715187000000002,0.026760029411764696,0.0006360599999999998,0.0006393969230769224,0.0006419800000000005
109,0.00063109,1553695200,0.00063558,0.0006283,0.00063557,143.72919773,0.09084076,0.00063202,0.10180407000000007,0.0440038476923077,0.02940210735294117,0.0006332033333333331,0.0006387976923076915,0.0006415650000000006
110,0.00063023,1553702400,0.00063293,0.00062701,0.00063104,13.39131935,0.00841854,0.00062865,0.06113221666666672,0.03892393846153847,0.02964231382352941,0.0006323033333333331,0.0006384307692307684,0.0006411247058823535
111,0.00063177,1553709600,0.00063553,0.00062605,0.00063294,48.89343588,0.03071853,0.00062827,0.04332594333333339,0.03936013153846155,0.030140989411764706,0.0006310299999999998,0.0006377015384615378,0.0006405023529411771
112,0.00064296,1553716800,0.00064298,0.00063294,0.00063294,412.25854766,0.26428086,0.00064105,0.10113931000000004,0.058170985384615397,0.03707216676470588,0.0006349866666666665,0.0006378330769230763,0.0006403623529411772
113,0.00064103,1553724000,0.00064296,0.00063692,0.00064296,2.16977725,0.0013849,0.00063826,0.09879476333333338,0.058277516153846166,0.03709606058823529,0.0006385866666666664,0.0006378161538461533,0.0006401235294117653
114,0.00063694,1553731200,0.00064186,0.00063693,0.00064186,2.12618342,0.00135854,0.00063896,0.08900810000000005,0.057628736153846165,0.03713601764705882,0.0006403099999999997,0.0006374807692307687,0.0006397644117647064
115,0.000637,1553738400,0.00064185,0.000637,0.00064185,4.40829217,0.0028095,0.00063732,0.0018509800000000576,0.057784860000000014,0.03721226911764705,0.0006383233333333329,0.0006371538461538457,0.0006392617647058829
116,0.00063616,1553745600,0.00064319,0.00063616,0.00063701,410.70835648,0.26349583,0.00064156,0.08922129000000005,0.07803896615384617,0.04254708205882353,0.0006366999999999996,0.0006367584615384612,0.0006391105882352947
117,0.00063295,1553752800,0.0006419,0.00063295,0.0006404,152.17559717,0.09713287,0.00063829,0.1211460666666667,0.08547952384615387,0.04160230852941177,0.0006353699999999997,0.0006361199999999997,0.0006388888235294123
118,0.00063557,1553760000,0.00063765,0.0006311,0.00063765,53.3941977,0.03378016,0.00063265,0.13146962000000004,0.08796560230769233,0.0424655905882353,0.0006348933333333331,0.0006356830769230766,0.0006387441176470593
119,0.00063765,1553767200,0.00063765,0.00063557,0.00063557,7.9276792,0.00504753,0.00063669,0.045320186666666706,0.07798765153846157,0.042581466176470587,0.0006353899999999998,0.0006355284615384612,0.0006386367647058828
120,0.00063901,1553774400,0.00063901,0.00063755,0.00063755,1.7881516,0.00114099,0.00063808,0.013322893333333377,0.06804202769230772,0.042596905294117644,0.0006374099999999998,0.0006359961538461536,0.0006385932352941181
121,0.00063942,1553781600,0.00063942,0.00063901,0.00063901,1.02618657,0.00065581,0.00063907,0.002281443333333378,0.0616203707692308,0.04260508735294117,0.0006386933333333331,0.0006362907692307689,0.0006385617647058828
122,0.00064392,1553788800,0.00064392,0.00063901,0.00063968,795.18604512,0.51172329,0.00064352,0.1711733633333334,0.09399595000000004,0.05765577235294117,0.0006407833333333331,0.0006372776923076919,0.000638662647058824
123,0.00064297,1553796000,0.00064392,0.00062857,0.00063901,278.47445486,0.17847122,0.00064088,0.2302834400000001,0.10707692538461541,0.06141110705882352,0.0006421033333333331,0.0006382576923076918,0.0006387355882352944
124,0.00064297,1553803200,0.00064297,0.00064297,0.00064297,25.88521051,0.01664341,0.00064297,0.23561264000000007,0.10599422384615388,0.06179334235294116,0.0006432866666666665,0.0006391192307692302,0.0006387847058823533
125,0.00063654,1553810400,0.00064298,0.00063654,0.00064287,3.89991978,0.00249286,0.00063921,0.06586916333333341,0.08585668538461542,0.06186666176470586,0.0006408266666666665,0.000638625384615384,0.0006386447058823533
126,0.00064392,1553817600,0.00064392,0.00063654,0.00063654,58.9047409,0.03789728,0.00064336,0.019011183333333403,0.08866533000000004,0.06103536911764704,0.0006411433333333331,0.0006388476923076916,0.0006387217647058827
127,0.00064392,1553824800,0.00064392,0.00064392,0.00064392,12.29632447,0.00791784,0.00064392,0.01610266000000007,0.08916989153846157,0.06125300588235292,0.0006414599999999998,0.0006393846153846146,0.0006388226470588238
128,0.00064615,1553832000,0.00064615,0.00063943,0.00063943,18.47908528,0.01192056,0.00064508,0.019245226666666736,0.08987074230769235,0.061099331176470574,0.000644663333333333,0.0006400884615384607,0.0006389652941176474
129,0.00064915,1553839200,0.00064915,0.00064598,0.00064598,55.43255432,0.03592631,0.0006481,0.018588236666666737,0.07236539461538466,0.061383291176470574,0.0006464066666666664,0.0006410876923076914,0.0006392200000000002
130,0.00064965,1553846400,0.00064965,0.00064598,0.00064915,99.36480472,0.06420132,0.00064611,0.03734939666666674,0.0698321984615385,0.06321965205882352,0.0006483166666666663,0.0006423723076923067,0.0006395367647058826
131,0.00065113,1553853600,0.00065634,0.00064598,0.00064965,66.52334587,0.04329057,0.00065075,0.04780606666666675,0.0705637684615385,0.062302981764705875,0.0006499766666666663,0.0006435692307692298,0.0006400111764705885
132,0.00063942,1553860800,0.00065113,0.00063942,0.00065113,76.77909843,0.049591,0.00064589,0.05236096333333342,0.07399018923076928,0.06302483411764705,0.000646733333333333,0.0006437053846153837,0.0006399573529411769
133,0.00064645,1553868000,0.00064992,0.00064006,0.0006426,44.48947723,0.02875077,0.00064623,0.040544113333333416,0.07611401846153851,0.0632898638235294,0.0006456666666666664,0.0006442776923076913,0.0006401102941176474
134,0.00064645,1553875200,0.00065634,0.00064645,0.00064803,64.82075536,0.04220348,0.00065107,0.04018175000000008,0.07930999307692313,0.06453114264705881,0.0006441066666666664,0.0006448184615384605,0.000640263235294118
135,0.00065318,1553882400,0.00065319,0.00064645,0.0006506,13.37924383,0.00872303,0.00065198,0.026559093333333412,0.040617665384615434,0.06449968235294117,0.0006486933333333331,0.0006455307692307682,0.0006406126470588239
136,0.00065048,1553889600,0.00065673,0.00065048,0.00065316,82.17649561,0.05378819,0.00065454,0.034904900000000086,0.031026663076923127,0.06605874999999999,0.0006500366666666665,0.0006461084615384606,0.0006408841176470592
137,0.00065403,1553896800,0.00065517,0.00065048,0.00065403,4.07646543,0.00266656,0.00065413,0.021725926666666753,0.029951520769230817,0.06613151794117646,0.0006525633333333333,0.0006469592307692298,0.000641258529411765
138,0.00065403,1553904000,0.00065694,0.00065403,0.00065403,166.95681436,0.10957258,0.00065629,0.05534244333333343,0.03818842230769236,0.06934231088235293,0.0006528466666666666,0.0006483046153846144,0.0006416344117647062
139,0.00065403,1553911200,0.00065468,0.00065403,0.00065403,50.25005025,0.0328731,0.00065419,0.04837074666666676,0.03780194692307698,0.07026619205882353,0.0006540299999999999,0.0006490823076923068,0.0006420102941176474
140,0.00064998,1553918400,0.00065403,0.00064933,0.00065403,39.44534318,0.02572155,0.00065208,0.05605574333333343,0.03917146307692314,0.06705915264705883,0.00065268,0.0006495484615384607,0.0006423138235294121
141,0.00064228,1553925600,0.00065193,0.00064228,0.00064998,72.54266197,0.04690478,0.00064658,0.03516647666666676,0.041862556923076985,0.06460240794117648,0.0006487633333333333,0.0006492507692307684,0.000642588823529412
142,0.00064485,1553932800,0.00064868,0.00064228,0.00064636,54.40048409,0.03503644,0.00064404,0.035887590000000094,0.04179410538461545,0.06315826352941178,0.0006457033333333332,0.0006489199999999992,0.0006428611764705886
143,0.00064425,1553940000,0.00064425,0.00064168,0.00064228,8.66989028,0.00556809,0.00064223,0.029169770000000095,0.037283856923076994,0.06065024382352943,0.0006437933333333332,0.0006485046153846147,0.0006432482352941179
144,0.00067293,1553947200,0.00067294,0.00064167,0.00064167,1263.87758055,0.83199183,0.00065828,0.2908654533333334,0.09795318461538469,0.08487298764705885,0.0006540099999999999,0.0006501815384615378,0.000644504117647059
145,0.00065284,1553954400,0.00067696,0.00065038,0.00067293,678.94696061,0.45203199,0.00066578,0.42986397000000004,0.1289101838461539,0.09726456000000003,0.0006566733333333331,0.0006512138461538455,0.0006451238235294119
146,0.00065638,1553961600,0.00066275,0.00065225,0.00065284,175.73920852,0.11587535,0.00065935,0.46663305666666677,0.1356120746153847,0.09289969205882355,0.0006607166666666664,0.0006519776923076917,0.0006455185294117648
147,0.00065845,1553968800,0.00065845,0.00065638,0.00065638,3.85718436,0.0025332,0.00065675,0.19014684666666679,0.1325605146153847,0.09293346558823531,0.0006558899999999998,0.0006529007692307686,0.0006460308823529414
148,0.00066724,1553976000,0.00067299,0.00065465,0.00065465,36.72608447,0.02437576,0.00066371,0.0475947700000001,0.13376457076923084,0.09361044264705884,0.0006606899999999998,0.0006539823076923071,0.0006469220588235297
149,0.000689,1553983200,0.00068968,0.00066618,0.00066683,740.65398212,0.5045883,0.00068127,0.17716575333333343,0.1684415023076924,0.10836864264705882,0.0006715633333333332,0.000656945384615384,0.0006484514705882355
150,0.00069,1553990400,0.00069,0.00068064,0.000689,519.88832897,0.35804954,0.0006887,0.2956712000000001,0.19577865461538468,0.11114963411764706,0.0006820799999999998,0.0006597123076923071,0.0006500350000000002
151,0.00067133,1553997600,0.00069,0.00066712,0.000689,680.81785906,0.46609599,0.00068461,0.44291127666666674,0.22320353230769238,0.12200149058823528,0.0006834433333333332,0.0006610430769230762,0.0006511638235294119
152,0.00066611,1554004800,0.00067245,0.00066611,0.00067132,90.60469059,0.06047301,0.00066743,0.29487284666666674,0.22532660230769236,0.1227865744117647,0.0006758133333333332,0.000661972307692307,0.0006520620588235297
153,0.0006719,1554012000,0.000672,0.000668,0.000668,497.80595975,0.33393669,0.00067081,0.28683523000000005,0.24903545923076925,0.132459785,0.0006697799999999999,0.0006636584615384608,0.0006530694117647061
154,0.00067247,1554019200,0.00067247,0.0006719,0.00067199,512.07126932,0.34406176,0.0006719,0.24615715333333343,0.2718936884615385,0.14254569,0.0006701599999999999,0.0006659807692307684,0.0006540535294117651
155,0.00068245,1554026400,0.00069089,0.00067262,0.00067262,226.73203202,0.15590014,0.00068759,0.2779661966666667,0.2811908961538462,0.14711169970588236,0.0006756066666666665,0.000668873076923076,0.0006553191176470592
156,0.00067808,1554033600,0.00068245,0.00067808,0.00068245,3.54281734,0.00240964,0.00068014,0.16745718000000007,0.2809479384615385,0.13213188647058824,0.0006776666666666666,0.0006714753846153836,0.0006563238235294122
157,0.00068572,1554040800,0.00068572,0.00067808,0.0006822,9.36010232,0.00639461,0.00068317,0.05490146333333338,0.21744046000000006,0.12707080970588236,0.0006820833333333332,0.0006724592307692298,0.0006575811764705886
158,0.00069294,1554048000,0.00069321,0.0006811,0.0006811,357.03784413,0.24705322,0.00069195,0.08528582333333339,0.20167286230769238,0.1338475688235294,0.0006855799999999999,0.0006755438461538451,0.0006590508823529416
159,0.00069551,1554055200,0.00069552,0.00069294,0.00069321,55.56536319,0.03851233,0.00069309,0.09732005333333338,0.19572186076923084,0.134906965,0.0006913899999999997,0.0006785538461538452,0.0006607852941176474
160,0.00070005,1554062400,0.00071639,0.00069321,0.00069321,1512.59586613,1.06211723,0.00070218,0.44922759333333334,0.2772283246153847,0.16503108117647058,0.0006961666666666664,0.0006817538461538452,0.0006624361764705887
161,0.0007,1554069600,0.0007,0.00069617,0.0006999,112.25443545,0.07857634,0.00069998,0.3930686333333333,0.2813976000000001,0.16710927235294115,0.0006985199999999998,0.0006842738461538452,0.0006640855882352946
162,0.00069256,1554076800,0.00070349,0.00069186,0.00069999,147.47378536,0.10316032,0.00069951,0.4146179633333333,0.2505185246153847,0.16979279470588232,0.0006975366666666665,0.0006845476923076914,0.0006654505882352945
163,0.00069866,1554084000,0.00069866,0.00069256,0.00069256,108.08813604,0.07498786,0.00069376,0.08557483999999997,0.2287445492307693,0.17094166382352938,0.0006970733333333331,0.0006852138461538453,0.0006669067647058828
164,0.00070084,1554091200,0.00070084,0.0006983,0.0006983,4.8089057,0.0033608,0.00069887,0.0605029933333333,0.1931495346153847,0.16915223676470587,0.0006973533333333331,0.0006874838461538453,0.0006684123529411769
165,0.00069442,1554098400,0.00069666,0.00069373,0.00069666,76.09874701,0.05279741,0.0006938,0.04371535666666664,0.19255910384615393,0.16943184970588235,0.000697973333333333,0.0006896615384615376,0.0006696855882352945
166,0.00069063,1554105600,0.00069341,0.00069063,0.00069341,46.14784604,0.03188102,0.00069084,0.029346409999999976,0.16932405230769243,0.16891096794117647,0.0006952966666666664,0.0006911023076923068,0.0006711917647058827
167,0.00068712,1554112800,0.00069063,0.00068712,0.00069063,109.70015541,0.07550464,0.00068828,0.05339435666666664,0.14866581230769244,0.17028608176470586,0.0006907233333333331,0.0006922292307692298,0.0006723879411764709
168,0.00069063,1554120000,0.00069063,0.00068745,0.00069063,1.20692936,0.00083307,0.00069024,0.03607290999999997,0.1367375761538463,0.16906930499999998,0.0006894599999999998,0.0006928584615384606,0.0006736873529411769
169,0.00069062,1554127200,0.00069063,0.00069062,0.00069063,0.73874788,0.00051019,0.00069062,0.02561596666666664,0.13659146461538477,0.1688277508823529,0.0006894566666666664,0.000693823076923076,0.0006747885294117651
170,0.00068711,1554134400,0.00069063,0.00068711,0.00068927,4.84408447,0.00333084,0.00068761,0.0015580333333333057,0.13635579000000014,0.1673437111764706,0.0006894533333333331,0.000693929999999999,0.0006758658823529417
171,0.0006871,1554141600,0.00069062,0.0006871,0.00068711,3.79952791,0.002623,0.00069035,0.0021546766666666393,0.11755346538461553,0.16734243,0.0006882766666666665,0.0006934807692307682,0.0006768385294117652
172,0.00069062,1554148800,0.00069062,0.00069062,0.00069062,0.45806441,0.00031634,0.00069062,0.0020900599999999726,0.11461531230769244,0.1641290111764706,0.0006882766666666665,0.0006931046153846143,0.0006779147058823534
173,0.00068353,1554156000,0.00069062,0.00068353,0.00069062,353.43538731,0.24230992,0.00068558,0.08174975333333331,0.05155321153846168,0.17028891764705884,0.0006870833333333331,0.000691833846153845,0.000678782352941177
174,0.00068896,1554163200,0.00068896,0.00068873,0.00068873,0.8448826,0.00058193,0.00068877,0.08106939666666665,0.04555364153846168,0.16954951705882354,0.0006877033333333332,0.0006909846153846144,0.0006799288235294122
175,0.00068896,1554170400,0.00068896,0.00068896,0.00068896,11.27685529,0.0077693,0.00068896,0.08355371666666665,0.03821587076923091,0.16839847352941176,0.00068715,0.0006907076923076914,0.0006813017647058829
176,0.00064281,1554177600,0.00068489,0.0006251,0.00068489,2025.41917488,1.30141686,0.00064254,0.4365893633333333,0.1325565630769232,0.20564495647058822,0.0006735766666666667,0.0006864115384615376,0.0006812417647058829
177,0.00065769,1554184800,0.00066087,0.00063795,0.00063888,117.11163576,0.07636503,0.00065207,0.46185039666666666,0.1381722730769232,0.20772721941176472,0.0006631533333333334,0.0006830923076923069,0.0006816370588235299
178,0.00064801,1554192000,0.00065829,0.00064801,0.00065829,327.86357637,0.21310477,0.00064998,0.5302955533333332,0.1505036084615386,0.18952465882352942,0.0006495033333333334,0.0006795223076923069,0.0006809041176470594
179,0.00065389,1554199200,0.00065844,0.00064785,0.00064785,42.98008824,0.02807267,0.00065315,0.10584748999999993,0.1502106584615386,0.17705526705882355,0.0006531966666666668,0.0006766961538461531,0.0006809350000000006
180,0.00065447,1554206400,0.00065447,0.00064879,0.00065389,81.2122927,0.05281699,0.00065035,0.09799814333333327,0.14846545461538477,0.17520060941176474,0.0006521233333333336,0.0006741846153846148,0.0006808788235294123
181,0.00064627,1554213600,0.00065846,0.00064627,0.00065447,65.65735687,0.04290072,0.0006534,0.04126345999999994,0.15170142769230782,0.17638788941176475,0.0006515433333333336,0.0006707723076923072,0.0006805205882352947
182,0.0006496,1554220800,0.00065447,0.0006496,0.00065203,49.59178513,0.03238205,0.00065297,0.04269991999999994,0.15415310923076936,0.17662336852941182,0.0006501133333333336,0.0006676169230769226,0.0006800017647058829
183,0.00066195,1554228000,0.00066232,0.00064784,0.000649,268.46255536,0.17459755,0.00065036,0.08329343999999993,0.1673274715384617,0.16691775823529414,0.0006526066666666671,0.000665681538461538,0.0006792061764705889
184,0.00065042,1554235200,0.00066193,0.0006504,0.00066193,684.3118258,0.44626746,0.00065214,0.21774901999999993,0.20145396846153865,0.1695124029411765,0.0006539900000000005,0.0006628599999999996,0.00067804205882353
185,0.00064334,1554242400,0.00065042,0.00064203,0.00065042,529.14422662,0.3414525,0.00064529,0.32077250333333324,0.22769521153846173,0.1658464179411765,0.0006519033333333337,0.0006592230769230765,0.0006772188235294124
186,0.00064214,1554249600,0.00064727,0.00064214,0.00064233,268.59339462,0.17321402,0.00064489,0.32031132666666656,0.2223801423076925,0.16916233000000003,0.0006453000000000005,0.0006560392307692303,0.0006765138235294123
187,0.00064245,1554256800,0.00064683,0.00064245,0.00064683,329.01853717,0.21270477,0.00064648,0.2424570966666666,0.23869728384615405,0.16559668529411767,0.0006426433333333337,0.000652461538461538,0.000675647647058824
188,0.00064642,1554264000,0.00064648,0.00063964,0.00064215,571.49092442,0.36876997,0.00064527,0.25156291999999997,0.26646656615384634,0.16632339735294122,0.0006436700000000004,0.0006491892307692302,0.0006748814705882358
189,0.00064492,1554271200,0.00064644,0.00063802,0.00064644,31.95431117,0.02048826,0.00064117,0.2006543333333333,0.16793359692307713,0.162340695,0.0006445966666666672,0.0006493515384615379,0.000673777647058824
190,0.00063964,1554278400,0.00064499,0.00063791,0.00063965,10.76116569,0.00690771,0.00064191,0.1320553133333333,0.16259072615384637,0.16247299117647063,0.0006436600000000004,0.0006479630769230763,0.0006726470588235299
191,0.00065468,1554285600,0.00066133,0.00064357,0.00064357,404.66258565,0.26528037,0.00065555,0.09755877999999996,0.16660423384615408,0.17008727823529415,0.0006464133333333338,0.0006484761538461532,0.0006717341176470593
192,0.00065405,1554292800,0.00065534,0.000654,0.00065531,33.28492714,0.02177243,0.00065412,0.09798683666666663,0.16611960000000023,0.16346137264705887,0.0006494566666666672,0.0006484884615384609,0.0006705902941176475
193,0.0006568,1554300000,0.00065869,0.00065405,0.00065405,26.0656496,0.01709139,0.0006557,0.10138139666666662,0.16337147692307716,0.16283134500000007,0.0006551766666666672,0.0006486676923076917,0.0006694517647058828
194,0.00065837,1554307200,0.00065864,0.00064974,0.00065679,360.73683503,0.23540285,0.00065256,0.09142222333333329,0.1781793330769233,0.13851621617647064,0.0006564066666666673,0.0006495984615384609,0.0006682258823529415
195,0.00065956,1554314400,0.00065956,0.00064983,0.00065203,262.70685718,0.17297806,0.00065844,0.14182409999999995,0.188994410769231,0.14129273735294123,0.0006582433333333339,0.0006503646153846147,0.0006670364705882357
196,0.00065999,1554321600,0.00066398,0.00065839,0.00065975,306.17198374,0.20227035,0.00066064,0.20355041999999993,0.19112308769230793,0.1442077382352942,0.0006593066666666673,0.0006502138461538455,0.0006660785294117651
197,0.00063258,1554328800,0.00065999,0.0006299,0.00065999,950.09598436,0.61488795,0.00064718,0.33004545333333324,0.20409389461538485,0.1600871526470589,0.0006507100000000005,0.0006488415384615378,0.0006641350000000005
198,0.00063393,1554336000,0.00063393,0.000632,0.00063258,131.94954361,0.08361548,0.00063369,0.30025792666666656,0.18426027769230793,0.16244758441176477,0.0006421666666666672,0.0006481176923076917,0.0006621670588235299
199,0.00064671,1554343200,0.00064672,0.00062929,0.00063651,244.68368262,0.1558424,0.00063691,0.28478194333333323,0.18292399923076946,0.16547831941176475,0.0006377400000000005,0.0006484692307692302,0.0006607638235294122
200,0.00063988,1554350400,0.00064494,0.00063848,0.00063913,10.24663819,0.00655577,0.00063979,0.08200454999999991,0.16706638384615408,0.1647334591176471,0.0006401733333333339,0.000648271538461538,0.0006592711764705886
201,0.00063987,1554357600,0.00063988,0.00063987,0.00063988,0.87296525,0.00055858,0.00063987,0.054318916666666585,0.13874243076923098,0.16252916323529415,0.0006421533333333339,0.0006477676923076919,0.0006578814705882357
202,0.00063988,1554364800,0.00064569,0.00063987,0.00063988,17.815509,0.01145098,0.00064275,0.006188443333333256,0.1380472553846156,0.1628414547058824,0.0006398766666666673,0.0006473799999999996,0.0006563888235294121
203,0.00063913,1554372000,0.00064051,0.00063913,0.00064051,2.44298574,0.00156335,0.00063993,0.004524303333333257,0.137636150769231,0.16287243000000004,0.0006396266666666673,0.0006473407692307689,0.0006548744117647063
204,0.0006457,1554379200,0.0006457,0.000643,0.00064357,303.26015736,0.19574257,0.00064546,0.06958563333333326,0.13228708923076946,0.1685315985294118,0.0006415700000000007,0.0006466499999999997,0.0006536564705882357
205,0.00065713,1554386400,0.00065874,0.0006457,0.00064637,653.5580549,0.42917301,0.00065667,0.20882630999999993,0.16362559538461563,0.18107718705882359,0.0006473200000000008,0.0006468869230769228,0.0006527750000000004
206,0.00065298,1554393600,0.00067026,0.00065298,0.00065713,538.34530471,0.35644878,0.00066211,0.32712145333333326,0.18973001000000023,0.19155167058823536,0.0006519366666666674,0.0006465930769230765,0.0006516679411764709
207,0.00064628,1554400800,0.00065583,0.00064628,0.00065583,16.29758275,0.0105904,0.00064981,0.2654040633333333,0.17243674461538486,0.18473639058823532,0.0006521300000000008,0.0006456630769230766,0.0006505723529411768
208,0.00064628,1554408000,0.00064954,0.00064628,0.00064954,55.74175149,0.03608797,0.00064741,0.13437571666666662,0.16190673769230793,0.18578068588235297,0.000648513333333334,0.0006446415384615382,0.0006493170588235298
209,0.00064578,1554415200,0.00064578,0.00064578,0.00064578,1.1733,0.00075769,0.00064578,0.015812019999999927,0.14640576384615406,0.18557446205882358,0.0006461133333333339,0.0006435484615384614,0.0006480470588235297
210,0.00065134,1554422400,0.00065134,0.00064578,0.00064578,3.22341179,0.00208267,0.0006461,0.012976109999999928,0.09926689615384639,0.14735875058823536,0.0006478000000000008,0.0006449915384615383,0.0006482979411764709
211,0.00064291,1554429600,0.00065134,0.00064291,0.00065134,124.44820214,0.08037438,0.00064584,0.027738246666666595,0.099017580769231,0.14747667264705888,0.0006466766666666674,0.0006456823076923075,0.000647863235294118
212,0.00065446,1554436800,0.0006552,0.00064247,0.0006429,115.16853756,0.07452572,0.0006471,0.05232758999999993,0.09276245153846177,0.14340081823529416,0.0006495700000000008,0.0006462784615384614,0.0006480529411764708
213,0.00064975,1554444000,0.00065521,0.00064975,0.00065521,3.78356201,0.00246577,0.0006517,0.05245528999999993,0.09244783615384639,0.1426476741176471,0.0006490400000000008,0.0006470376923076921,0.0006479311764705885
214,0.00065145,1554451200,0.00065455,0.00065145,0.00065145,3.18641288,0.0020776,0.00065202,0.02635636333333327,0.09256468384615407,0.14115533911764708,0.0006518866666666675,0.0006479284615384612,0.0006478423529411768
215,0.00065709,1554458400,0.00065709,0.00065455,0.00065455,17.03866925,0.01116519,0.00065528,0.005236186666666605,0.09254270000000023,0.14022194117647063,0.0006527633333333341,0.0006492523076923074,0.0006481605882352944
216,0.00065661,1554465600,0.00065683,0.00065411,0.00065683,50.8913464,0.03329094,0.00065415,0.015511243333333272,0.09498328384615408,0.14024867323529414,0.0006550500000000008,0.0006505969230769228,0.0006483667647058825
217,0.0006671,1554472800,0.00066755,0.00065145,0.0006565,240.81254653,0.1578122,0.00065533,0.06742277666666661,0.0920655630769233,0.1397549864705883,0.0006602666666666674,0.0006522430769230766,0.0006485182352941178
218,0.00066044,1554480000,0.00066755,0.00065579,0.0006671,123.20122244,0.08202797,0.0006658,0.09104370333333328,0.06536209846153869,0.12904206029411772,0.0006613833333333341,0.000652497692307692,0.0006488129411764708
219,0.00065952,1554487200,0.00066755,0.00065755,0.00066112,40.14918205,0.02669835,0.00066497,0.08884617333333328,0.03999668076923099,0.11978458529411773,0.0006623533333333341,0.0006530007692307689,0.0006492888235294119
220,0.00066,1554494400,0.00066419,0.00066,0.00066419,33.38837618,0.02203736,0.00066003,0.04358789333333327,0.04087721615384638,0.11533821294117653,0.0006599866666666675,0.0006540561538461535,0.0006498141176470591
221,0.00066,1554501600,0.00066001,0.00066,0.00066001,1.23935194,0.00081798,0.00066,0.016517896666666605,0.03816414000000023,0.10910624852941184,0.0006598400000000008,0.0006551115384615379,0.0006503302941176473
222,0.00066001,1554508800,0.00066001,0.00066,0.00066001,17.0937545,0.01128202,0.00066,0.011379119999999942,0.03897370384615407,0.0985918970588236,0.0006600033333333342,0.0006562061538461534,0.0006507300000000003
223,0.00066,1554516000,0.00066001,0.00066,0.00066001,14.95604333,0.00987099,0.00066,0.007323663333333274,0.03957280538461561,0.09827962441176477,0.0006600033333333342,0.0006568723076923071,0.000651173529411765
224,0.00066001,1554523200,0.00066001,0.00066001,0.00066001,0.20411814,0.00013472,0.00066001,0.007095909999999941,0.03340052384615408,0.09808041882352947,0.0006600066666666675,0.0006581876923076918,0.0006517726470588238
225,0.00066001,1554530400,0.00066001,0.00066,0.00066,74.09782025,0.04890529,0.00066,0.019636999999999943,0.03142972153846177,0.091716445882353,0.0006600066666666675,0.0006586146153846149,0.0006519294117647061
226,0.00066,1554537600,0.00066001,0.00066,0.00066001,2.42480241,0.00160037,0.00066,0.016880126666666606,0.03136315230769254,0.09112315000000006,0.0006600066666666675,0.0006594030769230764,0.0006521044117647061
227,0.00066001,1554544800,0.00066001,0.00066,0.00066,1.00252773,0.00066166,0.00066,0.017055773333333274,0.031254233846154084,0.09063992264705888,0.0006600066666666675,0.000660061538461538,0.000652198823529412
228,0.00066001,1554552000,0.00066001,0.00066001,0.00066001,114.32515714,0.07545574,0.00066001,0.025905923333333275,0.03619966076923101,0.085935595882353,0.0006600066666666675,0.0006602861538461534,0.0006522470588235297
229,0.00066,1554559200,0.00066001,0.00065999,0.00066001,141.54153037,0.09341847,0.00066,0.05651195666666661,0.040824855384615624,0.08359560794117651,0.0006600066666666675,0.0006605469230769225,0.0006522600000000003
230,0.00065513,1554566400,0.00065946,0.00065513,0.00065946,10.16245375,0.00668205,0.00065752,0.05851875333333328,0.029199459230769467,0.077843010882353,0.0006583800000000008,0.0006596261538461533,0.0006521170588235297
231,0.00065738,1554573600,0.00065754,0.00065738,0.00065754,1.34788503,0.00088623,0.00065749,0.03366224999999994,0.022957786923077157,0.05978413676470593,0.0006575033333333342,0.0006593907692307688,0.0006528464705882356
232,0.00065386,1554580800,0.00065738,0.00065386,0.00065386,8.69938919,0.00568905,0.00065396,0.004419109999999939,0.02134168692307716,0.05749218294117652,0.0006554566666666675,0.0006589553846153842,0.0006534326470588237
233,0.00065376,1554588000,0.00065738,0.00065376,0.00065378,16.34016853,0.01069055,0.00065424,0.005755276666666605,0.02046885538461562,0.05322301088235299,0.000655000000000001,0.0006584753846153841,0.0006536400000000003
234,0.00065376,1554595200,0.00065376,0.00065376,0.00065376,0.0,0.0,0.00065376,0.005459866666666605,0.020405933846154082,0.05303019411764711,0.0006537933333333343,0.000657995384615384,0.0006540482352941179
235,0.00066,1554602400,0.00066,0.00065737,0.00065737,33.97707028,0.02237473,0.00065852,0.011021759999999936,0.02125921923076947,0.05367184558823534,0.000655840000000001,0.0006579946153846149,0.0006546402941176474
236,0.00065366,1554609600,0.00065366,0.00065366,0.00065366,117.42684697,0.07675723,0.00065366,0.0330439866666666,0.026404314615384852,0.05559261764705886,0.0006558066666666676,0.0006575069230769226,0.0006550455882352945
237,0.00065366,1554616800,0.00065366,0.00065366,0.00065366,10.85697949,0.00709677,0.00065366,0.0354095766666666,0.026939856923077158,0.05575536529411768,0.0006557733333333341,0.000657018461538461,0.0006554729411764709
238,0.00065366,1554624000,0.00065366,0.00065362,0.00065362,7.34356991,0.00480017,0.00065365,0.029551389999999938,0.02354715538461562,0.05013941235294122,0.0006536600000000008,0.0006565299999999995,0.0006557070588235298
239,0.00065352,1554631200,0.00065366,0.00065352,0.00065362,20.9639787,0.01370242,0.00065361,0.008533119999999936,0.024478082307692543,0.0379196891176471,0.0006536133333333341,0.0006560315384615379,0.0006556008823529416
240,0.00065362,1554638400,0.00065362,0.00065362,0.00065362,1.80263385,0.00117823,0.00065362,0.006560273333333269,0.024517818461538696,0.02747055529411769,0.0006536000000000008,0.0006555399999999995,0.0006556197058823533
241,0.00065362,1554645600,0.00065362,0.00065362,0.00065362,1.34515759,0.00087922,0.00065362,0.005253289999999936,0.01878116307692331,0.027184932352941216,0.0006535866666666676,0.000655048461538461,0.0006558355882352946
242,0.00065362,1554652800,0.00065362,0.00065341,0.00065352,0.54261716,0.00035461,0.00065352,0.0008040199999999354,0.01162240461538485,0.026133951176470632,0.000653620000000001,0.0006545576923076917,0.0006560514705882357
243,0.00065321,1554660000,0.00065366,0.00065318,0.00065362,33.88914639,0.02214505,0.00065345,0.007792959999999936,0.012811866153846389,0.02676299117647063,0.0006534833333333343,0.0006544099999999994,0.0006562700000000006
244,0.00067192,1554667200,0.00067495,0.00065496,0.00065496,722.69439673,0.4841388,0.0006699,0.1688794866666666,0.049985140769231,0.04094111264705886,0.0006595833333333342,0.0006555284615384608,0.0006568752941176476
245,0.00067711,1554674400,0.00067711,0.00067262,0.00067262,806.6030376,0.54611242,0.00067705,0.3507987566666666,0.09155616923076947,0.05463929029411768,0.0006674133333333341,0.0006573169230769222,0.0006578811764705888
246,0.00067711,1554681600,0.00068215,0.0006771,0.00067711,899.99152167,0.61092389,0.00067881,0.5470583699999999,0.13772796461538486,0.07041570705882357,0.0006753800000000007,0.0006591130769230761,0.0006585473529411771
247,0.0006716,1554688800,0.00067711,0.0006716,0.00067711,5.18262602,0.00348906,0.00067322,0.3868417899999999,0.13799635384615408,0.07044580382352945,0.0006752733333333341,0.0006604853846153837,0.0006591900000000007
248,0.0006747,1554696000,0.0006747,0.00066789,0.0006716,25.12897985,0.01690805,0.00067285,0.21044033333333326,0.13757584000000025,0.07088199352941181,0.0006744700000000008,0.000661616153846153,0.0006598738235294124
249,0.00067089,1554703200,0.00067469,0.00067089,0.00067469,4.12405435,0.00278021,0.00067414,0.007725773333333241,0.13188530000000026,0.07063537647058829,0.0006723966666666675,0.0006629415384615376,0.0006602797058823536
250,0.00066308,1554710400,0.00066882,0.0006582,0.00066815,40.07475751,0.02660336,0.00066384,0.015430539999999908,0.13338580692307717,0.07043868294117653,0.0006695566666666675,0.000663666153846153,0.0006604700000000007
251,0.00066929,1554717600,0.00066929,0.00066111,0.000664,1038.54066883,0.69497736,0.00066918,0.24145364333333327,0.18647636000000023,0.08623765823529417,0.0006677533333333341,0.0006648684615384605,0.0006605344117647066
252,0.0006682,1554724800,0.0006682,0.00066185,0.00066466,1.55559523,0.00103578,0.00066584,0.24087216666666664,0.18550200307692333,0.08385553500000005,0.0006668566666666675,0.0006659976923076914,0.0006607626470588242
