,close,date,high,low,open,quoteVolume,volume,weightedAverage,avg_vol_3,avg_vol_13,avg_vol_34,avg_close_3,avg_close_13,avg_close_34
0,0.00154813,1553218424,0.00154813,0.00154813,0.00154813,0.0,0.0,0.00154813,-99999.0,-99999.0,-99999.0,-99999.0,-99999.0,-99999.0
1,0.00155839,1553220000,0.00158027,0.001547,0.001547,324.19972959,0.50526514,0.00155849,-99999.0,-99999.0,-99999.0,-99999.0,-99999.0,-99999.0
2,0.001548,1553227200,0.00156057,0.001548,0.00154806,105.76980619,0.16386926,0.0015493,0.22304480000000002,-99999.0,-99999.0,0.0015515066666666666,-99999.0,-99999.0
3,0.0015484,1553234400,0.00155955,0.00154802,0.00154802,0.34651073,0.00053764,0.0015516,0.22322401333333333,-99999.0,-99999.0,0.0015515966666666667,-99999.0,-99999.0
4,0.00154724,1553241600,0.00157205,0.00154701,0.00155883,218.84521392,0.3391895,0.0015499,0.16786546666666669,-99999.0,-99999.0,0.00154788,-99999.0,-99999.0
5,0.001548,1553248800,0.00155662,0.001547,0.00155662,122.41846799,0.18957925,0.00154861,0.17643546333333335,-99999.0,-99999.0,0.00154788,-99999.0,-99999.0
6,0.00155535,1553256000,0.00155541,0.001547,0.001548,36.47583622,0.05657565,0.00155104,0.1951148,-99999.0,-99999.0,0.0015501966666666665,-99999.0,-99999.0
7,0.00153861,1553263200,0.00155541,0.001538,0.00155535,322.79699427,0.49836127,0.00154388,0.24817205666666667,-99999.0,-99999.0,0.0015473199999999998,-99999.0,-99999.0
8,0.001547,1553270400,0.001547,0.00153861,0.00154698,2.5755743,0.00397418,0.00154302,0.18630370000000004,-99999.0,-99999.0,0.0015469866666666665,-99999.0,-99999.0
9,0.0015541,1553277600,0.0015554,0.00154,0.00154,137.56521878,0.21217929,0.00154239,0.23817158000000005,-99999.0,-99999.0,0.00154657,-99999.0,-99999.0
10,0.00155753,1553284800,0.00155754,0.00154007,0.00155395,184.14202043,0.28631706,0.00155487,0.16749017666666677,-99999.0,-99999.0,0.0015528766666666664,-99999.0,-99999.0
11,0.00155352,1553292000,0.00156582,0.00154832,0.00154933,50.69634837,0.07880906,0.00155453,0.19243513666666676,-99999.0,-99999.0,0.0015550499999999999,-99999.0,-99999.0
12,0.00153668,1553299200,0.00156126,0.00153572,0.00155356,699.17319693,1.07615353,0.00153918,0.48042655000000006,0.26237006384615386,-99999.0,0.0015492433333333334,0.001549303846153846,-99999.0
13,0.00152702,1553306400,0.00154819,0.0015058,0.00154819,3492.24023156,5.31309548,0.0015214,2.156019356666667,0.6710697161538461,-99999.0,0.0015390733333333333,0.00154768,-99999.0
14,0.00151003,1553313600,0.00153012,0.001505,0.00153012,621.15039602,0.93843549,0.0015108,2.4425615,0.7043905123076922,-99999.0,0.0015245766666666667,0.00154396,-99999.0
15,0.00152051,1553320800,0.00152517,0.00151005,0.0015226,54.64031713,0.08329404,0.0015244,2.111608336666667,0.6981924184615385,-99999.0,0.0015191866666666668,0.0015418453846153845,-99999.0
16,0.00150998,1553328000,0.001535,0.0015053,0.00152503,1175.59848123,1.78727378,0.0015203,0.9363344366666668,0.83563366,-99999.0,0.001513506666666667,0.00153889,-99999.0
17,0.0015395,1553335200,0.00155729,0.00150684,0.00150999,1318.20801364,2.00279892,0.00151933,1.291122246666667,0.9636036153846154,-99999.0,0.0015233300000000005,0.0015382946153846154,-99999.0
18,0.00152304,1553342400,0.00154175,0.001521,0.00153014,122.71665782,0.18810361,0.00153282,1.3260587700000002,0.9634901046153848,-99999.0,0.0015241733333333336,0.0015363746153846153,-99999.0
19,0.00156313,1553349600,0.00156407,0.00152566,0.00153498,230.03581026,0.35647816,0.00154966,0.8491268966666667,0.9865595284615386,-99999.0,0.0015418900000000004,0.001536973076923077,-99999.0
20,0.00157048,1553356800,0.00157144,0.00155221,0.00156313,376.73284472,0.58938658,0.00156446,0.37798945,0.9935614753846155,-99999.0,0.001552216666666667,0.0015394246153846154,-99999.0
21,0.00155683,1553364000,0.00157151,0.00152143,0.0015674,1105.94866978,1.70602217,0.00154258,0.8839623033333331,1.1244882438461539,-99999.0,0.0015634800000000001,0.001540180769230769,-99999.0
22,0.00155745,1553371200,0.00156939,0.00154273,0.00155633,365.01280332,0.56850928,0.0015575,0.9546393433333332,1.1518982430769233,-99999.0,0.0015615866666666668,0.0015404384615384614,-99999.0
23,0.00154502,1553378400,0.00155722,0.00154502,0.00155512,389.40441489,0.60412755,0.00155141,0.959553,1.176345203846154,-99999.0,0.0015531000000000002,0.0015394761538461536,-99999.0
24,0.00155191,1553385600,0.00155556,0.00154504,0.00155518,39.14239172,0.0608571,0.00155476,0.4111646433333332,1.174964283846154,-99999.0,0.0015514600000000004,0.0015393523076923075,-99999.0
25,0.0015451,1553392800,0.00155191,0.00154502,0.00155191,12.02709575,0.01858381,0.00154516,0.2278561533333332,1.0936127669230773,-99999.0,0.0015473433333333337,0.00154,-99999.0
26,0.00154502,1553400000,0.0015451,0.00154502,0.00154502,34.2588356,0.05293066,0.00154502,0.04412385666666655,0.6889847038461542,-99999.0,0.0015473433333333337,0.0015413846153846155,-99999.0
27,0.00154502,1553407200,0.0015451,0.00154502,0.00154502,5.45628409,0.00843007,0.00154502,0.026648179999999893,0.6174458253846157,-99999.0,0.001545046666666667,0.001544076153846154,-99999.0
28,0.00152842,1553414400,0.0015451,0.0015269,0.00154502,340.32429282,0.52415859,0.00154017,0.19517310666666657,0.6513584830769233,-99999.0,0.001539486666666667,0.0015446846153846156,-99999.0
29,0.00154408,1553421600,0.00154489,0.0015269,0.00153052,76.15767062,0.11734715,0.00154084,0.2166452699999999,0.5229025884615388,-99999.0,0.0015391733333333336,0.0015473076923076924,-99999.0
30,0.00154435,1553428800,0.00154491,0.00153305,0.00153305,85.78787729,0.13192787,0.00153783,0.25781120333333324,0.37898943076923114,-99999.0,0.00153895,0.0015476807692307694,-99999.0
31,0.00154815,1553436000,0.00156,0.00153375,0.00154491,567.94675614,0.88381797,0.00155616,0.37769766333333327,0.43250592000000043,-99999.0,0.0015455266666666667,0.001549612307692308,-99999.0
32,0.00153492,1553443200,0.001545,0.00153047,0.00153808,177.62692361,0.27280377,0.00153582,0.4295165366666665,0.4260694284615389,-99999.0,0.0015424733333333333,0.0015474423076923078,-99999.0
33,0.00154256,1553450400,0.00155192,0.00153099,0.00153494,47.67782882,0.07359618,0.00154361,0.4100726399999999,0.38639324384615426,0.579199678235294,0.0015418766666666667,0.0015452946153846155,0.0015439255882352945
34,0.00154194,1553457600,0.00155147,0.00154172,0.00154267,0.75802521,0.00116886,0.00154198,0.11585626999999987,0.255250681538462,0.5792340564705881,0.0015398066666666669,0.0015441492307692309,0.001543743529411765
35,0.001568,1553464800,0.00157,0.00154172,0.00155147,161.00522815,0.25112016,0.0015597,0.10862839999999985,0.2308361338461543,0.5717592041176469,0.0015508333333333335,0.0015449607692307695,0.0015440261764705886
36,0.001568,1553472000,0.001568,0.00155811,0.00155811,1.69836505,0.00265679,0.00156432,0.08498193666666652,0.18456915230769277,0.5670176608823528,0.0015593133333333335,0.0015467284615384618,0.0015446144117647062
37,0.00156659,1553479200,0.00157741,0.00156043,0.00156744,190.76203868,0.29974593,0.0015713,0.1845076266666665,0.20294521615384659,0.5758179047058822,0.00156753,0.0015478576923076924,0.0015451494117647063
38,0.00155487,1553486400,0.00157142,0.00155447,0.00156661,130.82047097,0.20527235,0.00156911,0.16922502333333314,0.21730587307692353,0.5718791649999999,0.0015631533333333332,0.0015486092307692308,0.0015453738235294123
39,0.00153942,1553493600,0.00157274,0.00153941,0.00155682,584.84198375,0.90517773,0.00154773,0.4700653366666665,0.28286334000000046,0.5929261791176469,0.0015536266666666663,0.0015481784615384614,0.0015451214705882357
40,0.00152898,1553500800,0.00154524,0.00152101,0.00154524,848.68516228,1.30040628,0.00153225,0.8036187866666666,0.38224612538461583,0.6295094329411763,0.0015410899999999995,0.0015469446153846152,0.0015443458823529415
41,0.00153304,1553508000,0.001542,0.00152103,0.00152898,312.57553454,0.47872583,0.00153155,0.8947699466666666,0.37875129769230814,0.6289319199999999,0.0015338133333333331,0.0015473,0.0015441820588235297
42,0.00152374,1553515200,0.00153308,0.00152247,0.00153302,177.01267954,0.27001037,0.00152537,0.6830474933333334,0.3904946223076928,0.6367565138235293,0.0015285866666666665,0.0015457353846153844,0.001543497941176471
43,0.00154859,1553522400,0.0015495,0.00152196,0.00152197,401.5417128,0.61311454,0.0015269,0.4539502466666667,0.42750898153846195,0.6485487270588234,0.0015351233333333332,0.0015460615384615382,0.0015433358823529416
44,0.00153924,1553529600,0.00157025,0.00153357,0.00153357,473.04185419,0.73965018,0.0015636,0.54092503,0.416419151538462,0.6618820541176469,0.0015371899999999997,0.0015453761538461535,0.0015427979411764708
45,0.00153923,1553536800,0.0015397,0.00153923,0.0015397,129.83758793,0.19985023,0.00153923,0.5175383166666667,0.41080734076923114,0.6654420885294116,0.001542353333333333,0.001545707692307692,0.0015423776470588238
46,0.00153923,1553544000,0.00153923,0.00153923,0.00153923,0.0,0.0,0.00153923,0.3131668033333334,0.40514609615384656,0.6337905141176469,0.001539233333333333,0.0015454515384615381,0.001542452647058824
47,0.00155801,1553551200,0.00156187,0.00153923,0.0015397,171.18313349,0.2640082,0.00154225,0.15461947666666667,0.4253645069230773,0.48528794705882333,0.0015454899999999998,0.001546687692307692,0.0015433641176470592
48,0.00154504,1553558400,0.00155956,0.00153983,0.00153983,3.95923815,0.00612827,0.00154784,0.09004549000000002,0.4065189769230773,0.45786714647058807,0.0015474266666666665,0.0015449215384615383,0.001544393823529412
49,0.00153707,1553565600,0.00156212,0.00152208,0.00154837,143.70773911,0.22039129,0.0015336,0.16350925333333335,0.42326778461538506,0.4618994185294116,0.0015467066666666664,0.0015425423076923077,0.0015448808823529414
50,0.00152025,1553572800,0.00153934,0.00152025,0.00153707,499.65166776,0.7602642,0.00152158,0.32892792,0.4586922669230773,0.4316932544117645,0.0015341199999999997,0.0015389776923076923,0.001545182941176471
51,0.00152082,1553580000,0.0015314,0.00152025,0.00152025,21.41776538,0.03277484,0.00153026,0.33781010999999994,0.44542322769230813,0.37375136970588213,0.0015260466666666662,0.0015363584615384616,0.001544633529411765
52,0.00152387,1553587200,0.00154221,0.00152082,0.00152128,61.76255926,0.09487587,0.00153613,0.29597163666666665,0.3830923153846158,0.37100937735294093,0.0015216466666666663,0.0015351623076923077,0.0015446579411764708
53,0.00153889,1553594400,0.00153952,0.00152387,0.00152433,241.92127935,0.36872871,0.00152416,0.16545980666666668,0.31142481000000044,0.3713696876470585,0.0015278599999999998,0.0015359246153846156,0.0015439450000000001
54,0.00154221,1553601600,0.00154222,0.00152404,0.00152404,57.61913501,0.08789143,0.00152538,0.18383200333333335,0.2813606253846158,0.3566198302941174,0.0015349899999999997,0.0015366300000000002,0.001543113529411765
55,0.00152425,1553608800,0.00154221,0.00152422,0.00153766,241.60612336,0.368585,0.00152556,0.27506838000000006,0.2889432892307697,0.3172834429411762,0.0015351166666666665,0.001536669230769231,0.0015421552941176473
56,0.00153685,1553616000,0.001537,0.00152425,0.00152425,129.53169492,0.19871556,0.0015341,0.21839733000000003,0.2570664446153851,0.30640715705882327,0.0015344366666666664,0.0015357661538461542,0.001541549411764706
57,0.00153749,1553623200,0.00154579,0.00152547,0.001537,495.18979354,0.76127344,0.00153733,0.44285800000000003,0.2587297723076928,0.31102909499999976,0.0015328633333333331,0.0015356315384615386,0.0015413279411764706
58,0.00155157,1553630400,0.00155365,0.0015375,0.0015375,149.12656186,0.23087415,0.00154817,0.3969543833333334,0.26111622769230813,0.316029596470588,0.0015419700000000001,0.0015365807692307694,0.001541317941176471
59,0.00158325,1553637600,0.00159039,0.00155157,0.0015516,1184.49292822,1.87440397,0.00158245,0.9555171866666666,0.405301148461539,0.3706125423529409,0.0015574366666666667,0.0015399669230769233,0.0015424400000000004
60,0.001577,1553644800,0.0015853,0.001568,0.00158059,177.1267595,0.27886502,0.00157438,0.7947143799999999,0.4064439807692312,0.377257670588235,0.0015706066666666667,0.0015414276923076927,0.0015433805882352945
61,0.00157884,1553652000,0.00159661,0.001568,0.001577,352.08751485,0.56027765,0.0015913,0.9045155466666666,0.4490708561538466,0.3934884817647056,0.0015796966666666665,0.0015440276923076926,0.0015443752941176473
62,0.00156954,1553659200,0.001582,0.00156235,0.00157884,104.03879227,0.16381963,0.0015746,0.33432076666666655,0.44471919000000043,0.3828902770588232,0.0015751266666666666,0.0015465253846153849,0.0015455847058823532
63,0.00155949,1553666400,0.0015797,0.00155949,0.00156966,211.81136649,0.33181035,0.00156653,0.35196920999999987,0.41176120153846196,0.3891980182352938,0.0015692899999999999,0.0015495438461538464,0.0015460379411764706
64,0.00156354,1553673600,0.00157436,0.00155949,0.00155949,21.95951272,0.03449003,0.00157061,0.17670666999999987,0.4118931392307696,0.3863321994117644,0.00156419,0.0015528300000000003,0.0015466023529411765
65,0.00156945,1553680800,0.001573,0.001557,0.00156354,134.9698914,0.21081185,0.00156191,0.19237074333333323,0.4208112915384619,0.36653790176470563,0.0015641600000000002,0.001556336153846154,0.0015472288235294119
66,0.00155351,1553688000,0.00156945,0.001553,0.00155724,30.00092608,0.04663299,0.00155438,0.09731162333333322,0.39603469769230804,0.3598858199999998,0.0015621666666666668,0.0015574607692307695,0.0015477755882352942
67,0.00156668,1553695200,0.0015826,0.00155351,0.00155695,122.78644911,0.19330318,0.0015743,0.15024933999999987,0.4041432938461542,0.36340661411764685,0.0015632133333333333,0.0015593430769230772,0.0015484850000000003
68,0.00156223,1553702400,0.00157488,0.001562,0.00156668,25.63002457,0.04007045,0.00156341,0.09333553999999988,0.37887294384615416,0.36455077852941153,0.0015608066666666666,0.0015622646153846157,0.0015490817647058825
69,0.00168525,1553709600,0.0018,0.00156201,0.0015621,35202.39708111,60.32389091,0.00171363,20.18575484666667,5.003886432307693,2.1313969770588237,0.0016047199999999998,0.0015736800000000005,0.0015525302941176472
70,0.00168915,1553716800,0.00169789,0.00165463,0.00169787,2813.48961018,4.7103326,0.00167419,21.691431320000003,5.307660213846154,2.2698580302941176,0.0016455433333333333,0.0015853461538461544,0.0015560935294117648
71,0.00169895,1553724000,0.0017,0.00167827,0.00168913,2477.0915029,4.19510245,0.00169355,23.07644198666667,5.6126008523076925,2.3844273397058826,0.0016911166666666669,0.0015966830769230775,0.0015599864705882354
72,0.00170387,1553731200,0.00170389,0.00168298,0.00169895,2999.34927612,5.09433517,0.00169848,4.666590073333334,5.860287867692307,2.528223305,0.0016973233333333335,0.001605961538461539,0.001564368823529412
73,0.0017025,1553738400,0.00172,0.00167801,0.00170387,1580.44259041,2.68305734,0.00169766,3.990831653333334,6.045225738461538,2.5805138817647055,0.0017017733333333333,0.0016156153846153853,0.0015691652941176473
74,0.00168122,1553745600,0.001702,0.00167685,0.00169512,536.52837287,0.90248194,0.00168207,2.893291483333334,6.071549145384615,2.568810224705882,0.001695863333333333,0.0016234907692307698,0.0015736429411764708
75,0.00168894,1553752800,0.00169209,0.00167,0.00168966,1411.85406024,2.3747984,0.00168204,1.986779226666667,6.241624435384614,2.624577065,0.0016908866666666665,0.001632675384615385,0.0015782282352941178
76,0.00169105,1553760000,0.00169108,0.00167661,0.00167662,200.63879899,0.33815409,0.00168538,1.2051448100000004,6.242112415384615,2.6265812920588236,0.0016870699999999997,0.001642795384615385,0.001583149117647059
77,0.00166699,1553767200,0.00169108,0.00166365,0.00169105,821.9291251,1.37853794,0.00167719,1.3638301433333335,6.345500716153846,2.649093745,0.0016823266666666666,0.0016507530769230773,0.0015866314705882353
78,0.00167098,1553774400,0.001682,0.00166698,0.00166699,196.60529069,0.32936266,0.00167524,0.6820182300000002,6.35462000923077,2.6370264650000004,0.00167634,0.0016585630769230773,0.0015905061764705884
79,0.00173953,1553781600,0.00174234,0.00167098,0.00167098,4659.31211183,7.99937349,0.00171685,3.23575803,6.966369278461538,2.8664242079411766,0.0016925000000000002,0.001672872307692308,0.0015963973529411768
80,0.00171747,1553788800,0.00178,0.001715,0.00173953,8629.26437721,15.09758471,0.00174957,7.808773619999999,8.112852473076924,3.310470817058824,0.001709326666666667,0.0016844715384615387,0.001601639705882353
81,0.00171394,1553796000,0.00173763,0.00171394,0.00171752,982.24496771,1.6880692,0.00171858,8.261675799999999,8.239621607692307,3.3523549641176476,0.0017236466666666669,0.0016961415384615386,0.0016062258823529413
82,0.00168395,1553803200,0.00171501,0.00166611,0.00171394,1359.99621186,2.29517149,0.00168763,6.3602751333333325,3.7758739599999993,3.4196797647058825,0.0017051200000000003,0.0016960415384615385,0.0016103114705882354
83,0.00170637,1553810400,0.00171007,0.00167575,0.00168318,401.69603113,0.67888885,0.00169005,1.5540431799999996,3.465762902307692,3.433164987058824,0.0017014200000000004,0.0016973661538461538,0.001615290882352941
84,0.00170833,1553817600,0.00170836,0.00167553,0.00169524,161.93302237,0.27383165,0.00169101,1.082630663333333,3.164126686923076,3.418858147352942,0.0016995500000000004,0.0016980876923076923,0.0016208226470588235
85,0.00169425,1553824800,0.00170833,0.0016882,0.00169668,127.50003888,0.21617039,0.00169545,0.3896302966666661,2.7888832423076915,3.4242521341176477,0.0017029833333333337,0.0016973476923076924,0.0016259235294117647
86,0.00169425,1553832000,0.00171285,0.00168821,0.00168821,175.25750793,0.29848417,0.00170311,0.2628287366666661,2.6054545369230766,3.4302406135294126,0.0016989433333333334,0.0016967130769230772,0.0016309347058823531
87,0.00169425,1553839200,0.00169581,0.00169425,0.00169579,96.50193514,0.16356519,0.00169494,0.22607324999999948,2.5486147869230766,3.424206392352942,0.0016942499999999998,0.001697715384615385,0.001635504117647059
88,0.00167757,1553846400,0.00169581,0.00167427,0.00169425,806.27538963,1.36156851,0.00168871,0.6078726233333327,2.470674026153845,3.461667482941177,0.0016886899999999996,0.0016968407692307696,0.0016394852941176473
89,0.00169107,1553853600,0.00169581,0.00167375,0.00169095,1079.87689881,1.82343528,0.00168855,1.1161896599999992,2.584926425384614,3.5044571970588243,0.0016876299999999996,0.001696842307692308,0.0016443917647058826
90,0.00169249,1553860800,0.00170924,0.00169107,0.00169108,892.61837681,1.51221339,0.00169413,1.5657390599999994,2.595209152307691,3.5430894861764717,0.001687043333333333,0.0016988038461538467,0.0016489694117647062
91,0.00171065,1553868000,0.0017167,0.00169107,0.00169254,821.73242457,1.39603906,0.00169889,1.577229243333333,2.6772611830769217,3.5617590632352956,0.0016980699999999997,0.0017018553846153853,0.0016540623529411767
92,0.00171676,1553875200,0.00172018,0.0017026,0.00170494,155.1254326,0.26642089,0.00171745,1.0582244466666664,2.0824186753846137,3.5628045555882366,0.001706633333333333,0.0017001038461538468,0.0016589208823529413
93,0.0017114,1553882400,0.001721,0.00169957,0.00172018,826.61295744,1.40804398,0.00170338,1.0235013099999994,1.0293770807692293,3.549088085294119,0.0017129366666666663,0.0016996369230769237,0.00166269
94,0.0017114,1553889600,0.00171141,0.0017114,0.0017114,408.24821916,0.698676,0.0017114,0.791046956666666,0.9532699115384601,3.561435467058825,0.0017131866666666663,0.0016994415384615391,0.0016666429411764708
95,0.00165672,1553896800,0.001721,0.00165501,0.00171141,6117.6999115,10.25525095,0.00167632,4.120656976666666,1.5655837161538446,3.8465817405882374,0.001693173333333333,0.001697346923076924,0.001668933529411765
96,0.00170672,1553904000,0.00173682,0.00166112,0.00166116,1510.79536139,2.57941456,0.00170732,4.511113836666666,1.71177800153846,3.9176286502941196,0.001691613333333333,0.001697373846153847,0.001672968235294118
97,0.00170685,1553911200,0.00171995,0.00169901,0.00169961,172.8166866,0.29440382,0.00170356,4.376356443333332,1.7133604761538446,3.916528458235296,0.0016900966666666664,0.0016972600000000006,0.0016773023529411768
98,0.00170067,1553918400,0.00172281,0.00170049,0.00170685,91.80595837,0.15724931,0.00171284,1.010355896666665,1.7088280853846138,3.9201390252941195,0.0017047466666666664,0.0016977538461538468,0.0016813355882352946
99,0.00171282,1553925600,0.001724,0.00170059,0.00170099,851.2004068,1.46324056,0.00171903,0.638297896666665,1.7984247307692294,3.9569751638235315,0.0017067799999999998,0.0016991823076923083,0.0016855523529411768
100,0.00170222,1553932800,0.001713,0.00170033,0.001713,98.02456642,0.16745299,0.00170827,0.5959809533333318,1.7987237923076909,3.9605286932352954,0.0017052366666666663,0.0016997953846153852,0.0016899261764705884
101,0.00169833,1553940000,0.00173682,0.00169832,0.00170222,4374.75357284,7.47226991,0.00170804,3.034321153333332,2.268777746153845,4.1746159500000015,0.0017044566666666663,0.0017013923076923084,0.0016937982352941178
102,0.00170532,1553947200,0.001718,0.00169833,0.001703,258.89483292,0.44326941,0.00171216,2.6943307699999983,2.1626111407692292,4.186474742941178,0.0017019566666666662,0.0017024884615384622,0.0016980067647058826
103,0.00171706,1553954400,0.00171794,0.00169922,0.00171794,157.76264717,0.26866656,0.00170297,2.728068626666665,2.066953692307691,2.4201446150000017,0.001706903333333333,0.001704378461538462,0.0016989423529411767
104,0.00170449,1553961600,0.00171706,0.00170442,0.00170442,26.36579232,0.04498288,0.0017061,0.25230628333333155,1.9630262938461522,2.282928446764708,0.0017089566666666663,0.0017039046153846159,0.001699393529411765
105,0.00170451,1553968800,0.00171495,0.00170449,0.00170449,23.14035195,0.03949061,0.00170656,0.1177133499999982,1.945570118461537,2.1607045691176494,0.0017086866666666664,0.001702962307692308,0.0016995570588235298
106,0.001717,1553976000,0.00172227,0.00169568,0.00170451,369.35928248,0.63043459,0.00170683,0.23830269333333154,1.8857540115384603,2.0294133755882378,0.0017086666666666663,0.001703393076923077,0.0016999432352941182
107,0.001725,1553983200,0.001725,0.00171058,0.001717,112.73296464,0.19364926,0.00171776,0.28785815333333153,1.8469058007692296,1.9561954908823551,0.0017155033333333327,0.001704439230769231,0.0017006050000000002
108,0.00172634,1553990400,0.00173181,0.001717,0.00171974,803.1598985,1.3794538,0.00171753,0.7345125499999982,1.1641521738461527,1.970224075000002,0.0017227799999999993,0.0017097946153846156,0.0017019320588235298
109,0.00173659,1553997600,0.00173763,0.00171703,0.00172631,174.3394345,0.30124233,0.0017279,0.6247817966666648,0.9889081561538451,1.9092371317647074,0.0017293099999999995,0.001712092307692308,0.001703333529411765
110,0.00174795,1554004800,0.001749,0.00173659,0.00173763,292.84220527,0.51017862,0.00174216,0.7302915833333316,1.0055062176923066,1.9142966767647076,0.0017369599999999994,0.0017152538461538468,0.0017050070588235297
111,0.00174708,1554012000,0.00177051,0.00174377,0.00174795,1825.05607268,3.21320123,0.0017606,1.3415407266666648,1.2405794423076912,1.9682573617647074,0.001743873333333333,0.0017188238461538466,0.0017073626470588239
112,0.00168595,1554019200,0.00174733,0.00168516,0.00174708,4333.64436428,7.37166979,0.00170103,3.6983498799999985,1.6950739984615373,2.175384042058825,0.0017269933333333327,0.0017167569230769235,0.0017078029411764708
113,0.0016954,1554026400,0.00174765,0.00168581,0.00168606,409.85738287,0.70399997,0.00171767,3.762956996666665,1.736346843076922,1.9608142326470603,0.001709476666666666,0.001716232307692308,0.001706505
114,0.00169924,1554033600,0.00170555,0.00168679,0.0016954,150.30356986,0.25497475,0.00169639,2.776881503333332,1.1811702923076912,1.5242668808823545,0.0016935299999999995,0.0017163023076923081,0.0017059688235294117
115,0.00170832,1554040800,0.00172311,0.00168693,0.00169922,313.13643885,0.53478154,0.00170782,0.497918753333332,1.1882096869230758,1.4903466555882368,0.0017009866666666661,0.0017165330769230772,0.001705803529411765
116,0.00172876,1554048000,0.00172899,0.00169541,0.00170831,334.53306798,0.57413662,0.00171623,0.4546309699999987,1.2117073838461527,1.4397279829411778,0.0017121066666666662,0.0017174330769230773,0.0017071214705882357
117,0.00170136,1554055200,0.00173002,0.00168811,0.00172795,2446.48896007,4.18319772,0.00170987,1.7640386266666654,1.5300316023076912,1.5427958908823545,0.0017128133333333328,0.001717192307692308,0.0017069741176470592
118,0.0017081,1554062400,0.00170815,0.001688,0.00170102,1566.43256637,2.65349607,0.00169397,2.470276803333332,1.7311089453846142,1.6127860208823546,0.0017127399999999993,0.001717468461538462,0.0017069673529411767
119,0.00170069,1554069600,0.00171275,0.00169865,0.00170811,557.19063837,0.95188769,0.00170836,2.5961938266666658,1.7558361069230757,1.6344247650000014,0.0017033833333333327,0.0017162138461538465,0.0017071567647058824
120,0.00170275,1554076800,0.00171605,0.00170067,0.00170067,35.09210542,0.06002703,0.00171055,1.2218035966666656,1.7455574738461526,1.6274113197058837,0.0017038466666666663,0.001714502307692308,0.0017074067647058825
121,0.0017188,1554084000,0.0017188,0.00170277,0.00171254,64.9958719,0.11106087,0.00170873,0.3743251966666656,1.6479887869230756,1.6258670750000015,0.001707413333333333,0.001713922307692308,0.001708128823529412
122,0.001725,1554091200,0.001725,0.00170286,0.0017188,118.1737941,0.20281463,0.00171624,0.12463417666666558,1.6404174253846138,1.5917860785294133,0.0017155166666666666,0.0017130307692307697,0.0017095238235294117
123,0.00169999,1554098400,0.00172299,0.001688,0.00172298,1521.02858696,2.57776878,0.00169475,0.9638814266666654,1.7994628223076907,1.613972357941178,0.0017145966666666666,0.0017093415384615387,0.001709786176470588
124,0.00170562,1554105600,0.00171,0.001688,0.00168918,1602.0055005,2.72572242,0.00170144,1.8354352766666653,1.7619644523076907,1.6496638000000015,0.001710203333333333,0.0017061523076923079,0.0017101723529411763
125,0.00169219,1554112800,0.00171074,0.00168801,0.00169512,309.89467435,0.52958078,0.0017089,1.9443573266666654,1.2356499130769216,1.624179732941178,0.0016992666666666662,0.0017066323076923079,0.0017096294117647057
126,0.00170195,1554120000,0.00171069,0.00168999,0.00171069,478.5398938,0.81150705,0.00169579,1.3556034166666653,1.2439196884615369,1.6402116788235312,0.0016999199999999995,0.001707136153846154,0.0017091938235294117
127,0.00171052,1554127200,0.00171874,0.00171048,0.00171048,69.49379574,0.11897635,0.00171204,0.4866880599999986,1.2334582730769215,1.6022979250000016,0.001701553333333333,0.0017080038461538465,0.0017091679411764705
128,0.00171057,1554134400,0.00172281,0.0017105,0.00171052,683.0182773,1.16859843,0.00171093,0.6996939433333319,1.2822134184615368,1.6161191729411781,0.0017076799999999996,0.0017081769230769235,0.0017091435294117646
129,0.00175629,1554141600,0.00178596,0.00169456,0.00171057,7439.81024004,12.95566952,0.00174139,4.747748099999999,2.2346390261538445,1.695543248529413,0.001725793333333333,0.0017102946153846159,0.0017120720588235294
130,0.00177499,1554148800,0.001776,0.00173833,0.00175181,518.73675029,0.91419094,0.00176234,5.012819629999998,1.9831769661538448,1.6465660832352953,0.0017472833333333328,0.0017159584615384622,0.0017140799999999998
131,0.00184294,1554156000,0.001875,0.00176216,0.00177477,7108.03898207,13.05377195,0.00183648,8.974544136666665,2.783198187692306,2.0218416164705895,0.0017914066666666663,0.0017263307692307699,0.0017180826470588233
132,0.00182688,1554163200,0.00184566,0.00181443,0.00184293,273.21272897,0.49896615,0.00182629,4.822309679999999,2.748358069230768,2.0318921117647073,0.0018149366666666662,0.001736037692307693,0.0017217947058823528
133,0.0017977,1554170400,0.00182867,0.0017822,0.00182867,3425.32275905,6.1796533,0.0018041,6.577463799999998,3.21909855153846,2.170610133529413,0.0018225066666666663,0.001743341538461539,0.0017242911764705881
134,0.0017003,1554177600,0.00180853,0.001685,0.00179939,8864.87943764,15.12170141,0.00170579,7.2667736199999995,4.373763208461536,2.6104409694117656,0.0017749599999999997,0.0017419184615384622,0.0017242347058823528
135,0.00169042,1554184800,0.00172373,0.00168403,0.0017003,3639.93799668,6.184167,0.00169897,9.16184057,4.8338672369230755,2.5725555897058836,0.001729473333333333,0.0017392584615384622,0.0017240020588235295
136,0.00167,1554192000,0.00170187,0.00167,0.00169042,3177.69675888,5.34549423,0.00168219,8.883787546666667,5.046769194615384,2.71673867264706,0.0016869066666666663,0.0017369515384615395,0.0017229632352941174
137,0.00171724,1554199200,0.00171783,0.00167,0.00167001,1509.91895281,2.57222727,0.00170355,4.700629500000001,5.034961875384615,2.7844904582352954,0.0016925533333333328,0.0017378453846153853,0.0017229685294117645
138,0.00172622,1554206400,0.00175546,0.0017003,0.00171724,1118.14056046,1.92649241,0.00172294,3.2814046366666676,5.142416616153844,2.8398289738235305,0.0017044866666666662,0.0017404630769230778,0.0017236076470588235
139,0.00174209,1554213600,0.00175914,0.00172238,0.00173672,438.39195433,0.76343189,0.00174143,1.754050523333334,5.138718526923076,2.861121364411766,0.0017285166666666664,0.0017435507692307702,0.0017247129411764705
140,0.00170815,1554220800,0.00173937,0.001708,0.00173664,955.77282814,1.64463872,0.00172074,1.4448543400000007,5.25607717076923,2.8909508976470604,0.0017254866666666663,0.0017433684615384623,0.0017244526470588232
141,0.00175859,1554228000,0.00175859,0.0017,0.00171783,1033.84153829,1.78187775,0.00172355,1.3966494533333342,5.303252503076923,2.937663500294119,0.0017362766666666665,0.0017470623076923084,0.0017254405882352938
142,0.00174717,1554235200,0.00175736,0.00172863,0.00175736,187.81462405,0.32584126,0.0017349,1.2507859100000007,4.331727252307692,2.9066748961764723,0.00173797,0.0017463607692307698,0.0017260532352941175
143,0.0017,1554242400,0.00174734,0.0017,0.00174734,765.19809773,1.3057151,0.00170637,1.1378113700000008,4.361844495384616,2.9362182129411787,0.0017352533333333331,0.0017405923076923083,0.001724977058823529
144,0.0016758,1554249600,0.00172649,0.00166667,0.00171186,4412.16838561,7.50088594,0.00170004,3.0441474333333343,3.934699417692308,3.141827251764708,0.0017076566666666664,0.0017277353846153853,0.0017228549999999997
145,0.00163373,1554256800,0.0017026,0.00162626,0.00168697,5216.20532053,8.61860701,0.00165227,5.808402683333334,4.5592871761538465,3.300809774705885,0.001669843333333333,0.001712877692307693,0.001719521176470588
146,0.00165977,1554264000,0.00165979,0.00163373,0.00165068,716.16016306,1.1786747,0.00164582,5.766055883333333,4.174596514615385,3.11866286029412,0.001656433333333333,0.001702267692307693,0.0017187511764705878
147,0.00166,1554271200,0.0016648,0.00163373,0.00164746,1491.11433494,2.46466074,0.00165289,4.08731415,3.200978001538462,3.1704470005882377,0.0016511666666666665,0.0016991676923076929,0.0017177099999999997
148,0.00168471,1554278400,0.00168824,0.00166,0.00166,599.63930511,1.00519586,0.00167633,1.5495104333333334,2.8025956061538464,3.1925123273529437,0.00166816,0.0016987284615384618,0.0017172826470588233
149,0.00165683,1554285600,0.00168471,0.00165142,0.00168471,487.52591977,0.8124084,0.00166639,1.4274216666666666,2.453896696153847,3.2006778232352966,0.0016671799999999997,0.001697715384615385,0.0017157682352941174
150,0.00163402,1554292800,0.00168413,0.001634,0.00167009,2811.001777,4.64012438,0.0016507,2.152576213333333,2.6129657046153856,3.3202656985294143,0.0016585199999999995,0.0016913138461538467,0.001712981764705882
151,0.00168796,1554300000,0.0016897,0.00162523,0.00165474,1473.36224967,2.41929003,0.00164201,2.623940936666666,2.6508732138461544,3.268386060588238,0.001659603333333333,0.0016883707692307696,0.0017125876470588232
152,0.00163945,1554307200,0.00169,0.0016251,0.00168796,2180.58657942,3.60021359,0.00165102,3.5532093333333328,2.8690871907692315,3.296230693529414,0.0016538099999999997,0.0016804753846153852,0.0017105685294117646
153,0.00165603,1554314400,0.0016706,0.0016275,0.00163945,1398.28384171,2.32230615,0.00166082,2.780603256666666,2.9212154546153855,3.3365371188235318,0.0016611466666666666,0.0016764661538461545,0.001709255
154,0.00163917,1554321600,0.00167206,0.001625,0.00165603,4259.60305764,6.94084154,0.00162945,4.287787093333333,3.318058823076924,3.5389140161764727,0.001644883333333333,0.0016672800000000004,0.001707385
155,0.00162266,1554328800,0.0016528,0.001609,0.00164494,1783.71910354,2.8795669,0.00161436,4.04757153,3.514499256923078,3.620340664117649,0.0016392866666666663,0.0016577023076923083,0.0017045573529411765
156,0.00161854,1554336000,0.00164868,0.00160542,0.00162289,958.71164236,1.55025438,0.00161701,3.7902209399999998,3.5333099707692317,3.6599712450000017,0.0016267899999999995,0.0016514361538461546,0.0017014261764705884
157,0.00162466,1554343200,0.0016249,0.00161,0.0016249,210.2437434,0.33859129,0.00161047,1.5894708566666667,2.982364228461539,3.5941130835294133,0.001621953333333333,0.0016475023076923082,0.0016992105882352943
158,0.00164498,1554350400,0.00165999,0.00161,0.00161,147.25106071,0.24124093,0.00163829,0.7100288666666666,2.3379514530769234,3.5210400985294137,0.001629393333333333,0.001648367692307693,0.0016974270588235294
159,0.00162192,1554357600,0.0016388,0.00161161,0.00163,102.53685848,0.16660086,0.00162478,0.24881102666666663,2.2600996192307696,3.5103642185294137,0.0016305199999999997,0.0016454561538461544,0.001695360294117647
160,0.00160593,1554364800,0.00163247,0.00160203,0.00163247,1130.81592156,1.8158794,0.00160581,0.7412403966666666,2.2101933623076926,3.5399045817647075,0.0016242766666666663,0.0016412969230769235,0.001692536176470588
161,0.00160434,1554372000,0.00162007,0.00160203,0.00160607,313.90083428,0.50483874,0.00160827,0.8291063333333333,2.1717043530769233,3.551253475588237,0.0016107299999999997,0.0016351146153846159,0.0016894132352941176
162,0.00163854,1554379200,0.00165215,0.00160403,0.00162007,298.44242932,0.48928141,0.00163944,0.9366665166666666,2.1468484307692313,3.531273563235296,0.0016162699999999997,0.0016337076923076928,0.001687294705882353
163,0.00166376,1554386400,0.00171295,0.00163854,0.00164297,2548.62228168,4.29319378,0.00168451,1.7624379766666667,2.120161461538462,3.2764948650000014,0.0016355466666666664,0.001635995384615385,0.0016845732352941175
164,0.00164668,1554393600,0.00173,0.00164668,0.00167446,2111.49681317,3.59054313,0.00170047,2.7910061066666665,2.2102578538461546,3.3552111058823546,0.0016496599999999998,0.0016328200000000005,0.0016807994117647058
165,0.0016654,1554400800,0.0016654,0.0016467,0.0016467,460.12621154,0.76355145,0.00165943,2.8824294533333332,1.9920530738461546,2.993734032352943,0.0016586133333333331,0.0016348161538461544,0.0016755776470588233
166,0.00163091,1554408000,0.00166891,0.00163,0.00165168,594.63435461,0.97247775,0.00163542,1.7755241099999994,1.8882201200000008,3.0076608441176482,0.001647663333333333,0.0016328838461538468,0.0016698138235294116
167,0.00168057,1554415200,0.00169702,0.00163103,0.00164593,749.31621614,1.26020173,0.0016818,0.9987436433333327,1.4512478269230775,2.862971092058825,0.00165896,0.0016360684615384623,0.0016663688235294114
168,0.00166101,1554422400,0.00168098,0.00166093,0.00167,53.88582309,0.09007421,0.00167157,0.7742512299999994,1.236671466153847,2.420864409705884,0.0016574966666666666,0.0016390184615384623,0.0016652132352941173
169,0.00165853,1554429600,0.00167246,0.00165853,0.00166103,7.74013385,0.01286169,0.00166168,0.4543792099999993,1.1184104900000007,2.239355430000001,0.0016667033333333332,0.001642094615384616,0.0016642752941176467
170,0.00165334,1554436800,0.00167101,0.00163593,0.0016609,440.98715326,0.72933898,0.00165387,0.2774249599999994,1.1484680046153852,2.1035861579411774,0.0016576266666666667,0.0016443007692307698,0.0016637852941176468
171,0.00166171,1554444000,0.00166348,0.00165334,0.00165675,65.47369729,0.10868733,0.00166001,0.2836293333333327,1.1382715738461546,2.031129100882354,0.00165786,0.001645587692307693,0.001662152058823529
172,0.00165334,1554451200,0.00166827,0.00165334,0.00165334,167.82962132,0.2774903,0.0016534,0.3718388699999993,1.1468015307692314,1.9826290388235304,0.0016561299999999998,0.001648004615384616,0.0016600085294117644
173,0.00168583,1554458400,0.00172821,0.00165334,0.00165342,1647.6648832,2.82830856,0.00171655,1.071495396666666,1.2246806969230777,2.043360705588236,0.0016669599999999997,0.0016541507692307699,0.0016583538235294113
174,0.0016808,1554465600,0.00168583,0.00167905,0.00168583,41.00504293,0.06892373,0.00168085,1.0582408633333327,1.1911487730769237,1.9970161470588241,0.001673323333333333,0.0016600323076923084,0.0016575494117647056
175,0.00166551,1554472800,0.00168503,0.0016655,0.00168501,154.00068521,0.25785136,0.00167435,1.0516945499999992,1.1733464615384621,1.9521918414705886,0.0016773799999999998,0.0016621069230769237,0.0016548117647058823
176,0.00166755,1554480000,0.001689,0.00166405,0.00168072,2005.9534651,3.37788011,0.00168392,1.234885066666666,1.1029377176923085,2.0419576900000003,0.0016712866666666664,0.0016623984615384622,0.0016524699999999999
177,0.00166145,1554487200,0.00166756,0.00165269,0.00166755,355.10147362,0.58782655,0.00165537,1.4078526733333325,0.87195951923077,2.0208433208823533,0.0016648366666666664,0.001663534615384616,0.0016513361764705881
178,0.0016614,1554494400,0.00166146,0.00164484,0.00166145,95.38451233,0.15732846,0.00164941,1.374345039999999,0.8253269815384623,1.8048563361764711,0.0016634666666666663,0.0016632269230769238,0.0016509126470588234
179,0.00167078,1554501600,0.00167078,0.00164693,0.00164902,213.78118054,0.3555291,0.00166305,0.36689470333333246,0.7778693930769239,1.561824632941177,0.001664543333333333,0.0016662938461538468,0.0016520023529411764
180,0.00167996,1554508800,0.00168,0.00166758,0.00167078,3.01681327,0.00504503,0.0016723,0.1726341966666658,0.6813188776923085,1.5273061132352945,0.001670713333333333,0.0016662469230769238,0.0016525961764705882
181,0.00165941,1554516000,0.00167996,0.00165931,0.00167996,44.21584375,0.07374689,0.00166788,0.14477367333333246,0.6800629300000008,1.4569851176470594,0.00167005,0.001666123846153847,0.0016525788235294116
182,0.0016759,1554523200,0.00167805,0.00165875,0.00165941,250.33019002,0.41860328,0.0016722,0.16579839999999915,0.7112738215384624,1.4397323947058829,0.0016717566666666665,0.001667460000000001,0.001652319705882353
183,0.00166216,1554530400,0.00167596,0.00166211,0.0016759,39.85139841,0.06629378,0.00166352,0.18621464999999915,0.6602703446153856,1.4177878470588239,0.0016658233333333332,0.0016681384615384624,0.0016524764705882354
184,0.00166274,1554537600,0.00167592,0.00166209,0.00166216,29.63700494,0.04926326,0.00166222,0.17805343999999915,0.6556992623076933,1.2827625200000004,0.0016669333333333332,0.0016682176923076932,0.0016533211764705885
185,0.001663,1554544800,0.001663,0.00165,0.00166276,199.15144862,0.32986768,0.00165636,0.14847490666666582,0.6597282915384624,1.2213089214705886,0.001662633333333333,0.0016689607692307702,0.0016525870588235294
186,0.00165892,1554552000,0.0017108,0.00165005,0.00166299,2185.8892624,3.71916532,0.00170144,1.3660987533333326,0.7282557346153855,1.2248075017647062,0.001661553333333333,0.0016668907692307703,0.001653159705882353
187,0.00167001,1554559200,0.00172838,0.00165574,0.00165921,1181.12358665,2.01744437,0.00170807,2.0221591233333327,0.8781419376923085,1.2158409788235296,0.0016639766666666665,0.0016660607692307703,0.0016535708823529412
188,0.00167335,1554566400,0.00168971,0.0016688,0.00167169,140.85438472,0.2361136,0.00167629,1.9909077633333325,0.8764698023076931,1.0186430982352943,0.0016674266666666666,0.0016666638461538474,0.001654576176470588
189,0.0016897,1554573600,0.0016897,0.00167336,0.00168932,198.9759761,0.33512098,0.00168422,0.8628929833333325,0.6424114076923085,0.943806453529412,0.0016776866666666664,0.0016683676923076934,0.0016565479411764705
190,0.00167262,1554580800,0.00169608,0.00167015,0.0016897,246.71601414,0.41497479,0.00168199,0.3287364566666658,0.6291151184615393,0.9104158773529415,0.0016785566666666664,0.0016692269230769244,0.0016581385294117646
191,0.00169467,1554588000,0.00169467,0.00167262,0.00167262,40.87051538,0.06915372,0.00169201,0.2730831633333325,0.622332446153847,0.9024912429411768,0.001685663333333333,0.001671786153846155,0.0016601976470588236
192,0.00170918,1554595200,0.00172635,0.00168416,0.00169348,852.60903734,1.45977836,0.00171213,0.6479689566666659,0.7072746969230777,0.9383305791176474,0.0016921566666666665,0.0016747400000000012,0.0016620858823529411
193,0.00170497,1554602400,0.00171013,0.00169476,0.00170918,69.50255807,0.11847015,0.00170454,0.5491340766666658,0.715999706153847,0.9369149700000002,0.00170294,0.0016766638461538472,0.0016645285294117646
194,0.00176498,1554609600,0.00178422,0.00169818,0.00169818,6886.83803759,12.12608568,0.00176076,4.568111396666666,1.6431026900000008,1.2401563311764707,0.001726376666666667,0.0016847846153846165,0.0016692064705882354
195,0.00172447,1554616800,0.00178611,0.00172447,0.00175677,1731.6169224,3.03472901,0.00175254,5.093094946666666,1.8443431307692317,1.314564868529412,0.0017314733333333337,0.0016885207692307702,0.001672739705882353
196,0.00175461,1554624000,0.00178787,0.00172168,0.00173405,825.42890329,1.45783273,0.00176615,5.539549139999999,1.9513845884615395,1.343051672058824,0.0017480200000000003,0.0016956323076923086,0.0016761535294117645
197,0.00175998,1554631200,0.001761,0.00173883,0.00175461,202.90871086,0.35576168,0.0017533,1.6161078066666665,1.974961390000001,1.2272448455882357,0.0017463533333333338,0.0017031123076923088,0.0016789835294117646
198,0.00173882,1554638400,0.00176109,0.00173882,0.00175998,211.313946,0.37104574,0.00175589,0.7282133833333332,1.978128933076924,1.1325537458823531,0.0017511366666666673,0.0017089446153846163,0.0016816935294117646
199,0.00175,1554645600,0.00175066,0.00173146,0.00174998,813.37863957,1.41491716,0.00173955,0.713908193333333,1.8008790746153855,1.1517115608823532,0.0017496000000000005,0.0017159507692307702,0.0016841817647058825
200,0.00174704,1554652800,0.00176104,0.00171387,0.00175,2479.82989804,4.29510623,0.00173201,2.027023043333333,1.9760838330769241,1.2494359279411766,0.0017452866666666674,0.0017218761538461548,0.0016875973529411766
201,0.0017434,1554660000,0.00176107,0.00174319,0.00174704,548.1502716,0.96491633,0.00176031,2.2249799066666665,2.0321455815384626,1.2407510632352945,0.0017468133333333339,0.0017272646153846162,0.001689445294117647
202,0.00175,1554667200,0.00175991,0.00174318,0.0017434,54.1483577,0.09476177,0.00175003,1.7849281099999998,2.013656411538463,1.2408889326470591,0.0017468133333333339,0.0017319030769230778,0.0016920626470588237
203,0.00174318,1554674400,0.00175499,0.00174318,0.00174999,247.79948355,0.43385284,0.00175082,0.4978436466666665,2.0151085692307706,1.253271025294118,0.001745526666666667,0.0017373307692307703,0.0016945523529411765
204,0.00174018,1554681600,0.00175632,0.00173702,0.00174899,187.22599665,0.3261025,0.00174175,0.28490570333333315,2.0348738600000016,1.2414111288235297,0.0017444533333333338,0.0017408315384615397,0.0016971064705882354
205,0.00173192,1554688800,0.00175299,0.00172912,0.00174019,514.16093658,0.89311613,0.00173703,0.5510238233333331,1.9912844576923092,1.2644825641176474,0.001738426666666667,0.0017425807692307703,0.0016991714705882355
206,0.00174633,1554696000,0.00174994,0.00172907,0.00173204,380.98844839,0.6600941,0.00173258,0.6264375766666664,2.03294783846154,1.2757356170588239,0.0017394766666666672,0.001745762307692309,0.0017019064705882353
207,0.00172263,1554703200,0.00174633,0.00170358,0.00174633,1676.17636972,2.86930176,0.00171181,1.4741706633333331,1.3208875369230784,1.2769412994117653,0.0017336266666666672,0.0017425046153846167,0.0017029888235294119
208,0.00171814,1554710400,0.00173723,0.00171642,0.00173723,188.74906041,0.32583274,0.00172627,1.2850761999999998,1.1125109007692322,1.2844974467647063,0.0017290333333333339,0.0017420176923076936,0.0017040870588235293
209,0.00171606,1554717600,0.00173408,0.0017069,0.00172034,935.81994761,1.61113833,0.00172163,1.602090943333333,1.1243036392307706,1.324300004705883,0.001718943333333334,0.001739052307692309,0.0017055738235294115
210,0.00173487,1554724800,0.00174312,0.00171622,0.00171622,127.82178397,0.22170724,0.0017345,0.7195594366666663,1.1139917592307707,1.2314713908823536,0.001723023333333334,0.0017371207692307702,0.0017075538235294117
211,0.00174534,1554732000,0.00178298,0.00170753,0.00173487,7100.53040948,12.33455704,0.00173713,4.722467536666667,2.0342618592307704,1.5769634641176478,0.0017320900000000006,0.001737622307692309,0.001710021176470588
212,0.00174907,1554739200,0.00175941,0.00174534,0.00174534,973.51596685,1.71145055,0.001758,4.755904943333333,2.0570721200000013,1.6226729373529418,0.001743093333333334,0.0017375507692307703,0.0017125997058823528
213,0.00176299,1554746400,0.00176422,0.00174841,0.00174841,101.11530854,0.17808922,0.00176124,4.741365603333334,1.7403785038461554,1.6174541173529418,0.0017524666666666674,0.001738777692307693,0.0017153117647058821
214,0.001771,1554753600,0.001771,0.00175202,0.00176299,208.22175245,0.36796399,0.00176717,0.7525012533333335,1.6944590930769245,1.6281282044117653,0.001761020000000001,0.0017409007692307703,0.0017179894117647057
215,0.0017904,1554760800,0.00179399,0.00173911,0.00177099,939.15369137,1.67123988,0.00177951,0.7390976966666668,1.8157266400000014,1.6751132923529417,0.0017747966666666675,0.0017440084615384624,0.001721842058823529
216,0.00175182,1554768000,0.00179657,0.00173451,0.0017904,280.67005511,0.49798607,0.00177427,0.8457299800000002,1.8206599653846167,1.6774480802941183,0.0017710733333333344,0.001744673076923078,0.0017240749999999998
217,0.00174958,1554775200,0.00177009,0.00173486,0.00175406,140.44808469,0.24782274,0.00176451,0.8056828966666668,1.8146384453846167,1.6827871673529418,0.0017639333333333343,0.0017453961538461548,0.001726646176470588
218,0.00172689,1554782400,0.00174958,0.00171563,0.00174958,1199.3249696,2.07236279,0.00172794,0.9393905333333338,1.9053497269230784,1.742290094705883,0.0017427633333333343,0.001745009230769232,0.0017285329411764702
219,0.00171567,1554789600,0.00174748,0.0017156,0.00171566,192.91457862,0.33437277,0.00173326,0.884852766666667,1.8802942400000016,1.742422597352942,0.001730713333333334,0.0017426507692307701,0.0017300820588235291
220,0.0017,1554796800,0.00173253,0.0017,0.00171567,1710.69511759,2.9173848,0.00170537,1.7747067866666668,1.8839929353846172,1.718840817352942,0.0017141866666666675,0.001740910000000001,0.0017312902941176468
221,0.00173041,1554804000,0.00175991,0.00167706,0.00171271,3818.50198909,6.47152577,0.00169478,3.241094446666667,2.3567385530769247,1.849843211470589,0.0017153600000000008,0.0017418538461538473,0.001733066764705882
222,0.00172813,1554811200,0.00174966,0.00171111,0.00173075,225.99359323,0.39070783,0.00172884,3.2598728000000006,2.2628592838461556,1.8543901005882357,0.001719513333333334,0.001742782307692309,0.0017346779411764705
223,0.00171112,1554818400,0.00173485,0.00171111,0.00172813,216.53649506,0.37301565,0.00172264,2.4117497500000007,2.2744983923076942,1.855504649705883,0.0017232200000000008,0.001740955384615386,0.0017353079411764705
224,0.00170642,1554825600,0.00175405,0.00170028,0.0017152,1811.30328105,3.14735286,0.00173761,1.3036921133333335,1.5677903784615403,1.9358687105882357,0.0017152233333333341,0.0017379615384615398,0.0017363020588235295
225,0.00170898,1554832800,0.00171,0.0017001,0.00171,556.68408512,0.94844766,0.00170374,1.4896053900000001,1.5090978484615403,1.9617302970588237,0.0017088400000000007,0.0017348776923076935,0.0017367229411764705
226,0.00170011,1554840000,0.00170898,0.0017001,0.00170898,48.95899492,0.08366722,0.00170892,1.3931559133333333,1.5018346176923094,1.92125644,0.0017051700000000006,0.0017300407692307706,0.001736456176470588
227,0.0017159,1554847200,0.00171998,0.0017,0.00170011,1148.96241052,1.96577858,0.00171091,0.9992978200000001,1.624743432307694,1.9755890408823533,0.0017083300000000007,0.0017258023076923092,0.0017367776470588233
228,0.00171425,1554854400,0.0017159,0.0017,0.0017159,8.47523815,0.01441821,0.00170121,0.6879546700000002,1.497295611538463,1.619363527058824,0.0017100866666666674,0.001719944615384617,0.001735285588235294
229,0.00171169,1554861600,0.00171392,0.00170002,0.00170104,30.22334148,0.05167206,0.00170967,0.6772896166666668,1.4629637646153861,1.531626557941177,0.0017139466666666672,0.0017168576923076936,0.001734909705882353
230,0.0017,1554868800,0.00171324,0.0017,0.00171169,52.28697701,0.0891679,0.00170535,0.05175272333333347,1.4507595461538476,1.4913717100000006,0.0017086466666666673,0.0017130438461538473,0.0017333035294117647
231,0.00169848,1554876000,0.00171893,0.00169848,0.00171211,40.74176181,0.06936354,0.00170251,0.07006783333333348,1.2966826807692324,1.4829482352941181,0.0017033900000000002,0.0017108584615384628,0.001731494705882353
232,0.00169886,1554883200,0.001713,0.00169589,0.00170011,431.29426709,0.73269671,0.00169883,0.29707605000000015,1.3273229838461553,1.493585028529412,0.0016991133333333335,0.001709565384615386,0.0017303194117647058
233,0.00170097,1554890400,0.00171298,0.0016975,0.00169886,260.10795718,0.44184425,0.00169869,0.41463483333333345,1.136896787692309,1.464965237058824,0.0016994366666666667,0.0017096400000000014,0.0017288773529411765
234,0.00170098,1554897600,0.00170799,0.00170097,0.00170097,17.17839261,0.0292255,0.00170129,0.4012554866666667,0.6413352284615398,1.3394981567647064,0.0017002699999999996,0.001707376153846155,0.0017275226470588236
235,0.00170799,1554904800,0.00170799,0.0016975,0.00170098,208.92754721,0.35470203,0.00169772,0.27525726,0.6385655515384628,1.3215506773529415,0.0017033133333333329,0.0017058269230769243,0.0017264811764705883
236,0.00170107,1554912000,0.00170799,0.00168406,0.0016975,1007.0382777,1.70274783,0.00169084,0.6955584533333333,0.7408526423076937,1.3688443850000005,0.001703346666666666,0.0017050538461538473,0.0017250420588235294
237,0.00168613,1554919200,0.00173434,0.00168357,0.00170431,1959.84663848,3.3696329,0.00171933,1.8090275866666667,0.7579511069230784,1.4551908573529415,0.001698396666666666,0.001703493076923078,0.0017233641176470588
238,0.00167,1554926400,0.0017,0.00167,0.00169996,466.38320215,0.78420974,0.00168147,1.952196823333333,0.7453174207692322,1.468664599705883,0.0016857333333333325,0.0017004946153846166,0.0017213
239,0.00167326,1554933600,0.00168192,0.00165758,0.00167,585.12422523,0.97498954,0.00166629,1.7096107266666667,0.8138806761538475,1.4710726411764712,0.0016764633333333327,0.0016984292307692318,0.001719574705882353
240,0.00165,1554940800,0.00168191,0.00165,0.00167326,392.36756606,0.65169909,0.00166094,0.80363279,0.7127976384615398,1.4708257291176476,0.0016644199999999996,0.0016933600000000012,0.0017167414705882354
241,0.00164761,1554948000,0.001664,0.0016476,0.001664,241.22528343,0.39778403,0.00164901,0.67482422,0.7422873169230783,1.398134031176471,0.0016569566666666663,0.0016882338461538472,0.001714535
242,0.00165138,1554955200,0.00166063,0.00163502,0.0016476,1327.31460708,2.17367295,0.00163764,1.0743853566666663,0.905518154615386,1.452482272647059,0.001649663333333333,0.0016835946153846164,0.0017125714705882355
243,0.001635,1554962400,0.00165643,0.001635,0.00164321,1482.73841381,2.42486541,0.00163539,1.6654407966666662,1.0851871938461553,1.4764154220588237,0.0016446633333333331,0.0016785946153846166,0.0017101873529411765
244,0.00162469,1554969600,0.00164284,0.00162469,0.00163507,583.7141922,0.95336949,0.00163328,1.8506359499999994,1.153187651538463,1.4979349000000002,0.001637023333333333,0.0016729184615384628,0.0017069467647058824
245,0.00161001,1554976800,0.00163345,0.00161,0.00162469,1162.55473416,1.87917103,0.00161641,1.752468643333333,1.2413779838461554,1.1904235467647062,0.0016232333333333331,0.0016660838461538474,0.0017029664705882355
246,0.00160774,1554984000,0.00164007,0.00160774,0.00161001,896.65390394,1.44920067,0.00161623,1.4272470633333327,1.3188669392307708,1.1827103150000002,0.0016141466666666664,0.001658912307692309,0.0016988097058823533
247,0.00160778,1554991200,0.0016247,0.00160775,0.00162321,218.88494252,0.35295431,0.00161251,1.2271086699999996,1.3437691553846172,1.1878534058823533,0.0016085099999999998,0.0016517430769230782,0.0016942447058823534
248,0.00161197,1554998400,0.00162457,0.00160776,0.0016166,122.25610445,0.19662825,0.00160833,0.6662610766666661,1.3316096338461558,1.1828141194117652,0.0016091633333333332,0.0016443569230769244,0.0016895673529411768
249,0.00161807,1555005600,0.00161995,0.00161,0.00161197,145.48405381,0.2342557,0.00161018,0.2612794199999995,1.2186487007692326,1.1405498788235298,0.0016126066666666665,0.001637972307692309,0.0016844988235294122
250,0.00161758,1555012800,0.00162499,0.00160271,0.00161805,1081.3183069,1.73919475,0.0016084,0.7233595666666662,1.0932303815384634,1.1770560164705888,0.0016158733333333335,0.0016326992307692319,0.0016805505882352945
251,0.00161751,1555020000,0.00161756,0.00160289,0.00161756,0.3496247,0.00056511,0.00161635,0.6580051866666662,1.032950025384617,1.1697837332352945,0.0016177200000000002,0.0016286615384615395,0.0016766661764705886
252,0.00161755,1555027200,0.00161874,0.00160271,0.00161751,15.39649904,0.02488874,0.00161651,0.5882161999999995,0.9598653484615404,1.1095639082352946,0.0016175466666666666,0.0016243761538461549,0.0016734502941176475
