,close,date,high,low,open,quoteVolume,volume,weightedAverage,avg_vol_3,avg_vol_13,avg_vol_34,avg_close_3,avg_close_13,avg_close_34
0,0.00076,1552914661,0.00076,0.00076,0.00076,0.0,0.0,0.00076,-99999.0,-99999.0,-99999.0,-99999.0,-99999.0,-99999.0
1,0.00076063,1552917600,0.00076063,0.00076063,0.00076063,1.06680932,0.00081144,0.00076063,-99999.0,-99999.0,-99999.0,-99999.0,-99999.0,-99999.0
2,0.00076,1552924800,0.00076,0.00076,0.00076,7.61767762,0.00578943,0.00076,0.00220029,-99999.0,-99999.0,0.00076021,-99999.0,-99999.0
3,0.00076,1552932000,0.00076568,0.00076,0.00076063,15.76302036,0.01200745,0.00076174,0.006202773333333332,-99999.0,-99999.0,0.0007602099999999999,-99999.0,-99999.0
4,0.00078866,1552939200,0.00078946,0.00076568,0.00076568,407.46908639,0.31993585,0.00078517,0.11257757666666668,-99999.0,-99999.0,0.0007695533333333332,-99999.0,-99999.0
5,0.00077066,1552946400,0.00078307,0.00075958,0.00078307,265.16130163,0.2018669,0.00076129,0.17793673333333335,-99999.0,-99999.0,0.0007731066666666666,-99999.0,-99999.0
6,0.00075997,1552953600,0.00077066,0.00075997,0.00077066,0.38092548,0.00029115,0.00076433,0.1740313,-99999.0,-99999.0,0.0007730966666666667,-99999.0,-99999.0
7,0.00077203,1552960800,0.00077203,0.00077203,0.00077203,0.13372938,0.00010324,0.00077203,0.06742042999999998,-99999.0,-99999.0,0.0007675533333333333,-99999.0,-99999.0
8,0.00075788,1552968000,0.00077509,0.00074997,0.00075997,119.38269967,0.09144896,0.00076601,0.030614449999999988,-99999.0,-99999.0,0.0007632933333333331,-99999.0,-99999.0
9,0.00075788,1552975200,0.00075788,0.00075053,0.00075788,10.87725502,0.00822577,0.00075623,0.03325932333333332,-99999.0,-99999.0,0.0007625966666666664,-99999.0,-99999.0
10,0.00075782,1552982400,0.00075782,0.00074922,0.00074922,26.46238081,0.01984903,0.00075008,0.03984125333333332,-99999.0,-99999.0,0.0007578599999999996,-99999.0,-99999.0
11,0.00075782,1552989600,0.00075782,0.00075782,0.00075782,0.0,0.0,0.00075782,0.009358266666666651,-99999.0,-99999.0,0.0007578399999999998,-99999.0,-99999.0
12,0.00075782,1552996800,0.00075782,0.00075782,0.00075782,0.0,0.0,0.00075782,0.006616343333333319,0.050794555384615386,-99999.0,0.0007578199999999999,0.000763166923076923,-99999.0
13,0.00075782,1553004000,0.00075782,0.00075782,0.00075782,0.0,0.0,0.00075782,0.0,0.050794555384615386,-99999.0,0.0007578199999999999,0.0007629992307692305,-99999.0
14,0.00075007,1553011200,0.00075782,0.00074,0.00075782,208.8922774,0.15576336,0.00074566,0.05192111999999998,0.06271393384615385,-99999.0,0.0007552366666666666,0.0007621869230769229,-99999.0
15,0.00075975,1553018400,0.00075975,0.00073976,0.00074038,62.42287002,0.04641847,0.00074361,0.06739394333333332,0.06583924461538462,-99999.0,0.0007558799999999999,0.0007621676923076921,-99999.0
16,0.00075975,1553025600,0.00075975,0.00072826,0.00073975,38.0,0.02795084,0.00073554,0.07671088999999999,0.06706565923076924,-99999.0,0.0007565233333333331,0.0007621484615384613,-99999.0
17,0.00075975,1553032800,0.00075975,0.00075975,0.00075975,0.0,0.0,0.00075975,0.02478976999999999,0.04245520923076924,-99999.0,0.0007597499999999997,0.0007599246153846152,-99999.0
18,0.00075975,1553040000,0.00075975,0.00075975,0.00075975,0.0,0.0,0.00075975,0.009316946666666654,0.02692698615384616,-99999.0,0.0007597499999999997,0.0007590853846153844,-99999.0
19,0.00075975,1553047200,0.00075975,0.00075975,0.00075975,21.82969288,0.0165851,0.00075975,0.005528366666666653,0.02818036692307693,-99999.0,0.0007597499999999997,0.0007590684615384613,-99999.0
20,0.00074896,1553054400,0.00074896,0.00074896,0.00074896,0.68521877,0.0005132,0.00074896,0.0056994333333333196,0.028211902307692313,-99999.0,0.000756153333333333,0.0007572938461538459,-99999.0
21,0.00074894,1553061600,0.00074894,0.00074894,0.00074894,0.16632888,0.00012457,0.00074894,0.0057409566666666535,0.02118694923076924,-99999.0,0.0007525499999999997,0.0007566061538461535,-99999.0
22,0.00074894,1553068800,0.00074894,0.00074894,0.00074894,0.0,0.0,0.00074894,0.00021258999999998704,0.0205541976923077,-99999.0,0.0007489466666666663,0.0007559184615384613,-99999.0
23,0.00074896,1553076000,0.00074896,0.00074523,0.00074523,17.00076702,0.01267931,0.0007458,0.0042679599999999865,0.020002680769230778,-99999.0,0.0007489466666666663,0.0007552369230769228,-99999.0
24,0.00075641,1553083200,0.00075641,0.0007391,0.0007391,3.53981342,0.00266187,0.00075198,0.005113726666666654,0.020207440000000007,-99999.0,0.0007514366666666663,0.0007551284615384614,-99999.0
25,0.00073467,1553090400,0.00074138,0.00070085,0.00074138,100.32662778,0.07133778,0.00071105,0.02889298666666666,0.02569496153846155,-99999.0,0.0007466799999999996,0.0007533476923076922,-99999.0
26,0.00073468,1553097600,0.00073468,0.00073467,0.00073467,2.55711562,0.00187864,0.00073467,0.025292763333333326,0.025839472307692315,-99999.0,0.0007419199999999996,0.0007515676923076922,-99999.0
27,0.00073468,1553104800,0.00073514,0.00073468,0.0007347,4.36925206,0.00321042,0.00073477,0.025475613333333327,0.014104630769230778,-99999.0,0.0007346766666666664,0.000750383846153846,-99999.0
28,0.00073464,1553112000,0.00073467,0.0007155,0.00072428,120.69779929,0.08651999,0.00071683,0.030536349999999993,0.01718936307692309,-99999.0,0.0007346666666666665,0.0007484523076923075,-99999.0
29,0.00072261,1553119200,0.00073402,0.00072261,0.00073402,3.75111182,0.00271267,0.00072316,0.030814359999999996,0.015247965384615396,-99999.0,0.0007306433333333332,0.0007455953846153845,-99999.0
30,0.00073464,1553126400,0.00073464,0.00073401,0.00073401,1.16906349,0.00085869,0.00073451,0.03003044999999999,0.015314018461538471,-99999.0,0.0007306299999999998,0.000743663846153846,-99999.0
31,0.00072261,1553133600,0.000725,0.00072261,0.000725,55.76494881,0.04029771,0.00072263,0.014623023333333323,0.018413842307692316,-99999.0,0.0007266199999999999,0.0007408069230769229,-99999.0
32,0.00072261,1553140800,0.00072261,0.00072261,0.00072261,0.0,0.0,0.00072261,0.01371879999999999,0.017138065384615396,-99999.0,0.0007266199999999999,0.0007379499999999999,-99999.0
33,0.00073089,1553148000,0.00073456,0.00073089,0.00073456,6.69056305,0.00489063,0.00073097,0.01506277999999999,0.01747479076923078,0.03337448441176471,0.0007253699999999999,0.0007365599999999999,0.0007515308823529411
34,0.00072948,1553155200,0.00072948,0.0007205,0.0007205,0.85542438,0.0006199,0.00072467,0.0018368433333333216,0.017512893076923088,0.033392716764705885,0.0007276599999999998,0.0007350630769230767,0.0007506332352941175
35,0.0007205,1553162400,0.0007205,0.0007205,0.0007205,0.23418707,0.00016873,0.0007205,0.0018930866666666548,0.01752587230769232,0.03337381352941177,0.0007269566666666663,0.0007328753846153845,0.0007494529411764704
36,0.00073464,1553169600,0.00073464,0.00072112,0.00072474,9.07880878,0.00657025,0.00072369,0.002452959999999988,0.01705594461538463,0.033396778823529406,0.0007282066666666662,0.000731773846153846,0.0007487070588235293
37,0.0007205,1553176800,0.0007205,0.0007205,0.0007205,1.32702151,0.00095611,0.0007205,0.0025650299999999877,0.01692473230769232,0.0330717394117647,0.0007252133333333329,0.0007290115384615384,0.0007475452941176469
38,0.00073097,1553184000,0.00073097,0.00073097,0.00073097,3.266,0.00238734,0.00073097,0.0033045666666666543,0.011620852307692319,0.02373207735294117,0.000728703333333333,0.0007287269230769229,0.0007458485294117646
39,0.0007205,1553191200,0.00073731,0.0007205,0.00073464,65.1253132,0.04700508,0.00072176,0.01678284333333332,0.015092116923076935,0.01917731794117647,0.0007239899999999996,0.0007276361538461537,0.0007443732352941175
40,0.00074196,1553198400,0.00074199,0.00072178,0.00073277,2.83495708,0.00208613,0.00073586,0.017159516666666652,0.015005633076923089,0.019230111470588233,0.0007311433333333329,0.0007281961538461538,0.0007438435294117645
41,0.00074196,1553205600,0.00074196,0.00074196,0.00074196,0.0,0.0,0.00074196,0.016363736666666653,0.008350249230769243,0.019227075,0.0007348066666666662,0.0007287592307692307,0.0007429591176470587
42,0.00074189,1553212800,0.00074189,0.00074189,0.00074189,3.52859588,0.00261782,0.00074189,0.0015679833333333189,0.00834295307692309,0.016614394411764703,0.0007419366666666663,0.0007302423076923076,0.0007424888235294117
43,0.00074189,1553220000,0.00074189,0.00074189,0.00074189,0.0,0.0,0.00074189,0.0008726066666666523,0.008276900000000012,0.01637246,0.0007419133333333331,0.0007308,0.0007420185294117645
44,0.00073815,1553227200,0.00074186,0.00073815,0.00074186,37.4968229,0.02774538,0.00073993,0.010121066666666652,0.0073113361538461675,0.01660470558823529,0.0007406433333333332,0.0007319953846153845,0.0007414399999999999
45,0.00072222,1553234400,0.00073815,0.00072222,0.00073815,30.8203851,0.02251689,0.00073058,0.01675408999999999,0.009043404615384628,0.017266967058823527,0.0007340866666666664,0.0007319653846153846,0.0007403929411764704
46,0.00072222,1553241600,0.00072222,0.00072222,0.00072222,0.0,0.0,0.00072222,0.01675408999999999,0.00866720230769232,0.017266967058823527,0.0007275299999999997,0.0007312984615384615,0.000739345882352941
47,0.00072222,1553248800,0.00072222,0.00072222,0.00072222,0.0,0.0,0.00072222,0.007505629999999988,0.008619517692307704,0.017266967058823527,0.0007222199999999997,0.0007307400000000001,0.0007382988235294116
48,0.00072223,1553256000,0.00072224,0.00072223,0.00072224,1.09179311,0.00078853,0.00072223,0.00026284333333332033,0.008667194615384627,0.012708883823529409,0.000722223333333333,0.0007308730769230771,0.0007374799999999999
49,0.00072223,1553263200,0.00073594,0.00072223,0.00073594,10.77720185,0.00778636,0.00072248,0.0028582966666666535,0.00876074153846155,0.011572645294117645,0.0007222266666666663,0.0007299184615384617,0.0007363764705882352
50,0.00071514,1553270400,0.00072223,0.0006989,0.00072223,58.41498711,0.0416513,0.00071302,0.01674206333333332,0.011891140769230781,0.011975599999999998,0.0007198666666666663,0.000729506153846154,0.0007350644117647058
51,0.00072107,1553277600,0.00072107,0.00071514,0.00071514,6.4726817,0.00463386,0.00071591,0.01802383999999999,0.01206395000000001,0.012111889999999998,0.0007194799999999997,0.0007287446153846157,0.0007339267647058823
52,0.00072107,1553284800,0.00072107,0.00072107,0.00072107,0.0,0.0,0.00072107,0.015428386666666655,0.008448174615384626,0.012111889999999998,0.0007190933333333329,0.0007287884615384618,0.0007327891176470588
53,0.00072107,1553292000,0.00072107,0.00072107,0.00072107,0.0,0.0,0.00072107,0.0015446199999999872,0.008287703076923088,0.011624092941176467,0.0007210699999999995,0.0007271815384615388,0.0007316514705882353
54,0.00072107,1553299200,0.00072107,0.00072107,0.00072107,0.0,0.0,0.00072107,0.0,0.008287703076923088,0.011608998823529408,0.0007210699999999995,0.0007255746153846158,0.0007308311764705883
55,0.00072,1553306400,0.00072283,0.00072,0.00072283,16.57769512,0.01198129,0.00072273,0.003993763333333321,0.009007970000000011,0.011957725882352938,0.000720713333333333,0.0007238907692307696,0.00072998
56,0.00072,1553313600,0.00072,0.00072,0.00072,0.0,0.0,0.00072,0.003993763333333321,0.009007970000000011,0.011957725882352938,0.0007203566666666664,0.0007222069230769235,0.0007291288235294117
57,0.00071899,1553320800,0.00072,0.00071899,0.00072,6.03504963,0.00434376,0.00071975,0.005441683333333321,0.007207845384615395,0.011712562647058819,0.0007196633333333332,0.0007207330769230773,0.0007282473529411764
58,0.00074308,1553328000,0.00082306,0.00071,0.00071899,834.07533169,0.64524106,0.0007736,0.21652827333333333,0.05510970461538463,0.030611950588235293,0.0007273566666666665,0.0007223376923076927,0.000727855294117647
59,0.00074226,1553335200,0.00075802,0.00074226,0.00074308,23.36752293,0.01751499,0.00074954,0.22236660333333333,0.05645701153846155,0.029028927352941176,0.0007347766666666663,0.0007238792307692311,0.0007280785294117647
60,0.00074182,1553342400,0.00074182,0.00074182,0.00074182,5.88,0.0043619,0.00074182,0.22237264999999998,0.056792542307692324,0.029101964411764703,0.0007423866666666663,0.0007253869230769236,0.0007282885294117646
61,0.0007416,1553349600,0.00076032,0.0007416,0.00075423,15.49756858,0.01165832,0.00075226,0.011178403333333309,0.057628680000000015,0.02935043205882352,0.000741893333333333,0.0007268769230769235,0.0007284920588235292
62,0.00075637,1553356800,0.00075637,0.0007416,0.0007416,0.24556215,0.00018572,0.00075631,0.0054019799999999755,0.05704401538461539,0.026811188823529404,0.0007465966666666664,0.0007295030769230772,0.0007291311764705881
63,0.0007321,1553364000,0.00075637,0.00068011,0.0007415,1010.35819029,0.70984655,0.00070256,0.24056352999999997,0.10844365000000002,0.047609244117647054,0.0007433566666666663,0.0007308076923076926,0.0007294102941176469
64,0.00073505,1553371200,0.00073505,0.00072112,0.00072338,17.24394414,0.01248097,0.00072378,0.24083774666666666,0.10904727384615386,0.04795107588235293,0.000741173333333333,0.0007318830769230771,0.0007294223529411763
65,0.00072998,1553378400,0.00073468,0.00072096,0.00073468,5.68573064,0.00415672,0.00073107,0.24216141333333333,0.10936702153846153,0.04688810558823528,0.0007323766666666662,0.0007325684615384616,0.0007296391176470587
66,0.00072999,1553385600,0.00072999,0.00072999,0.00072999,0.164,0.00011971,0.00072999,0.005585800000000011,0.10937623,0.04689162647058823,0.0007316733333333328,0.0007332546153846155,0.0007298561764705882
67,0.00072634,1553392800,0.00072999,0.00072634,0.00072999,0.19495241,0.0001416,0.00072637,0.0014726766666666776,0.10938712230769232,0.04675194911764705,0.0007287699999999996,0.00073366,0.0007297223529411763
68,0.00072634,1553400000,0.00072634,0.00072634,0.00072634,0.0,0.0,0.00072634,8.710333333334427e-05,0.10846548461538462,0.04673371676470588,0.0007275566666666662,0.0007341476923076924,0.0007296299999999998
69,0.00072598,1553407200,0.00072598,0.00072598,0.00072598,0.688383,0.00049975,0.00072598,0.00021378333333334427,0.10850392692307692,0.046743452647058814,0.0007262199999999996,0.0007346076923076923,0.0007297911764705881
70,0.00072598,1553414400,0.00072598,0.00072598,0.00072598,0.0,0.0,0.00072598,0.00016658333333334429,0.10816979153846154,0.04655020999999999,0.0007260999999999998,0.0007351453846153847,0.0007295364705882353
71,0.00072544,1553421600,0.00072544,0.00072544,0.00072544,0.23302897,0.00016904,0.00072544,0.00022293000000001093,0.058548866923076925,0.046527060882352936,0.0007257999999999999,0.0007337884615384616,0.0007296817647058823
72,0.00072726,1553428800,0.00072731,0.00072726,0.00072731,4.86847264,0.0035408,0.00072729,0.0012366133333333443,0.05747392923076923,0.04656098617647058,0.0007262266666666666,0.0007326346153846155,0.0007295726470588236
73,0.0007265,1553436000,0.0007265,0.00072544,0.00072544,3.466,0.00251785,0.00072644,0.0020758966666666774,0.05733207923076923,0.04525253823529411,0.0007264,0.0007314561538461539,0.0007297491176470589
74,0.0007265,1553443200,0.0007265,0.0007265,0.0007265,0.0,0.0,0.0007265,0.002019550000000011,0.05643528538461539,0.04519118147058823,0.0007267533333333334,0.0007302946153846154,0.000729294411764706
75,0.00072735,1553450400,0.00072735,0.00072544,0.00072544,1.27395189,0.00092462,0.00072579,0.0011474900000000108,0.05649212384615386,0.04521837617647058,0.0007267833333333334,0.0007280623076923077,0.0007288647058823531
76,0.00072269,1553457600,0.0007299,0.00072269,0.0007299,2.96870563,0.00214758,0.0007234,0.0010240666666666775,0.0020537415384615553,0.045204545588235286,0.0007255133333333333,0.0007273384615384616,0.0007283000000000003
77,0.00073092,1553464800,0.00073105,0.00072911,0.00072911,1.24907767,0.0009122,0.0007303,0.001328133333333344,0.0011638361538461705,0.04523137499999999,0.0007269866666666665,0.0007270207692307693,0.0007279773529411767
78,0.00072843,1553472000,0.00072843,0.00072843,0.00072843,0.29453761,0.00021455,0.00072843,0.0010914433333333439,0.0008605923076923244,0.044421644705882335,0.0007273466666666666,0.0007269015384615386,0.0007276914705882355
79,0.00072909,1553479200,0.00073177,0.00072909,0.00073082,25.48093008,0.01859912,0.00072992,0.0065752900000000105,0.0022820853846154013,0.044306416176470576,0.0007294799999999999,0.0007268323076923078,0.000727893529411765
80,0.00071014,1553486400,0.00073174,0.00070806,0.00072269,383.25243103,0.27349704,0.00071362,0.09743690333333337,0.02330942692307694,0.05235044676470587,0.0007225533333333332,0.0007255861538461539,0.0007275382352941181
81,0.00072043,1553493600,0.00072079,0.00072043,0.00072079,1.37966148,0.00099414,0.00072057,0.0976967666666667,0.023385899230769246,0.052379686176470576,0.0007198866666666665,0.0007251315384615384,0.0007274855882352946
82,0.00072043,1553500800,0.00072043,0.00072043,0.00072043,0.0,0.0,0.00072043,0.09149706000000002,0.023347456923076937,0.05235649411764705,0.0007169999999999998,0.0007247046153846154,0.000727432647058824
83,0.0007316,1553508000,0.0007316,0.00071349,0.00071349,4.62963574,0.00335307,0.00072426,0.0014490700000000152,0.023605385384615398,0.052226103235294107,0.0007241533333333331,0.0007251369230769232,0.000727708235294118
84,0.00072107,1553515200,0.00072129,0.00072063,0.00072063,5.96281134,0.00429924,0.000721,0.002550770000000015,0.02392309307692309,0.0511275132352941,0.0007243666666666664,0.0007248007692307693,0.000727882647058824
85,0.00073177,1553522400,0.00073177,0.00072063,0.00072063,6.16862745,0.00447007,0.00072464,0.004040793333333348,0.023994575384615396,0.05112269588235292,0.0007281466666666665,0.0007251476923076923,0.0007281973529411769
86,0.0007336,1553529600,0.0007336,0.00073179,0.00073179,1.63577009,0.00119952,0.00073331,0.0033229433333333475,0.023893165384615396,0.05115797588235292,0.0007288133333333332,0.0007256938461538461,0.0007285658823529416
87,0.0007336,1553536800,0.0007336,0.0007336,0.0007336,0.0,0.0,0.0007336,0.0018898633333333476,0.023893165384615396,0.05115797588235292,0.0007329899999999999,0.00072624,0.0007289344117647063
88,0.0007336,1553544000,0.0007336,0.0007336,0.0007336,0.0,0.0,0.0007336,0.0003998400000000144,0.023822040769230782,0.05115797588235292,0.0007335999999999999,0.0007267207692307691,0.000729302941176471
89,0.00073414,1553551200,0.00073414,0.00073414,0.00073414,1.63168959,0.00119788,0.00073414,0.00039929333333334785,0.023748986923076938,0.050840816764705865,0.0007337799999999998,0.0007276015384615383,0.0007297188235294123
90,0.00073414,1553558400,0.00073414,0.00073414,0.00073414,0.0,0.0,0.00073414,0.00039929333333334785,0.02367881769230771,0.050840816764705865,0.0007339599999999998,0.0007278492307692306,0.0007301347058823536
91,0.00073414,1553565600,0.00073414,0.00073414,0.00073414,0.3035163,0.00022282,0.00073414,0.0004735666666666812,0.023679453846153865,0.05071961264705881,0.0007341399999999998,0.0007282884615384613,0.0007305802941176477
92,0.00073412,1553572800,0.00073412,0.00072079,0.00072079,22.50863681,0.01652082,0.00073397,0.005581213333333348,0.023519584615384632,0.03222784088235292,0.0007341333333333331,0.0007286753846153844,0.000730316764705883
93,0.00073412,1553580000,0.00073412,0.00073412,0.00073412,0.0,0.0,0.00073412,0.005581213333333348,0.0024813507692307835,0.031712694117647044,0.0007341266666666665,0.0007305199999999997,0.0007300773529411771
94,0.00073412,1553587200,0.00073412,0.00073412,0.00073412,0.0,0.0,0.00073412,0.005506940000000015,0.002404878461538476,0.031584402941176454,0.0007341199999999999,0.0007315730769230766,0.0007298508823529419
95,0.00073414,1553594400,0.00073414,0.0007316,0.0007316,1.84784888,0.00135459,0.00073306,0.0004515300000000148,0.002509077692307707,0.031281352058823514,0.0007341266666666665,0.0007326276923076921,0.000729631470588236
96,0.00072079,1553601600,0.00072079,0.00072079,0.00072079,27.73068439,0.019988,0.00072079,0.007114196666666681,0.003788687692307707,0.031863772058823514,0.0007296833333333331,0.0007317961538461536,0.0007285850000000008
97,0.00072063,1553608800,0.00072079,0.00072063,0.00072079,161.0,0.11602818,0.00072067,0.045790256666666675,0.012383221538461551,0.014398525882352927,0.0007251866666666664,0.0007317623076923073,0.0007282476470588243
98,0.00072063,1553616000,0.00072063,0.00072063,0.00072063,0.0,0.0,0.00072063,0.04533872666666668,0.012039370000000013,0.014031438529411753,0.000720683333333333,0.0007309053846153844,0.0007278235294117655
99,0.00072063,1553623200,0.00072063,0.00072063,0.00072063,0.0,0.0,0.00072063,0.03867606000000001,0.011947099230769243,0.013909182058823516,0.0007206299999999996,0.000729907692307692,0.0007275485294117654
100,0.00072063,1553630400,0.00072063,0.00072063,0.00072063,0.0,0.0,0.00072063,1.3877787807814457e-17,0.011947099230769243,0.013905661176470576,0.0007206299999999996,0.0007289099999999995,0.0007272732352941184
101,0.00072065,1553637600,0.00072065,0.00072065,0.00072065,0.38924879,0.00028051,0.00072065,9.35033333333472e-05,0.011968676923076935,0.013909746764705869,0.0007206366666666662,0.0007279138461538456,0.0007271058823529419
102,0.00072063,1553644800,0.00072065,0.00072063,0.00072065,6.05703172,0.00436488,0.00072063,0.0015484633333333472,0.012212292307692319,0.014038125588235282,0.0007206366666666662,0.0007268746153846149,0.0007269379411764714
103,0.000724,1553652000,0.00072845,0.00072063,0.00072845,17.23744053,0.01245035,0.00072228,0.005698580000000015,0.01317001153846155,0.014389613823529398,0.0007217599999999996,0.000726094615384615,0.0007268797058823536
104,0.00072845,1553659200,0.00072845,0.00072845,0.00072845,51.48154751,0.03750173,0.00072845,0.018105653333333346,0.01603762000000001,0.015492605882352928,0.0007243599999999994,0.0007256569230769227,0.000726952352941177
105,0.00072845,1553666400,0.00072845,0.00072845,0.00072845,0.0,0.0,0.00072845,0.016650693333333345,0.014766787692307702,0.015487634117647047,0.0007269666666666661,0.000725220769230769,0.0007270408823529417
106,0.00073013,1553673600,0.00073013,0.00073013,0.00073013,0.27346343,0.00019966,0.00073013,0.012567130000000011,0.014782146153846163,0.015389365294117637,0.0007290099999999992,0.000724913846153846,0.0007271252941176476
107,0.00072581,1553680800,0.00073013,0.00070649,0.00073013,172.71129947,0.1225289,0.00070944,0.04090952000000001,0.024207446153846162,0.018919102058823516,0.0007281299999999993,0.0007242746153846152,0.0007271050000000005
108,0.00072562,1553688000,0.00072579,0.00070971,0.00072579,72.33935884,0.05172142,0.00071498,0.058149993333333344,0.028081817692307703,0.020440320294117634,0.0007271866666666659,0.0007236192307692307,0.0007270791176470592
109,0.00070951,1553695200,0.0007256,0.00070001,0.0007256,20.17740636,0.0141732,0.00070242,0.06280784000000002,0.027634525384615395,0.02082998441176469,0.0007203133333333326,0.0007227515384615383,0.0007265544117647062
110,0.00074448,1553702400,0.00078611,0.00070008,0.00072029,168.42793421,0.12367768,0.0007343,0.06319076666666668,0.028222948461538475,0.024404399117647045,0.0007265366666666661,0.0007245861538461537,0.0007271952941176474
111,0.00073321,1553709600,0.00073767,0.00073321,0.00073334,9.89273055,0.00727076,0.00073496,0.04837388000000001,0.028782237692307703,0.02459141558823528,0.0007290666666666662,0.000725553846153846,0.0007272626470588238
112,0.00073567,1553716800,0.00073573,0.00072954,0.00073329,37.40156742,0.02745525,0.00073406,0.05280123000000001,0.03089418000000001,0.025392612647058808,0.0007377866666666661,0.0007267107692307691,0.0007274755882352946
113,0.00072955,1553724000,0.00074291,0.00072953,0.00073574,19.21223066,0.01406133,0.00073189,0.016262446666666684,0.03197582076923078,0.025259148235294102,0.0007328099999999994,0.0007273969230769231,0.0007274891176470592
114,0.00074261,1553731200,0.00074271,0.00072656,0.00072962,33.09285648,0.02413289,0.00072924,0.021883156666666684,0.03381061923076924,0.017924908529411747,0.0007359433333333328,0.0007290861538461538,0.0007284441176470593
115,0.0007266,1553738400,0.00074256,0.00072659,0.00074256,2.54764988,0.00187415,0.00073563,0.013356123333333353,0.03361902461538462,0.01795079117647057,0.0007329199999999994,0.0007295453846153846,0.0007286255882352946
116,0.00073002,1553745600,0.00074225,0.00073,0.00073,6.99159266,0.00512158,0.00073253,0.010376206666666688,0.03305527307692309,0.018101425882352924,0.000733076666666666,0.0007300084615384615,0.0007289076470588239
117,0.00073002,1553752800,0.00074221,0.00073002,0.00074221,8.30443437,0.00606935,0.00073085,0.004355026666666686,0.0306373976923077,0.018181316470588217,0.0007288799999999995,0.0007301292307692307,0.0007288611764705887
118,0.00075547,1553760000,0.00075548,0.00073002,0.00073002,71.27167231,0.05345648,0.00075003,0.021549136666666687,0.03474943461538463,0.019627117647058805,0.0007385033333333328,0.0007322076923076922,0.0007298729411764711
119,0.00075,1553767200,0.00075548,0.00075,0.00075001,71.81015748,0.05410799,0.00075348,0.03787794000000002,0.038896229230769234,0.021087056470588218,0.0007451633333333328,0.0007337361538461537,0.0007304091176470593
120,0.00072544,1553774400,0.00077832,0.00072544,0.00075548,473.6878306,0.35666536,0.00075295,0.15474327666666668,0.05690672615384615,0.031541934117647046,0.0007436366666666661,0.0007337076923076922,0.0007301691176470593
121,0.00074219,1553781600,0.00075912,0.00074209,0.00075776,25.56264349,0.01916518,0.00074973,0.14331284333333336,0.0544024,0.032105615882352924,0.0007392099999999996,0.0007349823076923076,0.0007304217647058829
122,0.00075425,1553788800,0.0007544,0.00075,0.00075,12.20992635,0.00920353,0.00075377,0.12834469,0.05402011769230768,0.032376307941176456,0.0007406266666666663,0.0007384238461538461,0.0007310291176470593
123,0.00075531,1553796000,0.00075531,0.00074238,0.00075403,230.72654661,0.1740268,0.00075425,0.06746517000000002,0.05789312692307692,0.037459511470588215,0.000750583333333333,0.0007392569230769229,0.0007316517647058828
124,0.0007478,1553803200,0.0007478,0.0007478,0.0007478,11.9928,0.00896821,0.0007478,0.06406618000000001,0.0580237,0.03772328235294115,0.000752453333333333,0.0007403792307692306,0.0007320535294117652
125,0.00075532,1553810400,0.00075532,0.00074306,0.00075153,73.4290343,0.05532141,0.00075339,0.07943880666666668,0.06016725076923076,0.039343829117647035,0.0007528099999999996,0.0007418907692307691,0.0007326764705882357
126,0.00074732,1553817600,0.00075,0.00074732,0.00075,50.0,0.03737548,0.0007475,0.033888366666666676,0.061960646923076915,0.039957201470588205,0.0007501466666666664,0.0007432576923076921,0.0007330647058823533
127,0.00075532,1553824800,0.00075532,0.00075532,0.00075532,3.73073986,0.0028179,0.00075532,0.031838263333333346,0.060321032307692306,0.04004008088235291,0.000752653333333333,0.0007442353846153845,0.000733688235294118
128,0.00077827,1553832000,0.00081,0.00073669,0.00074367,755.96499204,0.58333325,0.00077164,0.20784221000000003,0.1050486553846154,0.05719694117647056,0.0007603033333333331,0.0007482099999999997,0.0007349867647058827
129,0.00075508,1553839200,0.00079994,0.00075432,0.00079994,78.28852605,0.0593861,0.00075855,0.21517908333333335,0.10922284923076925,0.05890375029411761,0.0007628899999999997,0.000750137692307692,0.0007356026470588239
130,0.00076191,1553846400,0.00076191,0.00075109,0.00075585,55.33825249,0.04175651,0.00075456,0.22815862,0.1119680153846154,0.05954400058823525,0.0007650866666666663,0.000752590769230769,0.0007368120588235298
131,0.00076377,1553853600,0.00076377,0.00076183,0.00076183,5.37018708,0.00409519,0.00076257,0.035079266666666685,0.10817099307692309,0.056251853823529374,0.000760253333333333,0.0007532292307692306,0.0007380808823529416
132,0.00076377,1553860800,0.00076377,0.00076377,0.00076377,0.0,0.0,0.00076377,0.015283900000000017,0.10400884,0.056251853823529374,0.0007631499999999997,0.0007542884615384613,0.0007393497058823534
133,0.00077385,1553868000,0.00079776,0.00075109,0.00076563,63.57201068,0.04954061,0.00077928,0.01787860000000002,0.08038385923076923,0.05770893058823526,0.0007671299999999995,0.0007580123076923074,0.0007409150000000004
134,0.00077385,1553875200,0.00077385,0.00077385,0.00077385,0.0,0.0,0.00077385,0.016513536666666686,0.07890961461538462,0.05770893058823526,0.0007704899999999995,0.0007604476923076919,0.0007424802941176475
135,0.00076996,1553882400,0.00077906,0.00076996,0.00077462,4.70626525,0.00365746,0.00077714,0.01773269000000002,0.07848299384615384,0.05780825264705878,0.0007725533333333329,0.0007616561538461535,0.0007439305882352945
136,0.00075111,1553889600,0.00079429,0.00074605,0.00076919,209.627701,0.16045137,0.00076541,0.054702943333333365,0.07743873,0.06239903176470585,0.000764973333333333,0.0007613330769230765,0.0007448270588235298
137,0.00078901,1553896800,0.00081,0.0007556,0.0007556,1156.12599932,0.91881409,0.00079473,0.3609743066666667,0.14742687461538465,0.08905678882352938,0.0007700266666666664,0.0007645030769230765,0.0007467391176470593
138,0.00075751,1553904000,0.00078901,0.00075236,0.00078901,144.77121978,0.11078963,0.00076527,0.39668503000000005,0.1516936607692308,0.09121231529411764,0.0007658766666666663,0.0007646715384615379,0.0007475938235294122
139,0.00075674,1553911200,0.00075751,0.00075674,0.00075751,8.21812074,0.00622365,0.0007573,0.34527579,0.1492973661538462,0.09139536382352939,0.000767753333333333,0.0007653961538461534,0.0007484258823529416
140,0.00075674,1553918400,0.00075674,0.00075674,0.00075674,0.0,0.0,0.00075674,0.03900442666666667,0.14908060461538467,0.09138949147058822,0.0007569966666666662,0.0007655053846153842,0.0007492085294117651
141,0.00075674,1553925600,0.00075674,0.00075674,0.00075674,0.32430038,0.00024541,0.00075674,0.002156353333333333,0.10422769384615388,0.0877929182352941,0.0007567399999999997,0.0007638492307692305,0.000750118235294118
142,0.00075673,1553932800,0.00075673,0.00075673,0.00075673,0.23621594,0.00017875,0.00075673,0.0001413866666666663,0.09967328230769233,0.08627695735294116,0.0007567366666666662,0.0007639761538461536,0.0007510332352941181
143,0.00075674,1553940000,0.00075674,0.00075674,0.00075674,4.81014783,0.00364003,0.00075674,0.0013547299999999995,0.09674124538461541,0.0859671582352941,0.0007567366666666662,0.0007635784615384613,0.0007524223529411768
144,0.00078976,1553947200,0.00094277,0.0007323,0.00075674,2745.6103768,2.35702706,0.00085847,0.7869486133333333,0.2777360046153846,0.15165390470588236,0.0007677433333333328,0.0007655776923076921,0.0007537541176470592
145,0.00079256,1553954400,0.00080592,0.00077202,0.00078961,293.5324384,0.23299064,0.00079374,0.8645525766666667,0.2956583615384616,0.15829272470588235,0.0007796866666666662,0.0007677923076923074,0.0007554997058823533
146,0.00076281,1553961600,0.00079419,0.00075628,0.00079419,782.55914678,0.60017018,0.00076693,1.06339596,0.3380144823076923,0.17513728147058824,0.0007817099999999996,0.0007669430769230768,0.0007562979411764709
147,0.00076816,1553968800,0.00077231,0.00075598,0.00077231,217.63326378,0.16463353,0.00075647,0.3325981166666668,0.35067859999999995,0.17956587558823528,0.0007745099999999995,0.0007665053846153846,0.0007574335294117651
148,0.00076449,1553976000,0.0007684,0.00075,0.00076814,47.15176488,0.03556227,0.0007542,0.2667886600000001,0.35313281615384606,0.1799020338235294,0.0007651533333333329,0.0007660846153846152,0.0007580770588235297
149,0.00075518,1553983200,0.00076659,0.00074508,0.00076642,123.28359801,0.09284269,0.00075308,0.0976794966666668,0.3479321484615384,0.18257757911764708,0.0007626099999999995,0.0007663976923076922,0.0007589176470588239
150,0.00074599,1553990400,0.00076319,0.00074597,0.00075517,14.8905648,0.01130003,0.00075887,0.04656833000000013,0.2781233746153846,0.18275929823529413,0.0007552199999999996,0.0007630884615384615,0.0007593873529411768
151,0.00076009,1553997600,0.00076009,0.00074569,0.00074569,3.21533433,0.00244196,0.00075947,0.035528226666666794,0.26978893846153845,0.18265261029411767,0.000753753333333333,0.000763286923076923,0.0007602717647058827
152,0.00076009,1554004800,0.00076009,0.00076009,0.00076009,0.0,0.0,0.00076009,0.004580663333333457,0.2693101961538461,0.18108036088235294,0.0007553899999999996,0.0007635446153846152,0.0007604076470588238
153,0.00076601,1554012000,0.00076629,0.00074641,0.00074641,35.47728567,0.02683854,0.00075649,0.00976016666666679,0.2713746992307692,0.1802783182352941,0.0007620633333333329,0.0007642576923076921,0.000760878529411765
154,0.00075,1554019200,0.00075686,0.00074501,0.00075128,72.11344134,0.05382629,0.00074641,0.026888276666666794,0.2754963053846154,0.17137128676470587,0.0007586999999999994,0.0007637392307692306,0.0007616008823529414
155,0.00074952,1554026400,0.00075685,0.00074951,0.00074951,17.01253147,0.01278805,0.00075168,0.031150960000000127,0.27646625153846155,0.17118372411764704,0.0007551766666666661,0.0007631846153846151,0.0007618164705882356
156,0.00074803,1554033600,0.00075686,0.00073851,0.00074877,293.0199166,0.21715252,0.00074108,0.09458895333333345,0.2928902892307692,0.17729987088235294,0.0007491833333333328,0.0007625146153846152,0.0007616335294117649
157,0.00075721,1554040800,0.00075722,0.00074579,0.00074803,82.70568622,0.06241388,0.00075465,0.09745148333333344,0.11638158307692305,0.1740171379411765,0.000751586666666666,0.0007600107692307689,0.0007616894117647062
158,0.00075916,1554048000,0.00075916,0.00075568,0.00075644,34.7781143,0.0263082,0.00075645,0.10195820000000011,0.10048293384615382,0.17452713764705882,0.0007547999999999994,0.0007574415384615381,0.000762023529411765
159,0.00075006,1554055200,0.00075917,0.00075001,0.00075916,40.38484338,0.03044665,0.00075391,0.03972291000000012,0.056658046923076896,0.17379552705882353,0.000755476666666666,0.0007564607692307691,0.000761868823529412
160,0.00075991,1554062400,0.00075991,0.00074988,0.00075917,139.17760565,0.10514639,0.00075548,0.05396708000000012,0.05208211307692305,0.17578878911764706,0.000756376666666666,0.0007558261538461537,0.0007622391176470591
161,0.00074951,1554069600,0.00075991,0.00074951,0.00075991,82.53200761,0.06190805,0.0007501,0.06583369666666679,0.054108711538461515,0.17752673470588237,0.0007531599999999994,0.000754673846153846,0.0007620682352941178
162,0.00075612,1554076800,0.00075612,0.00074876,0.00075027,0.9434135,0.00071043,0.00075304,0.055921623333333455,0.047021614615384594,0.16039076941176472,0.0007551799999999994,0.0007547461538461538,0.0007614167647058825
163,0.00074852,1554084000,0.00075536,0.00074852,0.00075536,4.07285783,0.00304972,0.00074879,0.021889400000000125,0.046386975384615364,0.15873381705882353,0.0007513833333333327,0.0007549407692307692,0.000761223823529412
164,0.00074852,1554091200,0.00074852,0.00074852,0.00074852,0.0,0.0,0.00074852,0.0012533833333334572,0.046199132307692285,0.1575056844117647,0.0007510533333333326,0.0007540507692307693,0.0007608300000000001
165,0.00074852,1554098400,0.00074852,0.00074852,0.00074852,0.0,0.0,0.00074852,0.0010165733333334572,0.046199132307692285,0.1573852376470588,0.0007485199999999994,0.0007531607692307694,0.0007603814705882353
166,0.00074653,1554105600,0.00075,0.00074652,0.00075,6.81312884,0.00508748,0.00074671,0.0016958266666667905,0.04452597384615383,0.1575348694117647,0.0007478566666666661,0.000751662307692308,0.0007598744117647059
167,0.00075,1554112800,0.00075612,0.00073851,0.00075602,293.1950629,0.21938518,0.00074825,0.07482422000000012,0.05726127307692307,0.16253029794117646,0.0007483499999999995,0.000751662307692308,0.0007591729411764707
168,0.00074925,1554120000,0.00074925,0.0007385,0.0007385,21.86465872,0.01614919,0.00073859,0.08020728333333346,0.057519822307692293,0.16300527411764706,0.0007485933333333328,0.0007516415384615388,0.000758449411764706
169,0.00074925,1554127200,0.00074925,0.00074925,0.00074925,0.0,0.0,0.00074925,0.0785114566666668,0.0408157823076923,0.16289770176470586,0.0007494999999999994,0.0007517353846153848,0.0007578402941176471
170,0.00074536,1554134400,0.0007485,0.00072974,0.0007485,29.03748998,0.02136708,0.00073584,0.012505423333333451,0.037658336153846145,0.1588069873529412,0.0007479533333333328,0.0007508238461538465,0.0007576711764705884
171,0.00074461,1554141600,0.00074461,0.00074461,0.00074461,4.88836455,0.00363992,0.00074461,0.008335666666666783,0.035914622307692295,0.1318901,0.0007464066666666662,0.0007497046153846157,0.0007563652941176472
172,0.00074399,1554148800,0.00074417,0.00072551,0.00073418,466.58793708,0.34054505,0.00072986,0.12185068333333345,0.05976834538461538,0.1386476123529412,0.0007446533333333329,0.0007492376923076925,0.0007559676470588237
173,0.00073863,1554156000,0.00074217,0.00071677,0.00074217,359.14847803,0.25909772,0.00072142,0.20109423000000012,0.07161075538461538,0.146085085,0.0007424099999999997,0.0007476007692307694,0.0007554350000000002
174,0.00074141,1554163200,0.00074141,0.00073863,0.00073863,4.09976547,0.00303791,0.00074099,0.2008935600000001,0.06708228307692307,0.14617443529411767,0.0007413433333333329,0.0007469776923076925,0.0007549841176470591
175,0.00074141,1554170400,0.00074141,0.00074141,0.00074141,2.84201724,0.0021071,0.00074141,0.08808091000000011,0.06718971923076922,0.14622919088235295,0.000740483333333333,0.000745846153846154,0.000754533235294118
176,0.000723,1554177600,0.00072756,0.00069757,0.00072756,307.30178424,0.21782546,0.00070883,0.07432349000000012,0.08371092999999999,0.15263056470588238,0.000735273333333333,0.0007438830769230769,0.0007535411764705886
177,0.0007,1554184800,0.00072391,0.0007,0.00072391,2.02729708,0.00143361,0.00070715,0.07378872333333346,0.08382120769230769,0.15256567000000004,0.0007214699999999997,0.0007401507692307691,0.0007518723529411768
178,0.00068018,1554192000,0.00071532,0.00068018,0.00071367,69.95102079,0.04860943,0.0006949,0.08928950000000013,0.0875603946153846,0.08467103382352945,0.0007010599999999996,0.000734893846153846,0.0007486494117647062
179,0.00069478,1554199200,0.00069478,0.00068568,0.00068637,11.63651995,0.0079934,0.00068692,0.019345480000000127,0.0877839269230769,0.07805346794117651,0.0006916533333333328,0.0007309130769230769,0.000745773529411765
180,0.0006824,1554206400,0.00069184,0.0006824,0.00069184,3.07687669,0.00211739,0.00068816,0.019573406666666793,0.07107101999999998,0.060463680000000034,0.0006857866666666662,0.0007257130769230767,0.000743408529411765
181,0.00072391,1554213600,0.00072391,0.00069044,0.00069113,89.30613085,0.06333448,0.00070918,0.024481756666666788,0.07470065769230767,0.05748429617647062,0.0007003633333333329,0.000723763846153846,0.0007421070588235297
182,0.00070548,1554220800,0.00072391,0.00070478,0.00070478,48.11662433,0.03429486,0.00071274,0.033248910000000124,0.07733872384615383,0.057447019411764735,0.0007039299999999996,0.0007203969230769228,0.0007403714705882357
183,0.00070447,1554228000,0.00072004,0.00069044,0.00070478,149.18955939,0.10532791,0.000706,0.06765241666666678,0.0837972492307692,0.05781423176470592,0.0007112866666666662,0.0007172515384615383,0.0007388800000000002
184,0.00071502,1554235200,0.00071502,0.00070446,0.00070446,1.77223231,0.0012588,0.00071029,0.046960523333333455,0.08361408615384613,0.057518901470588274,0.000708323333333333,0.0007149753846153844,0.0007379691176470592
185,0.00069045,1554242400,0.000701,0.00069045,0.000701,29.08196204,0.02022627,0.00069549,0.04227099333333345,0.05897417999999998,0.05804196941176474,0.000703313333333333,0.000710856923076923,0.0007359208823529414
186,0.00068319,1554249600,0.00070988,0.00067685,0.00069387,245.96422297,0.16878583,0.00068622,0.06342363333333344,0.05202711153846152,0.0630062585294118,0.0006962199999999996,0.0007065923076923075,0.000733659117647059
187,0.0006934,1554256800,0.00070396,0.00068324,0.00068324,5.08449078,0.00356689,0.00070152,0.06419299666666677,0.05206780230769229,0.06232179823529416,0.0006890133333333328,0.0007028992307692306,0.0007315235294117648
188,0.00068,1554264000,0.0006934,0.00068,0.0006934,74.56012846,0.05070089,0.00068,0.07435120333333343,0.05580578615384613,0.06222987470588239,0.0006855299999999994,0.0006981753846153846,0.0007294647058823531
189,0.00068012,1554271200,0.00070396,0.00068,0.00068,108.26396112,0.07535491,0.00069602,0.04320756333333343,0.04484651307692306,0.06407007647058827,0.000684506666666666,0.0006948769230769229,0.0007274235294117649
190,0.00068001,1554278400,0.00070007,0.00068001,0.00070007,15.04086708,0.01036572,0.00068917,0.0454738400000001,0.04553359846153845,0.05798811176470592,0.0006800433333333326,0.0006933392307692307,0.0007254229411764707
191,0.00069005,1554285600,0.00069005,0.00067686,0.00068147,100.57479368,0.06812032,0.00067731,0.05128031666666677,0.04703443615384614,0.058155948235294144,0.0006833933333333326,0.0006940984615384614,0.0007234476470588236
192,0.00068906,1554292800,0.00069003,0.0006797,0.00068957,24.80769325,0.01708695,0.00068877,0.03185766333333343,0.04773393999999999,0.05788473500000003,0.0006863733333333325,0.0006936584615384613,0.0007213858823529412
193,0.00069003,1554300000,0.00069003,0.00067971,0.00067971,35.88231892,0.02472419,0.00068903,0.036643820000000105,0.04947292461538461,0.0577164273529412,0.0006897133333333325,0.0006942453846153844,0.000719620294117647
194,0.00068283,1554307200,0.00069999,0.00068283,0.00069005,64.83523401,0.0451933,0.00069704,0.029001480000000104,0.048077449230769224,0.05595310117647062,0.0006873066666666658,0.0006910853846153845,0.0007173532352941176
195,0.00068195,1554314400,0.00068614,0.00068195,0.00068614,0.51378264,0.00035157,0.00068428,0.0234230200000001,0.04546642692307691,0.05414261647058827,0.0006849366666666657,0.0006892753846153845,0.0007153661764705883
196,0.00069755,1554321600,0.00069911,0.00067411,0.00069713,902.04526922,0.60919985,0.00067535,0.2182482400000001,0.08422580692307692,0.0720393641176471,0.0006874433333333324,0.0006887430769230769,0.0007136435294117649
197,0.00068314,1554328800,0.00068314,0.00067412,0.00067694,12.06315258,0.00818813,0.00067877,0.20591318333333342,0.0847588323076923,0.07219049382352946,0.0006875466666666657,0.0006862907692307691,0.0007117205882352942
198,0.00068266,1554336000,0.00069043,0.00068266,0.00068974,12.03973938,0.00830637,0.00068991,0.20856478333333342,0.08384191692307691,0.07243479882352946,0.0006877833333333323,0.0006856915384615384,0.0007097835294117649
199,0.00068509,1554343200,0.0006956,0.00068431,0.00068431,112.75528422,0.07722823,0.00068491,0.031240910000000104,0.0767990246153846,0.07470621735294122,0.000683629999999999,0.0006858376923076921,0.0007079179411764708
200,0.00069558,1554350400,0.00069558,0.00068578,0.00068578,6.27157884,0.00435972,0.00069515,0.029964773333333434,0.07686001153846153,0.07468481264705887,0.0006877766666666656,0.0006860053846153844,0.0007064194117647062
201,0.00069558,1554357600,0.00069558,0.000692,0.000692,25.35608275,0.01754768,0.00069205,0.0330452100000001,0.0743097646153846,0.06874841558823533,0.0006920833333333323,0.0006872038461538458,0.000704818823529412
202,0.00069558,1554364800,0.00069558,0.00069558,0.00069558,0.0,0.0,0.00069558,0.007302466666666771,0.06851323307692306,0.06827343941176474,0.0006955799999999989,0.0006883930769230767,0.0007032402941176474
203,0.00069377,1554372000,0.00069901,0.00068267,0.00069558,616.36995283,0.42998584,0.00069761,0.1491778400000001,0.10079170384615382,0.08092008176470591,0.0006949766666666655,0.0006894515384615382,0.000701608529411765
204,0.00069894,1554379200,0.00069894,0.00069893,0.00069893,10.79252856,0.00754332,0.00069893,0.14584305333333344,0.09613193461538459,0.08051350058823532,0.0006960966666666656,0.0006901353846153844,0.000700243235294118
205,0.0006759,1554386400,0.00068456,0.00067507,0.00068388,20.94498193,0.01419641,0.00067779,0.1505751900000001,0.09590958538461537,0.08082398558823532,0.0006895366666666656,0.0006891230769230767,0.0006982223529411768
206,0.00068916,1554393600,0.00068916,0.00068916,0.00068916,0.57805394,0.00039837,0.00068916,0.0073793666666667574,0.09403836846153846,0.07081967147058826,0.0006879999999999988,0.0006890561538461537,0.0006966097058823533
207,0.000689,1554400800,0.000689,0.000689,0.000689,0.58055152,0.00039999,0.000689,0.004998256666666757,0.09059272923076923,0.06321091470588239,0.0006846866666666654,0.000689530769230769,0.0006951500000000003
208,0.0006819,1554408000,0.00068782,0.00067412,0.00067724,189.08467852,0.12771551,0.00067544,0.04283795666666676,0.10038995538461538,0.06687790294117649,0.0006866866666666655,0.0006895269230769227,0.0006933997058823531
209,0.00067411,1554415200,0.00067411,0.00067411,0.00067411,222.7472467,0.15015614,0.00067411,0.09275721333333342,0.06507890076923076,0.07123228647058825,0.0006816699999999988,0.0006877238461538459,0.0006914202941176472
210,0.00068349,1554422400,0.00068414,0.00068205,0.00068205,76.00447153,0.05199219,0.00068406,0.10995461333333341,0.06844844384615384,0.0663548373529412,0.0006798333333333322,0.0006877507692307689,0.0006902582352941176
211,0.00068349,1554429600,0.00068349,0.00068349,0.00068349,0.0,0.0,0.00068349,0.06738277666666674,0.0678094923076923,0.06631267235294121,0.0006803633333333322,0.000687814615384615,0.0006897726470588236
212,0.00068349,1554436800,0.00068349,0.00068349,0.00068349,0.0,0.0,0.00068349,0.017330730000000082,0.06186885923076923,0.06488298323529415,0.000683489999999999,0.0006876915384615382,0.00068987
213,0.00068187,1554444000,0.00068304,0.00068186,0.00068304,36.50286413,0.02489277,0.00068194,0.008297590000000084,0.06344832461538462,0.0653800235294118,0.000682949999999999,0.0006866369230769229,0.0006894902941176471
214,0.00068185,1554451200,0.00068185,0.00067414,0.00067414,56.99295555,0.03850485,0.0006756,0.021132540000000085,0.06506041461538462,0.0664502429411765,0.0006824033333333322,0.000685580769230769,0.0006894741176470589
215,0.00068913,1554458400,0.00068913,0.00067583,0.00067583,0.74317194,0.00050665,0.00068175,0.021301423333333416,0.0650993876923077,0.06460236558823533,0.0006842833333333322,0.0006850846153846151,0.0006884511764705883
216,0.00068933,1554465600,0.00068933,0.00068933,0.00068933,11.950684,0.00823796,0.00068933,0.015749820000000084,0.03265724307692309,0.06383598617647063,0.0006867699999999989,0.0006847430769230767,0.0006879761764705882
217,0.00068932,1554472800,0.00068932,0.00067583,0.00067583,21.72592409,0.01490568,0.00068607,0.007883430000000082,0.033223578461538464,0.061176508823529444,0.0006892599999999989,0.0006840030769230767,0.0006875305882352941
218,0.00068932,1554480000,0.00068932,0.00068932,0.00068932,2.17948366,0.00150236,0.00068932,0.008215333333333416,0.03224711307692308,0.061183672352941205,0.0006893233333333322,0.0006850353846153844,0.0006867747058823529
219,0.00068932,1554487200,0.00068932,0.00067584,0.00068931,129.42385056,0.08915498,0.00068886,0.03518767333333341,0.03907454461538462,0.0632109873529412,0.0006893199999999988,0.0006850476923076921,0.0006867414705882353
220,0.00068957,1554494400,0.00068957,0.00067602,0.00068933,88.88073321,0.0608168,0.00068425,0.05049138000000008,0.04372199153846154,0.060035427647058846,0.0006894033333333322,0.0006850915384615382,0.000686929117647059
221,0.00068943,1554501600,0.00069133,0.00067924,0.00068958,10.07299182,0.00690963,0.00068595,0.05229380333333341,0.034429231538461544,0.06013374352941178,0.000689439999999999,0.0006856707692307689,0.0006868123529411766
222,0.00069253,1554508800,0.00069253,0.00069253,0.00069253,0.21995399,0.00015232,0.00069253,0.02262625000000008,0.022890476153846154,0.05864702088235297,0.0006905099999999989,0.000687087692307692,0.0006871808823529413
223,0.00068181,1554516000,0.00068181,0.00068181,0.00068181,0.23603349,0.00016092,0.00068181,0.002407623333333412,0.018903455384615388,0.0564354329411765,0.0006879233333333323,0.0006869584615384612,0.0006872305882352943
224,0.00069253,1554523200,0.00069253,0.00069253,0.00069253,0.66048164,0.0004574,0.00069253,0.00025688000000007846,0.018938640000000003,0.0561440117647059,0.0006889566666666657,0.0006876538461538459,0.000687598823529412
225,0.00069179,1554530400,0.00069179,0.00068925,0.00068925,15.88896957,0.01097171,0.00069052,0.0038633433333334125,0.019782617692307696,0.05446317029411767,0.000688709999999999,0.0006882923076923074,0.0006876500000000003
226,0.00067583,1554537600,0.00068928,0.00067583,0.00067926,117.35355061,0.08029214,0.00068419,0.03057375000000008,0.024044107692307696,0.05632214647058826,0.0006867166666666655,0.0006878276923076921,0.0006872608823529413
227,0.00067413,1554544800,0.00067896,0.00067413,0.00067896,23.80029278,0.0161003,0.00067647,0.03578805000000008,0.022320680769230775,0.05606850264705885,0.0006805833333333322,0.000687233846153846,0.0006867932352941177
228,0.00068912,1554552000,0.00068912,0.00068912,0.00068912,0.38536104,0.00026555,0.00068912,0.03221933000000008,0.022302134615384623,0.054747098235294146,0.0006796933333333323,0.0006872330769230767,0.0006869782352941178
229,0.00067881,1554559200,0.00068905,0.0006788,0.00067881,73.33045957,0.049783,0.00067888,0.022049616666666747,0.02549790692307693,0.05620096382352943,0.0006806866666666657,0.0006864238461538459,0.0006868858823529413
230,0.00067935,1554566400,0.00067935,0.0006788,0.00067881,23.68694564,0.01607888,0.0006788,0.02204247666666675,0.02558815307692309,0.03875622941176473,0.0006824266666666656,0.0006856569230769229,0.0006863505882352941
231,0.00068614,1554573600,0.00068614,0.00067938,0.00067938,88.88798221,0.06038971,0.00067939,0.042083863333333416,0.030117949230769245,0.04029157000000002,0.0006814333333333322,0.0006854123076923074,0.0006864388235294117
232,0.00067413,1554580800,0.0006925,0.00067413,0.00067937,27.5151179,0.01866958,0.00067852,0.031712723333333415,0.0246959953846154,0.040596370294117674,0.0006798733333333321,0.000684243846153846,0.0006861879411764705
233,0.0006925,1554588000,0.0006925,0.00068896,0.00068896,2.42521516,0.00167673,0.00069137,0.02691200666666675,0.020146759230769248,0.0383742673529412,0.0006842566666666654,0.0006844692307692306,0.000686405882352941
234,0.0006925,1554595200,0.0006925,0.0006925,0.0006925,0.0,0.0,0.0006925,0.006782103333333414,0.019615249230769245,0.03824604029411767,0.0006863766666666654,0.0006847053846153844,0.0006863152941176469
235,0.0006925,1554602400,0.0006925,0.0006925,0.0006925,0.0,0.0,0.0006925,0.0005589100000000803,0.019603532307692326,0.03772993205882355,0.0006924999999999987,0.0006847030769230768,0.0006862247058823526
236,0.0006925,1554609600,0.0006925,0.0006925,0.0006925,0.0,0.0,0.0006925,8.023096076392733e-17,0.019591153846153862,0.03772993205882355,0.0006924999999999987,0.0006855253846153846,0.0006861341176470585
237,0.00069246,1554616800,0.00069246,0.00067863,0.00067863,36.30669598,0.02513811,0.00069238,0.00837937000000008,0.021489670000000016,0.025822645882352967,0.0006924866666666653,0.00068552,0.0006860955882352938
238,0.00069247,1554624000,0.00069247,0.00068881,0.00068881,0.94327742,0.00065037,0.00068948,0.00859616000000008,0.020695720769230784,0.025619912058823552,0.0006924766666666654,0.0006855723076923078,0.0006859052941176467
239,0.00069246,1554631200,0.00069246,0.00069246,0.00069246,0.53044908,0.00036731,0.00069246,0.008718596666666746,0.014547656923076939,0.025213173823529434,0.0006924633333333321,0.0006868515384615385,0.0006863923529411761
240,0.00069244,1554638400,0.00069245,0.00069244,0.00069245,0.58159565,0.00040272,0.00069244,0.00047346666666674603,0.013340150769230784,0.025213301764705903,0.0006924566666666653,0.0006882600000000001,0.0006864888235294113
241,0.00069243,1554645600,0.00069244,0.00067863,0.00069244,37.23753263,0.02577642,0.00069221,0.008848816666666747,0.015302525384615398,0.0259596673529412,0.0006924433333333319,0.0006885146153846155,0.0006865897058823526
242,0.00068794,1554652800,0.00069244,0.00068794,0.00069244,1.5494831,0.00106803,0.00068928,0.00908239000000008,0.011555220000000014,0.022234741470588258,0.0006909366666666654,0.0006892169230769233,0.0006867673529411762
243,0.00068794,1554660000,0.00068794,0.00068794,0.00068794,1.63286868,0.00112331,0.00068794,0.009322586666666747,0.010404791538461551,0.017851422941176493,0.0006894366666666653,0.0006898776923076924,0.0006871741176470586
244,0.00069243,1554667200,0.00069243,0.00069243,0.00069243,0.14586311,0.00010099,0.00069243,0.0007641100000000794,0.005767197692307705,0.016325211176470608,0.0006894366666666653,0.0006903615384615385,0.0006874370588235293
245,0.0006977,1554674400,0.0006977,0.00069243,0.00069243,82.11276938,0.057035,0.00069459,0.019419766666666748,0.008718383846153858,0.01800271117647061,0.0006926899999999987,0.0006921746153846155,0.0006878549999999999
246,0.0006977,1554681600,0.0006977,0.0006977,0.0006977,28.82259839,0.02010952,0.0006977,0.025748503333333412,0.010136290769230782,0.018594167647058846,0.000695943333333332,0.0006925746153846155,0.0006882729411764705
247,0.00069434,1554688800,0.00069772,0.00069434,0.0006977,93.85645466,0.06541634,0.00069698,0.04752028666666675,0.015168316923076937,0.019786037352941196,0.0006965799999999987,0.0006927161538461539,0.0006886397058823529
248,0.00068641,1554696000,0.00068641,0.00068572,0.00068641,23.11368465,0.01586434,0.00068636,0.03379673333333342,0.016388650769230784,0.01912014000000002,0.0006928166666666655,0.0006922476923076923,0.0006887738235294116
249,0.00069892,1554703200,0.00069892,0.000693,0.000693,14.55712711,0.01015775,0.00069778,0.030479476666666755,0.017170016153846168,0.01940399588235296,0.0006932233333333322,0.0006927415384615385,0.0006890617647058822
250,0.00069892,1554710400,0.00069892,0.00069892,0.00069892,0.0,0.0,0.00069892,0.008674030000000088,0.015236315384615399,0.01916170294117649,0.0006947499999999989,0.0006932384615384615,0.0006893438235294116
251,0.00067965,1554717600,0.00069895,0.00067955,0.00067955,1.18175042,0.00081695,0.00069131,0.00365823333333342,0.015249129230769246,0.018747328529411782,0.0006924966666666655,0.0006922523076923077,0.0006890594117647057
252,0.00068614,1554724800,0.00068614,0.00068614,0.00068614,0.28498589,0.00019554,0.00068614,0.0003374966666667533,0.015235916153846167,0.018708892647058842,0.0006882366666666655,0.0006917661538461538,0.0006889658823529411
