,close,date,high,low,open,quoteVolume,volume,weightedAverage,avg_vol_3,avg_vol_13,avg_vol_34,avg_close_3,avg_close_13,avg_close_34
0,0.00011725,1552914661,0.00011725,0.00011725,0.00011725,0.0,0.0,0.00011725,-99999.0,-99999.0,-99999.0,-99999.0,-99999.0,-99999.0
1,0.00011679,1552917600,0.00011725,0.00011679,0.00011725,47.91317664,0.00561186,0.00011712,-99999.0,-99999.0,-99999.0,-99999.0,-99999.0,-99999.0
2,0.00011762,1552924800,0.00011762,0.00011671,0.00011725,955.94570102,0.11216139,0.00011733,0.03925775,-99999.0,-99999.0,0.00011722,-99999.0,-99999.0
3,0.00011762,1552932000,0.00011762,0.00011687,0.00011762,1026.08244013,0.11996407,0.00011691,0.07924577333333334,-99999.0,-99999.0,0.00011734333333333333,-99999.0,-99999.0
4,0.0001166,1552939200,0.00011868,0.0001166,0.00011787,5452.80873984,0.64383753,0.00011807,0.2919876633333333,-99999.0,-99999.0,0.00011727999999999999,-99999.0,-99999.0
5,0.00011724,1552946400,0.00011745,0.00011651,0.00011651,869.06958912,0.1015233,0.00011681,0.28844163333333334,-99999.0,-99999.0,0.00011715333333333332,-99999.0,-99999.0
6,0.00011716,1552953600,0.00011763,0.00011712,0.00011724,2236.1320121,0.26216557,0.00011724,0.3358421333333333,-99999.0,-99999.0,0.00011699999999999998,-99999.0,-99999.0
7,0.00011705,1552960800,0.00011727,0.00011676,0.00011727,278.93582963,0.03265352,0.00011706,0.13211412999999997,-99999.0,-99999.0,0.00011714999999999999,-99999.0,-99999.0
8,0.00011682,1552968000,0.0001169,0.00011595,0.00011668,1460.05804086,0.1701719,0.00011655,0.15499699666666666,-99999.0,-99999.0,0.00011700999999999998,-99999.0,-99999.0
9,0.00011652,1552975200,0.0001168,0.00011524,0.00011666,4728.20203141,0.54601583,0.00011548,0.24961374999999997,-99999.0,-99999.0,0.00011679666666666665,-99999.0,-99999.0
10,0.0001168,1552982400,0.0001168,0.00011647,0.00011649,374.79839464,0.04376731,0.00011677,0.25331834666666664,-99999.0,-99999.0,0.00011671333333333333,-99999.0,-99999.0
11,0.00011577,1552989600,0.00011696,0.00011577,0.00011664,586.72716691,0.06841165,0.00011659,0.21939826333333334,-99999.0,-99999.0,0.00011636333333333333,-99999.0,-99999.0
12,0.00011434,1552996800,0.00011595,0.00011434,0.00011577,2406.23613305,0.27689368,0.00011507,0.12969087999999998,0.1833213546153846,-99999.0,0.00011563666666666666,0.00011673692307692309,-99999.0
13,0.00011765,1553004000,0.00012129,0.00011459,0.00011499,14735.30723941,1.7317022,0.00011752,0.6923358433333334,0.3165292161538461,-99999.0,0.00011591999999999999,0.00011676769230769232,-99999.0
14,0.00011458,1553011200,0.00011688,0.00011424,0.00011688,7540.83182777,0.8692861,0.00011527,0.9592939933333335,0.3829656961538461,-99999.0,0.00011552333333333333,0.00011659769230769232,-99999.0
15,0.00011483,1553018400,0.00011645,0.0001146,0.0001146,5391.65033648,0.62570116,0.00011605,1.0755631533333336,0.42246875538461537,-99999.0,0.00011568666666666667,0.00011638307692307693,-99999.0
16,0.00011583,1553025600,0.00011583,0.00011436,0.0001151,1879.70682643,0.21567622,0.00011473,0.5702211600000003,0.42983122846153843,-99999.0,0.00011507999999999999,0.00011624538461538462,-99999.0
17,0.00011612,1553032800,0.00011615,0.00011532,0.0001154,670.18983335,0.07783858,0.00011614,0.30640532000000037,0.38629284769230765,-99999.0,0.00011559333333333332,0.00011620846153846155,-99999.0
18,0.00011539,1553040000,0.00011612,0.00011539,0.00011607,43.20404775,0.00501346,0.00011604,0.09950942000000036,0.3788690138461538,-99999.0,0.00011577999999999999,0.00011606615384615386,-99999.0
19,0.00011607,1553047200,0.00011653,0.0001153,0.0001153,795.8724476,0.09229312,0.00011596,0.058381720000000366,0.3658019023076923,-99999.0,0.00011586,0.0001159823076923077,-99999.0
20,0.00011726,1553054400,0.00011726,0.00011599,0.00011599,1176.86742945,0.13791118,0.00011718,0.07840592000000036,0.3738986453846153,-99999.0,0.00011624,0.00011599846153846153,-99999.0
21,0.00011811,1553061600,0.00011954,0.00011698,0.00011698,4148.68029574,0.49084056,0.00011831,0.240348286666667,0.3985654653846153,-99999.0,0.00011714666666666667,0.00011609769230769232,-99999.0
22,0.000118,1553068800,0.00011821,0.00011768,0.00011768,204.86891008,0.02417425,0.00011799,0.21764199666666698,0.35842380538461527,-99999.0,0.00011779,0.00011621153846153848,-99999.0
23,0.00011692,1553076000,0.000118,0.00011669,0.000118,4303.50536501,0.50423046,0.00011716,0.33974842333333366,0.3938440476923076,-99999.0,0.00011767666666666667,0.00011622076923076923,-99999.0
24,0.000119,1553083200,0.000119,0.00011723,0.00011781,1169.34366162,0.1381883,0.00011817,0.22219767000000032,0.39921148230769227,-99999.0,0.00011797333333333334,0.00011646923076923076,-99999.0
25,0.00011847,1553090400,0.00012036,0.00011796,0.000119,4841.16127387,0.57611639,0.000119,0.40617838333333367,0.42222861384615384,-99999.0,0.00011813000000000002,0.00011678692307692307,-99999.0
26,0.00012106,1553097600,0.00012318,0.00011979,0.00012023,16399.33470018,1.99405214,0.00012159,0.9027856100000003,0.44240937846153844,-99999.0,0.00011951000000000001,0.00011704923076923077,-99999.0
27,0.000122,1553104800,0.00012281,0.00012153,0.0001223,5087.65565023,0.62129753,0.00012211,1.0638220200000004,0.4233333346153846,-99999.0,0.00012051,0.00011762,-99999.0
28,0.00012101,1553112000,0.00012218,0.00012073,0.00012196,3010.57355816,0.3663612,0.00012169,0.9939036233333337,0.40338410692307686,-99999.0,0.00012135666666666666,0.00011809538461538461,-99999.0
29,0.00012063,1553119200,0.00012144,0.00011992,0.0001212,1681.89147442,0.20314428,0.00012078,0.39693433666666705,0.40242011153846147,-99999.0,0.00012121333333333333,0.0001184646153846154,-99999.0
30,0.00011975,1553126400,0.00012069,0.00011937,0.00012069,121.52335869,0.01454386,0.00011967,0.19468311333333374,0.3975512869230769,-99999.0,0.00012046333333333334,0.00011874384615384617,-99999.0
31,0.00012035,1553133600,0.00012483,0.00011939,0.00011997,7457.03440657,0.91653346,0.0001229,0.37807386666666704,0.46766821,-99999.0,0.00012024333333333334,0.00011912538461538463,-99999.0
32,0.00012067,1553140800,0.00012147,0.00011974,0.00011974,761.19255741,0.09209874,0.00012099,0.341058686666667,0.4676532576923077,-99999.0,0.00012025666666666666,0.00011947923076923079,-99999.0
33,0.00012091,1553148000,0.00012091,0.00011977,0.00011977,401.30356786,0.04811086,0.00011988,0.352247686666667,0.4607455407692308,0.3567144605882353,0.00012064333333333334,0.00011976,0.0001177114705882353
34,0.00012036,1553155200,0.00012144,0.00012009,0.00012047,1512.7106061,0.18280238,0.00012084,0.10767066000000032,0.4370502961538462,0.3620910011764706,0.00012064666666666668,0.00011993307692307692,0.00011780294117647059
35,0.00012125,1553162400,0.0001216,0.00012026,0.00012026,2043.1341977,0.24787993,0.00012132,0.15959772333333364,0.45425842538461547,0.36921653264705884,0.00012084000000000003,0.00012018307692307691,0.0001179341176470588
36,0.00011671,1553169600,0.00012161,0.00011662,0.00012069,180010.43214259,21.763719,0.0001209,7.3981337699999985,2.089603697692308,1.0060270505882354,0.00011944000000000002,0.00012016692307692307,0.00011790735294117646
37,0.00011671,1553176800,0.00011784,0.00011398,0.00011783,5255.01600827,0.60691711,0.00011549,7.539505346666666,2.1256597600000005,1.0203491988235294,0.00011822333333333336,0.00011999076923076922,0.00011788058823529411
38,0.00011663,1553184000,0.00011691,0.0001153,0.00011659,2940.91328393,0.34145669,0.0001161,7.5706976,2.107609013846154,1.0114556447058822,0.00011668333333333336,0.00011984923076923075,0.00011788147058823531
39,0.00011626,1553191200,0.00011663,0.00011614,0.00011663,184.70883313,0.02152727,0.00011654,0.32330035666666745,1.955876331538462,1.0091028202941177,0.00011653333333333335,0.00011947999999999996,0.00011785264705882354
40,0.00011672,1553198400,0.00011681,0.00011651,0.00011681,604.21965863,0.07055224,0.00011676,0.14451206666666747,1.9135113092307696,1.003467134117647,0.00011653666666666668,0.00011907384615384613,0.00011783970588235294
41,0.00011633,1553205600,0.00011674,0.00011633,0.00011636,4333.7577108,0.50431168,0.00011636,0.19879706333333413,1.924122884615385,1.0173394329411765,0.00011643666666666668,0.00011871384615384613,0.00011781852941176474
42,0.00011549,1553212800,0.00011678,0.00011549,0.00011634,425.23963219,0.04944489,0.00011627,0.20810293666666746,1.912299854615385,1.0137886385294117,0.00011618000000000002,0.00011831846153846152,0.00011777941176470592
43,0.00011692,1553220000,0.00011692,0.00011607,0.00011607,17.84467351,0.00207992,0.00011655,0.18527883000000078,1.9113410900000005,0.9977905235294117,0.00011624666666666668,0.0001181007692307692,0.00011779117647058828
44,0.00011681,1553227200,0.00011709,0.00011649,0.00011649,229.58494519,0.02675447,0.00011653,0.026093093333334094,1.8428965523076928,0.9972901458823529,0.00011640666666666669,0.0001178284615384615,0.00011779147058823533
45,0.00011682,1553234400,0.0001171,0.00011622,0.00011704,525.71076639,0.06148424,0.00011695,0.03010621000000076,1.840541590769231,0.9970863985294116,0.00011685000000000003,0.00011753230769230765,0.0001178223529411765
46,0.00011608,1553241600,0.00011634,0.0001147,0.00011617,2466.42850374,0.28563543,0.0001158,0.1246247133333341,1.8588127115384618,0.9973435088235292,0.00011657000000000003,0.0001171607692307692,0.00011787352941176474
47,0.00011602,1553248800,0.00011608,0.0001155,0.00011607,207.41161414,0.02403577,0.00011588,0.12371848000000078,1.8465998953846159,0.947118025588235,0.00011630666666666669,0.00011682692307692305,0.00011782558823529414
48,0.00011652,1553256000,0.00011719,0.00011607,0.00011607,2574.30543449,0.3010108,0.00011692,0.20356066666666747,1.850686885384616,0.9304040461764703,0.00011620666666666669,0.00011646307692307689,0.00011788264705882354
49,0.00011678,1553263200,0.00011729,0.00011664,0.00011723,6801.92392877,0.79749083,0.00011724,0.37417913333333414,0.23790010307692372,0.9354566835294115,0.00011644,0.00011646846153846151,0.00011794000000000003
50,0.00011641,1553270400,0.00011753,0.00011641,0.00011753,668.24149152,0.07792736,0.00011661,0.3921429966666674,0.1972085838461545,0.931405246470588,0.00011657000000000002,0.00011644538461538459,0.00011795705882352943
51,0.00011779,1553277600,0.00011815,0.00011693,0.00011713,2454.52060946,0.28947722,0.00011793,0.38829847000000073,0.19321016307692374,0.9376299123529408,0.00011699333333333334,0.00011653461538461537,0.00011800617647058827
52,0.00011692,1553284800,0.00011779,0.0001167,0.00011779,3179.99034207,0.3731013,0.00011732,0.2468352933333341,0.22025431923076988,0.9484560252941172,0.00011704,0.0001165853846153846,0.00011805117647058829
53,0.000117,1553292000,0.00011723,0.0001167,0.00011723,270.14019796,0.03159366,0.00011695,0.2313907266666674,0.21725750538461602,0.946670747058823,0.00011723666666666668,0.00011660692307692305,0.00011807852941176474
54,0.00011605,1553299200,0.00011713,0.00011605,0.000117,442.81713794,0.05165552,0.00011665,0.1521168266666674,0.1824378007692314,0.9441338158823522,0.00011665666666666667,0.00011658538461538458,0.00011804294117647064
55,0.000116,1553306400,0.00011677,0.000116,0.000116,1005.35616152,0.11662287,0.000116,0.06662401666666741,0.18760533769230833,0.9331274132352935,0.00011635,0.00011662461538461535,0.0001179808823529412
56,0.00011709,1553313600,0.00011709,0.00011709,0.00011709,180.382,0.02112092,0.00011709,0.06313310333333408,0.18907003000000064,0.9330376094117641,0.00011637999999999998,0.00011663769230769227,0.00011795411764705886
57,0.00011578,1553320800,0.000117,0.00011578,0.00011699,2152.2748936,0.25078413,0.00011652,0.1295093066666674,0.2063030807692314,0.9255833055882347,0.00011628999999999997,0.0001165584615384615,0.00011792058823529416
58,0.00011642,1553328000,0.00011642,0.00011642,0.00011642,14.985,0.00174455,0.00011642,0.09121653333333407,0.20170772000000065,0.9215702541176465,0.00011642999999999998,0.00011652769230769227,0.00011784470588235297
59,0.00011669,1553335200,0.00011675,0.00011602,0.00011656,480.09412311,0.05596064,0.00011656,0.10282977333333408,0.1840404284615391,0.9062715555882347,0.00011629666666666664,0.00011657461538461536,0.0001177923529411765
60,0.0001168,1553342400,0.00011699,0.00011562,0.00011607,1959.35600268,0.22689519,0.0001158,0.09486679333333407,0.19964499923076987,0.85429635117647,0.00011663666666666664,0.00011663461538461536,0.00011766705882352945
61,0.00011592,1553349600,0.00011683,0.00011592,0.00011662,2698.23907235,0.31299659,0.000116,0.1986174733333341,0.2005669830769237,0.8452286764705876,0.00011646999999999997,0.00011658846153846152,0.0001174882352941177
62,0.00011623,1553356800,0.00011711,0.00011623,0.000117,5368.14604743,0.62499344,0.00011642,0.38829507333333413,0.18729795307692368,0.852835507058823,0.00011631666666666663,0.00011654615384615383,0.00011734764705882358
63,0.00011633,1553364000,0.00011856,0.00011633,0.00011672,25906.47754877,3.03606367,0.00011719,1.3246845666666673,0.4148469000000006,0.9361566655882347,0.00011615999999999996,0.00011653999999999998,0.00011722117647058829
64,0.00011715,1553371200,0.0001179,0.00011651,0.00011697,740.74891408,0.08732094,0.00011788,1.2494593500000006,0.39929641692307744,0.9382971679411759,0.00011656999999999996,0.0001164907692307692,0.00011714470588235299
65,0.00011684,1553378400,0.0001172,0.00011684,0.00011714,281.85665002,0.03300797,0.0001171,1.0521308600000008,0.37313539153846204,0.9123111241176465,0.0001167733333333333,0.00011648461538461535,0.00011704147058823535
66,0.00011696,1553385600,0.00011729,0.00011696,0.00011705,545.98872382,0.06402617,0.00011726,0.06145169333333408,0.37563020000000047,0.911485460294117,0.0001169833333333333,0.00011648153846153844,0.00011693235294117654
67,0.00011696,1553392800,0.00011696,0.00011696,0.00011696,0.0,0.0,0.00011696,0.03234471333333407,0.371656698461539,0.9100704349999993,0.00011691999999999996,0.00011655153846153844,0.0001168161764705883
68,0.0001165,1553400000,0.00011695,0.00011592,0.00011695,570.35679762,0.06637564,0.00011637,0.043467270000000745,0.3677915269230775,0.9066461191176465,0.00011680666666666663,0.00011658999999999998,0.0001167026470588236
69,0.00011699,1553407200,0.00011712,0.00011627,0.00011647,971.64219084,0.11367404,0.00011699,0.060016560000000746,0.37491099769230823,0.9026988870588228,0.00011681666666666664,0.00011658230769230767,0.00011657735294117655
70,0.000119,1553414400,0.00012065,0.00011699,0.00011699,58449.61999234,6.94088284,0.00011874,2.3736441733333344,0.889533975384616,0.4667331176470584,0.00011749666666666666,0.00011682999999999998,0.00011664470588235303
71,0.00011884,1553421600,0.00011964,0.00011884,0.00011906,1271.68388336,0.1520549,0.00011956,2.4022039266666675,0.9010963100000006,0.4533548173529407,0.00011827666666666664,0.00011701615384615384,0.00011670735294117658
72,0.00011975,1553428800,0.00012052,0.00011888,0.0001194,3899.74033499,0.46751938,0.00011988,2.520152373333334,0.9327546746153852,0.45706254352941134,0.00011919666666666666,0.00011725153846153845,0.00011679911764705892
73,0.00012101,1553436000,0.000123,0.00011889,0.00011891,224422.50218139,27.44520285,0.00012229,9.354925710000002,3.0264706484615393,1.263641237058823,0.00011986666666666665,0.0001175753846153846,0.00011693882352941187
74,0.00012123,1553443200,0.00012204,0.00011985,0.00012127,4639.83201125,0.56084336,0.00012087,9.49118853,3.0455357846153857,1.2780615641176467,0.00012066333333333333,0.00011798384615384613,0.0001170714705882354
75,0.00012016,1553450400,0.00012184,0.00011994,0.00012144,1071.32860212,0.12964415,0.00012101,9.378563453333335,3.0074319930769238,1.2670419308823524,0.0001208,0.00011828615384615383,0.00011718411764705892
76,0.00011966,1553457600,0.00012054,0.00011966,0.00012007,577.01031241,0.06922185,0.00011996,0.2532364533333353,2.7792133915384625,1.26762360617647,0.00012034999999999998,0.00011854230769230767,0.00011730676470588244
77,0.00011946,1553464800,0.0001204,0.00011946,0.00011951,107.39055592,0.01285561,0.0001197,0.07057387000000193,2.7734852892307704,1.2679405382352937,0.00011975999999999999,0.00011871999999999997,0.00011738147058823536
78,0.00012033,1553472000,0.0001229,0.00011986,0.00011986,2710.54524738,0.33077421,0.00012203,0.1376172233333353,2.796390384615386,1.2768822952941172,0.00011981666666666665,0.00011898846153846152,0.00011748500000000007
79,0.00011842,1553479200,0.00012027,0.00011805,0.00012027,2576.01865748,0.30649411,0.00011897,0.2167079766666686,2.8150417646153865,1.2840884679411761,0.0001194033333333333,0.00011910076923076922,0.00011753205882352949
80,0.00011786,1553486400,0.00011891,0.00011615,0.00011805,6084.09982949,0.71044322,0.00011677,0.44923718000000196,2.869691243076925,1.2965828147058822,0.00011886999999999998,0.00011916999999999999,0.00011758441176470595
81,0.00011667,1553493600,0.00011784,0.00011667,0.00011725,912.50530131,0.10728532,0.00011757,0.3747408833333353,2.872838141538464,1.299031330882353,0.00011765,0.0001191830769230769,0.00011760352941176479
82,0.00011601,1553500800,0.00011722,0.00011565,0.00011655,5539.91942712,0.64591173,0.00011659,0.48788009000000193,2.913779502307695,1.309175475882353,0.00011684666666666667,0.00011910769230769229,0.00011758852941176478
83,0.00011609,1553508000,0.0001166,0.00011554,0.0001166,791.64720706,0.09216649,0.00011642,0.2817878466666686,2.3869551676923098,1.288430642352941,0.00011625666666666666,0.00011888384615384612,0.00011756823529411771
84,0.00011495,1553515200,0.0001161,0.00011429,0.0001161,7512.2081152,0.86446256,0.00011507,0.534180260000002,2.441755756923079,1.3115640305882352,0.00011568333333333333,0.00011858461538461535,0.00011752529411764712
85,0.00011429,1553522400,0.00011531,0.00011429,0.00011472,2850.05255781,0.3269874,0.00011473,0.42787215000000184,2.4309456046153866,1.3126672711764706,0.00011511000000000001,0.00011816461538461534,0.00011742235294117653
86,0.00011458,1553529600,0.00011459,0.00011339,0.00011429,4054.40787082,0.46199883,0.00011394,0.5511495966666685,0.35531452615384806,1.3152819044117645,0.00011460666666666666,0.00011766999999999996,0.00011735352941176477
87,0.00011458,1553536800,0.00011458,0.00011458,0.00011458,0.0,0.0,0.00011458,0.2629954100000018,0.31217272923077116,1.314352679117647,0.00011448333333333333,0.0001171584615384615,0.00011728235294117655
88,0.00011458,1553544000,0.00011458,0.00011458,0.00011458,0.0,0.0,0.00011458,0.1539996100000018,0.30220010230769423,1.312833399117647,0.00011457999999999999,0.00011672923076923072,0.0001172391176470589
89,0.00011458,1553551200,0.00011459,0.00011458,0.00011459,307.73200279,0.03525996,0.00011458,0.011753320000001807,0.29958764923077114,1.3104403723529412,0.00011458000000000002,0.0001163384615384615,0.00011719735294117657
90,0.00011401,1553558400,0.00011552,0.00011401,0.00011455,1331.84673769,0.15308776,0.00011494,0.06278257333333513,0.3103747376923096,1.3143217499999997,0.00011439000000000002,0.00011591923076923074,0.00011710676470588245
91,0.00011379,1553565600,0.00011404,0.000113,0.00011404,3277.0849073,0.37193363,0.00011349,0.18676045000000183,0.3135408469230788,1.3178849705882352,0.00011412666666666669,0.0001154161538461538,0.00011704823529411773
92,0.00011385,1553572800,0.00011385,0.00011328,0.00011348,61.40170132,0.00697569,0.0001136,0.17733236000000183,0.29050096846154033,1.3180388276470587,0.00011388333333333337,0.00011506461538461533,0.00011697264705882364
93,0.00010879,1553580000,0.000113,0.00010764,0.000113,25748.74531496,2.82478333,0.0001097,1.0678975500000016,0.45314251538461725,1.399474789117647,0.00011214333333333336,0.00011436692307692301,0.00011674029411764717
94,0.000109,1553587200,0.00010943,0.00010826,0.00010867,3836.25147264,0.41757172,0.00010884,1.0831102466666682,0.47701070000000184,1.4050829223529409,0.00011054666666666669,0.00011377692307692302,0.00011651088235294126
95,0.000109,1553594400,0.0001095,0.00010859,0.000109,1200.4361568,0.13088321,0.00010902,1.124412753333335,0.4373931215384634,1.3997266464705882,0.00010893000000000003,0.00011323769230769225,0.00011630735294117655
96,0.0001056,1553601600,0.000109,0.00010559,0.0001086,12019.88562083,1.28364792,0.00010679,0.6107009500000015,0.529045539230771,1.4190988370588236,0.00010786666666666671,0.00011243076923076918,0.00011599470588235302
97,0.00010865,1553608800,0.00010868,0.0001056,0.0001056,847.03514826,0.09124,0.00010771,0.5019237100000015,0.46956688076923264,1.3324863761764707,0.00010775000000000004,0.00011194615384615381,0.00011576882352941183
98,0.00010922,1553616000,0.0001093,0.00010782,0.00010868,5137.03758179,0.55986512,0.00010898,0.6449176800000015,0.4874805515384634,1.3463847344117648,0.00010782333333333338,0.0001115561538461538,0.00011553558823529419
99,0.00010837,1553623200,0.00010939,0.00010837,0.00010923,1356.5869775,0.14717152,0.00010848,0.2660922133333348,0.46326306615384805,1.349742485882353,0.0001087466666666667,0.0001110784615384615,0.00011528647058823537
100,0.0001096,1553630400,0.00010989,0.00010838,0.00010918,3109.76134371,0.34045162,0.00010947,0.34916275333333485,0.48945165230769416,1.3578726461764707,0.00010906333333333337,0.00011069538461538458,0.00011507000000000005
101,0.00011017,1553637600,0.00011196,0.00010987,0.00010987,4354.66970521,0.48305771,0.00011092,0.32356028333333486,0.5266099376923095,1.372080225882353,0.00010938000000000003,0.0001103561538461538,0.0001148702941176471
102,0.00011055,1553644800,0.00011071,0.00010862,0.00011071,1397.62823842,0.15341641,0.00010976,0.32564191333333486,0.5356988953846172,1.3746402485294118,0.0001101066666666667,0.00011004615384615382,0.0001146952941176471
103,0.0001104,1553652000,0.00011076,0.00010903,0.00011076,3234.45492076,0.35613526,0.0001101,0.3308697933333348,0.5513179338461557,1.3817714608823533,0.00011037333333333337,0.0001097684615384615,0.00011450147058823532
104,0.00011085,1553659200,0.00011144,0.0001104,0.0001104,2762.91902132,0.30701493,0.00011111,0.27218886666666814,0.5463241876923095,1.1866576988235296,0.00011060000000000005,0.00010954230769230766,0.00011426176470588238
105,0.0001106,1553666400,0.00011118,0.00011034,0.00011082,1797.72288135,0.19876137,0.00011056,0.2873038533333348,0.5610769323076942,1.1880314185294119,0.00011061666666666671,0.00010929230769230766,0.00011401941176470592
106,0.00011022,1553673600,0.00011083,0.00010943,0.0001097,1722.78023561,0.18994043,0.00011025,0.23190557666666814,0.35839670923077105,1.1798673317647062,0.00011055666666666673,0.00010940230769230766,0.00011373911764705885
107,0.00011042,1553680800,0.00011106,0.00010944,0.00011022,1071.28426818,0.11800685,0.00011015,0.1689028833333348,0.3353532576923096,0.3761262729411766,0.00011041333333333339,0.00010951153846153843,0.00011342764705882355
108,0.00011069,1553688000,0.00011069,0.00010947,0.00010947,788.67792466,0.08718305,0.00011054,0.1317101100000015,0.3319917069230788,0.3621950873529413,0.00011044333333333337,0.00010964153846153845,0.00011311764705882355
109,0.0001093,1553695200,0.00011053,0.00010921,0.0001105,1326.49313549,0.14577434,0.00010989,0.11698808000000148,0.2444629700000019,0.36266950470588244,0.0001101366666666667,0.00010992615384615384,0.00011279823529411766
110,0.0001101,1553702400,0.00011029,0.00010913,0.00011014,2329.91355884,0.25585791,0.00010981,0.1629384333333348,0.257125886153848,0.3681588005882354,0.00011003000000000004,0.00011003769230769228,0.0001125170588235294
111,0.00011046,1553709600,0.00011058,0.00010915,0.00010932,1100.92036572,0.12086665,0.00010978,0.17416630000000144,0.22335677307692497,0.371335595882353,0.00010995333333333337,0.0001101330769230769,0.00011225235294117647
112,0.00010984,1553716800,0.0001106,0.00010951,0.00010998,3726.27058996,0.41134172,0.00011038,0.26268876000000146,0.2436775576923096,0.37370522852941185,0.00011013333333333337,0.00011024615384615382,0.00011194382352941176
113,0.0001108,1553724000,0.0001108,0.00010982,0.00011059,1363.46767032,0.15075647,0.00011056,0.2276549466666681,0.22908562307692498,0.3691247097058824,0.00011036666666666669,0.00011033846153846152,0.00011171970588235294
114,0.00011092,1553731200,0.00011093,0.00010969,0.0001108,1332.32340223,0.1465573,0.00011,0.23621849666666814,0.20320097615384805,0.3525398297058824,0.00011052000000000003,0.00011039615384615384,0.0001115155882352941
115,0.00011013,1553738400,0.00011078,0.00010939,0.00011055,6936.93854935,0.76135832,0.00010975,0.3528906966666681,0.24996573846154035,0.37177727088235296,0.00011061666666666671,0.00011036384615384613,0.00011132323529411762
116,0.0001121,1553745600,0.00011359,0.00010991,0.00011076,10978.80278007,1.23338068,0.00011234,0.7137654333333346,0.31744615538461723,0.38905576941176473,0.00011105000000000006,0.00011049461538461535,0.00011120823529411763
117,0.00011302,1553752800,0.00011394,0.00011147,0.00011293,2726.37656982,0.30859475,0.00011318,0.7677779166666681,0.31756768000000185,0.3954213064705882,0.00011175000000000005,0.00011066153846153842,0.00011111794117647057
118,0.00011078,1553760000,0.000113,0.00011078,0.000113,6169.14755732,0.69484206,0.00011263,0.7456058300000015,0.35572773307692496,0.39043246823529415,0.00011196666666666671,0.00011067538461538458,0.00011099529411764703
119,0.00011059,1553767200,0.00011159,0.00011051,0.00011108,4333.22904677,0.47935655,0.00011062,0.49426445333333474,0.3779905115384634,0.3949139138235294,0.00011146333333333337,0.00011070384615384611,0.00011088647058823527
120,0.00011107,1553774400,0.0001123,0.00011061,0.00011087,3423.53056344,0.38117713,0.00011134,0.5184585800000014,0.3982343792307711,0.392536805,0.00011081333333333339,0.00011075384615384612,0.00011078323529411762
121,0.00011143,1553781600,0.00011144,0.0001104,0.00011133,700.62641321,0.07779168,0.00011103,0.31277512000000146,0.397511966153848,0.3948247955882353,0.00011103000000000004,0.00011081076923076919,0.00011069058823529409
122,0.00011161,1553788800,0.00011165,0.00011059,0.0001107,1348.00882356,0.14982953,0.00011114,0.2029327800000014,0.3978239038461557,0.3992315464705882,0.00011137000000000005,0.00011098846153846149,0.00011060323529411762
123,0.00011105,1553796000,0.00011179,0.00011081,0.0001117,107.62568373,0.01199755,0.00011147,0.07987292000000142,0.3790654146153865,0.39854735794117646,0.00011136333333333339,0.00011106153846153842,0.00011049941176470586
124,0.0001122,1553803200,0.0001123,0.00010981,0.0001116,9080.86361056,1.0008002,0.0001102,0.3875424266666681,0.44675261076923267,0.4234800767647059,0.00011162000000000006,0.00011119538461538458,0.0001104461764705882
125,0.00011073,1553810400,0.0001122,0.00011073,0.0001122,2588.29913723,0.29025176,0.00011213,0.4343498366666682,0.4374379984615404,0.4210776688235294,0.00011132666666666673,0.00011126384615384612,0.00011035617647058821
126,0.00011071,1553817600,0.0001114,0.00011071,0.0001109,1419.80181556,0.1575455,0.00011096,0.4828658200000015,0.4379602315384635,0.4255061926470588,0.0001112133333333334,0.00011125692307692304,0.00011026382352941174
127,0.00011104,1553824800,0.00011121,0.0001101,0.0001108,1198.18461392,0.13226328,0.00011038,0.19335351333333484,0.43686069153846346,0.3463144264705882,0.00011082666666666671,0.00011126615384615381,0.00011032999999999997
128,0.00011054,1553832000,0.00011063,0.00010968,0.00011061,530.39811663,0.05828745,0.00010989,0.11603207666666816,0.38277831692307884,0.3357472420588235,0.00011076333333333337,0.00011129769230769227,0.00011037529411764703
129,0.0001102,1553839200,0.00011056,0.00010911,0.00011043,2953.74202998,0.32322295,0.00010942,0.17125789333333483,0.31276618384615573,0.3414042932352941,0.00011059333333333339,0.00011115153846153841,0.00011041058823529409
130,0.00010938,1553846400,0.00011062,0.00010938,0.00011028,466.81996714,0.05140947,0.00011012,0.1443066233333348,0.29298270076923266,0.3051619858823529,0.00011004000000000005,0.00011087153846153842,0.00011052176470588232
131,0.00010862,1553853600,0.00010964,0.00010862,0.00010959,1618.53457553,0.17601656,0.00010875,0.18354966000000147,0.2530730469230788,0.30765541411764696,0.00010940000000000006,0.00011070538461538459,0.00011052088235294114
132,0.0001089,1553860800,0.00010919,0.00010769,0.00010853,2768.62092233,0.30094294,0.00010869,0.17612299000000145,0.23934892307692499,0.3000400558823529,0.00010896666666666674,0.00011057538461538459,0.00011051147058823525
133,0.00010842,1553868000,0.00010888,0.00010818,0.00010888,2821.43149998,0.30564609,0.00010833,0.2608685300000015,0.23353884307692496,0.30470107264705876,0.00010864666666666674,0.00011037153846153842,0.00011051294117647054
134,0.0001078,1553875200,0.00010847,0.0001077,0.00010843,1431.83036135,0.15471743,0.00010805,0.2537688200000015,0.23945620846154034,0.29923830235294113,0.00010837333333333342,0.00011009230769230764,0.00011045999999999996
135,0.00010805,1553882400,0.00010884,0.0001071,0.00010844,9196.62619992,0.9968034,0.00010838,0.4857223066666682,0.30460804461538654,0.31434846970588226,0.00010809000000000008,0.00010981846153846149,0.00011039764705882348
136,0.00010797,1553889600,0.00010807,0.0001073,0.00010807,2655.8651172,0.28655389,0.00010789,0.47935824000000155,0.32572776307692497,0.3182642779411764,0.0001079400000000001,0.00010958153846153841,0.0001103217647058823
137,0.00010807,1553896800,0.00010807,0.00010716,0.00010793,689.77637326,0.07444586,0.00010792,0.4526010500000015,0.25446973692307884,0.3099792955882352,0.00010803000000000008,0.00010926384615384611,0.00011025323529411761
138,0.00010802,1553904000,0.00010807,0.00010709,0.00010807,2363.22045851,0.25335759,0.0001072,0.2047857800000015,0.25163172384615573,0.3084011385294117,0.00010802000000000008,0.00010905538461538456,0.00011016999999999996
139,0.00010709,1553911200,0.0001087,0.00010618,0.00010802,4861.25351954,0.52177428,0.00010733,0.28319257666666814,0.27964932230769424,0.3179015182352941,0.00010772666666666675,0.00010877692307692302,0.0001100667647058823
140,0.00010734,1553918400,0.00010772,0.0001055,0.00010737,3495.07821327,0.37131641,0.00010623,0.3821494266666681,0.29803802461538653,0.3232361058823529,0.00010748333333333343,0.00010849230769230764,0.00010998205882352937
141,0.00010739,1553925600,0.00010769,0.00010676,0.00010749,1600.5146064,0.17178783,0.00010733,0.35495950666666815,0.30676882307692505,0.32481789941176464,0.00010727333333333343,0.00010824999999999996,0.00010989294117647055
142,0.00010704,1553932800,0.00010762,0.00010634,0.0001065,3239.41132672,0.34576042,0.00010673,0.29628822000000143,0.3085024746153866,0.3324231161764705,0.00010725666666666677,0.00010800692307692304,0.00010978558823529409
143,0.00010679,1553940000,0.00010745,0.00010555,0.00010668,5451.25707467,0.57812686,0.00010605,0.3652250366666681,0.3490191969230789,0.3451393667647058,0.00010707333333333344,0.00010780769230769227,0.00010971176470588231
144,0.00010715,1553947200,0.0001072,0.00010578,0.00010672,1846.43672444,0.19562568,0.00010594,0.37317098666666815,0.3505275907692328,0.34336783058823517,0.00010699333333333343,0.00010769461538461535,0.00010962499999999995
145,0.00010757,1553954400,0.00010757,0.00010673,0.0001072,1146.96551004,0.12317196,0.00010738,0.29897483333333486,0.336852900000002,0.3434356338235293,0.00010717000000000011,0.00010759230769230765,0.00010953999999999994
146,0.00010623,1553961600,0.00010754,0.00010623,0.00010754,2581.41527198,0.27458952,0.00010637,0.19779572000000148,0.3344639330769251,0.33941351029411754,0.00010698333333333344,0.00010742384615384612,0.00010943382352941172
147,0.0001076,1553968800,0.0001076,0.00010623,0.00010623,1130.80806252,0.12120248,0.00010718,0.17298798666666815,0.33188586000000203,0.33854427529411757,0.00010713333333333345,0.0001074084615384615,0.00010933970588235289
148,0.00010769,1553976000,0.00010769,0.0001067,0.00010747,201.39900433,0.02165683,0.00010753,0.13914961000000148,0.25687458538461744,0.33487073205882345,0.00010717333333333345,0.00010738076923076919,0.0001092447058823529
149,0.00010729,1553983200,0.00010769,0.0001065,0.00010749,438.40533943,0.04687382,0.00010691,0.06324437666666816,0.238437656923079,0.3138564820588235,0.00010752666666666679,0.0001073284615384615,0.00010916117647058819
150,0.00010627,1553990400,0.00010729,0.00010627,0.00010729,2721.37825947,0.2899227,0.00010653,0.11948445000000148,0.25501279846154057,0.28610771794117645,0.00010708333333333345,0.00010718999999999997,0.00010898970588235289
151,0.00010905,1553997600,0.0001102,0.00010645,0.00010646,5879.72682241,0.64212777,0.00010921,0.3263080966666682,0.284918196923079,0.2959175126470588,0.00010753666666666677,0.00010726923076923074,0.00010887294117647052
152,0.00010981,1554004800,0.0001103,0.00010903,0.00010955,888.7588088,0.09763816,0.00010985,0.34322954333333483,0.25229234153846364,0.27835269205882357,0.00010837666666666677,0.0001074784615384615,0.00010884441176470583
153,0.00010932,1554012000,0.0001103,0.00010905,0.00010905,1887.02495821,0.20680955,0.00010959,0.3155251600000015,0.2396379676923098,0.2703366038235294,0.00010939333333333343,0.0001076307692307692,0.00010880705882352936
154,0.00011001,1554019200,0.0001126,0.000109,0.000109,12431.74084484,1.38868408,0.0001117,0.5643772633333347,0.33324537153846356,0.2999691611764706,0.00010971333333333344,0.00010783230769230766,0.00010877588235294112
155,0.00011227,1554026400,0.00011387,0.0001099,0.00011001,2374.89033529,0.2674002,0.00011259,0.6209646100000014,0.32721766230769433,0.3055458823529411,0.00011053333333333344,0.00010823461538461534,0.00010880058823529405
156,0.00011326,1554033600,0.0001141,0.00011099,0.00011196,2788.7531435,0.31462822,0.00011282,0.6569041666666681,0.30694853615384815,0.31039290264705877,0.00011184666666666678,0.00010873230769230766,0.00010884911764705876
157,0.00011273,1554040800,0.00011386,0.0001118,0.00011386,1424.81645216,0.16049354,0.00011264,0.24750732000000145,0.3042460638461559,0.3147604317647058,0.00011275333333333344,0.00010916153846153841,0.00010889852941176464
158,0.00011281,1554048000,0.0001139,0.00011171,0.0001118,594.58822648,0.06746293,0.00011346,0.1808615633333348,0.29996075384615584,0.2873093355882352,0.00011293333333333345,0.00010956461538461535,0.00010891647058823525
159,0.00011225,1554055200,0.00011304,0.00011218,0.00011304,4666.97720187,0.5252335,0.00011254,0.25106332333333486,0.31924106000000196,0.294220563235294,0.00011259666666666678,0.00011002769230769226,0.00010896117647058819
160,0.00011171,1554062400,0.00011267,0.00011171,0.00011231,115.81337383,0.01296787,0.00011197,0.20188810000000154,0.31091532076923273,0.2899682799999999,0.00011225666666666678,0.00011034384615384612,0.00010899058823529408
161,0.00011204,1554069600,0.00011278,0.00011171,0.00011171,2373.41031386,0.26553117,0.00011187,0.2679108466666682,0.3296748853846173,0.2938879238235293,0.00011200000000000012,0.00011067846153846152,0.00010901999999999994
162,0.0001135,1554076800,0.00011427,0.0001121,0.00011217,6455.91089872,0.72943188,0.00011298,0.33597697333333487,0.38217935153846344,0.31362746588235285,0.00011241666666666679,0.00011115615384615384,0.00010910705882352935
163,0.0001138,1554084000,0.0001138,0.0001128,0.000113,2480.04498958,0.28150352,0.0001135,0.4254888566666682,0.3815317223076943,0.3124004238235293,0.00011311333333333346,0.00011173538461538461,0.00010921294117647052
164,0.00011331,1554091200,0.00011341,0.0001128,0.0001128,208.9764557,0.0236588,0.00011321,0.34486473333333484,0.33395718615384806,0.31158422764705873,0.00011353666666666678,0.0001120630769230769,0.00010932852941176465
165,0.00010957,1554098400,0.00011321,0.0001091,0.0001132,3800.71364734,0.4227185,0.00011122,0.2426269400000015,0.3589633661538481,0.3188401670588234,0.00011222666666666678,0.00011204461538461538,0.00010935647058823524
166,0.0001103,1554105600,0.0001103,0.00010922,0.00010945,1340.62762675,0.14666384,0.00010939,0.19768038000000152,0.35433677307692507,0.3143025464705881,0.00011106000000000012,0.00011211999999999999,0.00010939764705882347
167,0.00010945,1554112800,0.00011076,0.000109,0.00011028,1744.93949247,0.19227615,0.00011019,0.25388616333333486,0.2623053938461558,0.3109681364705881,0.00010977333333333346,0.00011207692307692307,0.00010942794117647052
168,0.0001089,1554120000,0.00010945,0.0001089,0.00010944,389.70839734,0.04251428,0.00010909,0.12715142333333485,0.24500647692307886,0.3076680438235293,0.00010955000000000014,0.00011181769230769231,0.000109460294117647
169,0.0001079,1554127200,0.00010917,0.0001079,0.00010917,1448.13474359,0.15723839,0.00010857,0.13067627333333487,0.23289956692307887,0.28297495529411754,0.00010875000000000012,0.00011140538461538462,0.0001094558823529411
170,0.00010883,1554134400,0.000109,0.00010773,0.00010854,829.42562809,0.08965707,0.00010809,0.09646991333333488,0.22745060769230963,0.27718387235294106,0.00010854333333333345,0.00011110538461538463,0.00010948117647058816
171,0.0001085,1554141600,0.0001093,0.0001084,0.00010901,672.28414141,0.07320505,0.00010889,0.10670017000000154,0.22789230923077114,0.27714737794117633,0.00010841000000000012,0.00011077384615384617,0.00010949382352941169
172,0.00010794,1554148800,0.00010901,0.00010771,0.0001084,1323.46840549,0.14275313,0.00010786,0.10187175000000154,0.1984707423076942,0.2738943055882352,0.00010842333333333344,0.0001104423076923077,0.00010949147058823522
173,0.00010817,1554156000,0.00010889,0.00010817,0.00010876,31.18555361,0.00338765,0.00010862,0.07311527666666821,0.1977338023076942,0.2586476399999999,0.00010820333333333345,0.00011017000000000001,0.00010952323529411758
174,0.00010861,1554163200,0.00010906,0.00010781,0.00010906,586.46405076,0.06379409,0.00010877,0.06997829000000155,0.18221556538461728,0.2496028658823528,0.00010824000000000012,0.00010990615384615386,0.00010956058823529404
175,0.00010761,1554170400,0.00010809,0.00010722,0.00010809,5476.39011941,0.58882358,0.00010752,0.21866844000000155,0.17139954230769422,0.261868623235294,0.00010813000000000012,0.00010945307692307693,0.00010956705882352934
176,9.89e-05,1554177600,0.00010787,9.159e-05,0.00010782,90248.09957626,8.87240225,9.831e-05,3.1750066400000017,0.8322379061538481,0.5126522064705882,0.00010504000000000013,0.00010830692307692307,0.00010932764705882345
177,0.00010031,1554184800,0.00010043,9.716e-05,9.961e-05,33766.88896119,3.31607703,9.82e-05,4.259100953333335,1.085500846923079,0.5931801526470587,0.00010227333333333347,0.00010730692307692308,0.00010913705882352934
178,9.917e-05,1554192000,0.00010067,9.9e-05,0.00010017,10085.38084458,1.00802869,9.994e-05,4.398835990000002,1.1305247076923097,0.6170743588235292,9.946000000000012e-05,0.00010650692307692307,0.0001089023529411764
179,9.867e-05,1554199200,9.924e-05,9.753e-05,9.907e-05,8714.88506044,0.86161668,9.886e-05,1.7285741333333355,1.1855210800000018,0.6387933211764705,9.938333333333345e-05,0.00010561230769230769,0.00010864058823529404
180,0.00010064,1554206400,0.00010085,9.832e-05,9.867e-05,3745.98642527,0.37440466,9.994e-05,0.7480166766666687,1.1995309653846173,0.6417290605882352,9.949333333333345e-05,0.00010493461538461536,0.00010847617647058817
181,9.87e-05,1554213600,0.0001008,9.87e-05,0.00010022,3049.00975535,0.30285778,9.932e-05,0.5129597066666688,1.2195573884615403,0.6470718635294116,9.933666666666679e-05,0.00010414999999999997,0.00010821441176470582
182,0.00010046,1554220800,0.00010096,9.851e-05,9.891e-05,10120.68915854,1.01331835,0.00010012,0.5635269300000022,1.285409693076925,0.6762383788235292,9.993333333333345e-05,0.00010357769230769227,0.00010800176470588229
183,0.00010103,1554228000,0.00010145,0.0001003,0.00010034,1910.09255918,0.19281773,0.00010094,0.5029979533333355,1.2933451284615403,0.6805308467647058,0.00010006333333333345,0.00010297769230769227,0.00010781764705882347
184,9.922e-05,1554235200,0.0001012,9.922e-05,0.00010103,4535.21666134,0.45345592,9.998e-05,0.5531973333333355,1.3225951953846173,0.6853406473529411,0.00010023666666666678,0.0001022638461538461,0.00010761029411764701
185,9.934e-05,1554242400,0.00010035,9.79e-05,0.0001,10492.25211081,1.04615866,9.97e-05,0.5641441033333355,1.3920879284615404,0.6972239088235294,9.986333333333347e-05,0.00010160230769230765,0.0001073247058823529
186,9.75e-05,1554249600,9.944e-05,9.673e-05,9.871e-05,9594.31028674,0.94413918,9.84e-05,0.814584586666669,1.4644534307692327,0.7221209976470588,9.86866666666668e-05,0.0001007815384615384,0.00010696264705882347
187,9.997e-05,1554256800,0.00010023,9.763e-05,9.8e-05,19508.01296241,1.92915034,9.889e-05,1.3064827266666688,1.6079423730769251,0.7727780797058824,9.893666666666679e-05,0.000100116923076923,0.00010668764705882348
188,0.00010137,1554264000,0.00010137,9.743e-05,9.985e-05,3814.4142847,0.37896264,9.935e-05,1.0840840533333356,1.591799223846156,0.7430803902941177,9.961333333333345e-05,9.963692307692301e-05,0.00010643352941176466
189,9.96e-05,1554271200,0.00010062,9.817e-05,9.96e-05,6358.43261537,0.63605289,0.00010003,0.9813886233333355,0.9582338884615406,0.7539231164705882,0.00010031333333333346,9.969076923076916e-05,0.00010606088235294113
190,0.00010049,1554278400,0.00010049,9.886e-05,9.97e-05,1858.87102544,0.18510714,9.958e-05,0.40004089000000215,0.7173900507692328,0.7501136729411764,0.00010048666666666679,9.970461538461532e-05,0.00010568529411764701
191,9.954e-05,1554285600,0.00010043,9.946e-05,0.00010028,2203.55504772,0.22078011,0.00010019,0.34731338000000217,0.6568324676923096,0.7518868073529411,9.98766666666668e-05,9.973307692307685e-05,0.00010529735294117643
192,9.964e-05,1554292800,0.00010024,9.894e-05,0.00010024,2926.46017684,0.29045157,9.925e-05,0.23211294000000224,0.612896690000002,0.7584452967647057,9.989000000000014e-05,9.980769230769224e-05,0.00010490999999999994
193,0.0001005,1554300000,0.0001007,9.88e-05,9.964e-05,3753.23264375,0.37526914,9.998e-05,0.2955002733333356,0.6129631884615404,0.7540345802941175,9.989333333333347e-05,9.979692307692301e-05,0.00010456441176470583
194,9.79e-05,1554307200,0.00010048,9.79e-05,0.00010048,4673.57409359,0.46554405,9.961e-05,0.3770882533333357,0.6254775169230788,0.7673456444117646,9.93466666666668e-05,9.973538461538455e-05,0.00010415823529411759
195,9.827e-05,1554314400,0.0001,9.771e-05,9.79e-05,5464.34676973,0.53942433,9.871e-05,0.4600791733333356,0.5890241307692327,0.775401325588235,9.889000000000013e-05,9.9566923076923e-05,0.0001037532352941176
196,9.547e-05,1554321600,9.884e-05,9.385e-05,9.884e-05,14396.31849862,1.37819845,9.573e-05,0.7943889433333357,0.6802072630769249,0.7944826952941174,9.721333333333346e-05,9.913923076923071e-05,0.00010322294117647054
197,9.46e-05,1554328800,9.768e-05,9.272e-05,9.556e-05,8947.16736941,0.85413389,9.546e-05,0.9239188900000023,0.7110286453846173,0.8113247649999997,9.611333333333346e-05,9.878384615384609e-05,0.0001026582352941176
198,9.316e-05,1554336000,9.419e-05,9.292e-05,9.345e-05,2097.08527925,0.19592023,9.342e-05,0.8094175233333356,0.6456256892307711,0.8163912776470585,9.441000000000012e-05,9.830846153846147e-05,0.00010206558823529406
199,9.318e-05,1554343200,9.318e-05,9.217e-05,9.309e-05,2207.2583688,0.20467486,9.272e-05,0.4182429933333356,0.5887438184615404,0.8099782294117644,9.364666666666678e-05,9.797615384615378e-05,0.00010158352941176466
200,9.311e-05,1554350400,9.37e-05,9.256e-05,9.256e-05,112.08554848,0.01040967,9.287e-05,0.13700158666666895,0.44114838230769426,0.8059707538235292,9.315000000000011e-05,9.744846153846148e-05,0.00010107794117647055
201,9.4e-05,1554357600,9.4e-05,9.296e-05,9.296e-05,906.46027981,0.08507173,9.385e-05,0.10005208666666894,0.41854138923077117,0.8028176826470587,9.34300000000001e-05,9.68815384615384e-05,0.00010062352941176466
202,9.453e-05,1554364800,9.55e-05,9.367e-05,9.39e-05,6820.43146109,0.64792179,9.499e-05,0.24780106333333562,0.41945438153846343,0.8206237858823529,9.388000000000011e-05,9.649153846153839e-05,0.00010020088235294113
203,9.438e-05,1554372000,9.516e-05,9.386e-05,9.395e-05,11657.3705679,1.10362384,9.467e-05,0.6122057866666689,0.4901095123076942,0.8484586520588234,9.430333333333345e-05,9.60215384615384e-05,9.980323529411758e-05
204,9.445e-05,1554379200,9.525e-05,9.411e-05,9.438e-05,2623.25787437,0.24748916,9.434e-05,0.6663449300000023,0.4921640546153865,0.8531007723529411,9.445333333333345e-05,9.562999999999995e-05,9.9380294117647e-05
205,9.512e-05,1554386400,9.543e-05,9.465e-05,9.524e-05,1097.7344621,0.10445432,9.515e-05,0.485189106666669,0.47785657384615576,0.8540198685294117,9.465000000000012e-05,9.528230769230763e-05,9.89867647058823e-05
206,9.466e-05,1554393600,9.708e-05,9.466e-05,9.513e-05,5516.03042433,0.5285066,9.581e-05,0.29348336000000236,0.48964407076923266,0.8653655588235294,9.474333333333344e-05,9.483307692307688e-05,9.859617647058817e-05
207,9.602e-05,1554400800,9.602e-05,9.466e-05,9.475e-05,1483.19299785,0.14094111,9.502e-05,0.25796734333333565,0.4646746138461557,0.8694112488235293,9.526666666666678e-05,9.46884615384615e-05,9.823882352941171e-05
208,9.5e-05,1554408000,9.643e-05,9.5e-05,9.602e-05,1047.57736335,0.10043466,9.587e-05,0.25662745666666903,0.4309061776923096,0.8704889126470589,9.52266666666668e-05,9.443692307692305e-05,9.783852941176465e-05
209,9.582e-05,1554415200,9.665e-05,9.5e-05,9.5e-05,236.79619746,0.02274426,9.604e-05,0.08804001000000232,0.32664047076923264,0.8538395208823529,9.561333333333346e-05,9.446384615384612e-05,9.74917647058823e-05
210,9.669e-05,1554422400,9.705e-05,9.665e-05,9.68e-05,115.85915167,0.01121577,9.68e-05,0.04479823000000232,0.2618006153846172,0.5932163891176471,9.583666666666681e-05,9.462461538461534e-05,9.74267647058823e-05
211,9.878e-05,1554429600,9.972e-05,9.675e-05,9.675e-05,3839.77111907,0.37685178,9.814e-05,0.13693727000000233,0.27571842692307874,0.5067685876470588,9.709666666666678e-05,9.505692307692304e-05,9.73817647058823e-05
212,9.689e-05,1554436800,9.864e-05,9.643e-05,9.848e-05,5362.96961121,0.52578487,9.803e-05,0.30461747333333566,0.3004191969230788,0.4925849458823529,9.745333333333345e-05,9.534230769230766e-05,9.731470588235289e-05
213,9.818e-05,1554444000,9.818e-05,9.728e-05,9.766e-05,178.27610429,0.01738298,9.75e-05,0.30667321000000236,0.30095560538461724,0.4677545429411764,9.795000000000012e-05,9.573230769230767e-05,9.7300294117647e-05
214,9.679e-05,1554451200,9.782e-05,9.679e-05,9.78e-05,824.94905201,0.08065717,9.777e-05,0.20794167333333569,0.30061602384615566,0.4591149108823529,9.728666666666678e-05,9.594692307692305e-05,9.718705882352936e-05
215,0.00010153,1554458400,0.000103,9.714e-05,9.714e-05,28193.16103073,2.82849283,0.00010032,0.9755109933333358,0.46835225769230954,0.5333982947058823,9.883333333333344e-05,9.64853846153846e-05,9.7270294117647e-05
216,0.00010135,1554465600,0.00010226,0.00010105,0.0001015,2472.0563601,0.25098886,0.00010153,1.0533796200000025,0.40276495153846337,0.510976839117647,9.98900000000001e-05,9.702153846153845e-05,9.729647058823522e-05
217,0.00010368,1554472800,0.00010529,0.00010101,0.00010101,14257.81090513,1.47276959,0.00010329,1.5174170933333357,0.49701729230769415,0.5486224820588235,0.00010218666666666678,9.773153846153845e-05,9.737441176470582e-05
218,0.00010482,1554480000,0.0001065,0.00010366,0.00010368,26660.92962805,2.82034534,0.00010578,1.5147012633333354,0.705931986153848,0.6182368767647057,0.00010328333333333344,9.84776923076923e-05,9.753911764705875e-05
219,0.00010338,1554487200,0.00010567,0.00010338,0.00010524,3181.24224728,0.33199135,0.00010435,1.5417020933333356,0.6908154284615404,0.5972319558823528,0.00010396000000000011,9.914846153846152e-05,9.765794117647053e-05
220,0.00010349,1554494400,0.00010447,0.00010348,0.00010348,1538.20972657,0.15975022,0.00010385,1.1040289700000023,0.692262283076925,0.574161692352941,0.00010389666666666677,9.97230769230769e-05,9.783411764705876e-05
221,0.00010434,1554501600,0.00010434,0.0001025,0.00010349,21106.05413039,2.19289053,0.00010389,0.8948773666666692,0.8532204269230788,0.5819187567647057,0.00010373666666666676,0.00010044153846153844,9.796264705882347e-05
222,0.0001021,1554508800,0.000104,0.0001017,0.000104,485.42456298,0.05014274,0.00010329,0.8009278300000026,0.8553280023076942,0.5722475832352939,0.00010331000000000008,0.00010092461538461536,9.798411764705876e-05
223,0.00010355,1554516000,0.00010424,0.0001021,0.0001021,9389.18773721,0.97575347,0.00010392,1.072928913333336,0.929523210000002,0.5822387767647057,0.00010333000000000007,0.00010145230769230767,9.8100294117647e-05
224,0.0001062,1554523200,0.0001066,0.00010404,0.00010404,8514.2306925,0.89522783,0.00010514,0.6403746800000024,0.9693982907692327,0.6031246794117645,0.00010395000000000007,0.00010202307692307691,9.826823529411758e-05
225,0.00010481,1554530400,0.00010668,0.00010481,0.00010613,5868.20744673,0.61692373,0.00010512,0.829301676666669,0.9764089723076942,0.6147759623529411,0.00010485333333333341,0.00010263230769230767,9.842323529411758e-05
226,0.00010261,1554537600,0.00010513,0.00010261,0.00010513,1511.13573171,0.15761791,0.0001043,0.5565898233333356,0.9871962746153865,0.6108690899999999,0.00010454000000000008,0.0001029730769230769,9.851058823529406e-05
227,0.00010288,1554544800,0.00010288,0.0001017,0.00010287,422.33290329,0.04305198,0.00010193,0.272531206666669,0.9843035676923095,0.6010979970588234,0.00010343333333333341,0.00010344153846153843,9.858058823529406e-05
228,0.00010107,1554552000,0.00010209,0.00010106,0.00010195,2324.69122411,0.23637692,0.00010168,0.14568227000000233,0.7849100361538479,0.5943577873529412,0.00010218666666666674,0.00010340615384615381,9.86738235294117e-05
229,0.0001003,1554559200,0.00010298,0.0001003,0.00010107,21765.21066863,2.19743563,0.00010096,0.8256215100000025,0.9346367107692325,0.6431228255882353,0.00010141666666666674,0.00010332538461538458,9.873352941176464e-05
230,9.879e-05,1554566400,0.00010029,9.776e-05,0.00010029,5570.03502014,0.55022108,9.878e-05,0.9946778766666692,0.8636714407692325,0.61877055,0.0001000533333333334,0.00010294923076923073,9.883117647058817e-05
231,9.974e-05,1554573600,9.999e-05,9.806e-05,9.811e-05,5943.42420794,0.58905085,9.91e-05,1.1122358533333359,0.6920334030769248,0.6109739900000001,9.961000000000008e-05,0.0001025584615384615,9.898235294117642e-05
232,0.00010053,1554580800,0.00010071,9.925e-05,9.938e-05,832.97286387,0.08345558,0.00010019,0.407575836666669,0.6729152669230788,0.6076662061764706,9.968666666666674e-05,0.00010233923076923073,9.919911764705877e-05
233,0.0001014,1554588000,0.00010161,0.00010025,0.000101,771.38413742,0.07818242,0.00010135,0.25022961666666904,0.6666408207692326,0.6039458402941177,0.00010055666666666677,0.00010217846153846151,9.944088235294113e-05
234,0.00010001,1554595200,0.00010098,9.988e-05,9.988e-05,718.10075777,0.07184303,0.00010004,0.07782701000000236,0.5034833207692326,0.6057527038235294,0.00010064666666666676,0.00010184538461538458,9.964382352941172e-05
235,9.915e-05,1554602400,9.977e-05,9.87e-05,9.931e-05,4161.27546714,0.41263165,9.915e-05,0.18755236666666905,0.5313670830769249,0.6153868191176471,0.00010018666666666676,0.00010161846153846149,9.979529411764701e-05
236,9.896e-05,1554609600,9.896e-05,9.805e-05,9.884e-05,5710.14259664,0.56444047,9.884e-05,0.3496383833333357,0.4997276215384634,0.6129314861764706,9.937333333333341e-05,0.00010126538461538457,9.992558823529408e-05
237,9.807e-05,1554616800,9.895e-05,9.79e-05,9.895e-05,8767.64551125,0.85992415,9.807e-05,0.6123320900000023,0.49701195384615576,0.6057638482352942,9.872666666666675e-05,0.00010063999999999994,0.0001000341176470588
238,9.848e-05,1554624000,9.875e-05,9.776e-05,9.866e-05,2732.79716001,0.26920233,9.85e-05,0.564522316666669,0.4702641538461557,0.606402470882353,9.850333333333343e-05,0.00010015307692307688,0.00010015264705882351
239,9.924e-05,1554631200,9.924e-05,9.853e-05,9.863e-05,1872.86395153,0.18491619,9.873e-05,0.43801422333333573,0.47236402153846346,0.6087689964705882,9.859666666666677e-05,9.989384615384611e-05,0.00010027382352941174
240,9.848e-05,1554638400,9.924e-05,9.848e-05,9.924e-05,1086.15765132,0.10763528,9.909e-05,0.18725126666666905,0.47733196769230957,0.5963904282352942,9.873333333333343e-05,9.955538461538456e-05,0.00010038617647058822
241,9.849e-05,1554645600,9.892e-05,9.82e-05,9.848e-05,228.25648609,0.02245107,9.835e-05,0.10500084666666908,0.460876133076925,0.5929054270588235,9.873666666666677e-05,9.935692307692302e-05,0.00010045882352941176
242,9.859e-05,1554652800,9.859e-05,9.777e-05,9.849e-05,999.86259626,0.09815624,9.816e-05,0.07608086333333573,0.29939310307692496,0.5928384147058824,9.852000000000011e-05,9.922538461538456e-05,0.00010056441176470586
243,9.798e-05,1554660000,9.85e-05,9.788e-05,9.801e-05,451.76453755,0.04445533,9.84e-05,0.0550208800000024,0.26048804538461723,0.5934769755882354,9.835333333333344e-05,9.916307692307685e-05,0.00010062794117647058
244,9.817e-05,1554667200,9.85e-05,9.776e-05,9.817e-05,670.99787591,0.06595859,9.829e-05,0.06952338666666906,0.22025017923077111,0.5950870585294119,9.824666666666677e-05,9.904230769230762e-05,0.00010067147058823528
245,9.817e-05,1554674400,9.84e-05,9.817e-05,9.817e-05,5426.76751354,0.53277076,9.817e-05,0.21439489333333572,0.25481288538461727,0.5996729108823531,9.810666666666678e-05,9.886076923076917e-05,0.00010065352941176468
246,9.875e-05,1554681600,9.95e-05,9.776e-05,9.85e-05,4992.57358305,0.49189073,9.852e-05,0.36354002666666907,0.28663660153846343,0.5986760244117649,9.836333333333344e-05,9.865692307692303e-05,0.00010070823529411762
247,9.675e-05,1554688800,9.875e-05,9.675e-05,9.875e-05,7819.15277029,0.76127581,9.736e-05,0.5953124333333358,0.3396698923076942,0.6205552252941179,9.78900000000001e-05,9.84061538461538e-05,0.00010066617647058821
248,9.798e-05,1554696000,9.798e-05,9.713e-05,9.713e-05,505.51588523,0.04937829,9.767e-05,0.43418161000000244,0.311727326153848,0.6196352582352943,9.782666666666676e-05,9.83161538461538e-05,0.00010070117647058822
249,9.675e-05,1554703200,9.755e-05,9.675e-05,9.716e-05,4242.72478816,0.41128992,9.694e-05,0.40731467333333576,0.29994651461538646,0.5485410550000003,9.716000000000009e-05,9.814615384615381e-05,0.0001005605882352941
250,9.601e-05,1554710400,9.707e-05,9.601e-05,9.675e-05,5153.39818251,0.49651217,9.634e-05,0.3190601266666691,0.27199174692307876,0.5557623288235297,9.691333333333343e-05,9.798769230769228e-05,0.0001004035294117647
251,9.351e-05,1554717600,9.619e-05,9.351e-05,9.618e-05,17952.15926573,1.70049283,9.472e-05,0.8694316400000024,0.382091016153848,0.5624600711764709,9.542333333333341e-05,9.760538461538458e-05,0.00010010441176470588
252,9.435e-05,1554724800,9.435e-05,9.301e-05,9.351e-05,3996.54279811,0.37364236,9.349e-05,0.8568824533333356,0.3966084138461557,0.4904982188235298,9.462333333333342e-05,9.722923076923074e-05,9.97964705882353e-05
