,close,date,high,low,open,quoteVolume,volume,weightedAverage,avg_vol_3,avg_vol_13,avg_vol_34,avg_close_3,avg_close_13,avg_close_34
0,0.00023533,1549155674,0.00023533,0.00023533,0.00023533,0.0,0.0,0.00023533,-99999.0,-99999.0,-99999.0,-99999.0,-99999.0,-99999.0
1,0.00023387,1549159200,0.00023695,0.00023387,0.00023663,222.57296057,0.05233494,0.00023513,-99999.0,-99999.0,-99999.0,-99999.0,-99999.0,-99999.0
2,0.0002355,1549166400,0.00023727,0.0002355,0.00023551,632.55091247,0.14899093,0.00023553,0.06710862333333333,-99999.0,-99999.0,0.00023490000000000002,-99999.0,-99999.0
3,0.00023633,1549173600,0.00023633,0.00023623,0.00023623,224.22684802,0.05297481,0.00023625,0.08476689333333333,-99999.0,-99999.0,0.00023523333333333335,-99999.0,-99999.0
4,0.00023276,1549180800,0.00023617,0.00023204,0.00023588,1110.99154311,0.25921718,0.00023332,0.15372764,-99999.0,-99999.0,0.00023486333333333338,-99999.0,-99999.0
5,0.000231,1549188000,0.00023217,0.00022898,0.00023109,237.64255077,0.05479986,0.00023059,0.12233061666666667,-99999.0,-99999.0,0.00023336333333333337,-99999.0,-99999.0
6,0.00022906,1549195200,0.00023242,0.000227,0.00023228,1310.27977173,0.29918793,0.00022833,0.20440165666666665,-99999.0,-99999.0,0.00023094000000000004,-99999.0,-99999.0
7,0.00022898,1549202400,0.00023103,0.00022777,0.00022919,746.05650772,0.17047438,0.0002285,0.17482072333333334,-99999.0,-99999.0,0.00022968000000000004,-99999.0,-99999.0
8,0.00022994,1549209600,0.00023103,0.000228,0.00022929,1853.49754555,0.42591057,0.00022978,0.29852429333333336,-99999.0,-99999.0,0.00022932666666666672,-99999.0,-99999.0
9,0.00023,1549216800,0.00023116,0.00022897,0.00023081,2575.26500673,0.59342679,0.00023043,0.3966039133333334,-99999.0,-99999.0,0.00022964000000000003,-99999.0,-99999.0
10,0.00023066,1549224000,0.00023124,0.00023,0.00023,451.22676277,0.10390071,0.00023026,0.37441269000000005,-99999.0,-99999.0,0.00023020000000000007,-99999.0,-99999.0
11,0.00023082,1549231200,0.00023082,0.00022775,0.00022801,962.77400616,0.2205293,0.00022905,0.3059522666666667,-99999.0,-99999.0,0.0002304933333333334,-99999.0,-99999.0
12,0.00023082,1549238400,0.00023082,0.00023082,0.00023082,0.0,0.0,0.00023082,0.10814333666666671,0.18321133846153848,-99999.0,0.0002307666666666667,0.00023192846153846156,-99999.0
13,0.00022605,1549245600,0.00022765,0.00022571,0.00022765,331.16934245,0.07529381,0.00022735,0.0986077033333334,0.18900317,-99999.0,0.00022923000000000005,0.00023121461538461538,-99999.0
14,0.00022665,1549252800,0.00022665,0.00022274,0.00022605,9774.83110521,2.19132946,0.00022418,0.75554109,0.35354121000000005,-99999.0,0.00022784000000000007,0.00023065923076923077,-99999.0
15,0.00022805,1549260000,0.00022805,0.00022719,0.00022719,69.63103381,0.01584022,0.00022748,0.7608211633333334,0.34329884769230773,-99999.0,0.00022691666666666674,0.00023008615384615384,-99999.0
16,0.00022908,1549267200,0.00022986,0.00022654,0.00022736,2016.98069481,0.46125527,0.00022868,0.8894749833333334,0.37470503692307694,-99999.0,0.00022792666666666676,0.00022952846153846153,-99999.0
17,0.00022632,1549274400,0.00022806,0.0002263,0.0002263,3519.94175919,0.79757294,0.00022658,0.4248894766666669,0.4161170184615385,-99999.0,0.00022781666666666677,0.00022903307692307692,-99999.0
18,0.00022571,1549281600,0.00022632,0.00022498,0.00022632,1377.75974462,0.31180374,0.00022631,0.5235439833333335,0.4358865476923077,-99999.0,0.00022703666666666674,0.00022862615384615386,-99999.0
19,0.00022349,1549288800,0.00022672,0.00022251,0.00022436,2234.6028546,0.49903016,0.00022331,0.5361356133333334,0.451259026923077,-99999.0,0.0002251733333333334,0.00022819769230769232,-99999.0
20,0.00022591,1549296000,0.00022591,0.00022307,0.00022325,1490.82901098,0.33539748,0.00022497,0.38207712666666677,0.4639454192307693,-99999.0,0.00022503666666666671,0.00022796153846153845,-99999.0
21,0.00022806,1549303200,0.00022806,0.00022379,0.0002238,2007.56439164,0.45238686,0.00022534,0.4289381666666668,0.465982056923077,-99999.0,0.00022582000000000006,0.00022781692307692307,-99999.0
22,0.00022592,1549310400,0.00022806,0.00022592,0.00022806,998.88523956,0.2277624,0.00022801,0.33851558000000015,0.43785402692307696,-99999.0,0.00022663000000000004,0.0002275030769230769,-99999.0
23,0.00022856,1549317600,0.00022876,0.00022554,0.00022592,2297.26591887,0.52499934,0.00022853,0.4017162000000001,0.4702462292307693,-99999.0,0.0002275133333333334,0.00022734153846153845,-99999.0
24,0.00022782,1549324800,0.00022782,0.00022669,0.00022669,327.32732449,0.07441759,0.00022734,0.27572644333333335,0.459006866923077,-99999.0,0.00022743333333333338,0.0002271107692307692,-99999.0
25,0.000235,1549332000,0.00023599,0.00022877,0.00022877,7254.53869716,1.697704,0.00023401,0.7657069766666668,0.5895994823076924,-99999.0,0.00023046000000000004,0.00022743230769230765,-99999.0
26,0.00022654,1549339200,0.000235,0.00022652,0.000235,4901.08316938,1.14286856,0.00023318,0.9716633833333335,0.6717206169230769,-99999.0,0.00022978666666666672,0.00022747,-99999.0
27,0.000224,1549346400,0.00022661,0.000224,0.00022609,2833.19567675,0.63755415,0.00022503,1.1593755700000001,0.5521994392307692,-99999.0,0.00022851333333333341,0.0002272661538461538,-99999.0
28,0.0002247,1549353600,0.0002255,0.0002247,0.00022473,289.8525745,0.06527983,0.00022521,0.6152341800000002,0.5560024861538462,-99999.0,0.0002250800000000001,0.00022700846153846148,-99999.0
29,0.0002267,1549360800,0.0002267,0.00022456,0.0002247,128.5077025,0.02896328,0.00022538,0.24393242000000023,0.5227492561538462,-99999.0,0.00022513333333333343,0.00022682538461538457,-99999.0
30,0.0002222,1549368000,0.0002245,0.0002211,0.0002245,5795.40177035,1.29252607,0.00022302,0.46225639333333346,0.5608225738461539,-99999.0,0.00022453333333333342,0.0002265084615384615,-99999.0
31,0.00022302,1549375200,0.00022302,0.000222,0.000222,637.77618302,0.14217652,0.00022292,0.4878886233333335,0.5477743261538461,-99999.0,0.0002239733333333334,0.00022630153846153842,-99999.0
32,0.0002211,1549382400,0.00022301,0.0002211,0.00022293,289.62900984,0.06441578,0.0002224,0.49970612333333353,0.5143424507692307,-99999.0,0.00022210666666666674,0.00022611769230769228,-99999.0
33,0.00022023,1549389600,0.00022262,0.00022021,0.000222,2975.36815032,0.65594152,0.00022045,0.28751127333333343,0.5389996846153845,0.41400783470588237,0.00022145000000000007,0.0002256807692307692,0.00022824058823529413
34,0.0002204,1549396800,0.00022073,0.00022033,0.00022073,2578.25647225,0.5681901,0.00022037,0.4295158000000001,0.547907626153846,0.43071930823529414,0.00022057666666666672,0.00022509153846153842,0.00022780147058823534
35,0.00022231,1549404000,0.00022231,0.00022061,0.00022231,1925.14306643,0.4254351,0.00022098,0.5498555733333335,0.5631132184615384,0.4416928423529412,0.00022098000000000004,0.0002248138461538461,0.00022746147058823535
36,0.00021805,1549411200,0.0002205,0.00021758,0.0002205,763.13226559,0.16725407,0.00021916,0.3869597566666669,0.5355943515384615,0.4422299935294118,0.00022025333333333338,0.00022400538461538457,0.00022694823529411772
37,0.00021906,1549418400,0.00022081,0.00021738,0.0002178,6500.43682183,1.42150819,0.00021867,0.6713991200000002,0.6392167053846153,0.4824809752941177,0.00021980666666666674,0.0002233315384615384,0.00022644029411764716
38,0.00021635,1549425600,0.00021854,0.00021635,0.00021854,262.01275574,0.05683327,0.00021691,0.5485318433333335,0.51299588,0.4765285073529412,0.00021782000000000008,0.00022189692307692302,0.00022595764705882361
39,0.00021701,1549432800,0.00021788,0.00021435,0.00021628,1371.42326293,0.29494988,0.00021506,0.5910971133333335,0.44777136615384605,0.4835917432352942,0.0002174733333333334,0.00022116384615384612,0.00022554617647058833
40,0.00021726,1549440000,0.00021769,0.00021434,0.00021692,546.27603232,0.11751322,0.00021511,0.15643212333333345,0.40776821769230764,0.4782483694117648,0.00021687333333333342,0.0002206453846153846,0.00022519911764705893
41,0.00021783,1549447200,0.000222,0.00021658,0.00021726,2438.81051079,0.5301348,0.00021737,0.3141993000000001,0.44352629230769225,0.4888266170588236,0.00021736666666666676,0.00022011692307692305,0.00022487117647058835
42,0.00021839,1549454400,0.00021847,0.00021647,0.00021723,2449.86747252,0.53080894,0.00021666,0.39281898666666687,0.48212980461538457,0.4919118632352942,0.00021782666666666673,0.0002194776923076923,0.00022453147058823543
43,0.000218,1549461600,0.00021839,0.00021623,0.00021839,543.54602923,0.11820502,0.00021747,0.39304958666666684,0.39179741615384606,0.4779347523529413,0.00021807333333333343,0.00021915461538461539,0.00022417852941176484
44,0.00022,1549468800,0.00022302,0.0002192,0.0002192,4233.31270101,0.93658436,0.00022124,0.5285327733333336,0.4529057115384615,0.5024254479411766,0.00021879666666666677,0.0002189223076923077,0.00022386500000000015
45,0.00021828,1549476000,0.00021983,0.00021828,0.00021983,28.35534522,0.00620244,0.00021873,0.3536639400000003,0.44842776230769227,0.496121716764706,0.00021876000000000013,0.0002187053846153846,0.00022349617647058842
46,0.00022001,1549483200,0.00022034,0.00022001,0.00022034,81.50932355,0.01793429,0.00022002,0.32024036333333356,0.3993502830769231,0.49664919588235307,0.00021943000000000014,0.00021868846153846153,0.00022317823529411783
47,0.000218,1549490400,0.0002205,0.000218,0.0002205,48.36588642,0.01056698,0.00021848,0.011567903333333573,0.35645619692307695,0.49474546558823534,0.00021876333333333345,0.00021850384615384615,0.00022294147058823547
48,0.00021976,1549497600,0.00021976,0.00021976,0.00021976,44.35,0.00974635,0.00021976,0.012749206666666906,0.32448013923076935,0.4305812564705883,0.0002192566666666668,0.0002183076923076923,0.00022273882352941195
49,0.00022033,1549504800,0.00022033,0.00022033,0.00022033,44.32958081,0.00976713,0.00022033,0.01002682000000024,0.3123657592307693,0.4304026361764707,0.0002193633333333335,0.0002184830769230769,0.00022251176470588254
50,0.00022033,1549512000,0.00022033,0.00022033,0.00022033,0.0,0.0,0.00022033,0.006504493333333573,0.20301897538461547,0.4168363047058824,0.00022014000000000018,0.0002185807692307692,0.0002222544117647061
51,0.00022188,1549519200,0.00022188,0.00022172,0.00022172,665.12044339,0.14757678,0.00022187,0.05244797000000023,0.2099992453846155,0.39771877058823535,0.00022084666666666685,0.00021900615384615378,0.00022212382352941194
52,0.00021893,1549526400,0.00022116,0.00021893,0.00022116,240.88849981,0.05312027,0.00022051,0.0668990166666669,0.1913969676923078,0.3901104332352942,0.00022038000000000016,0.00021915384615384608,0.00022192441176470607
53,0.0002241,1549533600,0.00022782,0.0002209,0.00022297,8091.2518714,1.80946037,0.00022363,0.6700524733333335,0.3215467484615386,0.42865249823529417,0.00022163666666666682,0.00021967999999999993,0.00022194235294117665
54,0.00022711,1549540800,0.00022711,0.00022334,0.0002241,551.24997369,0.1240967,0.00022511,0.6622257800000001,0.29031304846153855,0.4224377694117648,0.00022338000000000013,0.0002203938461538461,0.00022197764705882372
55,0.00022504,1549548000,0.00022766,0.00022432,0.00022711,315.74236191,0.0710638,0.00022506,0.6682069566666669,0.2549480376923078,0.4112223852941177,0.00022541666666666682,0.00022090538461538454,0.00022188882352941193
56,0.00022421,1549555200,0.00022505,0.00022421,0.00022505,53.82400197,0.01208683,0.00022456,0.06908244333333347,0.24678510000000012,0.40487898617647067,0.00022545333333333348,0.00022138307692307687,0.0002218385294117649
57,0.00022412,1549562400,0.00022421,0.00022197,0.0002237,3361.70227427,0.75234232,0.00022379,0.2784976500000001,0.2326126353846155,0.41156554441176474,0.0002244566666666668,0.00022169999999999991,0.00022170794117647077
58,0.00022083,1549569600,0.00022355,0.00021862,0.00022355,4566.81902933,1.00178065,0.00021936,0.5887366000000002,0.3091955746153847,0.43884092852941187,0.00022305333333333345,0.00022189615384615377,0.00022150235294117666
59,0.00022162,1549576800,0.00022187,0.00021959,0.00022068,224.88510824,0.04945765,0.00021992,0.60119354,0.3116204484615385,0.3903630947058825,0.00022219000000000012,0.0002220199999999999,0.00022110882352941193
60,0.00022296,1549584000,0.00022296,0.00022187,0.00022187,65.75959653,0.01465306,0.00022282,0.3552971200000001,0.31193476230769235,0.35718028588235307,0.00022180333333333347,0.00022240153846153838,0.00022100352941176489
61,0.00022074,1549591200,0.00022115,0.00021794,0.00022115,8608.79928631,1.8878088,0.00021928,0.6506398366666668,0.45640110461538463,0.39395248147058837,0.00022177333333333346,0.00022247692307692302,0.00022090764705882368
62,0.00022115,1549598400,0.00022115,0.00022085,0.00022085,239.85385761,0.05302685,0.00022107,0.6518295700000002,0.4597287753846154,0.3935920997058825,0.00022161666666666683,0.00022253999999999994,0.0002208032352941178
63,0.00022106,1549605600,0.00022202,0.00022106,0.00022173,97.73588579,0.0216757,0.00022177,0.6541704500000002,0.46139613692307696,0.3933777591176472,0.0002209833333333335,0.0002225961538461538,0.00022063735294117662
64,0.00022645,1549612800,0.00022645,0.00021989,0.00022138,2371.33488374,0.52866004,0.00022293,0.20112086333333346,0.4907102338461539,0.37091111117647074,0.00022288666666666682,0.00022294769230769227,0.00022076235294117664
65,0.00022524,1549620000,0.0002274,0.00022502,0.00022646,4642.69209731,1.05038121,0.00022624,0.5335723166666668,0.5674226138461539,0.3976230138235296,0.00022425000000000017,0.00022343307692307686,0.00022082764705882367
66,0.00023065,1549627200,0.00023394,0.00022243,0.00022487,10540.35160323,2.40074048,0.00022776,1.3265939100000002,0.6129056992307693,0.4663384461764708,0.00022744666666666682,0.000223936923076923,0.00022110852941176486
67,0.0002298,1549634400,0.00023232,0.00022678,0.00023232,1556.81521023,0.35715307,0.00022941,1.2694249200000003,0.6308331123076923,0.4575505505882354,0.0002285633333333335,0.00022414384615384607,0.00022139000000000013
68,0.00022576,1549641600,0.00023071,0.00022249,0.00022975,4688.14176179,1.06271495,0.00022668,1.273536166666667,0.7071139700000001,0.4720953991176472,0.00022873666666666683,0.0002241992307692307,0.00022154764705882367
69,0.00022481,1549648800,0.00022667,0.00022253,0.0002259,1739.40474613,0.38990346,0.00022415,0.6032571600000002,0.7361767876923078,0.471050350882353,0.00022679000000000015,0.00022424538461538458,0.00022162117647058836
70,0.000222,1549656000,0.0002248,0.000222,0.0002248,843.76584689,0.18751695,0.00022223,0.5467117866666669,0.6927286823076924,0.47164631794117656,0.00022419000000000012,0.00022408230769230765,0.0002217373529411766
71,0.000224,1549663200,0.000224,0.000222,0.000222,1192.82674339,0.26598335,0.00022298,0.28113458666666685,0.6361288900000001,0.43766029323529415,0.00022360333333333346,0.0002243261538461538,0.00022188264705882366
72,0.00022274,1549670400,0.00022378,0.00022274,0.0002232,279.4617266,0.06240366,0.00022329,0.17196798666666688,0.6371247369230768,0.4378241282352941,0.0002229133333333335,0.00022441230769230762,0.00022207058823529426
73,0.00021878,1549677600,0.00022248,0.0002184,0.00022235,1261.15825807,0.27821077,0.00022059,0.2021992600000002,0.6573984069230767,0.4373318014705882,0.00022184000000000017,0.00022409076923076917,0.00022212264705882368
74,0.00022081,1549684800,0.00022247,0.00021901,0.00022044,8554.48536046,1.88708623,0.00022059,0.7425668866666669,0.6573428246153844,0.4893780664705882,0.00022077666666666683,0.00022409615384615377,0.00022222705882352954
75,0.00022137,1549692000,0.00022209,0.00021944,0.00021946,565.55246822,0.12461799,0.00022034,0.7633049966666668,0.6628498353846152,0.4774511014705882,0.00022032000000000017,0.00022411307692307686,0.0002223311764705884
76,0.000222,1549699200,0.0002238,0.000222,0.00022234,1234.85540505,0.27583592,0.00022337,0.7625133800000002,0.6824006215384615,0.46995189499999995,0.00022139333333333347,0.00022418538461538455,0.00022243735294117664
77,0.00022153,1549706400,0.00022294,0.00022153,0.000222,604.19589966,0.1344849,0.00022258,0.17831293666666692,0.6520794569230769,0.470430715,0.0002216333333333335,0.00022380692307692304,0.0002225411764705884
78,0.00022176,1549713600,0.00022332,0.00022,0.00022153,8699.13692526,1.91834625,0.00022052,0.776222356666667,0.7188459984615385,0.49930606470588235,0.0002217633333333335,0.00022353923076923074,0.00022259294117647074
79,0.00022226,1549720800,0.00022236,0.00022144,0.00022144,397.75941691,0.08821305,0.00022177,0.7136814000000001,0.5409592730769232,0.5017181414705882,0.00022185000000000013,0.00022289384615384615,0.00022271000000000015
80,0.00021814,1549728000,0.00022226,0.00021634,0.00022226,3723.36154455,0.81048647,0.00021767,0.9390152566666669,0.5758310730769232,0.5250284997058824,0.00022072000000000012,0.00022199692307692308,0.00022265500000000018
81,0.00022021,1549735200,0.00022083,0.00021761,0.00021843,7996.13105668,1.75980922,0.00022008,0.8861695800000001,0.6294537092307693,0.576476800882353,0.00022020333333333346,0.00022156999999999998,0.00022272000000000017
82,0.00022123,1549742400,0.00022123,0.0002202,0.00022021,2565.91268793,0.56628036,0.00022069,1.0455253500000001,0.6430211630769231,0.5928454482352942,0.0002198600000000001,0.0002212946153846154,0.0002227632352941178
83,0.00021996,1549749600,0.0002212,0.00021996,0.0002212,609.41332556,0.13439146,0.00022052,0.8201603466666668,0.638934586923077,0.5965108697058824,0.00022046666666666675,0.0002211376923076923,0.0002227523529411766
84,0.00022023,1549756800,0.00022083,0.00021874,0.00021996,1027.82639816,0.22498403,0.00021889,0.3085519500000001,0.6357807930769231,0.6031280470588236,0.0002204733333333334,0.00022084769230769233,0.00022274941176470602
85,0.0002189,1549764000,0.00022022,0.00021816,0.00021976,424.58744494,0.09288788,0.00021877,0.15075445666666673,0.6381257330769231,0.60151955,0.00021969666666666674,0.00022055230769230772,0.0002226617647058825
86,0.000217,1549771200,0.00021976,0.000217,0.00021954,330.35637913,0.07196382,0.00021783,0.12994524333333338,0.6222605830769232,0.6020737720588236,0.00021871000000000008,0.00022041538461538466,0.00022260500000000015
87,0.0002148,1549778400,0.00021767,0.0002148,0.00021724,772.3770865,0.16698915,0.0002162,0.11061361666666673,0.48994542307692324,0.553765795,0.0002169000000000001,0.00021995307692307696,0.00022233147058823546
88,0.00021539,1549785600,0.00021545,0.00021501,0.00021545,15.81765705,0.00340581,0.00021531,0.08078626000000007,0.4806214092307694,0.5502160629411765,0.00021573000000000005,0.00021949307692307698,0.00022198676470588255
89,0.00021909,1549792800,0.00023232,0.00021653,0.00021653,12783.0696192,2.86149559,0.00022385,1.0106301833333333,0.679518306923077,0.6322875861764706,0.00021642666666666675,0.0002192692307692308,0.00022181176470588253
90,0.00021792,1549800000,0.00022015,0.00021635,0.00022015,446.63479246,0.09720513,0.00021763,0.9873688433333333,0.6766506323076924,0.6347910655882353,0.00021746666666666676,0.0002189915384615385,0.00022162676470588254
91,0.00021735,1549807200,0.00021799,0.00021632,0.00021734,1401.26456948,0.30460662,0.00021737,1.0877691133333334,0.5525168146153847,0.6216223685294118,0.00021812000000000011,0.0002186523076923077,0.00022142764705882368
92,0.000217,1549814400,0.00021975,0.00021458,0.00021734,1177.92903138,0.25470362,0.00021623,0.21883845666666657,0.5653237815384616,0.5996495147058823,0.0002174233333333334,0.00021824769230769232,0.00022131500000000017
93,0.00021881,1549821600,0.00021881,0.00021766,0.00021766,11.94428111,0.00260824,0.00021836,0.18730615999999992,0.5031793023076924,0.5982715908823529,0.00021772000000000005,0.00021829923076923077,0.00022123235294117664
94,0.00021993,1549828800,0.0002217,0.00021905,0.00021905,4309.52277875,0.94675216,0.00021968,0.40135467333333325,0.4406364515384616,0.6256862702941176,0.00021858000000000004,0.0002182776923076923,0.0002211432352941178
95,0.00022425,1549836000,0.00022445,0.00022093,0.00022093,1331.99404342,0.29687699,0.00022288,0.4154124633333332,0.41991311538461545,0.5788941582352942,0.00022099666666666675,0.00021851000000000002,0.00022124647058823546
96,0.00021945,1549843200,0.00022129,0.00021945,0.00022129,1786.4967647,0.39316672,0.00022007,0.5455986233333332,0.4398189046153847,0.5888982720588236,0.00022121000000000003,0.00021847076923076924,0.00022119647058823548
97,0.00022178,1549850400,0.00022178,0.00022161,0.00022161,2.71007626,0.00060081,0.00022169,0.23021483999999984,0.422558656923077,0.5882784223529414,0.0002218266666666667,0.00021859,0.0002212176470588237
98,0.00021968,1549857600,0.00022057,0.00021853,0.00022002,456.11604712,0.10005806,0.00021936,0.16460852999999986,0.4231102092307693,0.5756724817647061,0.00022030333333333333,0.00021864999999999998,0.0002210185294117649
99,0.00021967,1549864800,0.00021995,0.00021803,0.00021995,47.19842263,0.0103002,0.00021823,0.03698635666666652,0.4183668538461539,0.5450818638235295,0.00022037666666666666,0.00021885538461538458,0.00022085470588235315
100,0.00021883,1549872000,0.00022068,0.00021823,0.00021823,18.33961972,0.00402212,0.00021931,0.03812679333333319,0.40583092846153856,0.47459014735294125,0.0002193933333333333,0.0002191653846153846,0.0002205070588235296
101,0.00021989,1549879200,0.00022081,0.00021989,0.00021989,33.35580367,0.0073624,0.00022072,0.007228239999999854,0.40613528153846157,0.46430218647058835,0.00021946333333333333,0.00021951153846153844,0.00022021558823529433
102,0.00022088,1549886400,0.00022088,0.00021931,0.00021989,196.28326985,0.04328671,0.00022053,0.018223743333333185,0.18934998307692313,0.4343190029411766,0.00021986666666666665,0.00021964923076923075,0.0002200720588235296
103,0.0002214,1549893600,0.00022266,0.00022092,0.00022122,240.90377658,0.05342165,0.00022175,0.034690253333333185,0.18598202307692316,0.4244224791176472,0.0002207233333333333,0.00021991692307692307,0.00021997176470588256
104,0.00021964,1549900800,0.00022198,0.00021883,0.00022179,2813.62616788,0.62055363,0.00022055,0.23908732999999985,0.21028563923076932,0.4371588520588237,0.00022063999999999995,0.00022009307692307694,0.00021990235294117667
105,0.00022646,1549908000,0.00022759,0.00022,0.00022116,974.58233393,0.21919744,0.00022491,0.29772423999999986,0.2075543946153847,0.4357827958823531,0.00022249999999999993,0.00022082076923076924,0.00021997470588235317
106,0.00022553,1549915200,0.00022782,0.00022327,0.00022485,1909.19686029,0.42996599,0.0002252,0.42323901999999985,0.2404280676923078,0.44659345264705896,0.00022387666666666658,0.00022133769230769232,0.00022005676470588257
107,0.00022572,1549922400,0.00022946,0.00022572,0.00022734,6487.84393157,1.4848975,0.00022887,0.7113536433333332,0.2818238630769232,0.4820842388235295,0.00022590333333333325,0.00022178307692307693,0.00022026088235294137
108,0.00022435,1549929600,0.00022572,0.00022405,0.00022572,111.76623793,0.02512162,0.00022476,0.6466617033333332,0.260919603846154,0.4273205738235295,0.00022519999999999992,0.00022179076923076923,0.0002203650000000002
109,0.00022401,1549936800,0.00022412,0.00022152,0.00022382,560.96906511,0.12466348,0.00022222,0.5448941999999999,0.2402655084615386,0.427321911764706,0.00022469333333333322,0.00022214153846153846,0.00022044264705882373
110,0.00022101,1549944000,0.00022345,0.000221,0.00022261,588.06193682,0.13002571,0.0002211,0.09327026999999988,0.25022127000000016,0.4230333761764707,0.00022312333333333322,0.0002220823076923077,0.0002204135294117649
111,0.0002225,1549951200,0.00022434,0.00022065,0.000221,18058.07115015,3.99453243,0.0002212,1.4164072066666664,0.5497962215384616,0.536564185882353,0.00022250666666666656,0.00022229923076923076,0.00022044205882352957
112,0.00022,1549958400,0.00022275,0.00022,0.00022275,5967.77256003,1.31445339,0.00022025,1.813003843333333,0.6501156976923078,0.5188026311764707,0.00022116999999999992,0.0002223246153846154,0.00022039029411764722
113,0.00022331,1549965600,0.0002234,0.00022,0.00022041,2111.7919608,0.46826462,0.00022173,1.9257501466666664,0.6858266592307694,0.5299806185294118,0.00022193666666666658,0.00022266923076923078,0.0002204211764705884
114,0.00022438,1549972800,0.00022438,0.00022097,0.00022098,257.21372422,0.05714464,0.00022216,0.6132875499999998,0.6896560623076925,0.507823505882353,0.00022256333333333322,0.0002230146153846154,0.0002206047058823531
115,0.00022542,1549980000,0.00022563,0.00022336,0.00022437,850.5712955,0.19044577,0.0002239,0.23861834333333318,0.7009759900000001,0.4616657573529413,0.00022436999999999989,0.00022336384615384618,0.00022075794117647072
116,0.00022895,1549987200,0.00023077,0.00022379,0.00022379,8172.51662456,1.85872169,0.00022743,0.7021040333333332,0.8398452238461539,0.49967873764705895,0.0002262499999999999,0.0002239446153846154,0.00022098500000000015
117,0.00022791,1549994400,0.00023109,0.00022791,0.00022895,3297.04902892,0.75696444,0.00022958,0.9353772999999997,0.8503383630769232,0.517989707647059,0.0002274266666666666,0.00022458076923076922,0.0002212188235294119
118,0.00022864,1550001600,0.00023087,0.00022761,0.00022786,862.27124792,0.1974711,0.00022901,0.9377190766666663,0.8486671061538462,0.5171805038235295,0.0002284999999999999,0.00022474846153846154,0.00022146617647058838
119,0.00022987,1550008800,0.00022987,0.00022759,0.00022775,1563.84699494,0.35727469,0.00022845,0.437236743333333,0.8430754676923079,0.5249565864705884,0.00022880666666666655,0.0002250823076923077,0.0002217888235294119
120,0.00023089,1550016000,0.00023089,0.00022811,0.00022923,6951.41193693,1.59032936,0.00022877,0.7150250499999996,0.8511856107692309,0.5696143964705884,0.00022979999999999987,0.00022548000000000002,0.0002221973529411766
121,0.00022864,1550023200,0.00023,0.0002276,0.00023,5272.96925463,1.20288091,0.00022812,1.050161653333333,0.9417824792307693,0.6000818011764708,0.00022979999999999987,0.00022581000000000004,0.00022260441176470602
122,0.00022621,1550030400,0.00022864,0.00022591,0.00022844,2745.29286619,0.62113305,0.00022625,1.1381144399999996,0.9799724461538462,0.6182502494117649,0.0002285799999999999,0.0002259792307692308,0.00022292264705882367
123,0.00022655,1550037600,0.00022719,0.00022556,0.00022719,132.82916993,0.0300412,0.00022616,0.6180183866666662,0.9722813299999999,0.5349721791176473,0.0002271333333333332,0.00022640538461538465,0.00022314205882352956
124,0.00022602,1550044800,0.00022779,0.00022556,0.00022762,215.29470179,0.04889779,0.00022712,0.23335734666666622,0.668770973076923,0.5335513750000003,0.0002262599999999999,0.00022667615384615387,0.0002233802941176472
125,0.00022609,1550052000,0.00022609,0.00022609,0.00022609,3.04698112,0.00068889,0.00022609,0.026542626666666253,0.5677121653846153,0.5246126182352944,0.00022621999999999988,0.0002271446153846154,0.0002236373529411766
126,0.000229,1550059200,0.000229,0.0002265,0.0002265,474.43832537,0.10836594,0.0002284,0.052650873333332925,0.5400276515384614,0.5203085688235296,0.00022703666666666657,0.0002275823076923077,0.0002239902941176472
127,0.00022808,1550066400,0.00023104,0.00022802,0.00022869,520.41259547,0.11947491,0.00022957,0.07617657999999959,0.5448222876923076,0.5237458238235295,0.00022772333333333323,0.00022786692307692307,0.00022426294117647075
128,0.00023016,1550073600,0.00023103,0.00022865,0.00022865,730.18392748,0.16717193,0.00022894,0.13167092666666627,0.5430319923076922,0.5008169935294119,0.0002290799999999999,0.00022823153846153845,0.00022456382352941193
129,0.00023143,1550080800,0.00023232,0.00023004,0.00023012,1861.98796942,0.43092816,0.00023143,0.23919166666666627,0.4332017207692306,0.5047596750000001,0.00022988999999999987,0.00022842230769230768,0.00022477500000000016
130,0.0002334,1550088000,0.00023886,0.00023233,0.00023233,8522.06148964,2.0131405,0.00023622,0.8704135299999995,0.5298306484615383,0.5524059626470589,0.00023166333333333325,0.00022884461538461538,0.00022518529411764724
131,0.00023242,1550095200,0.00023361,0.00023242,0.00023338,4054.79274962,0.94591914,0.00023328,1.129995933333333,0.5874035746153845,0.5802094429411765,0.00023241666666666658,0.00022913538461538462,0.0002254982352941178
132,0.00023181,1550102400,0.00023358,0.00023181,0.00023242,172.57344207,0.04003586,0.00023199,0.9996984999999996,0.5630005876923075,0.5784440841176471,0.00023254333333333325,0.00022928461538461537,0.00022585500000000015
133,0.00023181,1550109600,0.00023181,0.00023181,0.00023181,0.0,0.0,0.00023181,0.3286516666666663,0.44066755999999985,0.5781411370588236,0.00023201333333333323,0.0002293553846153846,0.00022621205882352957
134,0.00023327,1550116800,0.00023328,0.00023098,0.00023167,261.65476842,0.06089872,0.00023274,0.03364485999999959,0.35282277615384594,0.5798139782352942,0.00023229666666666653,0.00022971153846153842,0.00022663676470588255
135,0.00023235,1550124000,0.00023475,0.00023235,0.00023412,1039.96956626,0.24255788,0.00023323,0.1011521999999996,0.323701609230769,0.5867314923529413,0.00023247666666666652,0.0002301838461538461,0.0002270032352941178
136,0.00023485,1550131200,0.00023524,0.00023264,0.00023264,168.08403761,0.03947909,0.00023487,0.11431189666666626,0.32442760076923055,0.5866195035294118,0.00023348999999999983,0.00023082230769230766,0.00022741411764705898
137,0.0002513,1550138400,0.00025235,0.00023524,0.00023524,55801.71413684,13.91405531,0.00024934,4.73203076,1.390978179230769,0.9942851994117649,0.00023949999999999983,0.00023276692307692303,0.00022829352941176485
138,0.00024531,1550145600,0.00025202,0.00024402,0.00025201,17175.98186579,4.22703732,0.0002461,6.060190573333333,1.7160819046153846,1.1003582491176471,0.00024381999999999984,0.00023424538461538455,0.00022904852941176487
139,0.0002473,1550152800,0.00025278,0.00024627,0.00024627,5595.95169161,1.40119635,0.00025039,6.5140963266666665,1.8155303976923076,1.1351229229411766,0.00024796999999999986,0.00023565307692307688,0.00022966147058823546
140,0.00024601,1550160000,0.00024947,0.00024601,0.00024947,3024.96684119,0.7456863,0.00024651,2.124639989999999,1.8637005046153843,1.1444088144117648,0.00024620666666666654,0.00023703230769230767,0.00023026382352941196
141,0.00024551,1550167200,0.00024807,0.00024029,0.00024601,19270.48312628,4.73089,0.00024549,2.292590883333333,2.2147557407692307,1.2398791820588235,0.00024627333333333324,0.00023821307692307688,0.0002308458823529413
142,0.00024175,1550174400,0.00024799,0.0002405,0.00024551,5689.37335176,1.3861702,0.00024364,2.287582166666666,2.2882358976923074,1.279910022647059,0.0002444233333333332,0.00023900692307692303,0.0002313576470588237
143,0.0002428,1550181600,0.0002428,0.000239,0.00024232,10115.14054291,2.42484874,0.00023972,2.84730298,2.319905762307692,1.3475625302941179,0.0002433533333333332,0.00023972999999999996,0.00023191029411764722
144,0.00023934,1550188800,0.00024058,0.0002381,0.00024058,1097.33066601,0.26292853,0.0002396,1.3579824899999997,2.267368023076923,1.3514714367647063,0.00024129666666666653,0.00024026230769230765,0.000232449411764706
145,0.0002436,1550196000,0.0002436,0.00023774,0.00023774,2546.71004848,0.61622962,0.00024197,1.10133563,2.31169062,1.2521095894117649,0.00024191333333333323,0.00024116923076923077,0.0002330700000000001
146,0.00023988,1550203200,0.0002436,0.00023861,0.0002436,1144.9345545,0.27605279,0.0002411,0.3850703133333333,2.33292545,1.221568395294118,0.0002409399999999999,0.00024179,0.00023365470588235303
147,0.00023998,1550210400,0.00024135,0.00023974,0.00023974,142.1334763,0.03424124,0.0002409,0.3088412166666667,2.3308748746153842,1.2088030017647062,0.0002411533333333332,0.00024230615384615385,0.00023414500000000014
148,0.00024297,1550217600,0.0002456,0.00024159,0.00024212,1316.97106964,0.32047569,0.00024334,0.21025657333333328,2.336868552307692,1.2165480326470595,0.0002409433333333332,0.0002431230769230769,0.00023469176470588253
149,0.00023899,1550224800,0.00024394,0.00023899,0.00024394,5516.67117426,1.33026196,0.00024113,0.56165963,2.436159542307692,1.2500720382352948,0.00024064666666666657,0.00024344153846153846,0.0002350908823529413
150,0.0002407,1550232000,0.0002407,0.00023861,0.00023899,880.06130642,0.2113164,0.00024011,0.6206846833333334,1.3821027030769228,1.201618941470589,0.00024088666666666656,0.00024262615384615385,0.00023543647058823543
151,0.00023654,1550239200,0.00024011,0.00023536,0.00024011,1121.27198428,0.26666601,0.00023782,0.6027481233333334,1.0774587561538458,1.1871983994117654,0.0002387433333333332,0.00024195153846153847,0.00023569029411764722
152,0.00023506,1550246400,0.0002369,0.00023506,0.00023679,108.65739824,0.02566053,0.00023616,0.16788097999999999,0.9716483084615383,1.182145147352942,0.0002374333333333332,0.00024101000000000003,0.000235879117647059
153,0.00023375,1550253600,0.00023793,0.00023375,0.00023712,2347.4966703,0.54957082,0.0002341,0.28063245333333336,0.9565625023076921,1.187800915882354,0.0002351166666666665,0.0002400669230769231,0.00023599323529411778
154,0.00023462,1550260800,0.00023567,0.00023375,0.00023453,300.19172943,0.07063174,0.00023528,0.21528769666666667,0.5980810976923074,1.1431039270588246,0.00023447666666666652,0.0002392292307692308,0.00023610294117647074
155,0.00023352,1550268000,0.00023581,0.00023314,0.00023462,4226.48693493,0.99373577,0.00023512,0.5379794433333334,0.5678938338461536,1.1369525994117657,0.00023396333333333317,0.00023859615384615388,0.0002362464705882354
156,0.00023397,1550275200,0.00023459,0.00023291,0.0002343,352.6873934,0.08241509,0.00023367,0.3822608666666667,0.3877066299999997,1.1211079535294128,0.0002340366666666665,0.0002379169230769231,0.00023647470588235308
157,0.00023478,1550282400,0.00023504,0.00023268,0.00023406,230.85592885,0.05401346,0.00023397,0.37672144,0.37163623999999973,1.1218130200000012,0.00023408999999999981,0.00023756615384615384,0.00023671676470588248
158,0.00023523,1550289600,0.00023583,0.00023477,0.00023499,51.22643835,0.0120526,0.00023528,0.04949371666666669,0.3251610846153843,1.1207293379411776,0.00023465999999999982,0.00023692230769230767,0.00023698764705882362
159,0.00023443,1550296800,0.00023526,0.00023422,0.00023526,97.46121148,0.02285592,0.00023451,0.029640660000000024,0.30568440230769195,1.1213813094117657,0.00023481333333333313,0.0002365030769230769,0.00023723294117647072
160,0.00023429,1550304000,0.00023429,0.00023273,0.00023273,100.99549749,0.02355594,0.00023323,0.019488153333333355,0.30486245615384583,1.11888689764706,0.0002346499999999998,0.00023606538461538458,0.00023738852941176483
161,0.00023354,1550311200,0.00023584,0.0002325,0.00023448,2488.10892857,0.58345306,0.00023449,0.20995497333333335,0.32509148461538423,1.1325333138235305,0.00023408666666666645,0.00023533999999999998,0.00023754911764705896
162,0.00023275,1550318400,0.00023349,0.0002325,0.0002325,2899.00423991,0.67403113,0.0002325,0.42701337666666667,0.27461218999999965,1.1474409373529422,0.00023352666666666646,0.00023485999999999996,0.0002376252941176472
163,0.00023179,1550325600,0.00023325,0.00023179,0.00023247,100.20707377,0.02326644,0.00023218,0.42691687666666667,0.26014680846153815,1.1354508867647068,0.00023269333333333312,0.00023417461538461536,0.00023763588235294135
164,0.00023336,1550332800,0.0002339,0.0002308,0.0002318,111.37403592,0.02581287,0.00023176,0.24103681333333335,0.2416196438461535,1.0770000741176482,0.00023263333333333312,0.00023392999999999998,0.00023763470588235313
165,0.00023084,1550340000,0.00023087,0.00023035,0.00023079,904.29364308,0.20847135,0.00023053,0.08585022000000002,0.25568201461538426,1.0553104332352954,0.00023199666666666644,0.00023360538461538458,0.0002375882352941178
166,0.00023244,1550347200,0.00023244,0.00022993,0.00023067,4632.78889298,1.06905758,0.00023075,0.4344472666666667,0.2956425346153843,1.0855757779411777,0.00023221333333333307,0.00023350461538461536,0.0002376067647058825
167,0.00023249,1550354400,0.00023255,0.00023182,0.00023182,83.12511755,0.01930383,0.00023222,0.43227758666666666,0.29169423384615356,1.0861435376470598,0.00023192333333333306,0.0002333407692307692,0.0002376267647058825
168,0.00023298,1550361600,0.00023298,0.00023028,0.00023204,823.53134957,0.19028589,0.00023106,0.42621576666666666,0.22989039692307664,1.08994904264706,0.00023263666666666644,0.00023329923076923073,0.00023761823529411778
169,0.00023506,1550368800,0.00023584,0.00023213,0.00023269,5361.27357878,1.25156351,0.00023344,0.48705107666666664,0.31982489076923054,1.1196256788235304,0.0002335099999999998,0.0002333830769230769,0.00023769794117647075
170,0.00023414,1550376000,0.00023638,0.00023414,0.00023596,163.5620385,0.03854858,0.00023568,0.49346599333333335,0.3186352846153844,1.119598310882354,0.00023405999999999977,0.0002333338461538461,0.0002376770588235296
171,0.0002364,1550383200,0.00023644,0.00023389,0.00023444,1118.67293045,0.26207287,0.00023427,0.5173949866666667,0.3378676130769228,0.7180694155882361,0.00023519999999999975,0.00023342384615384612,0.00023723882352941195
172,0.0002334,1550390400,0.00023738,0.0002334,0.0002364,1292.46261556,0.30609428,0.00023683,0.2022385766666667,0.359655179230769,0.602747561470589,0.00023464666666666643,0.00023334461538461533,0.00023688852941176487
173,0.000236,1550397600,0.00023614,0.00023561,0.00023561,31320.734448,7.39131639,0.00023598,2.65316118,0.926405983076923,0.7789275626470596,0.00023526666666666643,0.00023347615384615382,0.0002365561764705884
174,0.0002316,1550404800,0.000236,0.000231,0.000236,553.15748172,0.12873926,0.00023273,2.6087166433333335,0.8914279984615383,0.760782061470589,0.00023366666666666642,0.00023332692307692304,0.00023613235294117665
175,0.00023531,1550412000,0.00024426,0.0002311,0.0002316,7500.00940759,1.78660917,0.00023821,3.102221606666667,0.9770109246153845,0.674185566470589,0.00023430333333333307,0.00023352384615384612,0.00023583235294117664
176,0.00023945,1550419200,0.00023945,0.00023543,0.00023543,489.62576675,0.11691741,0.00023878,0.6774219466666663,0.9842148453846152,0.6368546020588244,0.00023545333333333307,0.0002341130769230769,0.0002357647058823531
177,0.00024004,1550426400,0.00024394,0.00023904,0.00023955,4614.02693697,1.11684262,0.00024205,1.0067897333333329,1.0681402107692306,0.5983838338235303,0.0002382666666666664,0.00023462692307692302,0.0002356835294117649
178,0.00024001,1550433600,0.00024327,0.00024001,0.00024004,966.57820405,0.23325406,0.00024131,0.48900469666666635,1.0700465730769229,0.5975110552941185,0.00023983333333333308,0.00023533230769230766,0.00023570323529411788
179,0.00023719,1550440800,0.00024021,0.00023686,0.00024021,1908.22446184,0.45597355,0.00023895,0.6020234099999997,1.022886263076923,0.5927976414705891,0.00023907999999999972,0.00023569769230769226,0.00023551470588235317
180,0.000235,1550448000,0.00023804,0.00023361,0.00023684,4373.36481314,1.02442466,0.00023424,0.571217423333333,1.1002032499999999,0.6148085788235303,0.00023739999999999973,0.0002358907692307692,0.0002353711764705885
181,0.00023626,1550455200,0.00023722,0.00023487,0.000235,332.48585351,0.078298,0.00023549,0.519565403333333,1.0915887969230769,0.6161043658823538,0.00023614999999999972,0.00023614307692307687,0.0002352617647058826
182,0.00023503,1550462400,0.00023604,0.00023334,0.00023579,2089.04936573,0.48856185,0.00023386,0.5304281699999996,1.0328963615384614,0.6210480764705891,0.00023542999999999972,0.0002361407692307692,0.0002350282352941179
183,0.00023245,1550469600,0.00023457,0.00023245,0.00023457,197.08936342,0.04603617,0.00023358,0.20429867333333304,1.03347233,0.5832767297058833,0.00023457999999999975,0.0002360107692307692,0.00023483588235294144
184,0.00023308,1550476800,0.00023473,0.00023061,0.00023274,2639.41501295,0.61410516,0.00023266,0.38290105999999974,1.0605517369230766,0.5951234579411774,0.00023351999999999976,0.0002357553846153846,0.00023461176470588262
185,0.00023141,1550484000,0.00023402,0.00023095,0.00023095,1066.5000314,0.24678697,0.00023139,0.3023094333333331,1.055989636153846,0.5945387802941184,0.0002323133333333331,0.00023560230769230768,0.00023446088235294145
186,0.00023401,1550491200,0.00023443,0.00023141,0.00023141,819.30295894,0.19076324,0.00023283,0.3505517899999997,0.5021009323076921,0.599394742352942,0.00023283333333333307,0.00023544923076923073,0.00023443000000000023
187,0.00023507,1550498400,0.00023627,0.00022895,0.00023269,24100.37406739,5.6050237,0.00023256,2.014191303333333,0.9233535815384614,0.7480845329411773,0.00023349666666666643,0.00023571615384615382,0.00023446882352941203
188,0.00023212,1550505600,0.0002362,0.00023146,0.00023309,4112.35367776,0.96512783,0.00023468,2.2536382566666666,0.8601627092307691,0.7743932414705891,0.0002337333333333331,0.00023547076923076924,0.00023439529411764735
189,0.00023041,1550512800,0.00023211,0.00022911,0.00023211,559.01554311,0.12915531,0.00023104,2.2331022799999998,0.861104086153846,0.7489644044117656,0.0002325333333333331,0.00023477538461538463,0.00023430382352941209
190,0.00022884,1550520000,0.00023042,0.00022859,0.00023041,12380.12875288,2.83495652,0.00022899,1.3097465533333328,0.9932666938461538,0.8299215052941185,0.00023045666666666643,0.00023391384615384616,0.00023415294117647088
191,0.00023042,1550527200,0.00023042,0.00022793,0.00022863,1103.78212625,0.25235045,0.00022862,1.0721540933333327,0.9947356469230768,0.8357549461764714,0.00022988999999999982,0.00023317615384615384,0.00023402470588235324
192,0.00022923,1550534400,0.00024049,0.00022741,0.00023038,13298.8648639,3.08966157,0.00023232,2.058989513333333,1.197327033076923,0.9262728570588243,0.00022949666666666646,0.00023256384615384613,0.00023384823529411797
193,0.00022751,1550541600,0.00022877,0.00022592,0.00022733,835.91594408,0.18994568,0.00022723,1.177319233333333,1.1331363423076923,0.9311872617647067,0.00022905333333333313,0.00023198769230769228,0.00023364470588235325
194,0.00022804,1550548800,0.00022862,0.00022591,0.00022755,486.4290713,0.11090031,0.00022798,1.1301691866666663,1.1356442123076922,0.9337562138235302,0.0002282599999999998,0.0002313553846153846,0.0002334608823529415
195,0.00022635,1550556000,0.00022795,0.00022607,0.00022607,1002.86766796,0.2275615,0.00022691,0.17613582999999963,1.1155672623076922,0.9232888150000008,0.0002272999999999998,0.00023068769230769233,0.0002332494117647062
196,0.00022999,1550563200,0.00023,0.00022777,0.00022838,950.51897164,0.21801282,0.00022936,0.18549154333333295,1.1287962353846153,0.9098765117647067,0.00022812666666666647,0.00023049846153846157,0.00023316823529411792
197,0.00023046,1550570400,0.00023211,0.00022999,0.00022999,3326.7780418,0.76583728,0.0002302,0.40380386666666634,1.1404679369230768,0.9317168305882361,0.00022893333333333314,0.00023029692307692312,0.00023312911764705908
198,0.00023004,1550577600,0.00023074,0.00022905,0.00023046,6075.52544785,1.39550317,0.00022969,0.7931177566666663,1.2288307215384615,0.9720018394117654,0.00023016333333333318,0.0002301915384615385,0.00023303147058823556
199,0.00023349,1550584800,0.00023675,0.00022899,0.00022962,1459.46493956,0.33962629,0.0002327,0.8336555799999997,1.2402817253846155,0.9758593376470595,0.00023132999999999986,0.00023015153846153846,0.00023310941176470616
200,0.00023408,1550592000,0.00023671,0.00023408,0.00023408,4231.23953751,0.99525943,0.00023521,0.9101296299999997,0.8856844738461539,0.97368880382353,0.00023253666666666652,0.00023007538461538465,0.00023315764705882376
201,0.00023537,1550599200,0.00023537,0.00023253,0.00023303,691.02661426,0.16137109,0.00023352,0.4987522699999996,0.8238570323076922,0.9778672526470595,0.00023431333333333315,0.00023032538461538463,0.00023324235294117673
202,0.0002337,1550606400,0.00023675,0.0002337,0.00023533,187.68332833,0.04413325,0.00023514,0.40025458999999963,0.8173168738461538,0.9735686455882361,0.00023438333333333314,0.00023057846153846153,0.00023326352941176493
203,0.00023353,1550613600,0.00023369,0.00023216,0.00023369,732.83267142,0.17088475,0.00023318,0.12546302999999961,0.6123882761538462,0.9417839761764714,0.0002341999999999998,0.00023093923076923076,0.0002332185294117649
204,0.00022808,1550620800,0.00023215,0.00022808,0.00023215,829.68803486,0.19035966,0.00022943,0.1351258866666663,0.6076197538461539,0.9462490079411774,0.00023176999999999977,0.00023075923076923077,0.00023304029411764723
205,0.0002292,1550628000,0.00022993,0.000226,0.00022771,2134.12430263,0.48861882,0.00022895,0.28328774333333295,0.40753954230769224,0.952912124117648,0.00023026999999999976,0.0002307569230769231,0.00023282852941176492
206,0.00022777,1550635200,0.0002295,0.00022777,0.0002292,432.98715016,0.09863815,0.0002278,0.25920554333333296,0.4005158861538461,0.9468104732352949,0.00022834999999999975,0.0002307769230769231,0.00023266294117647081
207,0.00022727,1550642400,0.00022962,0.00022668,0.00022777,1385.6012587,0.31512186,0.00022742,0.3007929433333329,0.41622523615384605,0.7386871047058831,0.00022807999999999975,0.00023071769230769231,0.00023240617647058846
208,0.00022935,1550649600,0.00022965,0.00022791,0.000229,2134.96482641,0.48817163,0.00022865,0.3006438799999996,0.4362721692307691,0.7492586450000007,0.00022812999999999978,0.00023094846153846155,0.0002323400000000002
209,0.00022882,1550656800,0.00022983,0.00022636,0.0002292,2175.06210713,0.49375949,0.000227,0.43235099333333293,0.4574834515384615,0.7112336544117654,0.0002284799999999998,0.00023085846153846155,0.000232149117647059
210,0.00023017,1550664000,0.00023283,0.00022882,0.00022882,1735.4104185,0.39991853,0.00023044,0.4606165499999995,0.4293358553846153,0.7195572167647066,0.00022944666666666646,0.00023083615384615386,0.0002318761764705884
211,0.00023179,1550671200,0.00023179,0.00022932,0.00022949,142.39952091,0.03276235,0.00023007,0.3088134566666662,0.3245096384615383,0.6876725029411772,0.00023025999999999982,0.00023097076923076924,0.00023163352941176486
212,0.00023179,1550678400,0.00023179,0.00023177,0.00023178,600.10800829,0.139093,0.00023177,0.19059129333333283,0.3090840007692306,0.6849030600000008,0.00023124999999999982,0.00023084,0.00023139176470588253
213,0.00023054,1550685600,0.00023178,0.00022882,0.00022973,6082.91163209,1.39351178,0.00022908,0.5217890433333329,0.3397187969230767,0.7124777138235302,0.00023137333333333315,0.0002305676923076923,0.0002311961764705884
214,0.00023053,1550692800,0.00023069,0.00022924,0.00023069,520.44376733,0.11956126,0.00022972,0.5507220133333328,0.33650265615384595,0.6858640844117655,0.00023095333333333318,0.0002301953846153846,0.00023106470588235307
215,0.00023342,1550700000,0.00023369,0.00022999,0.00023013,1243.79692493,0.28791186,0.00023147,0.6003282999999996,0.3552548569230768,0.6920291979411772,0.00023149666666666654,0.00023017384615384615,0.00023098117647058834
216,0.00024488,1550707200,0.0002482,0.00023377,0.00023377,24038.69536986,5.77302866,0.00024015,2.0601672599999996,0.7861890038461536,0.847454692352942,0.00023627666666666656,0.00023104692307692305,0.00023127088235294125
217,0.00024676,1550714400,0.000251,0.00024372,0.0002449,12405.94531037,3.07734179,0.00024805,3.046094103333333,1.008264552307692,0.9366107400000009,0.00024168666666666652,0.00023248384615384614,0.00023169176470588243
218,0.00024254,1550721600,0.00024676,0.00023988,0.00024676,8642.99390924,2.09809312,0.00024275,3.6494878566666666,1.1320702676923076,0.9802574447058833,0.0002447266666666665,0.00023350999999999998,0.00023197000000000004
219,0.00024276,1550728800,0.00024488,0.00023821,0.00024033,1847.37961203,0.44496974,0.00024086,1.8734682166666665,1.158711159230769,0.9860863497058832,0.00024401999999999982,0.00023466307692307688,0.00023230382352941182
220,0.000237,1550736000,0.00024488,0.00023434,0.00024184,4195.26547424,0.99686099,0.00023761,1.1799746166666665,1.2111526307692304,1.0097951070588242,0.0002407666666666665,0.00023541153846153842,0.0002323917647058824
221,0.000236,1550743200,0.000237,0.00023418,0.00023573,229.04883203,0.05421927,0.00023671,0.498683333333333,1.1777716799999998,0.8465361532352947,0.0002385866666666665,0.00023592307692307687,0.00023241911764705886
222,0.00024113,1550750400,0.00024113,0.00023511,0.00023511,414.47865488,0.09901858,0.00023889,0.3833662799999997,1.1474069946153842,0.8210623517647065,0.00023804333333333314,0.00023686999999999997,0.00023268411764705888
223,0.00023522,1550757600,0.00024003,0.00023345,0.00023819,3335.65239146,0.78806447,0.00023625,0.3137674399999998,1.1772643746153841,0.840442032941177,0.0002374499999999998,0.0002372584615384615,0.00023282558823529414
224,0.0002348,1550764800,0.00023654,0.000233,0.0002355,262.09748546,0.0614249,0.00023435,0.3161693166666664,1.1794691861538458,0.7588675735294123,0.0002370499999999998,0.00023748999999999995,0.00023300088235294123
225,0.00023425,1550772000,0.00023517,0.00023358,0.00023517,100.53694771,0.0236057,0.00023479,0.29103168999999973,1.170585547692307,0.7521397867647064,0.00023475666666666645,0.00023767923076923074,0.00023311352941176474
226,0.00023539,1550779200,0.00023823,0.00023335,0.00023335,663.96392663,0.15744627,0.00023713,0.08082562333333305,1.0755035853846147,0.6658981602941182,0.00023481333333333313,0.00023805230769230766,0.000233294705882353
227,0.00023714,1550786400,0.00023742,0.0002354,0.0002354,2292.00778111,0.54341649,0.00023709,0.2414894866666664,1.1081078338461532,0.6762943605882358,0.00023559333333333314,0.00023856076923076916,0.00023357794117647064
228,0.0002337,1550793600,0.00023722,0.00023332,0.00023639,655.06408102,0.15339827,0.00023417,0.2847536766666664,1.097760634615384,0.6775443005882357,0.0002354099999999998,0.00023858230769230763,0.0002337444117647059
229,0.000232,1550800800,0.00023583,0.000232,0.00023335,755.95833112,0.17612159,0.00023297,0.2909787833333331,0.667229321538461,0.676031362058824,0.0002342799999999998,0.00023759153846153843,0.00023391058823529412
230,0.00023415,1550808000,0.00023415,0.00023199,0.00023199,11.6310471,0.00272204,0.00023403,0.11074729999999973,0.43072010999999943,0.6696992802941181,0.00023328333333333317,0.00023662153846153842,0.00023403294117647065
231,0.00023146,1550815200,0.00023402,0.00023146,0.00023402,714.76990551,0.16574498,0.00023188,0.11486286999999973,0.28207794538461484,0.6520495067647063,0.0002325366666666665,0.00023576923076923075,0.0002340623529411765
232,0.00022975,1550822400,0.00023377,0.00022975,0.0002327,1837.94388925,0.42413817,0.00023076,0.19753506333333304,0.28047551692307643,0.6234799479411768,0.0002317866666666665,0.0002347684615384615,0.00023405382352941178
233,0.00023212,1550829600,0.00023212,0.00022972,0.00023,1018.27622831,0.2355362,0.0002313,0.27513978333333305,0.22191207153846104,0.6204184747058827,0.00023110999999999978,0.00023439307692307693,0.00023401352941176476
234,0.0002332,1550836800,0.0002332,0.00023213,0.00023213,640.72662605,0.14874551,0.00023215,0.26947329333333303,0.22918332076923026,0.5955210064705886,0.0002316899999999998,0.00023417769230769228,0.00023398764705882358
235,0.00023215,1550844000,0.0002337,0.00023213,0.00023213,117.67370123,0.0274342,0.00023313,0.13723863666666636,0.2236768299999995,0.5915816861764709,0.0002324899999999998,0.00023348692307692307,0.00023389294117647064
236,0.00023358,1550851200,0.00023374,0.00023213,0.00023215,799.66369881,0.18613516,0.00023276,0.12077162333333302,0.17737457538461487,0.5957582129411767,0.0002329766666666665,0.00023336076923076923,0.00023388941176470597
237,0.00023492,1550858400,0.0002356,0.00023257,0.00023358,2547.09846927,0.59701478,0.00023439,0.270194713333333,0.2185737969230764,0.6082914491176473,0.00023354999999999982,0.00023337,0.00023393029411764715
238,0.00023559,1550865600,0.00023671,0.00023552,0.000236,118.98918666,0.02810332,0.00023618,0.270417753333333,0.21891976769230717,0.6035192038235297,0.0002346966666666665,0.00023347307692307692,0.00023415117647058835
239,0.00023559,1550872800,0.00023559,0.00023559,0.00023559,0.0,0.0,0.00023559,0.20837269999999972,0.20680851615384566,0.5891480620588239,0.00023536666666666654,0.00023348846153846154,0.00023433911764705895
240,0.00023559,1550880000,0.00023559,0.00023559,0.00023559,0.0,0.0,0.00023559,0.009367773333333052,0.1650072476923072,0.5862469400000003,0.0002355899999999999,0.00023336923076923077,0.00023456911764705896
241,0.00023559,1550887200,0.00023559,0.00023559,0.00023559,0.0,0.0,0.00023559,0.0,0.15320738076923027,0.5769786500000003,0.0002355899999999999,0.0002335146153846154,0.00023481382352941193
242,0.00023559,1550894400,0.00023559,0.00023559,0.00023559,0.0,0.0,0.00023559,0.0,0.13965956615384567,0.5626206608823532,0.0002355899999999999,0.00023379076923076925,0.00023499735294117666
243,0.00023122,1550901600,0.0002358,0.00022881,0.0002356,5973.81481818,1.38674008,0.00023213,0.46224669333333307,0.24612249230769181,0.5888847958823532,0.00023413333333333321,0.00023356538461538463,0.00023506794117647082
244,0.00023184,1550908800,0.00023366,0.00023183,0.00023184,1413.06217893,0.3292398,0.00023299,0.571993293333333,0.2586990169230764,0.5868060097058826,0.00023288333333333318,0.0002335946153846154,0.00023511705882352964
245,0.00023452,1550916000,0.0002353,0.00023366,0.00023366,26.36750154,0.00618171,0.00023444,0.5740538633333331,0.2265485199999995,0.5860242261764709,0.0002325266666666665,0.00023396153846153846,0.0002351973529411767
246,0.00023192,1550923200,0.00023451,0.00023185,0.00023298,3525.34654118,0.8184064,0.00023214,0.38460930333333304,0.2713846892307687,0.6060040320588239,0.00023275999999999985,0.00023394615384615382,0.00023520117647058843
247,0.00023233,1550930400,0.00023276,0.00023104,0.00023183,1653.8002101,0.38235816,0.00023119,0.402315423333333,0.2893548930769226,0.5762642197058827,0.0002329233333333332,0.00023387923076923075,0.00023525382352941195
248,0.00022885,1550937600,0.00023235,0.00022884,0.00023135,4325.90144511,1.00023891,0.00023122,0.733667823333333,0.36418602461538413,0.602166503529412,0.00023103333333333322,0.0002336253846153846,0.00023520441176470605
249,0.00022804,1550944800,0.00022963,0.0002277,0.00022885,2435.4908169,0.55631629,0.00022842,0.646304453333333,0.3926614961538456,0.6100607514705886,0.0002297399999999999,0.00023319923076923075,0.00023504617647058843
250,0.00022755,1550952000,0.00022931,0.00022704,0.00022861,3769.06413264,0.86053897,0.00022831,0.8056980566666664,0.4129325876923072,0.46557576058823563,0.00022814666666666657,0.00023263230769230767,0.0002345364705882355
251,0.00022905,1550959200,0.00022932,0.000226,0.00022931,1914.07813632,0.4354242,0.00022748,0.6174264866666663,0.4442649630769226,0.3878723020588239,0.0002282133333333332,0.00023212923076923076,0.0002340155882352943
252,0.00022885,1550966400,0.00022923,0.0002275,0.00022851,1019.37063927,0.23234537,0.00022793,0.5094361799999997,0.46213768384615334,0.33299736823529447,0.0002284833333333332,0.00023161076923076924,0.00023361294117647078
