,close,date,high,low,open,quoteVolume,volume,weightedAverage,avg_vol_3,avg_vol_13,avg_vol_34,avg_close_3,avg_close_13,avg_close_34
0,1.088e-05,1549137517,1.088e-05,1.088e-05,1.088e-05,0.0,0.0,1.088e-05,-99999.0,-99999.0,-99999.0,-99999.0,-99999.0,-99999.0
1,1.092e-05,1549137600,1.092e-05,1.087e-05,1.092e-05,13600.9486561,0.14805057,1.088e-05,-99999.0,-99999.0,-99999.0,-99999.0,-99999.0,-99999.0
2,1.095e-05,1549144800,1.101e-05,1.089e-05,1.092e-05,35792.73655153,0.39314015,1.098e-05,0.18039690666666666,-99999.0,-99999.0,1.0916666666666668e-05,-99999.0,-99999.0
3,1.099e-05,1549152000,1.099e-05,1.095e-05,1.095e-05,39013.01975162,0.42837447,1.098e-05,0.32318839666666666,-99999.0,-99999.0,1.0953333333333336e-05,-99999.0,-99999.0
4,1.093e-05,1549159200,1.099e-05,1.092e-05,1.099e-05,1800.01376779,0.01977963,1.098e-05,0.28043141666666666,-99999.0,-99999.0,1.0956666666666668e-05,-99999.0,-99999.0
5,1.098e-05,1549166400,1.099e-05,1.091e-05,1.099e-05,86194.97548246,0.94087893,1.091e-05,0.46301101,-99999.0,-99999.0,1.0966666666666666e-05,-99999.0,-99999.0
6,1.09e-05,1549173600,1.098e-05,1.09e-05,1.098e-05,39435.03411155,0.43143453,1.094e-05,0.46403102999999996,-99999.0,-99999.0,1.0936666666666666e-05,-99999.0,-99999.0
7,1.092e-05,1549180800,1.095e-05,1.085e-05,1.09e-05,17883.93074483,0.19473492,1.088e-05,0.5223494599999999,-99999.0,-99999.0,1.0933333333333334e-05,-99999.0,-99999.0
8,1.09e-05,1549188000,1.095e-05,1.088e-05,1.09e-05,16943.13409724,0.18532857,1.093e-05,0.27049934,-99999.0,-99999.0,1.0906666666666668e-05,-99999.0,-99999.0
9,1.091e-05,1549195200,1.096e-05,1.086e-05,1.09e-05,11302.81494702,0.12309297,1.089e-05,0.16771881999999996,-99999.0,-99999.0,1.0910000000000002e-05,-99999.0,-99999.0
10,1.085e-05,1549202400,1.093e-05,1.085e-05,1.086e-05,3167.03474877,0.03444931,1.087e-05,0.11429028333333328,-99999.0,-99999.0,1.0886666666666667e-05,-99999.0,-99999.0
11,1.084e-05,1549209600,1.091e-05,1.084e-05,1.085e-05,4668.29027761,0.05066491,1.085e-05,0.06940239666666662,-99999.0,-99999.0,1.0866666666666667e-05,-99999.0,-99999.0
12,1.081e-05,1549216800,1.089e-05,1.08e-05,1.084e-05,10642.6567572,0.11535889,1.083e-05,0.06682436999999995,0.2357913730769231,-99999.0,1.0833333333333332e-05,1.0906153846153844e-05,-99999.0
13,1.079e-05,1549224000,1.088e-05,1.072e-05,1.081e-05,54363.92718918,0.58463339,1.075e-05,0.2502190633333333,0.2807631723076923,-99999.0,1.0813333333333334e-05,1.0899230769230768e-05,-99999.0
14,1.075e-05,1549231200,1.083e-05,1.073e-05,1.08e-05,25033.54843903,0.26929981,1.075e-05,0.32309736333333333,0.29009003692307694,-99999.0,1.0783333333333334e-05,1.0886153846153843e-05,-99999.0
15,1.076e-05,1549238400,1.089e-05,1.075e-05,1.076e-05,39724.4091026,0.4286716,1.079e-05,0.42753493333333337,0.29282322538461547,-99999.0,1.0766666666666666e-05,1.087153846153846e-05,-99999.0
16,1.082e-05,1549245600,1.082e-05,1.073e-05,1.076e-05,7087.74476725,0.07631922,1.076e-05,0.2580968766666667,0.2657420523076924,-99999.0,1.0776666666666666e-05,1.0858461538461538e-05,-99999.0
17,1.077e-05,1549252800,1.082e-05,1.074e-05,1.078e-05,109996.45805746,1.18989019,1.081e-05,0.5649603366666668,0.35575055692307694,-99999.0,1.0783333333333334e-05,1.0846153846153845e-05,-99999.0
18,1.076e-05,1549260000,1.09e-05,1.075e-05,1.082e-05,12261.82310552,0.13318997,1.086e-05,0.4664664600000001,0.29362063692307694,-99999.0,1.0783333333333334e-05,1.0829230769230769e-05,-99999.0
19,1.076e-05,1549267200,1.081e-05,1.07e-05,1.076e-05,106595.89263148,1.14367828,1.072e-05,0.8222528133333334,0.34840861769230774,-99999.0,1.0763333333333332e-05,1.081846153846154e-05,-99999.0
20,1.071e-05,1549274400,1.086e-05,1.071e-05,1.076e-05,50685.72245154,0.54607242,1.077e-05,0.60764689,0.3754345792307693,-99999.0,1.0743333333333334e-05,1.0802307692307693e-05,-99999.0
21,1.071e-05,1549281600,1.081e-05,1.07e-05,1.077e-05,58492.84826711,0.63102542,1.078e-05,0.77359204,0.40971895230769234,-99999.0,1.0726666666666668e-05,1.0787692307692309e-05,-99999.0
22,1.077e-05,1549288800,1.082e-05,1.071e-05,1.071e-05,12995.32387169,0.13978376,1.075e-05,0.4389605333333333,0.4110028592307693,-99999.0,1.0730000000000002e-05,1.077692307692308e-05,-99999.0
23,1.082e-05,1549296000,1.086e-05,1.07e-05,1.077e-05,86686.25695565,0.93578786,1.079e-05,0.5688656799999999,0.48033659384615385,-99999.0,1.0766666666666671e-05,1.0774615384615389e-05,-99999.0
24,1.073e-05,1549303200,1.082e-05,1.071e-05,1.072e-05,7567.4563746,0.08129516,1.074e-05,0.38562226000000005,0.4826927669230769,-99999.0,1.077333333333334e-05,1.076615384615385e-05,-99999.0
25,1.073e-05,1549310400,1.079e-05,1.065e-05,1.072e-05,80864.24173363,0.86294675,1.067e-05,0.62667659,0.5401995253846154,-99999.0,1.0760000000000005e-05,1.0760000000000004e-05,-99999.0
26,1.075e-05,1549317600,1.082e-05,1.07e-05,1.074e-05,4765.72504507,0.051418,1.078e-05,0.3318866366666666,0.4991829569230769,-99999.0,1.073666666666667e-05,1.075692307692308e-05,-99999.0
27,1.076e-05,1549324800,1.08e-05,1.069e-05,1.074e-05,1698.48182261,0.0181928,1.071e-05,0.31085251666666663,0.479867033076923,-99999.0,1.074666666666667e-05,1.0757692307692313e-05,-99999.0
28,1.068e-05,1549332000,1.078e-05,1.066e-05,1.069e-05,16119.2411197,0.17284728,1.072e-05,0.08081935999999997,0.4601882392307691,-99999.0,1.0730000000000002e-05,1.0751538461538466e-05,-99999.0
29,1.072e-05,1549339200,1.076e-05,1.065e-05,1.068e-05,104771.93347723,1.11784843,1.066e-05,0.43629617000000004,0.5403058707692308,-99999.0,1.072e-05,1.0743846153846158e-05,-99999.0
30,1.069e-05,1549346400,1.074e-05,1.063e-05,1.072e-05,41513.42116409,0.4425343,1.066e-05,0.5777433366666667,0.4828169561538461,-99999.0,1.0696666666666669e-05,1.0737692307692311e-05,-99999.0
31,1.065e-05,1549353600,1.07e-05,1.065e-05,1.065e-05,10515.27181346,0.11240554,1.068e-05,0.55759609,0.4812181538461538,-99999.0,1.0686666666666669e-05,1.072923076923077e-05,-99999.0
32,1.066e-05,1549360800,1.07e-05,1.063e-05,1.07e-05,17278.83922723,0.18461655,1.068e-05,0.24651879666666657,0.4074441746153846,-99999.0,1.066666666666667e-05,1.0721538461538462e-05,-99999.0
33,1.063e-05,1549368000,1.069e-05,1.063e-05,1.065e-05,20882.52614194,0.22295179,1.067e-05,0.1733246266666666,0.38258874153846156,0.3650204814705882,1.064666666666667e-05,1.0715384615384615e-05,1.0800000000000005e-05
34,1.065e-05,1549375200,1.068e-05,1.062e-05,1.063e-05,4402.82573189,0.04684879,1.064e-05,0.15147237666666657,0.3376520776923077,0.3663983870588235,1.064666666666667e-05,1.0710769230769228e-05,1.0793235294117652e-05
35,1.061e-05,1549382400,1.068e-05,1.06e-05,1.064e-05,16785.70919815,0.17816053,1.061e-05,0.1493203699999999,0.34060413692307695,0.367283974117647,1.0630000000000003e-05,1.0698461538461537e-05,1.0784117647058828e-05
36,1.069e-05,1549389600,1.073e-05,1.06e-05,1.061e-05,380833.95278399,4.0753412,1.07e-05,1.4334501733333334,0.58210824,0.47558400499999987,1.0650000000000003e-05,1.0688461538461536e-05,1.0776470588235297e-05
37,1.072e-05,1549396800,1.082e-05,1.061e-05,1.069e-05,344645.55399814,3.71803175,1.078e-05,2.6571778266666666,0.8618572084615385,0.5723386308823528,1.0673333333333337e-05,1.0687692307692305e-05,1.076852941176471e-05
38,1.072e-05,1549404000,1.077e-05,1.069e-05,1.074e-05,47566.55851294,0.51009441,1.072e-05,2.7678224533333338,0.8347147207692308,0.5867596538235293,1.0710000000000002e-05,1.0686923076923074e-05,1.0762352941176474e-05
39,1.062e-05,1549411200,1.074e-05,1.06e-05,1.071e-05,58708.43230861,0.62656077,1.067e-05,1.6182289766666667,0.8789564723076922,0.5775150020588234,1.0686666666666669e-05,1.0676923076923076e-05,1.0751764705882355e-05
40,1.068e-05,1549418400,1.069e-05,1.062e-05,1.069e-05,849.14089513,0.00906546,1.067e-05,0.38190688,0.8782543692307693,0.5650923823529411,1.0673333333333337e-05,1.0670769230769229e-05,1.0745294117647061e-05
41,1.058e-05,1549425600,1.066e-05,1.058e-05,1.064e-05,3344.91183219,0.03546629,1.06e-05,0.22369750666666666,0.8676866007692309,0.5604080108823528,1.062666666666667e-05,1.0663076923076921e-05,1.0735294117647061e-05
42,1.062e-05,1549432800,1.064e-05,1.054e-05,1.063e-05,21786.91100099,0.23013284,1.056e-05,0.09155486333333333,0.7994007861538462,0.5617257835294117,1.0626666666666666e-05,1.0655384615384613e-05,1.0727058823529414e-05
43,1.054e-05,1549440000,1.064e-05,1.051e-05,1.057e-05,239328.98635294,2.51736584,1.051e-05,0.9276549900000001,0.9590032123076924,0.6321455738235294,1.0580000000000002e-05,1.064384615384615e-05,1.0716176470588238e-05
44,1.059e-05,1549447200,1.064e-05,1.051e-05,1.057e-05,66453.89256582,0.69963331,1.052e-05,1.1490439966666666,1.0041745792307692,0.651709809117647,1.0583333333333333e-05,1.0639230769230767e-05,1.0708529411764708e-05
45,1.062e-05,1549454400,1.066e-05,1.059e-05,1.059e-05,982.77724471,0.01044997,1.063e-05,1.0758163733333332,0.9907771500000001,0.6505270167647059,1.0583333333333333e-05,1.0636153846153844e-05,1.0702058823529413e-05
46,1.061e-05,1549461600,1.064e-05,1.056e-05,1.062e-05,56506.81094,0.59825571,1.058e-05,0.4361129966666666,1.0196466823076924,0.6647298644117647,1.0606666666666668e-05,1.0634615384615382e-05,1.0696176470588236e-05
47,1.058e-05,1549468800,1.061e-05,1.054e-05,1.056e-05,6096.68014355,0.06441791,1.056e-05,0.22437452999999993,1.0209981530769232,0.649429409117647,1.0603333333333334e-05,1.0629230769230767e-05,1.0690000000000001e-05
48,1.064e-05,1549476000,1.065e-05,1.055e-05,1.057e-05,6852.11503241,0.07259997,1.059e-05,0.24509119666666657,1.0128781100000002,0.6436441197058823,1.061e-05,1.0631538461538458e-05,1.0686764705882354e-05
49,1.065e-05,1549483200,1.067e-05,1.061e-05,1.064e-05,6829.70619827,0.07270109,1.064e-05,0.06990632333333324,0.7049827169230771,0.6331743988235293,1.0623333333333332e-05,1.0628461538461535e-05,1.0683529411764706e-05
50,1.061e-05,1549490400,1.067e-05,1.061e-05,1.065e-05,201.7130667,0.00214669,1.064e-05,0.049149249999999915,0.4191454046153848,0.6309928538235293,1.0633333333333334e-05,1.0619999999999997e-05,1.067735294117647e-05
51,1.066e-05,1549497600,1.068e-05,1.06e-05,1.062e-05,4748.85565466,0.0504818,1.063e-05,0.04177652666666657,0.3837905884615387,0.5974808423529412,1.064e-05,1.0615384615384613e-05,1.0674117647058824e-05
52,1.067e-05,1549504800,1.074e-05,1.066e-05,1.066e-05,82354.53974012,0.88428773,1.073e-05,0.3123054066666666,0.4036157392307694,0.6195719529411764,1.0646666666666666e-05,1.0619230769230767e-05,1.0671470588235295e-05
53,1.072e-05,1549512000,1.074e-05,1.066e-05,1.067e-05,735.1995221,0.00785759,1.068e-05,0.31420903999999994,0.4035228261538463,0.5861654620588235,1.0683333333333332e-05,1.0622307692307691e-05,1.0670294117647058e-05
54,1.067e-05,1549519200,1.073e-05,1.064e-05,1.072e-05,1588.47898033,0.01696341,1.067e-05,0.3030362433333333,0.4020995276923079,0.5706034323529411,1.0686666666666662e-05,1.0629230769230767e-05,1.0669117647058823e-05
55,1.076e-05,1549526400,1.077e-05,1.066e-05,1.067e-05,43611.32393016,0.46806675,1.073e-05,0.16429591666666657,0.4204021361538463,0.5658105302941175,1.0716666666666663e-05,1.064e-05,1.067058823529412e-05
56,1.082e-05,1549533600,1.099e-05,1.071e-05,1.076e-05,495979.56285884,5.39481278,1.087e-05,1.9599476466666663,0.6417442084615386,0.720370207352941,1.0749999999999997e-05,1.0661538461538461e-05,1.0672058823529412e-05
57,1.109e-05,1549540800,1.117e-05,1.082e-05,1.086e-05,591004.12298165,6.55047403,1.108e-05,4.137784519999999,1.0918088792307694,0.8855080358823527,1.0889999999999997e-05,1.0700000000000001e-05,1.0680000000000001e-05
58,1.095e-05,1549548000,1.109e-05,1.084e-05,1.109e-05,557711.58023686,6.09986532,1.093e-05,6.015050710000001,1.5602254446153847,1.0625248052941174,1.095333333333333e-05,1.0725384615384617e-05,1.0686470588235296e-05
59,1.102e-05,1549555200,1.121e-05,1.09e-05,1.095e-05,761459.78915788,8.45817363,1.11e-05,7.036170993333335,2.1648345153846154,1.2859138311764704,1.1019999999999998e-05,1.0756923076923077e-05,1.0695000000000003e-05
60,1.097e-05,1549562400,1.106e-05,1.095e-05,1.099e-05,58913.54324536,0.64805723,1.1e-05,5.068698726666668,2.2097298476923077,1.3034620438235291,1.0979999999999998e-05,1.0786923076923076e-05,1.0701470588235297e-05
61,1.1e-05,1549569600,1.106e-05,1.098e-05,1.104e-05,24745.45582574,0.273032,1.103e-05,3.126420953333335,2.2251476961538463,1.3109573144117643,1.0996666666666662e-05,1.0814615384615385e-05,1.0708529411764708e-05
62,1.1e-05,1549576800,1.107e-05,1.098e-05,1.101e-05,51075.235378,0.56175251,1.099e-05,0.49428058000000163,2.2627670361538463,1.3223957035294114,1.0989999999999996e-05,1.0841538461538463e-05,1.071794117647059e-05
63,1.109e-05,1549584000,1.109e-05,1.1e-05,1.1e-05,16984.81557024,0.18729809,1.102e-05,0.34069420000000167,2.277009451538462,1.2950265758823525,1.103e-05,1.0878461538461539e-05,1.0728823529411768e-05
64,1.098e-05,1549591200,1.109e-05,1.097e-05,1.109e-05,15994.04607114,0.17573064,1.098e-05,0.30826041333333504,2.2866439776923078,1.2871794094117643,1.1023333333333332e-05,1.0903076923076924e-05,1.0737352941176474e-05
65,1.1e-05,1549598400,1.105e-05,1.097e-05,1.098e-05,3597.06765771,0.03956748,1.099e-05,0.13419873666666834,2.221665496923077,1.2850371135294114,1.1023333333333332e-05,1.0928461538461539e-05,1.0747647058823532e-05
66,1.106e-05,1549605600,1.107e-05,1.097e-05,1.103e-05,39807.3420468,0.43800971,1.1e-05,0.21776927666666834,2.2547541215384617,1.2924898535294116,1.1013333333333332e-05,1.0954615384615384e-05,1.0759411764705886e-05
67,1.121e-05,1549612800,1.131e-05,1.097e-05,1.101e-05,747868.31314361,8.35082383,1.116e-05,2.9428003400000016,2.8958203076923072,1.5315449135294115,1.1089999999999997e-05,1.0996153846153845e-05,1.0776470588235297e-05
68,1.12e-05,1549620000,1.131e-05,1.113e-05,1.121e-05,322428.88469683,3.61031146,1.119e-05,4.133048333333335,3.137531439230769,1.6363526391176468,1.1156666666666663e-05,1.1029999999999998e-05,1.079264705882353e-05
69,1.113e-05,1549627200,1.121e-05,1.113e-05,1.116e-05,50875.94361877,0.5674849,1.115e-05,4.176206730000001,2.7661985253846146,1.6478033558823526,1.1179999999999996e-05,1.1053846153846152e-05,1.080794117647059e-05
70,1.122e-05,1549634400,1.122e-05,1.107e-05,1.113e-05,162356.13307785,1.80609678,1.112e-05,1.9946310466666688,2.4012464292307683,1.581060872941176,1.118333333333333e-05,1.106384615384615e-05,1.0823529411764708e-05
71,1.101e-05,1549641600,1.125e-05,1.093e-05,1.122e-05,165091.07045137,1.82543157,1.105e-05,1.3996710833333355,2.0724438330769224,1.5253961617647054,1.1119999999999995e-05,1.1068461538461536e-05,1.0832058823529414e-05
72,1.087e-05,1549648800,1.106e-05,1.087e-05,1.101e-05,157441.27092822,1.72509703,1.095e-05,1.7855417933333353,1.5545148638461534,1.561131532941176,1.103333333333333e-05,1.1056923076923072e-05,1.0836470588235296e-05
73,1.084e-05,1549656000,1.101e-05,1.082e-05,1.087e-05,128511.54173955,1.4060845,1.094e-05,1.6522043666666688,1.6128246538461535,1.5840587014705876,1.0906666666666663e-05,1.1046923076923072e-05,1.0842941176470593e-05
74,1.094e-05,1549663200,1.095e-05,1.084e-05,1.089e-05,12458.54601331,0.13579158,1.089e-05,1.0889910366666689,1.6022676984615378,1.587785940294117,1.0883333333333331e-05,1.1042307692307687e-05,1.0850588235294121e-05
75,1.091e-05,1549670400,1.097e-05,1.091e-05,1.094e-05,14516.01726915,0.15864092,1.092e-05,0.5668390000000022,1.5712591146153838,1.5914087235294112,1.0896666666666667e-05,1.103538461538461e-05,1.0860294117647063e-05
76,1.095e-05,1549677600,1.099e-05,1.091e-05,1.097e-05,29194.94480873,0.32007181,1.096e-05,0.20483477000000225,1.5814724776923073,1.5940539873529407,1.0933333333333334e-05,1.1024615384615378e-05,1.0870000000000004e-05
77,1.103e-05,1549684800,1.105e-05,1.094e-05,1.095e-05,6264.60676602,0.06907801,1.102e-05,0.18259691333333558,1.5732684292307686,1.5220455217647053,1.0963333333333336e-05,1.1028461538461533e-05,1.0884411764705885e-05
78,1.094e-05,1549692000,1.104e-05,1.094e-05,1.101e-05,14262.59324512,0.15633406,1.096e-05,0.18182796000000223,1.5822504738461531,1.506066132058823,1.0973333333333334e-05,1.1023846153846149e-05,1.0894705882352943e-05
79,1.096e-05,1549699200,1.103e-05,1.094e-05,1.094e-05,16749.75857526,0.18418778,1.099e-05,0.13653328333333556,1.5627257099999992,1.5111760676470583,1.0976666666666668e-05,1.101615384615384e-05,1.0904705882352945e-05
80,1.119e-05,1549706400,1.123e-05,1.094e-05,1.096e-05,68656.97531126,0.763217,1.111e-05,0.3679129466666689,0.9790636461538456,1.516027870294117,1.1030000000000001e-05,1.101461538461538e-05,1.0921764705882358e-05
81,1.106e-05,1549713600,1.123e-05,1.101e-05,1.117e-05,76998.89093134,0.8507727,1.104e-05,0.5993924933333356,0.7667914338461532,1.5391559523529406,1.107e-05,1.1003846153846147e-05,1.0935882352941182e-05
82,1.099e-05,1549720800,1.112e-05,1.099e-05,1.105e-05,11312.2301286,0.12501595,1.105e-05,0.5796685500000022,0.7327553607692301,1.5406975988235287,1.108e-05,1.0993076923076917e-05,1.094617647058824e-05
83,1.092e-05,1549728000,1.102e-05,1.083e-05,1.099e-05,377482.50803599,4.12160418,1.091e-05,1.6991309433333355,0.910871314615384,1.6597829838235285,1.099e-05,1.0969999999999995e-05,1.0954117647058828e-05
84,1.088e-05,1549735200,1.095e-05,1.083e-05,1.093e-05,14261.25192079,0.15491195,1.086e-05,1.467177360000002,0.7823698053846149,1.6642760797058815,1.0929999999999999e-05,1.0959999999999997e-05,1.0962058823529416e-05
85,1.084e-05,1549742400,1.091e-05,1.083e-05,1.09e-05,33227.27301678,0.36104138,1.086e-05,1.5458525033333352,0.6774424476923071,1.6734101849999994,1.0879999999999997e-05,1.0957692307692302e-05,1.0967352941176476e-05
86,1.09e-05,1549749600,1.094e-05,1.087e-05,1.091e-05,5422.51208674,0.05910888,1.09e-05,0.19168740333333525,0.5738289384615378,1.6491402188235287,1.0873333333333331e-05,1.0962307692307688e-05,1.0974117647058828e-05
87,1.083e-05,1549756800,1.094e-05,1.081e-05,1.09e-05,62659.42376692,0.67960616,1.084e-05,0.3665854733333353,0.6156608292307687,1.6688975297058817,1.0856666666666667e-05,1.095384615384615e-05,1.0977352941176475e-05
88,1.085e-05,1549764000,1.089e-05,1.082e-05,1.083e-05,7480.96152784,0.08117268,1.085e-05,0.27329590666666864,0.6097017338461532,1.670786037647058,1.0860000000000001e-05,1.0949230769230764e-05,1.0982647058823535e-05
89,1.085e-05,1549771200,1.089e-05,1.085e-05,1.085e-05,2031.86861757,0.02209436,1.087e-05,0.2609577333333353,0.586780391538461,1.657669202647058,1.0843333333333333e-05,1.0941538461538457e-05,1.0985294117647064e-05
90,1.073e-05,1549778400,1.087e-05,1.067e-05,1.086e-05,99592.58921837,1.07303752,1.077e-05,0.392101520000002,0.6640080461538456,1.5305581655882343,1.081e-05,1.0918461538461534e-05,1.0982647058823535e-05
91,1.067e-05,1549785600,1.075e-05,1.066e-05,1.073e-05,27456.79152284,0.29396669,1.07e-05,0.46303285666666866,0.6745951715384609,1.3465432438235283,1.0749999999999999e-05,1.0897692307692303e-05,1.0970294117647065e-05
92,1.069e-05,1549792800,1.072e-05,1.062e-05,1.068e-05,43301.73386236,0.46254598,1.068e-05,0.6098500633333354,0.6960073407692301,1.1807397338235284,1.0696666666666667e-05,1.0876923076923072e-05,1.0962647058823534e-05
93,1.076e-05,1549800000,1.076e-05,1.063e-05,1.069e-05,74071.49973259,0.78972361,1.066e-05,0.5154120933333354,0.6980463107692301,0.9551970861764697,1.0706666666666665e-05,1.0843846153846149e-05,1.0955000000000006e-05
94,1.075e-05,1549807200,1.077e-05,1.069e-05,1.076e-05,40979.84937145,0.4408451,1.075e-05,0.5643715633333354,0.6665134184615378,0.949102611764705,1.0733333333333334e-05,1.0819999999999996e-05,1.0948529411764711e-05
95,1.084e-05,1549814400,1.088e-05,1.065e-05,1.075e-05,28093.96104218,0.30270208,1.077e-05,0.5110902633333353,0.6801815823076917,0.9499752611764698,1.0783333333333334e-05,1.0808461538461535e-05,1.0943823529411772e-05
96,1.087e-05,1549821600,1.088e-05,1.078e-05,1.084e-05,38910.23009441,0.42201234,1.084e-05,0.388519840000002,0.39559759461538396,0.9458652561764699,1.082e-05,1.080461538461538e-05,1.0940000000000007e-05
97,1.09e-05,1549828800,1.098e-05,1.083e-05,1.084e-05,183073.03638668,2.00091943,1.092e-05,0.9085446166666689,0.5375981699999993,0.9992070602941171,1.0870000000000001e-05,1.080615384615384e-05,1.0934411764705888e-05
98,1.091e-05,1549836000,1.093e-05,1.083e-05,1.086e-05,16695.69313875,0.1818999,1.089e-05,0.8682772233333355,0.5238180561538456,0.9993885091176464,1.0893333333333335e-05,1.0811538461538455e-05,1.0932352941176476e-05
99,1.087e-05,1549843200,1.094e-05,1.081e-05,1.087e-05,66625.82136739,0.72293097,1.085e-05,0.9685834333333355,0.5748812938461533,1.019487435294117,1.0893333333333335e-05,1.0809230769230764e-05,1.0928529411764713e-05
100,1.079e-05,1549850400,1.087e-05,1.079e-05,1.082e-05,26155.17907867,0.28271599,1.08e-05,0.39584895333333536,0.5443512807692301,1.0149199729411758,1.0856666666666667e-05,1.080615384615384e-05,1.0920588235294124e-05
101,1.081e-05,1549857600,1.089e-05,1.079e-05,1.079e-05,16513.55032166,0.17916407,1.084e-05,0.3949370100000021,0.5518890799999994,0.7745770388235287,1.0823333333333334e-05,1.0803076923076918e-05,1.090882352941177e-05
102,1.077e-05,1549864800,1.089e-05,1.077e-05,1.086e-05,3793.48661135,0.0410722,1.082e-05,0.16765075333333543,0.5533489138461533,0.669599413529411,1.0790000000000002e-05,1.0796923076923075e-05,1.0896176470588241e-05
103,1.081e-05,1549872000,1.083e-05,1.072e-05,1.077e-05,12791.47512117,0.13786075,1.077e-05,0.11936567333333542,0.48141223923076865,0.6569634091176464,1.079666666666667e-05,1.0803076923076918e-05,1.088676470588236e-05
104,1.072e-05,1549879200,1.081e-05,1.07e-05,1.074e-05,12433.64786424,0.13364552,1.074e-05,0.10419282333333542,0.46907984153846094,0.6077736661764699,1.0766666666666668e-05,1.0806923076923073e-05,1.0872058823529417e-05
105,1.08e-05,1549886400,1.084e-05,1.071e-05,1.072e-05,23968.63452411,0.25883612,1.079e-05,0.17678079666666877,0.4534098523076917,0.5616973294117641,1.0776666666666668e-05,1.0815384615384611e-05,1.0865882352941181e-05
106,1.072e-05,1549893600,1.086e-05,1.072e-05,1.08e-05,9431.61160737,0.10181673,1.079e-05,0.16476612333333543,0.40049393846153786,0.51395379117647,1.0746666666666668e-05,1.0812307692307687e-05,1.0861470588235299e-05
107,1.074e-05,1549900800,1.079e-05,1.072e-05,1.072e-05,8444.15202369,0.09060227,1.072e-05,0.15041837333333544,0.3735521823076917,0.4752631373529406,1.0753333333333336e-05,1.0811538461538458e-05,1.085852941176471e-05
108,1.084e-05,1549908000,1.084e-05,1.072e-05,1.074e-05,93162.89434701,1.00465799,1.078e-05,0.3990256633333354,0.42754879076923014,0.5008180317647053,1.0766666666666668e-05,1.0811538461538458e-05,1.0855588235294123e-05
109,1.073e-05,1549915200,1.084e-05,1.072e-05,1.084e-05,69556.88595052,0.74635519,1.073e-05,0.6138718166666687,0.4524982407692301,0.5181037455882347,1.0770000000000002e-05,1.0800769230769226e-05,1.0850294117647066e-05
110,1.072e-05,1549922400,1.079e-05,1.072e-05,1.073e-05,12768.18251335,0.13690503,1.072e-05,0.629306070000002,0.30911251769230713,0.5127164873529405,1.0763333333333334e-05,1.0786923076923073e-05,1.0843529411764711e-05
111,1.073e-05,1549929600,1.078e-05,1.07e-05,1.072e-05,41027.50071322,0.43981723,1.072e-05,0.4410258166666688,0.32895231230769173,0.5236205820588229,1.0726666666666668e-05,1.077307692307692e-05,1.0834705882352947e-05
112,1.071e-05,1549936800,1.077e-05,1.07e-05,1.07e-05,7791.45344727,0.08354602,1.072e-05,0.22008942666666884,0.279768854615384,0.5214797573529406,1.072e-05,1.0760769230769228e-05,1.0827941176470592e-05
113,1.068e-05,1549944000,1.075e-05,1.067e-05,1.071e-05,41872.13970999,0.44791598,1.069e-05,0.3237597433333355,0.29247654615384555,0.5292364691176465,1.0706666666666669e-05,1.075230769230769e-05,1.0819705882352945e-05
114,1.084e-05,1549951200,1.09e-05,1.067e-05,1.071e-05,52545.0257779,0.56623576,1.077e-05,0.36589925333333545,0.32225129153846094,0.5234429032352936,1.0743333333333334e-05,1.0754615384615382e-05,1.0809411764705887e-05
115,1.096e-05,1549958400,1.102e-05,1.084e-05,1.084e-05,47480.04757936,0.51935656,1.093e-05,0.5111694333333355,0.3590423961538456,0.5136953697058818,1.0826666666666667e-05,1.0769230769230766e-05,1.0806470588235298e-05
116,1.1e-05,1549965600,1.104e-05,1.096e-05,1.096e-05,15894.37021121,0.17500076,1.101e-05,0.42019769333333556,0.3618993199999994,0.51516551117647,1.0933333333333333e-05,1.078384615384615e-05,1.0806764705882357e-05
117,1.1e-05,1549972800,1.11e-05,1.097e-05,1.099e-05,71954.40576184,0.79493011,1.104e-05,0.4964291433333356,0.4127673653846148,0.41732215617646995,1.0986666666666666e-05,1.0805384615384611e-05,1.0809117647058827e-05
118,1.138e-05,1549980000,1.194e-05,1.098e-05,1.1e-05,2159116.2680865,25.12961058,1.163e-05,8.699847150000004,2.3259038623076917,1.1518721158823524,1.1126666666666665e-05,1.0849999999999994e-05,1.082382352941177e-05
119,1.117e-05,1549987200,1.156e-05,1.106e-05,1.134e-05,871844.93439601,9.80519935,1.124e-05,11.90991334666667,3.0723179099999993,1.4296414679411757,1.1183333333333334e-05,1.0884615384615378e-05,1.083352941176471e-05
120,1.124e-05,1549994400,1.143e-05,1.106e-05,1.111e-05,724715.94859254,8.16630866,1.126e-05,14.367039530000001,3.693526093846153,1.6680885202941171,1.1263333333333333e-05,1.0923076923076917e-05,1.084352941176471e-05
121,1.114e-05,1550001600,1.13e-05,1.113e-05,1.124e-05,99882.50904423,1.12054944,1.121e-05,6.364019150000001,3.70244082076923,1.681057440294117,1.1183333333333334e-05,1.094615384615384e-05,1.0852647058823533e-05
122,1.116e-05,1550008800,1.127e-05,1.113e-05,1.114e-05,73735.31387844,0.82342558,1.116e-05,3.37009456,3.708369312307691,1.7028884079411757,1.1180000000000003e-05,1.0979230769230764e-05,1.0861764705882357e-05
123,1.135e-05,1550016000,1.138e-05,1.113e-05,1.116e-05,64732.23564712,0.73177894,1.13e-05,0.8919179866666666,3.7541288438461526,1.7237614838235287,1.1216666666666669e-05,1.1027692307692302e-05,1.0876470588235298e-05
124,1.115e-05,1550023200,1.142e-05,1.114e-05,1.136e-05,27182.97738699,0.30537133,1.123e-05,0.6201919499999998,3.74378685153846,1.7011830664705876,1.1220000000000003e-05,1.1059999999999994e-05,1.0888823529411768e-05
125,1.155e-05,1550030400,1.155e-05,1.114e-05,1.117e-05,1230931.6818513,14.01712347,1.138e-05,5.018091246666667,4.81560050153846,2.1048053247058816,1.1350000000000003e-05,1.1124615384615379e-05,1.0914705882352943e-05
126,1.141e-05,1550037600,1.165e-05,1.141e-05,1.152e-05,431234.03260559,4.98421962,1.155e-05,6.435571473333333,5.164546935384613,2.237795725882352,1.1370000000000003e-05,1.1180769230769225e-05,1.0935882352941179e-05
127,1.121e-05,1550044800,1.145e-05,1.12e-05,1.141e-05,63240.89950761,0.71415348,1.129e-05,6.571832189999999,5.175925221538459,2.235573074999999,1.1390000000000003e-05,1.1209230769230763e-05,1.0949117647058826e-05
128,1.121e-05,1550052000,1.144e-05,1.121e-05,1.129e-05,269440.16898541,3.0602835,1.135e-05,2.9195522,5.371381139999997,2.312615380882352,1.1276666666666668e-05,1.1228461538461534e-05,1.096264705882353e-05
129,1.125e-05,1550059200,1.134e-05,1.117e-05,1.121e-05,41912.99506263,0.47164167,1.125e-05,1.41535955,5.394199671538458,2.31758419235294,1.1223333333333337e-05,1.1247692307692303e-05,1.0974705882352941e-05
130,1.1e-05,1550066400,1.128e-05,1.1e-05,1.125e-05,114750.39563399,1.27147596,1.108e-05,1.60113371,5.430857044615381,2.3425684164705873,1.1153333333333336e-05,1.1247692307692303e-05,1.0978529411764706e-05
131,1.113e-05,1550073600,1.113e-05,1.1e-05,1.1e-05,14519.1512385,0.16076322,1.107e-05,0.6346269499999999,3.5101764784615357,2.2884461749999994,1.112666666666667e-05,1.1228461538461536e-05,1.0985294117647057e-05
132,1.117e-05,1550080800,1.124e-05,1.11e-05,1.113e-05,140426.88011623,1.57101102,1.118e-05,1.0010834,2.8767773761538433,2.329302384411764,1.1100000000000004e-05,1.1228461538461536e-05,1.0992941176470588e-05
133,1.109e-05,1550088000,1.117e-05,1.108e-05,1.11e-05,42398.22601111,0.4722521,1.113e-05,0.7346754466666665,2.2849268715384587,2.321929476470588,1.1130000000000005e-05,1.1216923076923074e-05,1.0999411764705882e-05
134,1.108e-05,1550095200,1.115e-05,1.102e-05,1.114e-05,21554.7251641,0.23857863,1.106e-05,0.7606139166666664,2.21708296307692,2.320631318823529,1.111333333333334e-05,1.1212307692307689e-05,1.1007941176470589e-05
135,1.116e-05,1550102400,1.116e-05,1.107e-05,1.111e-05,13602.39324363,0.15142871,1.113e-05,0.28741981333333305,2.165390896153843,2.3198155729411765,1.1110000000000007e-05,1.1212307692307689e-05,1.1018235294117649e-05
136,1.111e-05,1550109600,1.116e-05,1.107e-05,1.113e-05,4369.54221078,0.04857173,1.111e-05,0.1461930233333331,2.112836495384612,2.320036147352941,1.1116666666666675e-05,1.119384615384615e-05,1.1028235294117649e-05
137,1.11e-05,1550116800,1.116e-05,1.106e-05,1.111e-05,17940.69283553,0.19861491,1.107e-05,0.13287178333333308,2.1046244630769197,2.3218230344117647,1.1123333333333341e-05,1.1189999999999996e-05,1.1036764705882354e-05
138,1.108e-05,1550124000,1.116e-05,1.108e-05,1.115e-05,103636.77712744,1.14998602,1.109e-05,0.46572421999999974,1.1148446592307661,2.3517154020588236,1.1096666666666673e-05,1.115384615384615e-05,1.1047352941176472e-05
139,1.102e-05,1550131200,1.11e-05,1.101e-05,1.108e-05,186841.64921925,2.06561155,1.105e-05,1.1380708266666664,0.8903363461538428,2.404855855882353,1.1066666666666674e-05,1.1123846153846148e-05,1.1053823529411767e-05
140,1.098e-05,1550138400,1.109e-05,1.098e-05,1.102e-05,111729.33118422,1.23009796,1.1e-05,1.4818985099999997,0.9300243830769197,2.4380405979411766,1.1026666666666674e-05,1.1106153846153843e-05,1.1061470588235297e-05
141,1.105e-05,1550145600,1.106e-05,1.096e-05,1.098e-05,134505.51820548,1.47786209,1.098e-05,1.591190533333333,0.8082996592307659,2.4788423573529412,1.1016666666666672e-05,1.109384615384615e-05,1.107058823529412e-05
142,1.113e-05,1550152800,1.113e-05,1.099e-05,1.099e-05,18245.05126402,0.20136452,1.103e-05,0.9697748566666663,0.7875091092307659,2.455216078823529,1.1053333333333338e-05,1.1084615384615381e-05,1.1079117647058824e-05
143,1.11e-05,1550160000,1.117e-05,1.1e-05,1.113e-05,291921.94166842,3.25590678,1.115e-05,1.645044463333333,0.9401576338461505,2.5290264197058825,1.1093333333333338e-05,1.1092307692307688e-05,1.109e-05
144,1.107e-05,1550167200,1.116e-05,1.101e-05,1.11e-05,115916.93244043,1.28273013,1.106e-05,1.5800004766666664,1.0264627807692273,2.562727157941177,1.1100000000000006e-05,1.1087692307692303e-05,1.110029411764706e-05
145,1.104e-05,1550174400,1.108e-05,1.099e-05,1.101e-05,22005.73613082,0.24228312,1.1e-05,1.5936400099999997,0.9242529423076888,2.5569173311764706,1.1070000000000006e-05,1.1077692307692303e-05,1.1109411764705882e-05
146,1.112e-05,1550181600,1.114e-05,1.099e-05,1.104e-05,4874.05797699,0.05385322,1.104e-05,0.5262888233333328,0.8920684130769196,2.556044013529412,1.1076666666666674e-05,1.1079999999999994e-05,1.1121470588235295e-05
147,1.117e-05,1550188800,1.125e-05,1.101e-05,1.108e-05,161037.23175285,1.78796042,1.11e-05,0.6946989199999996,1.0112516276923043,2.5954570852941177,1.1110000000000007e-05,1.108692307692307e-05,1.1135882352941177e-05
148,1.117e-05,1550196000,1.132e-05,1.117e-05,1.117e-05,135590.04563116,1.53119466,1.129e-05,1.1243360999999994,1.1173874699999966,2.6238382294117644,1.115333333333334e-05,1.1087692307692301e-05,1.1145588235294119e-05
149,1.118e-05,1550203200,1.123e-05,1.114e-05,1.118e-05,23205.42056555,0.25906947,1.116e-05,1.192741516666666,1.1335796038461505,2.6161827267647055,1.1173333333333339e-05,1.1093076923076917e-05,1.1152058823529412e-05
150,1.114e-05,1550210400,1.122e-05,1.114e-05,1.118e-05,9703.55217046,0.10828789,1.115e-05,0.6328506733333327,1.1266313715384582,2.6142205835294114,1.116333333333334e-05,1.1096153846153841e-05,1.1156176470588235e-05
151,1.118e-05,1550217600,1.132e-05,1.111e-05,1.114e-05,404552.15967812,4.54065996,1.122e-05,1.6360057733333326,1.3874524438461504,2.7243891085294116,1.1166666666666671e-05,1.1103846153846148e-05,1.1161470588235294e-05
152,1.123e-05,1550224800,1.133e-05,1.116e-05,1.118e-05,88473.97835132,0.99205504,1.121e-05,1.880334296666666,1.3048711738461505,2.014461004411764,1.1183333333333339e-05,1.1119999999999997e-05,1.1157058823529411e-05
153,1.117e-05,1550232000,1.127e-05,1.116e-05,1.123e-05,35044.24708914,0.39330717,1.122e-05,1.9753407233333329,1.2405026515384583,1.73764064617647,1.119333333333334e-05,1.113461538461538e-05,1.1157058823529411e-05
154,1.112e-05,1550239200,1.123e-05,1.112e-05,1.117e-05,14297.32938819,0.15923043,1.113e-05,0.5148642133333329,1.1390694469230735,1.502138345294117,1.1173333333333342e-05,1.1139999999999995e-05,1.1153529411764705e-05
155,1.121e-05,1550246400,1.121e-05,1.112e-05,1.117e-05,8597.03281818,0.09570035,1.113e-05,0.21607931666666616,1.1309414338461505,1.4719957249999995,1.1166666666666676e-05,1.114615384615384e-05,1.1155588235294117e-05
156,1.115e-05,1550253600,1.124e-05,1.111e-05,1.121e-05,14289.01150083,0.15980075,1.118e-05,0.1382438433333328,0.8927794315384582,1.4524773476470585,1.1160000000000008e-05,1.1149999999999993e-05,1.1155294117647059e-05
157,1.115e-05,1550260800,1.12e-05,1.109e-05,1.119e-05,4052.93114552,0.0450952,1.112e-05,0.10019876666666616,0.7975767446153814,1.4322807670588231,1.1170000000000008e-05,1.115615384615384e-05,1.1149411764705882e-05
158,1.117e-05,1550268000,1.122e-05,1.109e-05,1.115e-05,12623.20758109,0.14128235,1.119e-05,0.11539276666666616,0.7898074546153815,1.4274546205882348,1.1156666666666676e-05,1.116615384615384e-05,1.1150000000000002e-05
159,1.125e-05,1550275200,1.125e-05,1.113e-05,1.117e-05,3781.85364711,0.04226354,1.117e-05,0.07621369666666616,0.7889159407692277,1.0164293285294113,1.1190000000000011e-05,1.117615384615384e-05,1.1141176470588236e-05
160,1.114e-05,1550282400,1.125e-05,1.111e-05,1.12e-05,7908.11362807,0.08817946,1.115e-05,0.09057511666666616,0.658163559230766,0.8724281473529407,1.1186666666666678e-05,1.117384615384615e-05,1.1133235294117649e-05
161,1.117e-05,1550289600,1.118e-05,1.109e-05,1.114e-05,24146.5979258,0.26811309,1.11e-05,0.13285202999999948,0.5610034384615352,0.8593093123529406,1.1186666666666674e-05,1.117384615384615e-05,1.1132058823529412e-05
162,1.11e-05,1550296800,1.118e-05,1.109e-05,1.11e-05,2584.09688442,0.02881151,1.114e-05,0.1283680199999995,0.5432912876923044,0.7701483714705877,1.1136666666666673e-05,1.1167692307692302e-05,1.1128823529411766e-05
163,1.107e-05,1550304000,1.116e-05,1.104e-05,1.11e-05,27253.91416111,0.30200148,1.108e-05,0.19964202666666617,0.5581923330769198,0.7651589541176466,1.1113333333333341e-05,1.1162307692307686e-05,1.1123529411764708e-05
164,1.108e-05,1550311200,1.115e-05,1.107e-05,1.109e-05,13537.83609009,0.15031119,1.11e-05,0.16037472666666616,0.22047319692307368,0.7321835197058819,1.1083333333333341e-05,1.1154615384615379e-05,1.1125882352941179e-05
165,1.133e-05,1550318400,1.136e-05,1.108e-05,1.108e-05,31642.30891616,0.35659751,1.126e-05,0.26963672666666616,0.17159184846153522,0.7379433517647054,1.1160000000000008e-05,1.1162307692307684e-05,1.1131764705882356e-05
166,1.134e-05,1550325600,1.159e-05,1.115e-05,1.135e-05,332320.05049139,3.77860411,1.137e-05,1.4285042699999992,0.4319993053846121,0.8028725602941171,1.1250000000000007e-05,1.117538461538461e-05,1.1136764705882355e-05
167,1.151e-05,1550332800,1.158e-05,1.13e-05,1.13e-05,500864.69653667,5.76119759,1.15e-05,3.298799736666666,0.8629198561538429,0.9584297805882348,1.139333333333334e-05,1.1205384615384609e-05,1.1149117647058825e-05
168,1.141e-05,1550340000,1.153e-05,1.135e-05,1.147e-05,150891.11473073,1.73253722,1.148e-05,3.7574463066666657,0.9888303846153814,1.0023697391176465,1.1420000000000008e-05,1.1220769230769225e-05,1.1158823529411767e-05
169,1.141e-05,1550347200,1.149e-05,1.135e-05,1.135e-05,54921.27726196,0.62679737,1.141e-05,2.7068440599999994,1.0247532015384584,1.016351170294117,1.144333333333334e-05,1.1240769230769225e-05,1.1166176470588237e-05
170,1.142e-05,1550354400,1.146e-05,1.132e-05,1.141e-05,38568.00235308,0.43898694,1.138e-05,0.9327738433333325,1.0550525661538428,1.027833970588235,1.1413333333333342e-05,1.1261538461538456e-05,1.117529411764706e-05
171,1.131e-05,1550361600,1.142e-05,1.127e-05,1.136e-05,107790.67510224,1.22528985,1.136e-05,0.7636913866666658,1.138437758461535,1.0580302923529405,1.1380000000000008e-05,1.1272307692307688e-05,1.1181470588235296e-05
172,1.14e-05,1550368800,1.145e-05,1.13e-05,1.13e-05,17716.6023896,0.2019155,1.139e-05,0.6220640966666658,1.150718678461535,1.0301458652941171,1.1376666666666674e-05,1.128384615384615e-05,1.1190882352941177e-05
173,1.137e-05,1550376000,1.15e-05,1.134e-05,1.145e-05,232236.10434098,2.66532509,1.147e-05,1.3641768133333325,1.3489606499999967,1.047784498823529,1.1360000000000006e-05,1.1301538461538455e-05,1.1201176470588237e-05
174,1.144e-05,1550383200,1.148e-05,1.134e-05,1.136e-05,56589.92092351,0.6464363,1.142e-05,1.1712256299999988,1.3780624353846123,1.030617979411764,1.140333333333334e-05,1.132230769230769e-05,1.1214705882352942e-05
175,1.147e-05,1550390400,1.152e-05,1.139e-05,1.144e-05,20199.08819239,0.23128846,1.145e-05,1.1810166166666656,1.3936375853846121,0.9939540491176464,1.1426666666666675e-05,1.1350769230769227e-05,1.1227058823529414e-05
176,1.145e-05,1550397600,1.153e-05,1.145e-05,1.147e-05,69243.42596441,0.79776282,1.152e-05,0.5584958599999988,1.4317730730769196,1.0114951755882349,1.1453333333333341e-05,1.1379999999999996e-05,1.1236470588235296e-05
177,1.136e-05,1550404800,1.148e-05,1.133e-05,1.145e-05,168794.02655464,1.92165295,1.138e-05,0.9835680766666655,1.568030131538458,0.9722524158823527,1.1426666666666675e-05,1.1401538461538456e-05,1.1244117647058824e-05
178,1.146e-05,1550412000,1.147e-05,1.135e-05,1.136e-05,5274.37461456,0.06005469,1.138e-05,0.9264901533333321,1.5452191453846118,0.9362913735294115,1.1423333333333341e-05,1.1411538461538458e-05,1.1255588235294118e-05
179,1.147e-05,1550419200,1.149e-05,1.141e-05,1.146e-05,22069.22855987,0.25293957,1.146e-05,0.7448824033333321,1.2740141807692271,0.9366047985294115,1.1430000000000006e-05,1.1421538461538456e-05,1.1268235294117648e-05
180,1.139e-05,1550426400,1.153e-05,1.139e-05,1.147e-05,125293.11420863,1.4379622,1.147e-05,0.5836521533333321,0.9414576123076888,0.9773138861764702,1.1440000000000006e-05,1.1412307692307688e-05,1.1276176470588237e-05
181,1.148e-05,1550433600,1.153e-05,1.138e-05,1.139e-05,583272.48881677,6.70683496,1.149e-05,2.7992455766666655,1.3240958999999963,1.1219866667647056,1.1446666666666672e-05,1.1417692307692303e-05,1.1285294117647061e-05
182,1.154e-05,1550440800,1.158e-05,1.147e-05,1.148e-05,32879.99822847,0.37900043,1.152e-05,2.841265863333332,1.3050345969230734,1.0880986011764704,1.1470000000000005e-05,1.1427692307692301e-05,1.1296176470588236e-05
183,1.146e-05,1550448000,1.158e-05,1.145e-05,1.151e-05,19972.08754669,0.22962334,1.149e-05,2.438486243333332,1.2889297046153811,1.0872325385294115,1.149333333333334e-05,1.1430769230769225e-05,1.1304411764705881e-05
184,1.147e-05,1550455200,1.154e-05,1.146e-05,1.146e-05,1394.80508798,0.01601017,1.147e-05,0.2082113133333318,1.1959081907692275,1.0845184879411764,1.1490000000000007e-05,1.1443076923076917e-05,1.1314117647058825e-05
185,1.142e-05,1550462400,1.153e-05,1.138e-05,1.147e-05,305164.39910342,3.4980659,1.146e-05,1.247899803333332,1.4494582215384584,1.0538539567647058,1.1450000000000007e-05,1.1444615384615377e-05,1.1321176470588236e-05
186,1.139e-05,1550469600,1.146e-05,1.138e-05,1.138e-05,15642.67298775,0.17849922,1.141e-05,1.2308584299999985,1.2581639238461508,1.0299258444117647,1.1426666666666672e-05,1.1446153846153841e-05,1.1325882352941177e-05
187,1.135e-05,1550476800,1.143e-05,1.13e-05,1.138e-05,43031.16475841,0.4881737,1.134e-05,1.3882462733333318,1.2459898776923046,1.032716036470588,1.138666666666667e-05,1.1439230769230763e-05,1.1331176470588236e-05
188,1.139e-05,1550484000,1.142e-05,1.121e-05,1.131e-05,25480.06125338,0.28786908,1.129e-05,0.31818066666666533,1.25034223307692,1.0364995261764705,1.1376666666666669e-05,1.1433076923076917e-05,1.1339117647058824e-05
189,1.135e-05,1550491200,1.162e-05,1.134e-05,1.137e-05,590722.9407799,6.8122979,1.153e-05,2.529446893333332,1.7129987776923048,1.2340465129411762,1.1363333333333335e-05,1.142538461538461e-05,1.1343235294117648e-05
190,1.125e-05,1550498400,1.141e-05,1.122e-05,1.141e-05,82223.83887507,0.92722998,1.127e-05,2.675798986666665,1.6365047030769202,1.2566179608823527,1.1330000000000003e-05,1.1416923076923072e-05,1.1346176470588235e-05
191,1.136e-05,1550505600,1.147e-05,1.123e-05,1.124e-05,49741.55986277,0.56628385,1.138e-05,2.768603909999998,1.6754454076923049,1.271947038823529,1.1320000000000005e-05,1.1409230769230765e-05,1.135235294117647e-05
192,1.143e-05,1550512800,1.156e-05,1.133e-05,1.135e-05,195002.52938303,2.23530246,1.146e-05,1.2429387633333315,1.827934860769228,1.333535865588235,1.1346666666666671e-05,1.1406153846153841e-05,1.1359999999999998e-05
193,1.137e-05,1550520000,1.146e-05,1.131e-05,1.143e-05,93926.48852521,1.07118871,1.14e-05,1.290925006666665,1.7997215153846127,1.363798370588235,1.138666666666667e-05,1.1404615384615378e-05,1.1363529411764705e-05
194,1.138e-05,1550527200,1.138e-05,1.13e-05,1.134e-05,9918.50549324,0.11236197,1.132e-05,1.1396177133333316,1.2924543623076894,1.3645096208823528,1.1393333333333338e-05,1.139692307692307e-05,1.1370588235294118e-05
195,1.13e-05,1550534400,1.141e-05,1.127e-05,1.138e-05,129915.49251135,1.46829626,1.13e-05,0.8839489799999982,1.3762463492307662,1.3998091258823528,1.1350000000000005e-05,1.1378461538461533e-05,1.1374411764705882e-05
196,1.137e-05,1550541600,1.14e-05,1.127e-05,1.127e-05,199505.71416158,2.25936789,1.132e-05,1.280008706666665,1.5323805453846122,1.4654137252941177,1.1350000000000005e-05,1.1371538461538455e-05,1.1382352941176472e-05
197,1.162e-05,1550548800,1.181e-05,1.137e-05,1.137e-05,763923.22326624,8.96249083,1.173e-05,4.230051659999998,2.220571365384612,1.7201340002941177,1.1430000000000004e-05,1.1383076923076916e-05,1.1398529411764707e-05
198,1.171e-05,1550556000,1.181e-05,1.159e-05,1.162e-05,398116.54284724,4.69840333,1.18e-05,5.306754016666664,2.3129050138461507,1.8539014161764706,1.1566666666666672e-05,1.140538461538461e-05,1.1417058823529412e-05
199,1.157e-05,1550563200,1.178e-05,1.152e-05,1.17e-05,138054.89595974,1.61000991,1.166e-05,5.090301356666664,2.4230212207692277,1.890766486764706,1.1633333333333338e-05,1.1419230769230763e-05,1.1424117647058825e-05
200,1.151e-05,1550570400,1.159e-05,1.146e-05,1.155e-05,582979.43396151,6.73241612,1.154e-05,4.346943119999998,2.9033475607692276,1.9776433105882352,1.159666666666667e-05,1.1431538461538456e-05,1.1429117647058826e-05
201,1.192e-05,1550577600,1.2e-05,1.151e-05,1.151e-05,1391287.7629808,16.59800198,1.192e-05,8.31347600333333,4.1579731684615355,2.2963728514705886,1.166666666666667e-05,1.1472307692307686e-05,1.1441176470588238e-05
202,1.175e-05,1550584800,1.196e-05,1.166e-05,1.192e-05,541009.78605299,6.40243825,1.183e-05,9.910952116666664,4.126445503076921,2.433722881764706,1.172666666666667e-05,1.1503076923076915e-05,1.1451176470588237e-05
203,1.182e-05,1550592000,1.19e-05,1.173e-05,1.181e-05,303040.87043657,3.56612686,1.176e-05,8.85552236333333,4.329437570769228,2.5201737491176472,1.1830000000000005e-05,1.154692307692307e-05,1.1463235294117649e-05
204,1.176e-05,1550599200,1.187e-05,1.174e-05,1.182e-05,377760.60130039,4.45088962,1.178e-05,4.806484909999997,4.628253399230767,2.638170886764706,1.177666666666667e-05,1.1577692307692301e-05,1.1473235294117649e-05
205,1.179e-05,1550606400,1.187e-05,1.173e-05,1.176e-05,69852.7148835,0.82555633,1.181e-05,2.9475242699999966,4.5198113892307665,2.626414018529412,1.1790000000000002e-05,1.1605384615384609e-05,1.1487352941176473e-05
206,1.176e-05,1550613600,1.186e-05,1.173e-05,1.179e-05,45734.14831737,0.53783055,1.175e-05,1.9380921666666635,4.478783838461536,2.6362938729411765,1.1770000000000003e-05,1.163538461538461e-05,1.149794117647059e-05
207,1.15e-05,1550620800,1.178e-05,1.145e-05,1.173e-05,417255.4717294,4.8743623,1.168e-05,2.079249726666663,4.845091556153843,2.7012655555882352,1.1683333333333337e-05,1.164461538461538e-05,1.1501764705882354e-05
208,1.152e-05,1550628000,1.16e-05,1.145e-05,1.153e-05,21169.49999112,0.24409932,1.153e-05,1.8854307233333298,4.750922560769228,2.689432115,1.1593333333333336e-05,1.1661538461538457e-05,1.1504117647058825e-05
209,1.133e-05,1550635200,1.147e-05,1.132e-05,1.145e-05,132648.17418236,1.504898,1.134e-05,2.2077865399999967,4.692886415384612,2.726891219117647,1.1450000000000002e-05,1.1658461538461533e-05,1.15e-05
210,1.14e-05,1550642400,1.145e-05,1.133e-05,1.14e-05,45102.23283197,0.51482735,1.141e-05,0.7546082233333301,4.043066147692304,2.7185695876470586,1.1416666666666669e-05,1.1641538461538457e-05,1.1498529411764707e-05
211,1.151e-05,1550649600,1.151e-05,1.138e-05,1.138e-05,354892.21893115,4.06531425,1.145e-05,2.02834653333333,3.9943669876923042,2.7816184494117646,1.1413333333333336e-05,1.1626153846153841e-05,1.1502941176470589e-05
212,1.182e-05,1550656800,1.184e-05,1.15e-05,1.15e-05,125136.28737006,1.46767922,1.172e-05,2.0159402733333303,3.9834184730769193,2.8230191708823527,1.1576666666666669e-05,1.1645384615384612e-05,1.1513529411764708e-05
213,1.167e-05,1550664000,1.186e-05,1.167e-05,1.182e-05,116707.14696258,1.37610346,1.179e-05,2.3030323099999968,3.5713944223076886,2.856053402941176,1.166666666666667e-05,1.1657692307692304e-05,1.1519411764705882e-05
214,1.152e-05,1550671200,1.169e-05,1.152e-05,1.167e-05,36181.44505354,0.41867221,1.157e-05,1.0874849633333301,2.3268305938461498,2.826074285588235,1.1670000000000002e-05,1.1626923076923072e-05,1.1523235294117646e-05
215,1.157e-05,1550678400,1.16e-05,1.145e-05,1.152e-05,200049.70710516,2.30087394,1.15e-05,1.3652165366666633,2.011325646923073,2.6964871967647057,1.1586666666666669e-05,1.1613076923076919e-05,1.1525882352941175e-05
216,1.153e-05,1550685600,1.162e-05,1.151e-05,1.154e-05,73493.77010934,0.85081975,1.157e-05,1.1901219666666634,1.8024558692307655,2.710364235588235,1.1540000000000001e-05,1.1590769230769225e-05,1.1525588235294115e-05
217,1.156e-05,1550692800,1.157e-05,1.148e-05,1.152e-05,94255.13965424,1.08836364,1.154e-05,1.41335244333333,1.5438000246153807,2.735621303235294,1.1553333333333335e-05,1.157538461538461e-05,1.1528529411764704e-05
218,1.158e-05,1550700000,1.163e-05,1.151e-05,1.156e-05,16009.03627212,0.18489604,1.154e-05,0.7080264766666634,1.49451846384615,2.740588534705882,1.1556666666666669e-05,1.1559230769230763e-05,1.1531764705882352e-05
219,1.156e-05,1550707200,1.167e-05,1.154e-05,1.163e-05,31085.52211337,0.36045445,1.159e-05,0.5445713766666634,1.4808741484615346,2.6483058449999994,1.1566666666666667e-05,1.1543846153846147e-05,1.1535882352941175e-05
220,1.158e-05,1550714400,1.159e-05,1.152e-05,1.156e-05,2032.29418368,0.02346644,1.154e-05,0.18960564333333005,1.1077283130769193,2.6437460573529408,1.1573333333333335e-05,1.1549999999999993e-05,1.1541470588235292e-05
221,1.149e-05,1550721600,1.158e-05,1.14e-05,1.152e-05,127072.00221745,1.45403882,1.144e-05,0.6126532366666634,1.2008005823076884,2.6721538549999995,1.1543333333333335e-05,1.15476923076923e-05,1.1545588235294117e-05
222,1.141e-05,1550728800,1.15e-05,1.141e-05,1.146e-05,150671.18528014,1.72056825,1.141e-05,1.06602450333333,1.2173906015384577,2.7142920658823524,1.1493333333333336e-05,1.1553846153846147e-05,1.1546176470588235e-05
223,1.138e-05,1550736000,1.145e-05,1.132e-05,1.141e-05,1001783.1124174,11.41410673,1.139e-05,4.862904599999997,2.055796707692304,2.849639384411764,1.142666666666667e-05,1.1552307692307684e-05,1.1547058823529411e-05
224,1.119e-05,1550743200,1.138e-05,1.116e-05,1.133e-05,135911.00181838,1.52872758,1.124e-05,4.887800853333329,1.8606746561538423,2.867330490294117,1.132666666666667e-05,1.15276923076923e-05,1.154529411764706e-05
225,1.125e-05,1550750400,1.13e-05,1.117e-05,1.119e-05,68814.00759332,0.77000472,1.118e-05,4.570946343333329,1.807007386923073,2.8733222805882344,1.1273333333333338e-05,1.1483846153846146e-05,1.1542058823529414e-05
226,1.127e-05,1550757600,1.132e-05,1.118e-05,1.118e-05,25543.51688332,0.28727552,1.124e-05,0.8620026066666622,1.7232513915384577,2.816027370588234,1.1236666666666672e-05,1.1453076923076914e-05,1.1537352941176473e-05
227,1.138e-05,1550764800,1.151e-05,1.127e-05,1.132e-05,420172.35973033,4.79490291,1.141e-05,1.9507277166666623,2.0598845223076885,2.925548376470587,1.1300000000000005e-05,1.1442307692307683e-05,1.1537647058823531e-05
228,1.141e-05,1550772000,1.147e-05,1.136e-05,1.143e-05,3650.73942835,0.04165696,1.141e-05,1.7079451299999955,1.886098600769227,2.92346881735294,1.1353333333333339e-05,1.142999999999999e-05,1.1538529411764707e-05
229,1.133e-05,1550779200,1.142e-05,1.133e-05,1.138e-05,43767.93553986,0.49681577,1.135e-05,1.7777918799999959,1.8588675253846119,2.894895861764705,1.137333333333334e-05,1.1414615384615374e-05,1.1539411764705883e-05
230,1.145e-05,1550786400,1.145e-05,1.133e-05,1.133e-05,4901.09606422,0.05594909,1.141e-05,0.19814060666666253,1.7794510215384578,2.8300894264705874,1.1396666666666674e-05,1.1406153846153836e-05,1.1541764705882352e-05
231,1.137e-05,1550793600,1.145e-05,1.135e-05,1.14e-05,3154.94420456,0.03592025,1.138e-05,0.19622836999999585,1.7679913453846117,2.5675432329411754,1.1383333333333342e-05,1.1389999999999991e-05,1.1534411764705882e-05
232,1.138e-05,1550800800,1.142e-05,1.137e-05,1.137e-05,2793.49440582,0.03181564,1.138e-05,0.04122832666666254,1.7427114369230734,2.4302906538235285,1.1400000000000006e-05,1.1376153846153835e-05,1.1524705882352942e-05
233,1.147e-05,1550808000,1.148e-05,1.138e-05,1.141e-05,16586.6506205,0.18961556,1.143e-05,0.08578381666666256,1.755492138461535,2.3885143494117633,1.1406666666666672e-05,1.1367692307692297e-05,1.1521764705882354e-05
234,1.126e-05,1550815200,1.147e-05,1.126e-05,1.144e-05,96666.47707315,1.0943421,1.132e-05,0.43859109999999585,1.7278231599999962,2.2226886429411756,1.1370000000000006e-05,1.134999999999999e-05,1.1514411764705883e-05
235,1.133e-05,1550822400,1.141e-05,1.125e-05,1.127e-05,55483.44578978,0.62868797,1.133e-05,0.6375485433333292,1.6438323692307657,1.7530029367647049,1.135333333333334e-05,1.1343846153846142e-05,1.1497058823529412e-05
236,1.14e-05,1550829600,1.145e-05,1.132e-05,1.134e-05,13400.68362577,0.15249386,1.137e-05,0.6251746433333292,0.7775544561538426,1.5691810429411754,1.1330000000000007e-05,1.1345384615384606e-05,1.1486764705882353e-05
237,1.143e-05,1550836800,1.144e-05,1.134e-05,1.135e-05,40823.84453208,0.46619232,1.141e-05,0.41579138333332927,0.695820974615381,1.4780064976470577,1.1386666666666676e-05,1.1363846153846144e-05,1.147529411764706e-05
238,1.15e-05,1550844000,1.154e-05,1.141e-05,1.142e-05,63075.75658703,0.72492042,1.149e-05,0.4478688666666626,0.6923529515384579,1.368419168235293,1.1443333333333341e-05,1.1383076923076913e-05,1.1467647058823532e-05
239,1.153e-05,1550851200,1.159e-05,1.148e-05,1.15e-05,64259.24482596,0.74358345,1.157e-05,0.6448987299999959,0.7274535615384579,1.3660082011764696,1.1486666666666675e-05,1.1403076923076913e-05,1.146e-05
240,1.161e-05,1550858400,1.161e-05,1.15e-05,1.151e-05,32462.25994177,0.3759816,1.158e-05,0.614828489999996,0.38753653769230395,1.3612479379411755,1.1546666666666674e-05,1.1420769230769222e-05,1.145558823529412e-05
241,1.159e-05,1550865600,1.17e-05,1.159e-05,1.161e-05,118466.05233127,1.38050194,1.165e-05,0.8333556633333292,0.49052461307691936,1.258487339117646,1.1576666666666674e-05,1.1434615384615374e-05,1.1458235294117648e-05
242,1.159e-05,1550872800,1.159e-05,1.159e-05,1.159e-05,0.0,0.0,1.159e-05,0.5854945133333292,0.4523080153846117,1.2513079473529403,1.1596666666666675e-05,1.1454615384615376e-05,1.146029411764706e-05
243,1.159e-05,1550880000,1.159e-05,1.159e-05,1.159e-05,0.0,0.0,1.159e-05,0.4601673133333292,0.44800423923076554,1.2070462414705876,1.159000000000001e-05,1.1465384615384605e-05,1.1467941176470591e-05
244,1.159e-05,1550887200,1.159e-05,1.159e-05,1.159e-05,0.0,0.0,1.159e-05,0.0,0.44524114307691937,1.1919042605882346,1.159000000000001e-05,1.1482307692307681e-05,1.1473529411764709e-05
245,1.159e-05,1550894400,1.159e-05,1.159e-05,1.159e-05,0.0,0.0,1.159e-05,0.0,0.44279378615384246,1.072336194411764,1.159000000000001e-05,1.1498461538461526e-05,1.147588235294118e-05
246,1.174e-05,1550901600,1.181e-05,1.143e-05,1.162e-05,202959.94877185,2.38033849,1.172e-05,0.7934461633333293,0.6113109346153809,1.0991791141176463,1.1640000000000009e-05,1.1519230769230757e-05,1.1473529411764709e-05
247,1.173e-05,1550908800,1.18e-05,1.165e-05,1.174e-05,167136.17268697,1.95941536,1.172e-05,1.4465846166666625,0.6778550315384577,1.1163353464705874,1.1686666666666673e-05,1.1555384615384604e-05,1.1475294117647063e-05
248,1.219e-05,1550916000,1.23e-05,1.168e-05,1.173e-05,1618597.5482462,19.34565063,1.195e-05,7.895134826666663,2.117621389999996,1.6730111823529406,1.1886666666666674e-05,1.162153846153845e-05,1.1495000000000003e-05
249,1.211e-05,1550923200,1.248e-05,1.209e-05,1.219e-05,361226.71591289,4.42451964,1.224e-05,8.57652854333333,2.4462387576923037,1.7354713499999992,1.2010000000000007e-05,1.1676153846153834e-05,1.1510882352941181e-05
250,1.215e-05,1550930400,1.22e-05,1.202e-05,1.211e-05,118470.85115547,1.4347141,1.211e-05,8.40162812333333,2.520740433076919,1.7526447132352934,1.2150000000000006e-05,1.173153846153845e-05,1.1529117647058829e-05
251,1.227e-05,1550937600,1.263e-05,1.216e-05,1.217e-05,1652116.9888411,20.63915032,1.249e-05,8.832794686666661,4.052604271538458,2.3276678508823525,1.2176666666666673e-05,1.1790769230769218e-05,1.1550000000000005e-05
252,1.209e-05,1550944800,1.225e-05,1.201e-05,1.225e-05,692260.47682344,8.36378029,1.208e-05,10.145881569999995,4.638773259230765,2.5682232699999994,1.2170000000000007e-05,1.1833846153846141e-05,1.1565000000000004e-05
