,close,date,high,low,open,quoteVolume,volume,weightedAverage,avg_vol_3,avg_vol_13,avg_vol_34,avg_close_3,avg_close_13,avg_close_34
0,0.02284105,1552914661,0.02284105,0.02284105,0.02284105,0.0,0.0,0.02284105,-99999.0,-99999.0,-99999.0,-99999.0,-99999.0,-99999.0
1,0.02279414,1552917600,0.02292677,0.02277779,0.02284105,24.69944492,0.56398147,0.02283377,-99999.0,-99999.0,-99999.0,-99999.0,-99999.0,-99999.0
2,0.0228,1552924800,0.02291255,0.02279381,0.022794,10.96094632,0.25006975,0.02281461,0.27135040666666665,-99999.0,-99999.0,0.022811730000000002,-99999.0,-99999.0
3,0.02284714,1552932000,0.02289808,0.0228,0.0228,4.61858307,0.10560269,0.02286473,0.3065513033333333,-99999.0,-99999.0,0.022813760000000002,-99999.0,-99999.0
4,0.02280017,1552939200,0.02293677,0.02279002,0.02284714,25.81635672,0.59047194,0.022872,0.31538146000000006,-99999.0,-99999.0,0.02281577,-99999.0,-99999.0
5,0.02279653,1552946400,0.022888,0.02278002,0.02280022,2.8327542,0.06467715,0.02283189,0.2535839266666667,-99999.0,-99999.0,0.02281461333333333,-99999.0,-99999.0
6,0.02295036,1552953600,0.02299582,0.02279648,0.02279653,29.50631146,0.67818444,0.02298438,0.44444451,-99999.0,-99999.0,0.022849019999999998,-99999.0,-99999.0
7,0.02292396,1552960800,0.02309,0.02279429,0.02287394,258.68669712,5.92919208,0.02292035,2.2240178900000003,-99999.0,-99999.0,0.022890283333333327,-99999.0,-99999.0
8,0.02292166,1552968000,0.02292396,0.02286001,0.02289147,121.26878211,2.77491382,0.02288234,3.1274301133333338,-99999.0,-99999.0,0.022931993333333327,-99999.0,-99999.0
9,0.02287493,1552975200,0.0229768,0.02283939,0.02292166,26.81710408,0.6157991,0.02296292,3.1066350000000003,-99999.0,-99999.0,0.022906849999999992,-99999.0,-99999.0
10,0.02291906,1552982400,0.02294672,0.02279187,0.02287264,9.65578055,0.22076227,0.02286322,1.2038250633333334,-99999.0,-99999.0,0.022905216666666662,-99999.0,-99999.0
11,0.02279008,1552989600,0.02291905,0.02270001,0.02281092,140.04351052,3.18397277,0.02273559,1.3401780466666668,-99999.0,-99999.0,0.022861356666666666,-99999.0,-99999.0
12,0.02272351,1552996800,0.02285917,0.02272303,0.02282768,249.2639495,5.68036919,0.02278857,3.0283680766666667,1.5890766669230771,-99999.0,0.022810883333333334,0.022844814615384616,-99999.0
13,0.02272466,1553004000,0.022915,0.02264,0.02272351,176.5860066,4.01268734,0.02272369,4.292343100000001,1.8977449238461541,-99999.0,0.02274608333333333,0.022835861538461535,-99999.0
14,0.02269999,1553011200,0.02281237,0.02264,0.02272481,9.90529178,0.22505292,0.02272047,3.3060364833333336,1.8716734969230768,-99999.0,0.02271605333333333,0.022828619230769228,-99999.0
15,0.02267802,1553018400,0.022915,0.02256572,0.02269999,51.4112071,1.17148727,0.02278661,1.8030758433333336,1.9425517676923076,-99999.0,0.02270088999999999,0.022819236153846154,-99999.0
16,0.02263,1553025600,0.0228247,0.02260383,0.02277154,81.4378239,1.85072187,0.02272558,1.0824206866666668,2.0767917046153843,-99999.0,0.02266933666666666,0.022802533076923075,-99999.0
17,0.022566,1553032800,0.02273518,0.02254701,0.02263,86.30068429,1.9554423,0.02265847,1.659217146666667,2.1817894246153844,-99999.0,0.022624673333333328,0.022784519999999996,-99999.0
18,0.02254578,1553040000,0.02267723,0.02254578,0.02258196,6.74572003,0.15241188,0.02259386,1.3195253500000002,2.1885382499999997,-99999.0,0.022580593333333326,0.022765231538461536,-99999.0
19,0.02251002,1553047200,0.02260301,0.02248,0.02254495,336.47356056,7.57090424,0.02250074,3.226252806666667,2.718747465384615,-99999.0,0.02254059999999999,0.02273135923076923,-99999.0
20,0.02246506,1553054400,0.02258681,0.02245661,0.02251002,221.52381694,4.9764675,0.0224647,4.2332612066666675,2.6454609592307685,-99999.0,0.02250695333333332,0.022696059230769228,-99999.0
21,0.02284146,1553061600,0.02302999,0.02246,0.02252979,225.04282178,5.12710764,0.0227828,5.891493126666668,2.826398945384615,-99999.0,0.022605513333333323,0.022689889999999994,-99999.0
22,0.02298084,1553068800,0.02323887,0.02271903,0.02282242,76.73308014,1.77187895,0.02309146,3.9584846966666682,2.915328164615384,-99999.0,0.02276245333333332,0.02269803692307692,-99999.0
23,0.02304891,1553076000,0.02319,0.02285108,0.0229715,89.26174036,2.05878482,0.02306458,2.985923803333335,3.056714514615384,-99999.0,0.022957069999999993,0.022708025384615377,-99999.0
24,0.02293424,1553083200,0.02305491,0.02293424,0.02305002,5.25937058,0.12107052,0.02301996,1.3172447633333348,2.821106649230769,-99999.0,0.02298799666666666,0.02271911461538461,-99999.0
25,0.02297604,1553090400,0.02311999,0.02293653,0.02293653,82.83457739,1.9078693,0.02303228,1.3625748800000015,2.53091435,-99999.0,0.02298639666666666,0.02273853999999999,-99999.0
26,0.02288101,1553097600,0.02301496,0.02286064,0.02297604,162.58611948,3.72491036,0.02291038,1.9179500600000015,2.5087776592307693,-99999.0,0.02293042999999999,0.022750566923076913,-99999.0
27,0.02293242,1553104800,0.02302272,0.02288116,0.02291961,13.4273948,0.30763176,0.02291075,1.9801371400000012,2.5151298776923077,-99999.0,0.02292982333333332,0.022768446153846142,-99999.0
28,0.02291964,1553112000,0.02302451,0.02288404,0.02293242,73.8077368,1.69609143,0.02297985,1.909544516666668,2.555484043846154,-99999.0,0.022911023333333322,0.022787032307692297,-99999.0
29,0.02286047,1553119200,0.02299658,0.02286047,0.02299658,118.7449827,2.71748568,0.02288505,1.5737362900000014,2.6221581830769236,-99999.0,0.022904176666666654,0.022804760769230763,-99999.0
30,0.02285989,1553126400,0.02291635,0.02277269,0.02286275,365.27181054,8.3474757,0.02285277,4.253684270000002,3.11385306,-99999.0,0.022879999999999987,0.022827367692307685,-99999.0
31,0.0227727,1553133600,0.02287837,0.02272231,0.0228599,141.63540462,3.2271541,0.02278493,4.764038493333335,3.350371692307692,-99999.0,0.022831019999999983,0.02284482307692307,-99999.0
32,0.02277576,1553140800,0.02284767,0.02271903,0.0227727,9.61545532,0.21905545,0.02278159,3.9312284166666696,2.7848448623076925,-99999.0,0.022802783333333316,0.022865264615384604,-99999.0
33,0.02283662,1553148000,0.0228499,0.02271903,0.02277576,20.97666917,0.47817374,0.0227955,1.3081277633333361,2.4388222653846157,2.184642983529412,0.022795026666666652,0.02289384615384614,0.022806532941176468
34,0.02286374,1553155200,0.02291632,0.02275005,0.02275005,8.4261377,0.19197654,0.02278345,0.2964019100000028,2.0591967961538464,2.1902893523529414,0.022825373333333315,0.02289555999999999,0.022807200294117643
35,0.02287121,1553162400,0.02298939,0.02287121,0.02288948,41.45870784,0.9501492,0.02291796,0.5400998266666696,1.9959868153846154,2.201647226764706,0.022857189999999982,0.02288712692307691,0.022809467058823526
36,0.02274721,1553169600,0.02293994,0.02274721,0.02287121,114.84851686,2.62341661,0.0228424,1.2551807833333362,2.03942003,2.271451546176471,0.022827386666666647,0.022863919230769223,0.0228079144117647
37,0.02259002,1553176800,0.02276627,0.02238931,0.02274493,817.52219913,18.39822955,0.02250486,7.3239317866666696,3.4453553399999994,2.8094699832352945,0.02273614666666665,0.02283744076923076,0.022800352058823525
38,0.02259114,1553184000,0.02277,0.02240894,0.02258776,139.13175133,3.14969537,0.02263822,8.057113843333337,3.540880422307692,2.884741260588236,0.022642789999999982,0.02280783307692307,0.022794204117647054
39,0.02269524,1553191200,0.02277765,0.02248,0.02257737,13.83564761,0.31332092,0.02264591,7.28708194666667,3.278450465384615,2.8920543126470593,0.022625466666666646,0.02279354307692307,0.022791224999999995
40,0.02269675,1553198400,0.02270956,0.02259835,0.02269,1.87651794,0.04244981,0.02262158,1.1684887000000035,3.258051853846154,2.873356235294118,0.02266104333333331,0.02277541461538461,0.022783765882352938
41,0.02240189,1553205600,0.02265992,0.02240189,0.02263009,67.61011826,1.52206166,0.02251233,0.6259441300000036,3.244664948461538,2.743734752352942,0.022597959999999976,0.02273558769230768,0.02276841088235294
42,0.0224,1553212800,0.02250146,0.02238463,0.02240189,68.25543886,1.52892713,0.02240007,1.0311462000000036,3.1532373676923067,2.707088085000001,0.022499546666666648,0.02270016692307691,0.02275306794117647
43,0.02239485,1553220000,0.02245677,0.02238363,0.0224,29.87599316,0.66906655,0.02239478,1.2400184466666702,2.5625905099999993,2.708654774705883,0.022398913333333312,0.022664394615384605,0.02273894794117647
44,0.02243157,1553227200,0.02250136,0.02239486,0.02239486,51.88884649,1.16411557,0.02243479,1.1207030833333367,2.4038952384615375,2.7364004600000014,0.022408806666666642,0.02263815384615384,0.02272461
45,0.02259705,1553234400,0.02268991,0.02244003,0.02244003,50.36496619,1.14179818,0.02267048,0.9916601000000035,2.474875448461538,2.6763365014705895,0.022474489999999975,0.022624406923076917,0.02271893264705882
46,0.02269114,1553241600,0.02274695,0.02258628,0.02260179,44.21597144,1.00073044,0.02263278,1.1022147300000036,2.5150721176923065,2.53870006764706,0.02257325333333331,0.02261321615384615,0.022717980588235293
47,0.02251233,1553248800,0.02290418,0.02249561,0.02267042,81.40172551,1.85088541,0.02273766,1.3311380100000036,2.642680492307691,2.4751176579411776,0.02260017333333331,0.02258618461538461,0.022711735588235294
48,0.02260685,1553256000,0.0226178,0.0225011,0.02251233,66.56857778,1.50370758,0.02258884,1.4517744766666703,2.685261906153845,2.5127251479411776,0.022603439999999975,0.02256584923076923,0.022708996176470587
49,0.02273109,1553263200,0.02273109,0.02250394,0.0225042,16.92676245,0.38325734,0.02264209,1.2459501100000037,2.512941962307691,2.4895419147058835,0.02261675666666664,0.02256460923076923,0.02271055705882353
50,0.02268718,1553270400,0.02303,0.02244122,0.02259103,266.46282719,6.05255925,0.02271446,2.6465080566666703,1.5632750161538451,2.6131253670588244,0.022675039999999976,0.02257208307692308,0.02271223882352941
51,0.02266022,1553277600,0.02273101,0.02262224,0.02268718,2.41409738,0.05471215,0.0226636,2.1635095800000035,1.3251993838461529,2.557221539117648,0.022692829999999973,0.022577396923076924,0.02271501
52,0.022711,1553284800,0.02275761,0.02263653,0.02263653,46.75495338,1.06103662,0.02269356,2.38943600666667,1.3827159761538452,2.5839457961764714,0.022686133333333306,0.02257860923076923,0.02271986941176471
53,0.02263,1553292000,0.02275997,0.02262024,0.02275997,14.30476279,0.32461048,0.02269247,0.4801197500000036,1.404420643076922,2.370819509117648,0.022667073333333305,0.022573474615384614,0.02272339823529412
54,0.0226898,1553299200,0.0227429,0.02258001,0.02263,1.7448511,0.03945136,0.02261016,0.4750328200000036,1.2903736969230761,2.2256131520588243,0.022676933333333305,0.02259562153846154,0.022730008235294117
55,0.02270521,1553306400,0.02273551,0.02264533,0.02268001,22.25622392,0.50519692,0.02269913,0.2897529200000035,1.2116252192307684,2.089674601470589,0.022675003333333308,0.02261909923076923,0.022726000882352944
56,0.02262004,1553313600,0.02274671,0.02259381,0.02270521,31.11292922,0.70460236,0.0226466,0.4164168800000035,1.214358743076922,2.0582841135294125,0.022671683333333307,0.022636421538461536,0.02271538911764706
57,0.02269401,1553320800,0.02283394,0.02262009,0.02270567,190.41117878,4.34163348,0.02280135,1.8504775866666698,1.4587831976923067,2.125426721176471,0.022673086666666644,0.022656609230769228,0.022704950882352942
58,0.02287523,1553328000,0.02287523,0.02266156,0.02269401,79.06959847,1.80442164,0.02282067,2.2835524933333367,1.5097542330769222,2.1749370482352948,0.022729759999999974,0.02267800769230769,0.02270321529411765
59,0.0228,1553335200,0.02292,0.02270967,0.02287568,37.25843014,0.85240166,0.02287808,2.3328189266666697,1.498344326923076,2.1438938823529416,0.022789746666666638,0.022686381538461534,0.022698037647058827
60,0.02262,1553342400,0.02280982,0.02262,0.02271005,1.02986207,0.02338337,0.02270534,0.8934022233333367,1.3577672469230762,2.035025441470589,0.022765076666666637,0.02269466384615384,0.022690360882352947
61,0.02277032,1553349600,0.0228201,0.02261327,0.02262029,43.56538096,0.98798912,0.0226783,0.6212580500000034,1.3180965961538456,2.055035952058824,0.02273010666666664,0.022707238461538454,0.022685593235294125
62,0.02278132,1553356800,0.0228201,0.02270185,0.02282007,9.0998663,0.20702933,0.02275081,0.4061339400000034,1.3045405953846148,2.011240007941177,0.02272387999999997,0.0227111023076923,0.022681525000000008
63,0.02278132,1553364000,0.02278132,0.02261281,0.02270205,239.49579044,5.43841514,0.02270776,2.2111445300000034,1.25729874076923,2.0912673450000008,0.022777653333333304,0.02271834384615384,0.022679197058823534
64,0.02270185,1553371200,0.02279884,0.02269037,0.02278129,34.97895294,0.79724159,0.02279203,2.1475620200000036,1.3144163899999992,1.8692016358823533,0.022754829999999972,0.022721546153846146,0.022674548823529418
65,0.02287068,1553378400,0.023,0.02270184,0.02279795,99.87817988,2.28448888,0.02287275,2.84004853666667,1.4085281023076917,1.8414761882352946,0.022784616666666636,0.022733829230769224,0.022677430588235303
66,0.02291841,1553385600,0.02299308,0.02280589,0.02287287,9.125948,0.20908213,0.02291073,1.096937533333337,1.3996413061538453,1.841182855294118,0.022830313333333307,0.02275601461538461,0.022681626176470595
67,0.02281045,1553392800,0.02291992,0.02280589,0.02291837,0.67079514,0.01532765,0.02284997,0.8362995533333372,1.3977856361538452,1.8275697350000004,0.022866513333333307,0.02276529538461538,0.02268085647058824
68,0.02290533,1553400000,0.02291981,0.02280589,0.02281045,39.2381843,0.89693695,0.02285877,0.37378224333333704,1.4279194846153838,1.8483038647058827,0.022878063333333306,0.022780689230769226,0.022682079705882357
69,0.0228076,1553407200,0.02295511,0.02280532,0.02290524,50.38528747,1.15072289,0.02283847,0.6876624966666703,1.4622364484615378,1.8542030908823532,0.02284112666666664,0.022795116923076918,0.02268020882352942
70,0.02282473,1553414400,0.02291932,0.02281005,0.02281005,154.90538641,3.54273116,0.02287029,1.8634636666666704,1.4007824238461533,1.8812417541176474,0.022845886666666638,0.022805172307692304,0.022682488823529415
71,0.02280105,1553421600,0.02289996,0.02274315,0.02282701,85.77176186,1.96075433,0.02286013,2.2180694600000037,1.4128080153846148,1.3977866005882353,0.02281112666666664,0.02279946615384615,0.0226886955882353
72,0.02286009,1553428800,0.02290999,0.0228012,0.0228012,46.92559784,1.07178753,0.02284014,2.191757673333337,1.429683851538461,1.3366716641176473,0.022828623333333308,0.022804088461538457,0.022696605882352946
73,0.02296335,1553436000,0.023,0.02286237,0.02286249,107.12017855,2.46252265,0.02298841,1.8316881700000038,1.6173099499999992,1.3998834797058826,0.02287482999999997,0.022830499999999993,0.022704491470588242
74,0.02319906,1553443200,0.02323291,0.02296568,0.02296568,206.05190146,4.75888023,0.02309554,2.7643968033333373,1.907378496923076,1.5386020214705884,0.023007499999999972,0.02286347999999999,0.022719265294117653
75,0.02300966,1553450400,0.02319849,0.02299466,0.02318746,44.78327274,1.03207172,0.02304592,2.751158200000004,1.9708432961538451,1.524190552647059,0.02305735666666664,0.022881044615384608,0.022737140882352947
76,0.02303293,1553457600,0.02314521,0.02301196,0.02301196,94.90253413,2.19270444,0.0231048,2.6612187966666703,1.7211732423076913,1.5437134147058824,0.023080549999999977,0.02290039923076922,0.02275575647058824
77,0.02297667,1553464800,0.02307876,0.02297667,0.02305238,30.94644141,0.71162141,0.02299525,1.3121325233333367,1.7145870746153837,1.5449650282352945,0.023006419999999982,0.02292153923076922,0.02277286882352942
78,0.02299626,1553472000,0.02299996,0.02297118,0.02297667,16.53093225,0.38007,0.02299144,1.0947986166666699,1.5680933146153835,1.521904864411765,0.023001953333333314,0.02293119923076922,0.022789477352941186
79,0.02293028,1553479200,0.023,0.02292001,0.02297118,2.75602624,0.06319706,0.0229305,0.3849628233333366,1.5568713861538452,1.490181302058824,0.022967736666666645,0.0229321123076923,0.022799278235294124
80,0.02294602,1553486400,0.02299995,0.02290816,0.0229203,31.66465663,0.72547753,0.02291127,0.38958153000000323,1.611498299999999,1.4820856282352945,0.022957519999999978,0.022942540769230763,0.022806774705882358
81,0.02292014,1553493600,0.02305447,0.02292014,0.02299989,58.02068557,1.33589174,0.0230244,0.70818877666667,1.645264053076922,1.4669387555882356,0.02293214666666664,0.02294367999999999,0.022818769117647065
82,0.02299003,1553500800,0.02311894,0.02292,0.02299989,294.87232532,6.79546869,0.02304546,2.9522793200000037,2.0794752684615374,1.6225787882352944,0.02295206333333331,0.02295771307692307,0.022830039117647066
83,0.02273603,1553508000,0.02297093,0.02273603,0.02297093,93.25337807,2.13380062,0.02288175,3.4217203500000033,1.9710959961538452,1.674065355294118,0.022882066666666645,0.022950889999999995,0.022830184411764716
84,0.02280475,1553515200,0.02291156,0.0227361,0.02274285,24.89857619,0.56877418,0.02284364,3.1660144966666706,1.8640205999999988,1.5127775591176473,0.022843603333333313,0.02295117461538461,0.022833642352941188
85,0.02255437,1553522400,0.02282999,0.02255437,0.02280475,117.58183999,2.67221029,0.02272638,1.791595030000004,1.9871300430769216,1.589762798529412,0.02269838333333331,0.022927657692307684,0.02283052911764707
86,0.02254501,1553529600,0.02276901,0.02253387,0.02255437,275.26485333,6.2187726,0.02259196,3.15325235666667,2.2760723469230757,1.7414609155882357,0.022634709999999978,0.022895477692307684,0.022825647058823537
87,0.02253001,1553536800,0.0225326,0.02253001,0.0225326,0.00822202,0.00018525,0.02253206,2.9637227133333366,1.9100188869230759,1.731918997058824,0.02254312999999998,0.0228440123076923,0.022822706176470597
88,0.02253001,1553544000,0.02253001,0.02253001,0.02253001,0.0,0.0,0.02253001,2.072985950000003,1.8306287546153834,1.7307586629411769,0.02253500999999998,0.022807116153846143,0.022818006470588244
89,0.02276998,1553551200,0.02277,0.02253091,0.02253091,17.29415574,0.39304338,0.02272694,0.13107621000000305,1.6921932884615374,1.727460029411765,0.022609999999999977,0.02278688923076922,0.02281991147058824
90,0.02258677,1553558400,0.02268982,0.02253001,0.02268982,26.35478273,0.59731657,0.02266444,0.3301199833333364,1.6834006084615374,1.7243045650000002,0.022628919999999973,0.022756896923076916,0.022818932941176477
91,0.02258984,1553565600,0.02259998,0.02250271,0.02253001,24.58384651,0.55418478,0.02254263,0.5148482433333365,1.696794053076922,1.6129090150000003,0.022648863333333307,0.02272563384615384,0.022815869117647065
92,0.02260999,1553572800,0.02261331,0.02250271,0.02250286,27.37434548,0.61657537,0.02252383,0.5893589066666697,1.7393616153846143,1.5779723600000002,0.022595533333333306,0.02270099615384615,0.022808067941176475
93,0.02246767,1553580000,0.02267685,0.02246767,0.02258824,63.78622143,1.4375547,0.02253707,0.8694382833333364,1.7941367823076912,1.595182743529412,0.022555833333333303,0.022664199999999992,0.02279829352941177
94,0.02245999,1553587200,0.02252999,0.02239832,0.02248,70.16550003,1.57398648,0.02243248,1.2093721833333364,1.812451762307691,1.6407887173529416,0.022512549999999968,0.02262880384615384,0.02279358735294118
95,0.02259097,1553594400,0.0225976,0.0224407,0.02245999,105.51792661,2.36954843,0.02245635,1.79369653666667,1.4719963576923065,1.6814228147058827,0.02250620999999997,0.022598106923076917,0.02278831235294118
96,0.02251971,1553601600,0.0226181,0.02244743,0.02259082,32.70021267,0.73596506,0.02250643,1.5598333233333366,1.3644705453846144,1.6969797479411768,0.02252355666666664,0.02258146692307692,0.022780617941176473
97,0.02234978,1553608800,0.02252439,0.02234764,0.02246056,121.36880555,2.71983953,0.0224097,1.9417843400000032,1.5299371107692301,1.6170216417647063,0.022486819999999973,0.022546469230769226,0.022767925588235295
98,0.02238103,1553616000,0.02251004,0.02224,0.02234978,424.41794309,9.46645856,0.02230456,4.307421050000003,2.0525715930769226,1.8719986114705884,0.02241683999999997,0.02253313538461538,0.022758489705882356
99,0.02251417,1553623200,0.02257,0.02230203,0.02238103,188.27112156,4.24133877,0.02252782,5.475878953333336,1.9004612984615377,1.9295530200000002,0.022414993333333303,0.022530763076923074,0.02274800411764706
100,0.02255255,1553630400,0.02263997,0.02252001,0.02252001,67.79250658,1.53306769,0.02261411,5.080288340000002,2.0183753323076914,1.968493771764706,0.022482583333333306,0.022532496923076923,0.02273724352941177
101,0.02241013,1553637600,0.02259999,0.02241013,0.0225503,10.28579993,0.2317341,0.02252951,2.002046853333336,2.0362010323076913,1.9748586673529411,0.022492283333333307,0.022523275384615387,0.022725469411764707
102,0.02255911,1553644800,0.02265986,0.02238763,0.02241013,86.06735587,1.94821071,0.02263588,1.237670833333336,2.1558292884615375,2.0057784838235295,0.022507263333333305,0.022507054615384617,0.02271528647058824
103,0.022545,1553652000,0.02265985,0.02253992,0.02255001,9.90816425,0.22434304,0.02264224,0.8014292833333357,2.127139016923076,1.9785320176470587,0.022504746666666634,0.02250384153846154,0.022707562941176474
104,0.02262002,1553659200,0.02267999,0.02253992,0.02260999,64.8307444,1.46446698,0.02258908,1.2123402433333357,2.197160724615384,1.9174066005882349,0.02257470999999997,0.022506163076923078,0.022701542058823534
105,0.02270786,1553666400,0.02270786,0.02254004,0.02261997,34.8398631,0.78919399,0.02265204,0.8260013366666691,2.2104390799999996,1.8829489435294116,0.022624293333333306,0.022513691538461538,0.022698801176470593
106,0.02270003,1553673600,0.02272,0.02261907,0.02270786,30.93163427,0.70091167,0.02266002,0.9848575466666691,2.1537742315384607,1.8720408299999995,0.022675969999999972,0.022531565384615385,0.02269409352941177
107,0.02333999,1553680800,0.02370182,0.0227,0.02270003,588.1663084,13.63754194,0.02318654,5.0425492000000025,3.0817400361538456,2.200717867941176,0.02291595999999997,0.02259925769230769,0.02270517117647059
108,0.02309,1553688000,0.02333999,0.02309,0.02333999,322.70012371,7.48475792,0.02319415,7.274403843333335,3.4752176892307682,2.28089074117647,0.02304333999999997,0.022637644615384613,0.022701963529411763
109,0.02291191,1553695200,0.02320001,0.02291189,0.02309,184.02893706,4.24734383,0.02307976,8.456547896666669,3.7453237484615376,2.375457567941176,0.023113966666666638,0.022667813846153847,0.022699088529411764
110,0.0228747,1553702400,0.02305448,0.02285319,0.0229142,61.0495667,1.39792754,0.02289823,4.3766764300000025,3.64363821076923,2.352081776764705,0.022958869999999968,0.02270819230769231,0.022694434705882355
111,0.02324986,1553709600,0.02330441,0.02288238,0.02288238,944.6539527,21.86736425,0.02314854,9.170878540000004,4.597554033076921,2.9743095073529404,0.023012156666666634,0.022775025384615386,0.022702469705882352
112,0.02352387,1553716800,0.02365517,0.02317077,0.02330914,747.69271843,17.55588594,0.02348008,13.607059243333337,5.621749969230768,3.4794805644117637,0.0232161433333333,0.022852694615384618,0.02271798764705882
113,0.02326352,1553724000,0.02359876,0.02326351,0.02359876,171.78702722,4.02113693,0.02340768,14.481462373333336,5.813139910769229,3.5958905605882343,0.023345749999999967,0.022907384615384614,0.02272778882352941
114,0.02324642,1553731200,0.02333533,0.02315216,0.023265,235.4153768,5.46211926,0.02320204,9.01304737666667,6.215477230769229,3.7352035526470577,0.0233446033333333,0.022971714615384616,0.02273662411764706
115,0.02317746,1553738400,0.02333252,0.02309,0.02315216,66.16041025,1.53854548,0.02325477,3.673933890000003,6.183964520769229,3.741163956764705,0.0232291333333333,0.02301928,0.022744192352941176
116,0.02317001,1553745600,0.02339467,0.023,0.02317749,99.07547821,2.29690408,0.02318337,3.0991896066666698,6.343392293076922,3.6088532329411755,0.023197963333333304,0.023067357692307697,0.02274948588235294
117,0.02319831,1553752800,0.02326991,0.02308403,0.02317232,19.22224253,0.44507255,0.02315403,1.4268407033333368,6.264977336923077,3.5591847602941167,0.023181926666666634,0.02311184153846154,0.022763082352941173
118,0.02312658,1553760000,0.02355993,0.02295805,0.02309243,121.08379724,2.80963679,0.02320406,1.8505378066666702,6.420396013846154,3.625092484117646,0.023164966666666634,0.02314405076923077,0.022772547941176467
119,0.02328886,1553767200,0.0233395,0.02310888,0.02312658,65.44736475,1.52428334,0.02329021,1.5929975600000035,6.483732296153846,3.5913299267647045,0.023204583333333303,0.023189345384615388,0.022794150588235286
120,0.0232507,1553774400,0.02328999,0.0231534,0.02318435,11.37282276,0.26452297,0.02325921,1.5328143666666703,5.455038529230769,3.416204937647058,0.023222046666666635,0.02318247692307693,0.02281490617647058
121,0.0232717,1553781600,0.02331749,0.02316059,0.0232934,36.02885341,0.83860744,0.02327599,0.8758045833333368,4.943796184615385,3.4408644138235287,0.02327041999999997,0.023196453846153854,0.022836720588235288
122,0.02348001,1553788800,0.02366124,0.02327262,0.02327262,310.89151791,7.30995928,0.02351289,2.8043632300000034,5.179381988461539,3.6558632161764697,0.023334136666666633,0.023240153846153855,0.022864661764705876
123,0.02362263,1553796000,0.02362263,0.02347503,0.02353147,65.24870066,1.53562795,0.02353499,3.2280648900000037,5.189974327692308,3.6894686447058818,0.023458113333333305,0.02329768692307693,0.022889739705882345
124,0.02394586,1553803200,0.023946,0.02359058,0.02362264,207.14110413,4.92859971,0.02379344,4.59139564666667,3.8869924400000007,3.816859325294117,0.023682833333333302,0.023351225384615388,0.022929712941176465
125,0.02373156,1553810400,0.02394586,0.02373109,0.02394585,50.15868444,1.19561826,0.02383671,2.5532819733333367,2.6285103107692316,3.835725015882352,0.023766683333333302,0.02336720153846154,0.022963292941176466
126,0.0240146,1553817600,0.02401461,0.02373188,0.02373188,304.69795961,7.29633047,0.0239461,4.47351614666667,2.8804482753846163,4.0321884011764695,0.023897339999999972,0.023424976923076928,0.023004604999999994
127,0.02387587,1553824800,0.02399999,0.02379685,0.02399999,27.34796426,0.65287782,0.02387299,3.04827551666667,2.5105066261538473,4.009109669411764,0.02387400999999997,0.02347339615384616,0.02304602264705882
128,0.02382498,1553832000,0.02400997,0.02382498,0.02387587,67.56023417,1.61724738,0.02393785,3.18881855666667,2.5165606184615394,4.010382048823528,0.02390514999999997,0.02352320538461539,0.0230861694117647
129,0.02387021,1553839200,0.02394411,0.02380015,0.02382498,88.6465675,2.11904925,0.02390447,1.4630581500000035,2.502879477692309,4.003014425882351,0.02385701999999997,0.023577066923076928,0.023123794117647055
130,0.02386727,1553846400,0.02407373,0.02382438,0.02385249,367.00835661,8.81533141,0.02401942,4.183876013333337,3.1467455438461553,4.240642847941174,0.023854153333333305,0.02362852538461539,0.023163428235294114
131,0.02369905,1553853600,0.02391995,0.02369905,0.02387481,88.92877854,2.11304457,0.02376108,4.349141743333337,3.0931615269230783,4.222795937352939,0.02381217666666664,0.02367256153846154,0.02320311264705882
132,0.02379478,1553860800,0.02388969,0.023557,0.02369905,481.16043862,11.39687986,0.02368623,7.44175194666667,3.85259202846154,4.279573034411762,0.023787033333333304,0.023711478461538465,0.02324469352941176
133,0.02389336,1553868000,0.02389336,0.02376353,0.02380008,58.28023631,1.39011489,0.02385225,4.966679773333337,3.9391760223076937,4.19571350852941,0.023795729999999973,0.023760913846153846,0.023285257941176467
134,0.02379975,1553875200,0.02394349,0.0237676,0.02389335,84.00957056,2.00643597,0.02388342,4.931143573333337,4.029008986153848,4.209636104999999,0.02382929666666664,0.02380153307692308,0.023321940294117643
135,0.02385004,1553882400,0.023916,0.02374336,0.02379975,303.28347194,7.21473645,0.02378875,3.5370957700000036,4.021684153076924,4.415018527058822,0.02384771666666664,0.023829996923076927,0.02336429058823529
136,0.02379373,1553889600,0.0241,0.0237854,0.02390345,157.21581237,3.77588621,0.02401721,4.33235287666667,4.194011711538463,4.468773688823528,0.023814506666666638,0.023843158461538467,0.023400602941176466
137,0.02394591,1553896800,0.02397551,0.02379883,0.02379883,121.51608173,2.90984449,0.02394616,4.633489050000003,4.03872284846154,4.547759025588234,0.023863226666666636,0.023843162307692314,0.023441806176470584
138,0.02373575,1553904000,0.02394567,0.02368,0.02386261,13.48348196,0.32037932,0.02376087,2.33537000666667,3.9713967761538473,4.514109388529411,0.02382512999999997,0.023843484615384623,0.02347462176470588
139,0.02362791,1553911200,0.02372263,0.0234998,0.0237106,49.07623947,1.15927863,0.02362199,1.4631674800000034,3.4993158653846166,4.524994230882351,0.023769856666666634,0.023813739230769237,0.023501682058823525
140,0.02363739,1553918400,0.02363744,0.02346761,0.02362,37.68185905,0.88569184,0.02350446,0.7884499300000033,3.5172246361538475,4.530428941764704,0.023667016666666638,0.02379539461538462,0.023529251470588233
141,0.02360047,1553925600,0.02363747,0.02351,0.02358256,60.56533739,1.42556594,0.02353765,1.1568454700000033,3.502479910000001,4.171253177058822,0.023621923333333305,0.02377812461538462,0.02353691264705882
142,0.02358025,1553932800,0.02373505,0.02351671,0.02360315,39.29233143,0.9273303,0.02360079,1.0795293600000033,3.410809221538462,3.9783876588235274,0.023606036666666635,0.023755820000000004,0.02355133176470588
143,0.02392371,1553940000,0.02392371,0.02351671,0.02358025,130.39803795,3.10909323,0.02384309,1.8206631566666702,2.971867823076924,3.9449096999999984,0.023701476666666638,0.02376016153846154,0.023581090588235293
144,0.023732,1553947200,0.02392375,0.02373,0.02388741,18.41591882,0.43899707,0.02383791,1.4918068666666702,2.8430949384615394,3.916705862647057,0.023745319999999973,0.023762696153846154,0.02360630529411764
145,0.02376148,1553954400,0.02388706,0.023731,0.023732,17.56271259,0.41798101,0.02379934,1.3220237700000035,1.9985642576923084,3.28584164970588,0.023805729999999973,0.023760134615384617,0.02362135294117647
146,0.02358992,1553961600,0.02385999,0.02358991,0.02385999,10.3605715,0.2450994,0.02365693,0.3673591600000036,1.9104861430769238,2.776700869117645,0.02369446666666664,0.023736793076923078,0.023623295588235293
147,0.02417449,1553968800,0.02417449,0.02358992,0.02359,134.78867038,3.23588112,0.02400707,1.2996538433333369,2.005058846923078,2.7536051099999983,0.02384196333333331,0.023765619230769232,0.02365008882352941
148,0.02442005,1553976000,0.0245,0.02401023,0.02418,297.14554844,7.23330636,0.02434263,3.571428960000004,2.0064873015384626,2.8056988482352923,0.024061486666666642,0.023809466153846152,0.023684607352941176
149,0.02446005,1553983200,0.02453711,0.02442406,0.02449695,174.37965597,4.26831891,0.02447716,4.912502130000004,2.0443667400000014,2.885986302058822,0.024351529999999972,0.023860721538461534,0.023722330588235294
150,0.02464999,1553990400,0.02464999,0.02429295,0.02443007,24.90163231,0.610041,0.02449803,4.037222090000004,1.8674587792307702,2.8363726820588218,0.02451002999999997,0.023914881538461535,0.023765859411764706
151,0.02523501,1553997600,0.02543879,0.02462189,0.02462189,1180.2637016,29.6578973,0.02512819,11.51208573666667,4.124190931538463,3.695573409999998,0.024781683333333304,0.024030209230769227,0.023825762352941177
152,0.02506737,1554004800,0.0256575,0.02506737,0.02525019,442.6187162,11.24917919,0.02541505,13.839039163333338,4.90033712846154,3.9437952452941154,0.024984123333333306,0.02414093692307692,0.02388284441176471
153,0.02530893,1554012000,0.02530893,0.02493421,0.02506737,261.54614789,6.54018425,0.02500585,15.815753580000004,5.335298083076923,4.0913217426470565,0.025203769999999973,0.024269516923076922,0.023942258235294122
154,0.02552101,1554019200,0.0256,0.02527831,0.02527831,357.03419825,9.11242418,0.02552255,8.967262540000004,5.9265948707692315,4.351554131176468,0.025299103333333305,0.02441725076923077,0.024009032058823532
155,0.02583742,1554026400,0.02583742,0.02549203,0.02552001,365.48532593,9.36163088,0.02561424,8.338079770000006,6.575387223076925,4.6022312911764685,0.025555786666666636,0.02459087923076923,0.02408449441176471
156,0.02572501,1554033600,0.026,0.02556171,0.02581005,196.417868,5.07530016,0.02583929,7.849785073333339,6.726633910000002,4.536506022941175,0.025694479999999964,0.024729440769230768,0.02415052382352942
157,0.02567,1554040800,0.02585,0.02556298,0.02573001,205.72369111,5.29780875,0.02575205,6.578246596666673,7.1003886546153865,4.647158399411763,0.0257441433333333,0.024878517692307697,0.0242107405882353
158,0.0267301,1554048000,0.02685028,0.02556013,0.02565148,1390.77682126,36.82162397,0.02647558,15.731577626666672,9.900668882307693,5.58518852470588,0.026041703333333294,0.025106873076923077,0.024292630000000006
159,0.02646108,1554055200,0.02681,0.02628456,0.0267301,323.44500546,8.60030091,0.02658968,16.906577876666674,10.543376690769232,5.80297330852941,0.026287059999999963,0.025327731538461542,0.024372910000000005
160,0.02653854,1554062400,0.02689999,0.02634029,0.02646108,196.70850292,5.20844877,0.026478,16.876791216666675,10.695112663846155,5.7415650232352915,0.026576573333333298,0.025509581538461543,0.02444714352941177
161,0.02689106,1554069600,0.02696413,0.02654,0.02654038,411.70646138,11.07014631,0.02688844,8.292965330000008,10.99025419846154,6.0479552729411745,0.026630226666666628,0.02569965923076924,0.024535825588235298
162,0.02719,1554076800,0.02719,0.02649601,0.02689106,1136.29974764,30.57202101,0.02690489,15.616872030000009,13.013615898461541,6.899566262058821,0.026873199999999958,0.025909655384615392,0.02463479676470589
163,0.02799446,1554084000,0.02829,0.02700054,0.02719,2033.28521027,56.28129765,0.02767998,32.641154990000004,17.29602025615385,8.492573567941175,0.027358506666666626,0.026166922307692315,0.024756098235294125
164,0.028997,1554091200,0.0289999,0.02782821,0.02809999,1160.01438188,32.93516371,0.02839203,39.929494123333335,17.548117672307697,9.201980400294117,0.028060486666666624,0.02645630615384616,0.024906972647058833
165,0.02842196,1554098400,0.0289419,0.02831395,0.0289419,536.13788691,15.31418395,0.02856389,34.84354843666667,17.860810346153848,9.590249205588234,0.02847113999999996,0.026714351538461547,0.025045881764705888
166,0.02854185,1554105600,0.02868005,0.02842192,0.0285,311.66294107,8.890262,0.02852524,19.04653655333334,18.04158555769231,9.516525150882352,0.028653603333333295,0.0269630376923077,0.02518550147058824
167,0.02787703,1554112800,0.02863466,0.02757935,0.02860005,2094.40899491,58.37508534,0.02787186,27.526510430000005,21.831021031538462,11.19255369352941,0.028280279999999963,0.02714427000000001,0.02530266823529412
168,0.02767,1554120000,0.02806644,0.02761783,0.02787703,434.46249721,12.07296486,0.02778827,26.446104066666674,22.039585183846157,11.488628072647058,0.02802962666666663,0.027285237692307705,0.025416499117647064
169,0.02731,1554127200,0.02768403,0.0267,0.02768403,1631.11599288,44.26642177,0.02713873,38.23815732333333,25.05428684615385,12.578383523235296,0.02761900999999996,0.02740716000000001,0.025518262647058827
170,0.0271,1554134400,0.02735158,0.02706601,0.02731,558.06993705,15.14118795,0.02713134,23.826858193333333,25.81146986153847,12.91265710382353,0.027359999999999964,0.027517160000000016,0.025615505882352944
171,0.02684,1554141600,0.02711002,0.02680001,0.0271,397.62825193,10.72822785,0.02698054,23.37861252333333,23.80428554461539,13.142609555588237,0.027083333333333296,0.02752561384615386,0.025700626176470592
172,0.02723,1554148800,0.02733445,0.02680481,0.02684,447.57165734,12.13878295,0.02712142,12.669399583333329,24.076476470769236,13.490209662352942,0.02705666666666663,0.02758476153846155,0.025803398235294123
173,0.0272333,1554156000,0.02739233,0.02717828,0.02723003,375.50882388,10.22810359,0.02723798,11.03170479666666,24.462603764615388,13.756939808235295,0.027101099999999965,0.027638204615384628,0.025909439117647065
174,0.0275,1554163200,0.0275,0.02718284,0.02723332,613.59030358,16.82909927,0.02742725,13.065328603333327,24.90560014615385,14.225863556176472,0.027321099999999963,0.027685046153846166,0.026023045294117652
175,0.02680003,1554170400,0.02773762,0.02671,0.0275084,828.02848271,22.70498778,0.02742053,16.587396879999993,24.300443743846156,14.851728904411766,0.02717777666666663,0.027655048461538472,0.026117150000000006
176,0.02513333,1554177600,0.02715503,0.02400003,0.02682408,6456.25433633,162.45796054,0.02516288,67.33068252999999,32.46787935076923,19.60262979382353,0.026477786666666628,0.02743496153846155,0.026162828823529414
177,0.02550994,1554184800,0.02594826,0.02505,0.02513333,1510.52249293,38.40437638,0.02542456,74.52244156666666,32.888588017692314,20.640726357058828,0.025814433333333293,0.027166726153846167,0.026209482647058826
178,0.02554259,1554192000,0.02580302,0.02531899,0.02550991,2447.32308003,62.2458931,0.02543427,87.70274333999998,36.49871949076923,22.45857624029412,0.025395286666666628,0.026945236153846162,0.02626273529411765
179,0.02572,1554199200,0.02624085,0.02545327,0.02550172,556.79940748,14.46519165,0.02597917,38.371820376666655,36.927560233076925,22.871729494411767,0.025590843333333294,0.026728170769230782,0.026320338823529413
180,0.02616001,1554206400,0.02627545,0.02563,0.02565231,144.30965351,3.75062016,0.02599008,26.82056830333332,32.725678296153845,22.974833046176478,0.025807533333333296,0.026596092307692318,0.026395929705882355
181,0.02540895,1554213600,0.02635333,0.0254,0.02616003,456.34046859,11.71353189,0.0256684,9.976447899999988,32.698029606153845,23.224175715882357,0.025762986666666626,0.026422165384615393,0.026432237352941174
182,0.02583772,1554220800,0.02588396,0.02537681,0.02540895,750.38529373,19.23275889,0.02563051,11.565636979999987,30.772363230769233,23.57710079029412,0.025802226666666633,0.026308913076923086,0.026473933529411763
183,0.02588662,1554228000,0.02594,0.02572955,0.025837,242.92608792,6.28958806,0.02589095,12.411959613333321,30.09147093153846,23.636549882941182,0.02571109666666663,0.02621557615384616,0.02651589147058823
184,0.02576999,1554235200,0.02588662,0.02547059,0.02588662,286.00894667,7.31087998,0.02556171,10.944408976666656,29.828598018461534,23.833633382352946,0.0258314433333333,0.026133267692307702,0.02654883264705882
185,0.02542132,1554242400,0.02579449,0.02539003,0.02569646,228.89468373,5.87850321,0.02568213,6.492990416666655,29.347038038461537,23.13423943852942,0.025692643333333303,0.025994138461538474,0.026554312352941173
186,0.02560003,1554249600,0.02599283,0.02526475,0.02537016,550.34567902,14.14932556,0.02570988,9.112902916666656,29.648670497692308,23.219537861176477,0.0255971133333333,0.025868502307692318,0.02656997882352941
187,0.02650594,1554256800,0.02767,0.02559694,0.02559696,2092.10732304,55.66369264,0.02660651,25.230507136666656,32.635946910769235,24.664346931470593,0.025842429999999972,0.025792036153846162,0.026605184999999996
188,0.02610963,1554264000,0.02672369,0.0251651,0.02646027,1825.7210322,47.44916264,0.02598927,39.08739361333332,34.53934497692308,25.791898062647068,0.026071866666666638,0.025738928461538472,0.02662249735294117
189,0.0260702,1554271200,0.0266,0.02573807,0.02604001,1999.48269831,52.46234801,0.02623796,51.858401096666654,26.078144013076926,27.059566213529422,0.026228589999999972,0.025810995384615395,0.02662934382352941
190,0.02649304,1554278400,0.0266,0.0254117,0.0260702,3745.66366933,96.99692922,0.02589579,65.63614662333332,30.585263462307694,29.763143538823538,0.026224289999999973,0.02588661846153847,0.026651932941176466
191,0.02699897,1554285600,0.02714999,0.0264957,0.0264957,241.32336251,6.48350597,0.02686646,51.980927733333324,26.29584906769231,29.7980169864706,0.026520736666666638,0.025998647692307704,0.026691020294117643
192,0.02682144,1554292800,0.02742098,0.02674,0.02699401,682.36251308,18.55155068,0.02718723,40.677328623333324,26.61018437769231,29.260661889705897,0.02677114999999997,0.026083373846153855,0.026693706764705876
193,0.02654,1554300000,0.02687999,0.02648018,0.02677,376.66308797,10.0357302,0.02664378,11.69026228333332,27.093654380769234,29.30288039823531,0.026786803333333303,0.026112603846153857,0.026696027941176464
194,0.02624462,1554307200,0.02681,0.026,0.02654,829.08601295,21.95443709,0.02648028,16.84723932333332,27.88141631923077,29.795409466470602,0.026535353333333303,0.026176886153846165,0.026687383235294113
195,0.02660021,1554314400,0.02668293,0.02579003,0.02627255,4448.13822934,117.64169128,0.0264474,49.877286189999985,35.45133419538461,32.929866671470606,0.02646160999999997,0.026235539230769243,0.02667882882352941
196,0.02552435,1554321600,0.02676231,0.02532001,0.02660005,1104.89063314,28.95497707,0.02620619,56.18370181333333,37.194825657692306,32.88230655558825,0.026123059999999965,0.026207672307692317,0.026629839117647054
197,0.0249575,1554328800,0.02554121,0.02462001,0.02534909,1173.27645564,29.45233515,0.02510263,58.68300116666666,38.89801451692308,32.09321942323531,0.025694019999999967,0.026145173076923087,0.02654051676470588
198,0.02528495,1554336000,0.02571563,0.0246,0.0249629,478.80823208,11.90469495,0.02486317,23.43733572333333,39.361567727692304,31.474676224411777,0.025255599999999965,0.026134683076923088,0.026431338823529407
199,0.02555436,1554343200,0.02555436,0.02501275,0.02528495,112.42197052,2.834395,0.0252121,14.73047503333333,38.49118845384615,31.10762360823531,0.0252656033333333,0.026131170000000013,0.026346997647058817
200,0.02574,1554350400,0.02587,0.02548307,0.02552002,197.8367541,5.07385928,0.02564669,6.6043164099999965,34.59966281076923,30.995376469411788,0.025526436666666635,0.026072251538461547,0.02626459029411764
201,0.02590671,1554357600,0.02629684,0.02561401,0.02574,281.99663357,7.31566985,0.0259424,5.074641376666663,31.512471057692306,29.493628955000023,0.025733689999999965,0.026056642307692317,0.02620663970588235
202,0.02533243,1554364800,0.026,0.02533243,0.02589576,84.39583687,2.17534976,0.02577555,4.854959629999996,27.64424042307692,29.202522628529437,0.025659713333333303,0.02599989076923078,0.026137887647058818
203,0.02532178,1554372000,0.0257,0.02521779,0.02532934,75.34804723,1.91345375,0.02539486,3.8014911199999957,20.330126925384608,27.956847098529437,0.025520306666666635,0.02590979384615386,0.02607941058823529
204,0.02522777,1554379200,0.02532178,0.0250112,0.02532178,103.63607827,2.61021805,0.02518638,2.2330071866666623,20.032181700769225,27.588289160294142,0.025293993333333303,0.0257735476923077,0.026024344999999994
205,0.02525001,1554386400,0.02539247,0.02516001,0.02523004,737.30759333,18.65746755,0.02530486,7.727046449999996,20.040329152307685,27.82150209264708,0.02526651999999997,0.02565266846153847,0.02597758058823529
206,0.02491488,1554393600,0.02525001,0.02457028,0.02525001,727.99625946,18.25073843,0.02506982,13.172808009999995,20.672252862307687,28.00126548911767,0.025130886666666633,0.025527659230769238,0.02590948882352941
207,0.0251,1554400800,0.02519,0.02475826,0.02486247,228.15240664,5.70489868,0.02500477,14.204368219999994,19.422288369230763,27.86823005058826,0.025088296666666635,0.025439611538461547,0.02584674470588235
208,0.02495393,1554408000,0.02513464,0.02483004,0.02501522,58.93277869,1.47373347,0.02500702,8.476456859999994,10.486291614615379,27.416601644705903,0.0249896033333333,0.025312974615384624,0.025771860294117644
209,0.02510358,1554415200,0.02513464,0.02488151,0.02495143,62.3979457,1.5608197,0.02501395,2.913150616666661,8.379048739999995,26.794714348235317,0.0250525033333333,0.0252806076923077,0.025721964705882353
210,0.02543299,1554422400,0.0255,0.02510358,0.02510358,580.0092218,14.64805306,0.02525486,5.894202076666661,7.240257809999994,22.447364128235314,0.025163499999999967,0.025317183846153852,0.025730778235294117
211,0.02559931,1554429600,0.02572525,0.02529,0.02530451,57.3418969,1.46037734,0.02546789,5.889750033333328,6.436848763076916,21.360775921176494,0.025378626666666636,0.025341365384615393,0.025733406764705886
212,0.0261522,1554436800,0.02620967,0.02510358,0.02559931,636.70905917,16.50956089,0.02592952,10.872663763333328,7.488784600769224,20.015589679705904,0.025728166666666635,0.025387353076923084,0.025751336470588235
213,0.02569091,1554444000,0.02617834,0.02558002,0.02603415,182.12013539,4.716623,0.02589841,7.56218707666666,7.46130488692307,19.728867072352966,0.025814139999999968,0.025383576923076932,0.025750480882352943
214,0.0262983,1554451200,0.0266,0.02569131,0.02569131,641.27648814,16.8085424,0.02621106,12.67824209666666,8.191525852307686,20.11292360882355,0.026047136666666634,0.025413699230769242,0.02575454823529412
215,0.02657108,1554458400,0.02671,0.02624413,0.0262983,187.01786389,4.96358818,0.02654071,8.829584526666661,8.406005730769225,19.91439585264708,0.026186763333333297,0.02550898000000001,0.025788728529411765
216,0.02639567,1554465600,0.0266927,0.02631,0.02665677,143.2816022,3.78874478,0.02644264,8.520291786666661,8.550258886923071,19.460160143529432,0.026421683333333296,0.02559158692307693,0.025805138823529413
217,0.02612662,1554472800,0.02654699,0.0258,0.02647646,1687.81635289,43.97688105,0.02605548,17.576404669999995,11.732309886923073,20.56860993735296,0.026364456666666633,0.025660729230769237,0.025812197647058825
218,0.0261113,1554480000,0.02628,0.02596,0.02605,85.34859156,2.23116836,0.02614182,16.665598063333327,10.468748410769225,20.419206654411784,0.026211196666666634,0.02572698230769232,0.025822236176470587
219,0.02604605,1554487200,0.02634645,0.02604454,0.02612005,68.10061764,1.787384,0.02624622,15.998477803333328,9.202336531538457,20.29887961882355,0.026094656666666636,0.02581399538461539,0.025840610588235297
220,0.026368,1554494400,0.02642897,0.02605,0.02605,99.01678006,2.60590705,0.02631783,2.2081531366666596,8.963952559999994,19.959367309705904,0.026175116666666637,0.025911533846153852,0.02586319794117647
221,0.02644002,1554501600,0.02644002,0.02621299,0.02637746,31.35023509,0.82726198,0.02638774,1.7401843433333264,8.91422398384615,18.34653111382355,0.02628468999999997,0.026025848461538468,0.02586125911764706
222,0.02640766,1554508800,0.0266,0.02633,0.02644007,34.99743057,0.92672557,0.02647981,1.453298199999993,8.865447512307687,16.97822414117649,0.02640522666666664,0.02612616230769231,0.025870024705882358
223,0.02613054,1554516000,0.02646967,0.02603432,0.02646967,73.85248392,1.93235525,0.02616506,1.2287809333333266,7.887316911538457,15.49204788352943,0.0263260733333333,0.026179820000000003,0.02587179941176471
224,0.02614797,1554523200,0.0262,0.02603363,0.0262,92.27597975,2.41111888,0.02612943,1.7567332333333265,7.960450876153843,12.710112285294137,0.026228723333333297,0.026222024615384622,0.025861650294117654
225,0.02642338,1554530400,0.02667,0.02600002,0.02603422,326.00446693,8.58602866,0.02633715,4.309834263333326,7.350948396923073,12.771951187941196,0.026233963333333294,0.02624288461538462,0.025844721176470596
226,0.02622,1554537600,0.02655539,0.02622,0.02642338,89.1348129,2.35297643,0.02639795,4.450041323333326,7.169129429999996,12.295522533529432,0.02626378333333329,0.02628358384615385,0.02582703176470589
227,0.02609616,1554544800,0.02626767,0.02605,0.02622,86.87456511,2.2752257,0.02618977,4.40474359666666,6.051181991538457,12.067272401176492,0.026246513333333294,0.02626803461538462,0.025813977647058832
228,0.02629703,1554552000,0.02639683,0.02609606,0.02609647,42.64125799,1.12078404,0.02628402,1.9163287233333264,5.755581673076919,11.454517899705904,0.02620439666666663,0.02624695384615385,0.025815519117647068
229,0.02624808,1554559200,0.02645,0.0262,0.02621497,471.1420076,12.4232942,0.02636847,5.273101313333327,6.419777782307689,8.359859162058843,0.026213756666666633,0.026235600769230774,0.025805162352941186
230,0.02605,1554566400,0.02629989,0.0259479,0.02627123,1433.25263652,37.51427639,0.02617422,17.01945154333333,5.922654346923073,8.611603259705904,0.02619836999999997,0.02622970692307693,0.025820622647058835
231,0.02600995,1554573600,0.02608153,0.02592814,0.02605,89.99169303,2.34053602,0.02600835,17.426035536666664,5.93106724384615,7.814197402941197,0.02610267666666664,0.026221910769230774,0.02585157705882354
232,0.02588052,1554580800,0.02619062,0.0258,0.02601,147.14603639,3.81543971,0.02592961,14.556750706666662,6.087071529230766,7.576278131176491,0.025980156666666643,0.0262091776923077,0.02586909382352942
233,0.02592424,1554588000,0.02605452,0.02592424,0.02593582,1.14730614,0.02981402,0.0259861,2.0619299166666636,5.888910526923074,7.493790455294139,0.025938236666666642,0.026175042307692315,0.025879972647058835
234,0.02629999,1554595200,0.02629999,0.02587703,0.02592424,42.83697432,1.11449248,0.02601706,1.6532487366666635,5.911005180769227,7.377338490588256,0.02603491666666664,0.026164270769230776,0.025896442941176483
235,0.02595,1554602400,0.02631705,0.02595,0.02629999,35.06810409,0.91899412,0.02620598,0.6877668733333301,5.91041045384615,7.189200969117668,0.026058076666666638,0.026129066153846157,0.025897716176470603
236,0.02593245,1554609600,0.02599991,0.02584331,0.02594373,86.12454991,2.23136257,0.02590855,1.421616389999997,5.933411016923073,7.190848404705903,0.026060813333333304,0.026113828461538466,0.025915363823529425
237,0.02591,1554616800,0.02614,0.0258748,0.02594003,21.18375113,0.55036167,0.02598036,1.2335727866666637,5.790275846923072,7.150757461176491,0.025930816666666637,0.02609552307692308,0.02593266441176472
238,0.02617451,1554624000,0.02617451,0.02591,0.02591001,6.31287989,0.16439416,0.02604107,0.9820394666666635,5.142457808461534,7.078821464411786,0.026005653333333306,0.026076379230769234,0.02596050970588237
239,0.02598253,1554631200,0.02626854,0.02598252,0.02617451,42.98037874,1.12702929,0.02622194,0.6139283733333304,5.048154182307688,6.5632203391176684,0.02602234666666664,0.026058112307692307,0.02598205441176472
240,0.0258877,1554638400,0.02604945,0.0258877,0.02598253,2.53625746,0.06578885,0.02593934,0.452404099999997,4.878197501538458,6.028368880882374,0.026014913333333306,0.026042076923076925,0.026010666764705898
241,0.02590395,1554645600,0.02592858,0.02577112,0.02588,183.37363581,4.73682438,0.02583154,1.9765475066666636,5.156354450769227,5.999896107352961,0.025924726666666637,0.026011840000000005,0.02603431235294119
242,0.02594001,1554652800,0.02596719,0.02578618,0.02590171,66.57292328,1.72032293,0.02584118,2.17431205333333,4.333048968461534,6.007148738529431,0.025910553333333305,0.02598814230769231,0.026063314705882367
243,0.02598014,1554660000,0.0261,0.02593405,0.02594,63.71924374,1.65770991,0.02601584,2.7049524066666635,1.5748515469230722,6.009998450588255,0.025941366666666636,0.025982768461538464,0.026089095882352954
244,0.02598325,1554667200,0.02610998,0.02589599,0.02609344,212.61724673,5.546266,0.02608568,2.9747662799999968,1.821446160769226,5.742298831176491,0.02596779999999997,0.025980714615384617,0.026105280000000015
245,0.02606208,1554674400,0.02612559,0.02580001,0.02598325,438.06921473,11.37758317,0.02597211,6.193853026666663,2.4031495038461492,6.0339813555882555,0.02600848999999997,0.02599468076923077,0.026118890882352953
246,0.02604586,1554681600,0.02629,0.02600244,0.02608897,333.15891587,8.73721756,0.02622537,8.553688909999996,3.072949776153841,5.805383022352962,0.02603039666666664,0.026004036153846152,0.02611576323529413
247,0.02597936,1554688800,0.02614983,0.02588264,0.02604602,360.90828887,9.39773121,0.02603911,9.837510646666663,3.710121986153841,5.943062675588256,0.026029099999999975,0.02597937230769231,0.026124247058823543
248,0.02598963,1554696000,0.02603599,0.0259,0.02597846,304.84842566,7.90979422,0.02594664,8.681580996666662,4.2478758399999945,5.681334787941197,0.026004949999999975,0.025982420769230765,0.02611516852941178
249,0.0258,1554703200,0.0260292,0.0258,0.02598886,151.34455826,3.90966622,0.02583288,7.072397216666663,4.376976120769225,5.650337083235315,0.025922996666666642,0.025972232307692304,0.02609248970588237
250,0.02557701,1554710400,0.02591996,0.025577,0.02579589,456.11643327,11.71283019,0.02567947,7.844096876666662,5.23562754538461,5.883398418823551,0.025788879999999976,0.025946617692307692,0.026068411470588252
251,0.02557501,1554717600,0.02576294,0.0255,0.02557701,123.02073694,3.14218977,0.02554195,6.254895393333328,5.464688746153841,4.682378087058844,0.025650673333333308,0.025900502307692308,0.026052187647058838
252,0.02598189,1554724800,0.02602922,0.0255,0.025575,43.95339467,1.12810154,0.02566585,5.327707166666661,5.464771226923072,4.649934945294138,0.02571130333333331,0.025900453076923076,0.02604838147058825
