,close,date,high,low,open,quoteVolume,volume,weightedAverage,avg_vol_3,avg_vol_13,avg_vol_34,avg_close_3,avg_close_13,avg_close_34
0,0.0002591,1549155674,0.0002591,0.0002591,0.0002591,0.0,0.0,0.0002591,-99999.0,-99999.0,-99999.0,-99999.0,-99999.0,-99999.0
1,0.00025602,1549159200,0.00025912,0.00025602,0.0002591,227.47429243,0.05888928,0.00025888,-99999.0,-99999.0,-99999.0,-99999.0,-99999.0,-99999.0
2,0.000261,1549166400,0.000261,0.0002535,0.0002535,178.972515,0.04660966,0.00026042,0.03516631333333333,-99999.0,-99999.0,0.0002587066666666666,-99999.0,-99999.0
3,0.000265,1549173600,0.00026553,0.000261,0.000261,389.49626546,0.10260982,0.00026344,0.06936958666666666,-99999.0,-99999.0,0.0002606733333333333,-99999.0,-99999.0
4,0.000263,1549180800,0.00026501,0.000263,0.00026501,358.30752086,0.094738,0.0002644,0.08131916,-99999.0,-99999.0,0.000263,-99999.0,-99999.0
5,0.00026829,1549188000,0.00026829,0.000263,0.000263,186.88461422,0.04947609,0.00026474,0.08227463666666668,-99999.0,-99999.0,0.00026543000000000004,-99999.0,-99999.0
6,0.00026827,1549195200,0.00026827,0.00026216,0.00026527,246.36410042,0.06469842,0.00026261,0.06963750333333335,-99999.0,-99999.0,0.00026651999999999996,-99999.0,-99999.0
7,0.00026328,1549202400,0.00026329,0.00026248,0.00026248,13.405,0.00352769,0.00026316,0.039234066666666685,-99999.0,-99999.0,0.00026661333333333334,-99999.0,-99999.0
8,0.00026328,1549209600,0.00026328,0.00026328,0.00026328,0.0,0.0,0.00026328,0.022742036666666684,-99999.0,-99999.0,0.00026494333333333333,-99999.0,-99999.0
9,0.00026858,1549216800,0.00026858,0.00026218,0.00026218,175.07219073,0.04681301,0.00026739,0.01678023333333335,-99999.0,-99999.0,0.0002650466666666667,-99999.0,-99999.0
10,0.0002708,1549224000,0.0002708,0.00026858,0.00026858,42.91962526,0.01162228,0.00027079,0.019478430000000015,-99999.0,-99999.0,0.0002675533333333334,-99999.0,-99999.0
11,0.00026529,1549231200,0.0002708,0.00026529,0.0002708,29.53707534,0.00794905,0.00026912,0.02212811333333335,-99999.0,-99999.0,0.00026822333333333337,-99999.0,-99999.0
12,0.00027256,1549238400,0.00027256,0.000266,0.000266,444.79651237,0.12053176,0.00027098,0.04670103000000001,0.04672808153846154,-99999.0,0.0002695500000000001,0.0002649592307692307,-99999.0
13,0.00026572,1549245600,0.0002669,0.00026572,0.0002669,25.5613919,0.00680331,0.00026615,0.04509470666666668,0.04725141307692308,-99999.0,0.0002678566666666667,0.0002654684615384615,-99999.0
14,0.000264,1549252800,0.00026521,0.000264,0.00026521,4.0311235,0.00106629,0.00026451,0.04280045333333334,0.04280349076923077,-99999.0,0.0002674266666666668,0.00026608230769230767,-99999.0
15,0.00024927,1549260000,0.00026216,0.00024613,0.00026216,528.50309761,0.13252932,0.00025076,0.04679964000000001,0.04941269538461538,-99999.0,0.0002596633333333334,0.00026517999999999995,-99999.0
16,0.000257,1549267200,0.000257,0.00025671,0.00025671,62.6275804,0.01609524,0.00025699,0.049896950000000016,0.042757727692307686,-99999.0,0.00025675666666666677,0.0002645646153846153,-99999.0
17,0.00026039,1549274400,0.00026039,0.000257,0.00025701,15.2778005,0.00393307,0.00025743,0.050852543333333354,0.03577273307692307,-99999.0,0.0002555533333333334,0.0002643638461538461,-99999.0
18,0.000257,1549281600,0.000257,0.000257,0.000257,20.50930224,0.00527089,0.000257,0.008433066666666683,0.032372333076923075,-99999.0,0.0002581300000000001,0.0002634953846153845,-99999.0
19,0.00026039,1549288800,0.00026039,0.00026038,0.00026038,65.07153598,0.01694339,0.00026038,0.00871578333333335,0.02869886923076923,-99999.0,0.0002592600000000001,0.0002628892307692307,-99999.0
20,0.00026039,1549296000,0.00026039,0.00026039,0.00026039,0.3840045,9.999e-05,0.00026039,0.007438090000000018,0.028435199999999994,-99999.0,0.00025926000000000004,0.000262666923076923,-99999.0
21,0.000261,1549303200,0.000261,0.00026056,0.00026056,12.53420091,0.00326948,0.00026084,0.00677095333333335,0.028686698461538453,-99999.0,0.00026059333333333336,0.0002624915384615384,-99999.0
22,0.00025912,1549310400,0.0002604,0.00025604,0.0002604,11.28614382,0.00289668,0.00025665,0.0020887166666666832,0.025308519230769225,-99999.0,0.00026017000000000005,0.0002617638461538461,-99999.0
23,0.0002605,1549317600,0.0002605,0.0002605,0.0002605,2.51100642,0.00065411,0.0002605,0.00227342333333335,0.02446481384615384,-99999.0,0.0002602066666666667,0.00026097153846153836,-99999.0
24,0.00025912,1549324800,0.00025912,0.00025912,0.00025912,51.56690752,0.01336201,0.00025912,0.005637600000000018,0.024881195384615376,-99999.0,0.0002595800000000001,0.000260496923076923,-99999.0
25,0.00025912,1549332000,0.00025912,0.00025912,0.00025912,0.0,0.0,0.00025912,0.004672040000000018,0.01560952153846153,-99999.0,0.0002595800000000001,0.00025946307692307683,-99999.0
26,0.00024867,1549339200,0.00026094,0.00024867,0.0002605,106.31754896,0.02704324,0.00025436,0.013468416666666684,0.017166439230769222,-99999.0,0.00025563666666666675,0.00025815153846153835,-99999.0
27,0.0002524,1549346400,0.0002524,0.00024998,0.00024998,12.93431339,0.00323499,0.0002501,0.01009274333333335,0.017333262307692297,-99999.0,0.0002533966666666667,0.0002572592307692306,-99999.0
28,0.0002524,1549353600,0.0002524,0.0002524,0.0002524,0.0,0.0,0.0002524,0.01009274333333335,0.007138699230769221,-99999.0,0.00025115666666666674,0.00025749999999999986,-99999.0
29,0.0002524,1549360800,0.0002524,0.0002524,0.0002524,0.0,0.0,0.0002524,0.0010783300000000173,0.005900603846153836,-99999.0,0.0002524000000000001,0.0002571461538461537,-99999.0
30,0.0002524,1549368000,0.0002524,0.0002524,0.0002524,0.0,0.0,0.0002524,1.734723475976807e-17,0.00559805999999999,-99999.0,0.00025240000000000006,0.00025653153846153827,-99999.0
31,0.0002524,1549375200,0.0002524,0.0002524,0.0002524,0.0,0.0,0.0002524,1.734723475976807e-17,0.005192606923076913,-99999.0,0.00025240000000000006,0.00025617769230769214,-99999.0
32,0.00024773,1549382400,0.00024861,0.00024717,0.00024861,57.60870044,0.01427239,0.00024774,0.0047574633333333505,0.004987145384615374,-99999.0,0.00025084333333333337,0.00025520384615384595,-99999.0
33,0.00024581,1549389600,0.00024774,0.00024525,0.00024612,202.92766703,0.050082,0.00024679,0.02145146333333335,0.008831915384615375,0.026618278235294123,0.0002486466666666667,0.0002540823076923075,0.0002594617647058824
34,0.00024581,1549396800,0.00024581,0.00024581,0.00024581,0.0,0.0,0.00024581,0.02145146333333335,0.008580416923076912,0.026618278235294123,0.00024645,0.00025291384615384595,0.0002590708823529413
35,0.00024612,1549404000,0.00025617,0.00024612,0.00024908,21.73481924,0.00542743,0.00024971,0.01850314333333335,0.008775089999999989,0.025045870882352946,0.0002459133333333333,0.000251913846153846,0.00025877970588235305
36,0.00024612,1549411200,0.00024612,0.00024612,0.00024612,0.0,0.0,0.00024612,0.0018091433333333508,0.008724773846153836,0.023674998529411767,0.0002460166666666667,0.0002508076923076921,0.00025834205882352954
37,0.00024861,1549418400,0.00024861,0.00024861,0.00024861,1309.98499588,0.32567536,0.00024861,0.11036759666666669,0.032748877692307686,0.030235749705882355,0.00024695000000000007,0.0002499992307692306,0.0002578600000000001
38,0.00025403,1549425600,0.00025403,0.00024663,0.00024663,284.12348557,0.07083877,0.00024932,0.1321713766666667,0.03819801384615384,0.029532831176470587,0.0002495866666666667,0.0002496076923076922,0.0002575961764705884
39,0.00025402,1549432800,0.00025403,0.00025381,0.00025381,265.79300616,0.06747928,0.00025387,0.15466447000000003,0.04130847846153845,0.03006233676470588,0.00025222,0.00025001923076923064,0.00025717647058823545
40,0.00025919,1549440000,0.0002656,0.00024855,0.00024855,494.45589138,0.1275843,0.00025802,0.08863411666666667,0.050873809999999985,0.03191192147058824,0.00025574666666666664,0.00025054153846153834,0.00025690941176470603
41,0.00024817,1549447200,0.0002592,0.00024817,0.0002592,123.93201654,0.03088668,0.00024922,0.07531675333333333,0.05324970846153844,0.03271659764705882,0.00025379333333333336,0.00025021615384615374,0.0002564650000000002
42,0.00025323,1549454400,0.00025323,0.00025189,0.00025189,5.01790679,0.0012671,0.00025251,0.05324602666666667,0.05334717769230767,0.03275386529411765,0.00025353,0.0002502799999999999,0.0002561694117647061
43,0.00025323,1549461600,0.00025323,0.00025323,0.00025323,0.0,0.0,0.00025323,0.010717926666666664,0.05334717769230767,0.03137701205882353,0.0002515433333333333,0.0002503438461538461,0.00025571794117647083
44,0.00024811,1549468800,0.00024965,0.00024811,0.00024965,34.06051489,0.00849223,0.00024932,0.0032531099999999987,0.054000426153846134,0.03128495176470588,0.00025152333333333324,0.0002500138461538461,0.00025505058823529434
45,0.00024811,1549476000,0.00024811,0.00024811,0.00024811,0.0,0.0,0.00024811,0.002830743333333332,0.05290254999999998,0.03105115617647059,0.00024981666666666657,0.0002500430769230769,0.0002545452941176473
46,0.00025208,1549483200,0.00025208,0.00025183,0.00025183,3.98528549,0.00100394,0.00025191,0.003165389999999999,0.049127314615384596,0.02753563205882353,0.0002494333333333332,0.0002505253846153846,0.0002539429411764708
47,0.00024799,1549490400,0.00025177,0.00024799,0.00024805,8.0694147,0.00201137,0.00024925,0.0010051033333333323,0.04928203538461536,0.02739469264705882,0.0002493933333333332,0.0002506930769230769,0.0002534214705882355
48,0.00024908,1549497600,0.00024908,0.00024549,0.00024799,16.77868679,0.00412122,0.00024562,0.002378843333333332,0.04918155769230767,0.027484543529411765,0.00024971666666666657,0.0002509207692307692,0.00025298264705882374
49,0.00024908,1549504800,0.00024908,0.00024908,0.00024908,0.0,0.0,0.00024908,0.0020441966666666657,0.04918155769230767,0.023586622352941178,0.00024871666666666654,0.00025114846153846156,0.00025297705882352964
50,0.00024908,1549512000,0.00024908,0.00024908,0.00024908,0.0,0.0,0.00024908,0.001373739999999999,0.0241296069230769,0.023113232941176474,0.0002490799999999999,0.0002511846153846154,0.0002527441176470591
51,0.00024908,1549519200,0.00024908,0.00024908,0.00024908,0.0,0.0,0.00024908,0.0,0.018680470769230746,0.02299755441176471,0.0002490799999999999,0.0002508038461538461,0.0002524114705882356
52,0.00025549,1549526400,0.00025549,0.00024908,0.00024908,5.38618166,0.0013657,0.00025355,0.0004552333333333322,0.013594810769230747,0.022882695882352946,0.00025121666666666655,0.00025091692307692307,0.0002523670588235297
53,0.00025527,1549533600,0.00027,0.00025349,0.00025781,317.91850985,0.0839926,0.00026419,0.028452766666666667,0.010241603076923051,0.024854731470588236,0.0002532799999999998,0.0002506153846153846,0.00025221647058823563
54,0.0002512,1549540800,0.00025227,0.0002512,0.00025227,5.6523367,0.00142125,0.00025144,0.028926516666666666,0.007975031538461515,0.024893592058823532,0.00025398666666666647,0.00025084846153846155,0.0002519461764705886
55,0.00025705,1549548000,0.00025705,0.00025299,0.00025299,38.98611748,0.00987915,0.0002534,0.03176433333333333,0.0086374969230769,0.025087994117647058,0.0002545066666666665,0.0002511423076923077,0.0002518300000000003
56,0.00025705,1549555200,0.00025705,0.00025705,0.00025705,0.0,0.0,0.00025705,0.0037668000000000007,0.0086374969230769,0.025002797647058823,0.00025509999999999986,0.00025143615384615387,0.00025176911764705914
57,0.00025258,1549562400,0.00025258,0.00025258,0.00025258,2.70650551,0.0006836,0.00025258,0.003520916666666667,0.008036833076923055,0.025003664999999998,0.0002555599999999999,0.00025178,0.0002515361764705886
58,0.00025297,1549569600,0.00025297,0.00025297,0.00025297,8.7697676,0.00221848,0.00025297,0.0009673600000000004,0.008207485384615361,0.024675914117647055,0.00025419999999999984,0.0002521538461538461,0.0002513552941176474
59,0.00025903,1549576800,0.00025903,0.00025903,0.00025903,1.93635159,0.00050157,0.00025903,0.0011345500000000004,0.008168841538461516,0.024690666176470585,0.0002548599999999998,0.0002526884615384615,0.0002513526470588239
60,0.00025445,1549584000,0.00025446,0.00025445,0.00025446,7.66486051,0.00195038,0.00025445,0.0015568100000000003,0.008164149999999978,0.023952640882352938,0.00025548333333333314,0.0002531853846153846,0.0002515226470588239
61,0.00025445,1549591200,0.00025445,0.00025445,0.00025445,0.0,0.0,0.00025445,0.0008173166666666669,0.007847133076923056,0.023857494117647055,0.0002559766666666665,0.0002535984615384615,0.00025158294117647094
62,0.00025445,1549598400,0.00025445,0.00025445,0.00025445,0.0,0.0,0.00025445,0.0006501266666666669,0.007847133076923056,0.023857494117647055,0.00025444999999999987,0.0002540115384615384,0.00025164323529411803
63,0.00025445,1549605600,0.00025445,0.00025445,0.00025445,0.0,0.0,0.00025445,1.4456028966473392e-19,0.007847133076923056,0.023857494117647055,0.00025444999999999987,0.0002544246153846153,0.00025170352941176506
64,0.00025736,1549612800,0.00025736,0.00025735,0.00025735,57.7986757,0.01487499,0.00025735,0.0049583299999999995,0.008991363076923055,0.02429499382352941,0.0002554199999999999,0.0002550615384615383,0.00025184941176470627
65,0.00027027,1549620000,0.00027027,0.00025904,0.00025904,412.89285699,0.10848242,0.00026273,0.04111913666666667,0.01723111076923075,0.027485653235294113,0.0002606933333333332,0.00025619846153846144,0.0002523750000000004
66,0.000275,1549627200,0.000275,0.00026287,0.00027027,1295.1312227,0.35354116,0.00027297,0.15896619,0.03796561538461537,0.03746414647058823,0.00026754333333333324,0.0002577161538461537,0.00025317705882352975
67,0.00026123,1549634400,0.00026694,0.00025918,0.00026694,294.62938545,0.077187,0.00026197,0.17973686,0.04379374999999998,0.03826135235294118,0.00026883333333333327,0.00025848769230769214,0.00025363058823529443
68,0.00025463,1549641600,0.00026229,0.000246,0.00025901,283.68058113,0.07238328,0.00025515,0.1677038133333333,0.04860175999999999,0.04039027235294118,0.00026361999999999995,0.00025830153846153833,0.00025389000000000027
69,0.00025081,1549648800,0.00025081,0.00025081,0.00025081,2.69660592,0.00067633,0.00025081,0.05008220333333332,0.04865378538461537,0.04025053411764706,0.0002555566666666666,0.00025782153846153836,0.0002540279411764709
70,0.00025389,1549656000,0.00025411,0.00025389,0.00025411,6.29921388,0.0016,0.00025399,0.024886536666666643,0.04872427769230769,0.04029759294117647,0.0002531099999999999,0.00025792230769230756,0.00025425647058823555
71,0.00025389,1549663200,0.00025389,0.00025389,0.00025389,0.0,0.0,0.00025389,0.0007587766666666459,0.04855362538461538,0.030718905882352945,0.00025286333333333325,0.00025799307692307683,0.0002544117647058826
72,0.00025389,1549670400,0.00025389,0.00025389,0.00025389,0.0,0.0,0.00025389,0.0005333333333333124,0.04851504307692307,0.02863541264705883,0.0002538899999999999,0.0002575976923076922,0.00025440764705882374
73,0.00025076,1549677600,0.00025076,0.00024705,0.00024705,4.66710783,0.0011629,0.00024917,0.00038763333333331236,0.048454467692307684,0.026684930882352943,0.00025284666666666657,0.00025731384615384605,0.0002543117647058825
74,0.00025262,1549684800,0.00025262,0.00025262,0.00025262,2.09801282,0.00052999,0.00025262,0.0005642966666666457,0.04849523615384614,0.02294803941176471,0.0002524233333333332,0.0002571730769230768,0.0002541185294117649
75,0.00025262,1549692000,0.00025262,0.00025262,0.00025262,0.0,0.0,0.00025262,0.0005642966666666457,0.04849523615384614,0.022039607647058826,0.0002519999999999999,0.00025703230769230764,0.00025424941176470606
76,0.00025233,1549699200,0.00025233,0.00025233,0.00025233,3.1704514,0.0008,0.00025233,0.000443329999999979,0.04855677461538461,0.02202586941176471,0.00025252333333333315,0.0002568692307692307,0.00025422294117647076
77,0.00025427,1549706400,0.00025427,0.00025002,0.00025002,9.12504518,0.0023115,0.00025331,0.0010371666666666457,0.0475903523076923,0.022093854705882356,0.00025307333333333314,0.0002566315384615384,0.0002542535294117649
78,0.00025427,1549713600,0.00025427,0.00025427,0.00025427,0.0,0.0,0.00025427,0.0010371666666666457,0.03924555076923076,0.02184408323529412,0.0002536233333333331,0.00025540076923076917,0.00025443470588235316
79,0.00025207,1549720800,0.00025359,0.00025207,0.00025359,5.94280981,0.00150279,0.00025287,0.0012714299999999792,0.012165676153846143,0.021888282941176476,0.0002535366666666665,0.000253636923076923,0.00025455117647058846
80,0.0002507,1549728000,0.00025207,0.000246,0.00025207,46.85054975,0.01155103,0.00024655,0.0043512733333333125,0.0071167553846153715,0.02219849147058824,0.00025234666666666645,0.000252826923076923,0.00025451058823529435
81,0.0002507,1549735200,0.0002507,0.0002507,0.0002507,0.0,0.0,0.0002507,0.0043512733333333125,0.0015488107692307569,0.02213933352941177,0.00025115666666666647,0.00025252461538461535,0.00025459029411764724
82,0.00025333,1549742400,0.00025333,0.00024442,0.00024694,407.30150879,0.10024312,0.00024611,0.03726471666666665,0.009207794615384603,0.02496644823529412,0.0002515766666666664,0.00025271846153846145,0.00025471529411764726
83,0.00025333,1549749600,0.00025432,0.00025333,0.00025432,4.78587696,0.00121552,0.00025398,0.033819546666666644,0.009178219230769218,0.025002198823529415,0.0002524533333333331,0.0002526753846153845,0.0002548402941176472
84,0.00025311,1549756800,0.00025311,0.00025311,0.00025311,45.47771154,0.01151086,0.00025311,0.037656499999999975,0.010063669999999988,0.02534075352941177,0.0002532566666666664,0.0002526153846153845,0.00025495882352941194
85,0.0002518,1549764000,0.00025206,0.0002518,0.00025206,6.35097215,0.00159999,0.00025192,0.00477545666666664,0.010186746153846142,0.025387812058823536,0.0002527466666666664,0.0002524546153846153,0.0002550388235294119
86,0.0002518,1549771200,0.0002518,0.0002518,0.0002518,0.0,0.0,0.0002518,0.004370283333333307,0.010097292307692296,0.025347644411764708,0.0002522366666666664,0.0002525346153846153,0.0002549302941176472
87,0.0002518,1549778400,0.0002518,0.0002518,0.0002518,0.0,0.0,0.0002518,0.0005333299999999742,0.010056523846153834,0.022877273823529415,0.0002517999999999997,0.00025247153846153837,0.00025482823529411776
88,0.00025013,1549785600,0.00025348,0.00024467,0.00025348,55.20748788,0.01358574,0.00024608,0.004528579999999974,0.011101580769230759,0.023235052941176476,0.0002512433333333331,0.0002522799999999999,0.00025479676470588244
89,0.00025084,1549792800,0.000256,0.00025064,0.00025064,753.10053943,0.19159078,0.0002544,0.0683921733333333,0.0257777946153846,0.028579512647058828,0.0002509233333333331,0.0002521653846153845,0.00025461411764705894
90,0.00025568,1549800000,0.00025568,0.00025485,0.00025485,22.51499259,0.00575622,0.00025566,0.07031091333333331,0.02604277307692306,0.028748813235294123,0.00025221666666666646,0.00025227384615384606,0.0002545738235294119
91,0.00025485,1549807200,0.00025599,0.00025485,0.00025599,7.73723944,0.00197537,0.0002553,0.06644078999999997,0.026194724615384597,0.02878680647058824,0.0002537899999999998,0.00025231846153846144,0.0002546405882352942
92,0.00025599,1549814400,0.00025599,0.00025599,0.00025599,0.46876831,0.00011999,0.00025599,0.0026171933333333044,0.026088355384615368,0.028725086176470592,0.00025550666666666644,0.0002526199999999999,0.0002547294117647059
93,0.00025599,1549821600,0.00025599,0.00025599,0.00025599,0.0,0.0,0.00025599,0.0006984533333333045,0.0251998146153846,0.028710334117647063,0.00025560999999999976,0.00025302692307692295,0.00025464
94,0.00025573,1549828800,0.000256,0.00025247,0.00025247,225.13607946,0.05761811,0.00025592,0.019246033333333305,0.029631976923076904,0.030347620294117653,0.00025590333333333303,0.00025341384615384607,0.00025467764705882354
95,0.00025599,1549836000,0.00025599,0.00025599,0.00025599,0.78128051,0.00019999,0.00025599,0.019272699999999972,0.021936351538461518,0.03035350235294118,0.00025590333333333303,0.00025361846153846147,0.00025472294117647056
96,0.00025246,1549843200,0.00025248,0.00025246,0.00025248,57.94145614,0.01462887,0.00025247,0.02414898999999997,0.02296814769230767,0.03078376323529412,0.00025472666666666636,0.00025355153846153835,0.00025466441176470587
97,0.00025444,1549850400,0.00025444,0.00025444,0.00025444,7.86009039,0.00199992,0.00025444,0.005609593333333306,0.0222365369230769,0.030842584411764712,0.00025429666666666636,0.00025365384615384605,0.0002546641176470588
98,0.00025444,1549857600,0.00025444,0.00025444,0.00025444,0.0,0.0,0.00025444,0.005542929999999973,0.022113460769230747,0.030405084705882355,0.0002537799999999997,0.00025385692307692295,0.0002545782352941176
99,0.00025138,1549864800,0.00025263,0.00025138,0.00025263,11.26202028,0.002835,0.00025173,0.0016116399999999726,0.022331537692307668,0.027297807647058827,0.0002534199999999997,0.00025382461538461527,0.00025402264705882353
100,0.00025138,1549872000,0.00025138,0.00025138,0.00025138,0.0,0.0,0.00025138,0.0009449999999999727,0.022331537692307668,0.01689953823529412,0.00025239999999999974,0.0002537923076923076,0.00025332794117647066
101,0.00025138,1549879200,0.00025138,0.00025138,0.00025138,0.0,0.0,0.00025138,0.0009449999999999727,0.021286480769230745,0.014629332352941178,0.0002513799999999997,0.00025388846153846144,0.0002530382352941177
102,0.00025138,1549886400,0.00025138,0.00025138,0.00025138,0.0,0.0,0.00025138,0.0,0.006548728461538437,0.012500412352941179,0.00025137999999999967,0.00025392999999999987,0.0002529426470588236
103,0.00025132,1549893600,0.00025381,0.00025132,0.00025381,9.20525048,0.0023259,0.00025267,0.0007752999999999727,0.006284857692307668,0.012548929117647059,0.0002513599999999997,0.0002535946153846153,0.00025295764705882357
104,0.00024755,1549900800,0.00025081,0.00024755,0.00025081,14.9228173,0.00371377,0.00024886,0.002013223333333306,0.006418580769230745,0.012611098823529412,0.000250083333333333,0.0002530330769230768,0.0002527711764705883
105,0.00025296,1549908000,0.00025296,0.00025296,0.00025296,0.4032258,0.00010199,0.00025296,0.0020472199999999724,0.006417196153846129,0.012614098529411767,0.00025060999999999964,0.00025279999999999986,0.00025274382352941186
106,0.00024729,1549915200,0.00024729,0.00024705,0.00024705,55.90107935,0.01381572,0.00024714,0.0058771599999999724,0.007479943846153822,0.013020443235294119,0.0002492666666666663,0.0002521307692307691,0.0002525497058823531
107,0.00024612,1549922400,0.00024729,0.00024611,0.00024729,1917.65969913,0.47198057,0.00024612,0.1619660933333333,0.039353979230769214,0.026868021764705884,0.00024878999999999966,0.0002513915384615383,0.00025241323529411785
108,0.00024883,1549929600,0.00024883,0.00024883,0.00024883,4.01477437,0.00099899,0.00024883,0.1622650933333333,0.03941544076923075,0.026881815882352944,0.00024741333333333303,0.00025084076923076904,0.0002523017647058825
109,0.00024883,1549936800,0.00024883,0.00024883,0.00024883,0.0,0.0,0.00024883,0.1576598533333333,0.03829014307692306,0.026881815882352944,0.00024792666666666635,0.0002505615384615383,0.00025219029411764724
110,0.00024883,1549944000,0.00024883,0.00024883,0.00024883,0.0,0.0,0.00024883,0.00033299666666664063,0.038136303076923055,0.026858286470588237,0.00024882999999999964,0.00025012999999999983,0.0002520873529411766
111,0.00024908,1549951200,0.00024908,0.000243,0.00024862,625.51987553,0.152828,0.00024432,0.050942666666666636,0.04989230307692306,0.03128524235294118,0.000248913333333333,0.0002497176923076922,0.0002519347058823531
112,0.00024908,1549958400,0.00024908,0.00024908,0.00024908,0.0,0.0,0.00024908,0.050942666666666636,0.04967422615384613,0.03128524235294118,0.00024899666666666634,0.0002495407692307691,0.00025178205882352963
113,0.00024908,1549965600,0.00024908,0.00024908,0.00024908,0.0,0.0,0.00024908,0.050942666666666636,0.04967422615384613,0.031241042647058827,0.00024907999999999967,0.00024936384615384605,0.00025169411764705904
114,0.00024918,1549972800,0.00024919,0.00024848,0.00024919,77.16056513,0.01922286,0.00024912,0.006407619999999975,0.05115290769230767,0.03146668470588236,0.000249113333333333,0.0002491946153846153,0.0002516494117647061
115,0.00024906,1549980000,0.00024907,0.00023718,0.00024853,755.8416279,0.18455732,0.00024417,0.06792672666666665,0.0653496246153846,0.03689484117647059,0.00024910666666666634,0.00024901615384615377,0.0002516011764705885
116,0.00024906,1549987200,0.00024906,0.00024906,0.00024906,0.0,0.0,0.00024906,0.06792672666666665,0.0651707092307692,0.03394651411764706,0.00024909999999999966,0.0002488423076923076,0.0002514755882352944
117,0.00024908,1549994400,0.00024908,0.00024906,0.00024906,0.84534345,0.00021054,0.00024906,0.06158928666666664,0.06490122999999998,0.033916955882352946,0.0002490666666666663,0.00024895999999999995,0.0002513505882352944
118,0.00025064,1550001600,0.00025064,0.00024908,0.00024908,0.85029253,0.00021304,0.00025055,0.00014119333333330783,0.06490977230769229,0.033584667058823535,0.000249593333333333,0.0002487815384615384,0.00025127794117647085
119,0.00025106,1550008800,0.00025106,0.00025064,0.00025064,4.90699797,0.00123116,0.0002509,0.0005515799999999745,0.06394172923076921,0.033573819117647064,0.0002502599999999997,0.0002490715384615384,0.0002512561764705885
120,0.00025106,1550016000,0.00025106,0.00025106,0.00025106,0.0,0.0,0.00025106,0.0004813999999999745,0.027635531538461523,0.033573819117647064,0.0002509199999999997,0.0002494515384615384,0.0002512344117647062
121,0.0002508,1550023200,0.00025084,0.00024805,0.00025084,50.93127592,0.01275644,0.00025046,0.004662533333333308,0.028539950769230753,0.03394900852941177,0.00025097333333333303,0.00024960307692307684,0.00025120500000000033
122,0.0002508,1550030400,0.0002508,0.0002508,0.0002508,0.0,0.0,0.0002508,0.004252146666666641,0.028539950769230753,0.03354942794117648,0.0002508866666666664,0.00024975461538461526,0.0002512247058823533
123,0.0002508,1550037600,0.0002508,0.0002508,0.0002508,0.0,0.0,0.0002508,0.004252146666666641,0.028539950769230753,0.027914405000000003,0.00025079999999999975,0.0002499061538461537,0.00025122352941176504
124,0.00025337,1550044800,0.00025337,0.00024764,0.00024985,71.70645693,0.01791643,0.00024985,0.005972143333333308,0.018162137692307675,0.028272058235294124,0.0002516566666666664,0.0002502361538461537,0.0002511555882352945
125,0.0002567,1550052000,0.0002567,0.00024788,0.00025354,30.70994324,0.0077542,0.00025249,0.008556876666666642,0.018758614615384597,0.02844202382352942,0.00025362333333333307,0.00025082230769230755,0.0002512100000000004
126,0.00025737,1550059200,0.00025737,0.00025682,0.00025682,48.35896341,0.01244423,0.00025733,0.012704953333333309,0.019715863076923062,0.028804501470588245,0.0002558133333333331,0.00025145999999999985,0.0002512505882352945
127,0.00025737,1550066400,0.00025737,0.00025737,0.00025737,0.0,0.0,0.00025737,0.0067328099999999745,0.018237181538461524,0.028804501470588245,0.00025714666666666646,0.00025208999999999984,0.00025129117647058863
128,0.00025052,1550073600,0.00025632,0.00025052,0.00025632,9.4470091,0.00238484,0.00025244,0.0049430233333333075,0.004223913846153831,0.027179993529411774,0.00025508666666666644,0.0002522023076923075,0.00025113794117647103
129,0.00024804,1550080800,0.00025027,0.00024804,0.00024971,132.92422819,0.03298477,0.00024814,0.011789869999999973,0.0067612038461538305,0.02814425176470589,0.0002519766666666664,0.000252123846153846,0.0002509041176470593
130,0.00024779,1550088000,0.00024779,0.00024779,0.00024779,140.22793139,0.03474707,0.00024779,0.023372226666666638,0.009417859999999985,0.02873596352941177,0.00024878333333333303,0.00025202461538461517,0.0002507667647058828
131,0.0002474,1550095200,0.00024779,0.0002474,0.00024779,457.78197162,0.11343235,0.00024778,0.060388063333333304,0.018127037692307675,0.032013387941176474,0.0002477433333333331,0.00025177538461538444,0.0002505597058823534
132,0.00024779,1550102400,0.00024779,0.00024779,0.00024779,620.25823328,0.15369378,0.00024779,0.10062439999999999,0.029854931538461523,0.03653379323529412,0.00024765999999999975,0.00025152384615384596,0.0002503641176470593
133,0.00024779,1550109600,0.00024779,0.00024779,0.00024779,1.21082367,0.00030002,0.00024779,0.08914204999999999,0.029878009999999986,0.036459235000000006,0.00024765999999999975,0.0002512723076923075,0.00025025852941176513
134,0.00024741,1550116800,0.00024804,0.00024741,0.00024779,1689.61044318,0.41899203,0.00024798,0.19099527666666669,0.06112690153846152,0.04878253000000001,0.0002476633333333331,0.00025101153846153826,0.00025014176470588277
135,0.00024793,1550124000,0.00024865,0.00024793,0.0002485,10.31991058,0.0025631,0.00024836,0.14061838333333335,0.06132406307692306,0.048857915294117656,0.0002477099999999998,0.000250790769230769,0.00025004029411764743
136,0.00024928,1550131200,0.00024928,0.00024804,0.00024804,13.30914137,0.00330957,0.00024866,0.14162156666666667,0.06157864538461537,0.048955255588235304,0.0002482066666666664,0.00025067384615384597,0.00024997852941176506
137,0.00025052,1550138400,0.00025453,0.00025,0.00025,20.94616908,0.00528224,0.00025218,0.0037183033333333393,0.0606067846153846,0.049042206764705894,0.0002492433333333331,0.0002504546153846152,0.0002499550000000004
138,0.00025114,1550145600,0.00025114,0.00025107,0.00025114,19.20801601,0.00482387,0.00025113,0.0044718933333333395,0.06038137461538459,0.049074856764705896,0.00025031333333333316,0.00025002692307692293,0.0002500605882352945
139,0.0002553,1550152800,0.0002553,0.00025505,0.00025505,27.445,0.00700359,0.00025518,0.005703233333333339,0.059962863846153826,0.049277845000000015,0.00025231999999999983,0.00024986769230769216,0.00025012941176470624
140,0.0002553,1550160000,0.0002553,0.0002553,0.0002553,0.0,0.0,0.0002553,0.003942486666666672,0.059962863846153826,0.04887150029411766,0.00025391333333333314,0.0002497084615384614,0.00025036500000000033
141,0.0002553,1550167200,0.0002553,0.0002553,0.0002553,0.0,0.0,0.0002553,0.0023345300000000052,0.05977941461538459,0.03498971882352943,0.0002552999999999998,0.0002500761538461537,0.00025063500000000035
142,0.0002553,1550174400,0.0002553,0.0002553,0.0002553,0.0,0.0,0.0002553,5.204170427930421e-18,0.05724212461538459,0.0349603367647059,0.0002552999999999998,0.0002506346153846152,0.0002508252941176474
143,0.0002553,1550181600,0.0002553,0.0002553,0.0002553,0.0,0.0,0.0002553,5.204170427930421e-18,0.05456927307692305,0.0349603367647059,0.0002552999999999998,0.0002512123076923075,0.00025101558823529445
144,0.000256,1550188800,0.000256,0.0002538,0.00025529,282.47215087,0.07222139,0.00025567,0.02407379666666667,0.051399199230769216,0.03708449529411766,0.00025553333333333317,0.000251873846153846,0.0002512264705882356
145,0.00025905,1550196000,0.00025905,0.00025427,0.000256,329.45164212,0.08463742,0.0002569,0.05228627,0.04608717153846152,0.035078890000000015,0.00025678333333333317,0.00025273999999999983,0.00025151970588235324
146,0.00025905,1550203200,0.00025905,0.00025905,0.00025905,0.0,0.0,0.00025905,0.05228627,0.04606409307692306,0.035078890000000015,0.00025803333333333317,0.00025360615384615367,0.00025181294117647087
147,0.00025905,1550210400,0.00025905,0.00025905,0.00025905,0.0,0.0,0.00025905,0.02821247333333334,0.013833936923076905,0.035078890000000015,0.00025904999999999987,0.0002545015384615383,0.0002521061764705885
148,0.0002559,1550217600,0.00025593,0.0002559,0.00025593,19.81266503,0.00507036,0.00025591,0.0016901200000000033,0.014026803076923057,0.034662640000000015,0.00025799999999999993,0.0002551146153846152,0.00025230382352941204
149,0.00025078,1550224800,0.00025602,0.00025,0.00025602,38.1325761,0.00965818,0.00025327,0.0049095133333333365,0.014515157692307672,0.029518547647058836,0.0002552433333333332,0.0002552299999999998,0.00025235441176470614
150,0.00025601,1550232000,0.00025601,0.00025494,0.00025494,6.80164862,0.00173683,0.00025535,0.00548845666666667,0.014242433846153825,0.029569630882352954,0.0002542299999999999,0.0002556523076923075,0.000252558823529412
151,0.00025803,1550239200,0.00025803,0.00025269,0.00025576,63.72153814,0.01630384,0.00025586,0.009232950000000002,0.01512550846153844,0.030042963235294127,0.0002549399999999999,0.0002561823076923075,0.0002528220588235296
152,0.00025466,1550246400,0.00025475,0.00025466,0.00025475,55.47164843,0.01413037,0.00025473,0.010723680000000001,0.015673722307692286,0.030452296470588246,0.00025623333333333324,0.0002561330769230767,0.0002529402941176473
153,0.00025466,1550253600,0.00025466,0.00025466,0.00025466,0.0,0.0,0.00025466,0.010144736666666668,0.015673722307692286,0.030416085882352954,0.0002557833333333332,0.00025608384615384593,0.00025304617647058846
154,0.00025416,1550260800,0.00025416,0.00025416,0.00025416,0.40241935,0.00010227,0.00025416,0.004744213333333335,0.01568158923076921,0.030419093823529423,0.00025449333333333327,0.0002559961538461536,0.0002531373529411767
155,0.00025797,1550268000,0.00025797,0.00025797,0.00025797,37.39643442,0.00964715,0.00025797,0.0032498066666666685,0.01642367769230767,0.03032764411764707,0.00025559666666666656,0.0002562015384615382,0.0002533482352941178
156,0.00025481,1550275200,0.00025802,0.00025481,0.00025792,424.72372156,0.10955153,0.00025793,0.03976698333333333,0.024850718461538437,0.03354974794117648,0.0002556466666666666,0.00025616384615384594,0.0002534661764705884
157,0.00025802,1550282400,0.00025802,0.00025802,0.00025802,32.40428262,0.00836095,0.00025802,0.04251987666666667,0.019938376923076897,0.033795658235294124,0.0002569333333333332,0.0002563192307692305,0.0002536785294117648
158,0.00025882,1550289600,0.00026705,0.00025802,0.00025802,522.20139038,0.136707,0.00026178,0.08487316,0.023943729230769206,0.03728949852941177,0.0002572166666666666,0.0002563015384615382,0.0002538388235294119
159,0.00025799,1550296800,0.0002623,0.00025799,0.00025921,312.41009125,0.08127346,0.00026014,0.07544713666666668,0.030195533846153824,0.03945182970588236,0.0002582766666666666,0.00025621999999999977,0.0002538767647058825
160,0.00025799,1550304000,0.00025799,0.00025799,0.00025799,0.0,0.0,0.00025799,0.07266015333333334,0.030195533846153824,0.039085822941176476,0.0002582666666666666,0.00025613846153846136,0.0002538950000000001
161,0.0002542,1550311200,0.00025799,0.0002542,0.00025799,91.36400946,0.02324502,0.00025442,0.03483949333333334,0.03159358461538459,0.039769500000000006,0.00025672666666666657,0.0002560076923076921,0.00025380176470588244
162,0.00026149,1550318400,0.00026724,0.00025471,0.00025471,290.35510116,0.07614053,0.00026223,0.03312851666666667,0.03670761153846151,0.041938785000000006,0.00025789333333333324,0.0002568315384615383,0.00025412441176470593
163,0.00025996,1550325600,0.00025996,0.00025996,0.00025996,1.40336201,0.00036481,0.00025996,0.03325012,0.03660207153846151,0.04097937441176471,0.0002585499999999999,0.00025713538461538443,0.0002544750000000001
164,0.00026332,1550332800,0.00026333,0.00026332,0.00026333,19.4652852,0.00512576,0.00026332,0.027210366666666663,0.0357422192307692,0.04010815941176471,0.0002615899999999999,0.0002575423076923075,0.0002549317647058824
165,0.00025905,1550340000,0.00025969,0.00025905,0.00025969,13.43867461,0.00348163,0.00025907,0.0029907333333333286,0.03492308538461535,0.03687431470588236,0.0002607766666666666,0.0002578799999999998,0.00025527441176470593
166,0.00025834,1550347200,0.00026352,0.00025834,0.00026352,8.78603799,0.00229079,0.00026073,0.003632726666666662,0.03509929999999997,0.032421285588235295,0.00026023666666666654,0.00025816307692307674,0.000255584705882353
167,0.00026382,1550354400,0.000269,0.00026378,0.00026378,371.78463694,0.09931956,0.00026714,0.03503065999999999,0.0427313992307692,0.035333625,0.0002604033333333332,0.0002589061538461537,0.0002560561764705883
168,0.00026623,1550361600,0.00026635,0.00026181,0.00026635,26.19552636,0.00697131,0.00026612,0.036193886666666654,0.04252556538461535,0.023215368529411765,0.00026279666666666657,0.0002595415384615383,0.000256609705882353
169,0.00026496,1550368800,0.00026623,0.00025954,0.00026623,129.0489275,0.03390865,0.00026275,0.04673317333333332,0.03670688230769227,0.024137296470588234,0.00026500333333333325,0.0002603223076923075,0.00025711058823529414
170,0.00026479,1550376000,0.00026829,0.00026477,0.00026539,25.88208806,0.00688988,0.0002662,0.015923279999999984,0.03659372307692304,0.024242599705882353,0.00026532666666666656,0.00026084307692307676,0.0002575667647058824
171,0.00026867,1550383200,0.00026867,0.00026481,0.00026481,117.87828574,0.03122411,0.00026488,0.024007546666666654,0.02847965461538458,0.02500559588235294,0.0002661399999999999,0.0002616007692307691,0.00025810058823529417
172,0.00026474,1550390400,0.00026514,0.00026474,0.00026514,232.79202217,0.06165301,0.00026484,0.03325566666666665,0.026970389230769196,0.02667704117647059,0.0002660666666666665,0.00026211999999999986,0.0002585005882352942
173,0.00026474,1550397600,0.00026474,0.00026474,0.00026474,0.0,0.0,0.00026474,0.030959039999999983,0.026970389230769196,0.02647105323529412,0.0002660499999999999,0.0002626392307692306,0.00025877823529411767
174,0.0002678,1550404800,0.0002678,0.0002674,0.0002674,52.61284502,0.01408305,0.00026767,0.025245353333333317,0.02626562230769227,0.026885260588235295,0.00026575999999999987,0.0002636853846153844,0.0002591458823529412
175,0.00026646,1550412000,0.00026896,0.00026,0.00026844,624.76209276,0.16337865,0.0002615,0.05915389999999998,0.032976246923076886,0.031690515,0.0002663333333333332,0.0002640676923076921,0.00025947411764705886
176,0.0002623,1550419200,0.00026839,0.00025835,0.0002665,154.07026705,0.04043242,0.00026242,0.07263137333333332,0.036058370769230734,0.03287970382352941,0.00026551999999999983,0.00026424769230769214,0.00025968000000000003
177,0.0002623,1550426400,0.0002623,0.0002623,0.0002623,0.0,0.0,0.0002623,0.0679370233333333,0.035664081538461505,0.03287970382352941,0.00026368666666666654,0.00026416923076923057,0.0002598858823529412
178,0.00026493,1550433600,0.00026896,0.00026051,0.00026304,149.26455309,0.03934043,0.00026356,0.026590949999999985,0.03842245076923074,0.03191261676470588,0.00026317666666666653,0.0002646215384615383,0.0002601485294117648
179,0.0002663,1550440800,0.00026631,0.0002663,0.00026631,22.67600339,0.00603878,0.0002663,0.015126403333333316,0.03871075769230766,0.029600892058823526,0.0002645099999999999,0.00026523384615384596,0.0002603617647058824
180,0.00026622,1550448000,0.00026622,0.0002621,0.00026475,10.23789858,0.00270998,0.0002647,0.01602972999999998,0.03127925153846151,0.029680597352941172,0.0002658166666666666,0.0002654184615384614,0.00026057264705882355
181,0.00025834,1550455200,0.00026165,0.00025834,0.00026165,21.17413946,0.00551292,0.00026036,0.004753893333333314,0.031167067692307662,0.02984274205882352,0.00026361999999999984,0.00026481153846153827,0.00026055176470588236
182,0.000257,1550462400,0.00026229,0.000257,0.00026229,1503.30447822,0.38637048,0.00025701,0.13153112666666664,0.05827951615384612,0.04105745147058823,0.00026051999999999987,0.0002641992307692306,0.0002605841176470588
183,0.00025583,1550469600,0.00025733,0.00025583,0.00025733,59.95,0.01538903,0.00025669,0.13575747666666665,0.05893329692307689,0.04122600588235294,0.00025705666666666656,0.00026350999999999984,0.0002607326470588235
184,0.00025583,1550476800,0.00025583,0.00025583,0.00025583,0.0,0.0,0.00025583,0.13391983666666665,0.056531442307692276,0.04117492264705882,0.0002562199999999999,0.0002625223076923075,0.0002607273529411765
185,0.00025917,1550484000,0.00026144,0.00025917,0.00026144,41.74576936,0.01089999,0.0002611,0.008763006666666665,0.05262736384615381,0.04101598588235294,0.00025694333333333314,0.00026209384615384596,0.0002607608823529412
186,0.00025502,1550491200,0.00025944,0.00025451,0.00025944,41.2885703,0.01056569,0.00025589,0.007155226666666667,0.05344010923076919,0.040911142352941174,0.00025667333333333317,0.00026134615384615367,0.00026077147058823535
187,0.00025457,1550498400,0.00026005,0.00025455,0.00025502,120.17557273,0.03077811,0.0002561,0.017414596666666667,0.05472434461538457,0.041816380882352934,0.0002562533333333331,0.00026032846153846136,0.0002607688235294118
188,0.00025434,1550505600,0.00025455,0.00025434,0.00025455,183.44786565,0.04669616,0.00025454,0.029346653333333333,0.04574876846153842,0.0431867894117647,0.00025464333333333314,0.00025939615384615365,0.0002607741176470589
189,0.00025197,1550512800,0.00025434,0.00024667,0.00025434,187.80411867,0.04708778,0.00025072,0.04152068333333333,0.046260719230769194,0.0442879844117647,0.0002536266666666665,0.0002586015384615383,0.0002605976470588236
190,0.00024717,1550520000,0.00025434,0.00024717,0.00025434,54.53443486,0.01372102,0.0002516,0.03583498666666667,0.047316182307692266,0.041469439999999996,0.00025115999999999984,0.00025743769230769214,0.00026037294117647067
191,0.00025319,1550527200,0.00025319,0.00025319,0.00025319,36.69322804,0.00929035,0.00025319,0.023366383333333338,0.045004637692307656,0.04149677529411764,0.00025077666666666645,0.0002565346153846152,0.00026023088235294133
192,0.00025204,1550534400,0.00025204,0.0002447,0.00024718,70.47869072,0.01736694,0.00024641,0.01345943666666667,0.04587603461538458,0.037986773529411766,0.0002507999999999998,0.00025543769230769215,0.00026003147058823546
193,0.00025204,1550541600,0.00025204,0.00025204,0.00025204,0.0,0.0,0.00025204,0.008885763333333336,0.04566757461538458,0.03559637764705882,0.00025242333333333315,0.00025434692307692286,0.00025985647058823547
194,0.00024826,1550548800,0.00025198,0.00024826,0.00024826,4.38054457,0.00109045,0.00024893,0.006152463333333336,0.045327384615384575,0.03562844970588235,0.00025077999999999987,0.00025357153846153823,0.0002595702941176472
195,0.00025016,1550556000,0.00025147,0.0002482,0.00024826,36.47445453,0.0090761,0.00024883,0.0033888500000000023,0.01630473999999996,0.03521171676470587,0.00025015333333333313,0.00025304538461538444,0.00025945147058823543
196,0.00024927,1550563200,0.00024937,0.00024866,0.00024927,93.44236844,0.02324845,0.00024879,0.011138333333333335,0.016909310769230728,0.033656067352941174,0.0002492299999999998,0.0002525407692307691,0.0002590920588235296
197,0.00024927,1550570400,0.00024927,0.00024927,0.00024927,0.0,0.0,0.00024927,0.010774850000000002,0.016909310769230728,0.03364533764705882,0.0002495666666666665,0.00025203615384615367,0.00025877764705882364
198,0.00025007,1550577600,0.00025007,0.00025007,0.00025007,3.1991043,0.0008,0.00025007,0.008016150000000003,0.01613238846153842,0.033518109411764696,0.00024953666666666655,0.0002513361538461537,0.00025838794117647075
199,0.00025007,1550584800,0.00025007,0.00025007,0.00025007,0.0,0.0,0.00025007,0.00026666666666666966,0.015319643076923036,0.03341570852941175,0.0002498033333333332,0.0002509553846153845,0.0002581238235294119
200,0.0002468,1550592000,0.0002468,0.0002468,0.0002468,3.24149107,0.00079999,0.0002468,0.000533330000000003,0.013013633846153807,0.033371861470588224,0.00024897999999999983,0.00025035769230769223,0.00025778441176470604
201,0.00024885,1550599200,0.00024906,0.00024885,0.00024906,6.42686533,0.00159999,0.00024895,0.0007999933333333363,0.009544697692307652,0.030497756470588226,0.00024857333333333314,0.00024993538461538453,0.000257344117647059
202,0.00024612,1550606400,0.00025146,0.00024612,0.00025146,43.61531288,0.01081895,0.00024805,0.0044063100000000036,0.006754787692307653,0.030610922352941168,0.0002472566666666665,0.0002494853846153845,0.00025675264705882374
203,0.00024612,1550613600,0.00024612,0.00024612,0.00024612,0.0,0.0,0.00024612,0.00413964666666667,0.005699324615384576,0.029613609117647047,0.00024702999999999986,0.0002494046153846152,0.00025619852941176493
204,0.00024618,1550620800,0.00024618,0.00024612,0.00024612,19.23474698,0.00473463,0.00024614,0.005184526666666671,0.005348884615384576,0.029550219411764694,0.00024613999999999984,0.0002488653846153845,0.0002556511764705885
205,0.00024618,1550628000,0.00024618,0.00024618,0.00024618,0.0,0.0,0.00024618,0.0015782100000000035,0.004012966153846114,0.028631863235294108,0.0002461599999999998,0.00024841461538461525,0.0002549897058823532
206,0.00024448,1550635200,0.00024468,0.00024447,0.00024468,532.79084026,0.13025694,0.00024448,0.04499719,0.014032730769230728,0.030649625882352937,0.00024561333333333315,0.0002478330769230768,0.00025439382352941204
207,0.00024815,1550642400,0.00024815,0.00024815,0.00024815,2.54842939,0.00063239,0.00024815,0.043629776666666675,0.013997495384615345,0.03066822558823529,0.0002462699999999998,0.00024782461538461523,0.0002539058823529415
208,0.00024854,1550649600,0.00024854,0.00024815,0.00024815,2.40721748,0.00059823,0.00024851,0.04382918666666668,0.0133453515384615,0.030271613235294117,0.00024705666666666653,0.0002476999999999999,0.00025333941176470615
209,0.00024459,1550656800,0.00024459,0.00024459,0.00024459,9.985,0.00244223,0.00024459,0.0012242833333333443,0.011744873076923037,0.025538189117647058,0.0002470933333333332,0.00024733999999999986,0.00025269617647058853
210,0.00024459,1550664000,0.00024459,0.00024459,0.00024459,0.0,0.0,0.00024459,0.0010134866666666777,0.011744873076923037,0.024349000294117646,0.00024590666666666653,0.0002469799999999999,0.00025217529411764733
211,0.00024459,1550671200,0.00024459,0.00024459,0.00024459,0.0,0.0,0.00024459,0.0008140766666666776,0.011683334615384575,0.024349000294117646,0.0002445899999999999,0.0002465584615384614,0.0002516544117647061
212,0.00024879,1550678400,0.00024879,0.00024879,0.00024879,6.43562841,0.00160111,0.00024879,0.0005337033333333444,0.011806496923076882,0.023239020294117646,0.0002459899999999999,0.00024645999999999983,0.0002511797058823532
213,0.00024879,1550685600,0.00024879,0.00024879,0.00024879,0.0,0.0,0.00024879,0.0005337033333333444,0.01174495923076919,0.023061409117647057,0.0002473899999999999,0.00024661307692307676,0.0002506647058823532
214,0.00025144,1550692800,0.00025144,0.00024908,0.00024908,23.09901531,0.00580695,0.00025139,0.0024693533333333445,0.012068571538461498,0.02315249647058823,0.00024967333333333327,0.0002468123076923075,0.00025023000000000027
215,0.00025144,1550700000,0.00025144,0.00025144,0.00025144,0.0,0.0,0.00025144,0.001935650000000011,0.011236344615384575,0.022990351764705878,0.0002505566666666666,0.00024722153846153827,0.0002500270588235297
216,0.00025144,1550707200,0.00025144,0.00025144,0.00025144,0.0,0.0,0.00025144,0.001935650000000011,0.011236344615384575,0.011626514117647053,0.0002514399999999999,0.000247630769230769,0.00024986352941176504
217,0.00024613,1550714400,0.00024613,0.00024612,0.00024612,70.72145281,0.01740648,0.00024612,0.00580216000000001,0.012211102307692269,0.011685850882352935,0.0002496699999999999,0.00024762692307692287,0.000249578235294118
218,0.00024613,1550721600,0.00024613,0.00024613,0.00024613,0.0,0.0,0.00024613,0.00580216000000001,0.012211102307692269,0.011685850882352935,0.00024789999999999995,0.0002476230769230767,0.00024929294117647093
219,0.00024051,1550728800,0.00024783,0.00024001,0.00024551,286.79682103,0.06894315,0.00024039,0.028783210000000007,0.0074946569230768855,0.013393002647058817,0.00024425666666666663,0.0002473176923076921,0.00024874411764705916
220,0.00024076,1550736000,0.00024632,0.00024076,0.00024632,123.39694805,0.02974454,0.00024104,0.032895896666666674,0.009734053076923037,0.013957086470588229,0.00024246666666666663,0.0002467492307692306,0.0002483247058823533
221,0.0002411,1550743200,0.00024447,0.000235,0.00024,171.03421403,0.04062539,0.00023752,0.04643769333333334,0.012813065384615345,0.01424671235294117,0.00024078999999999998,0.0002461769230769229,0.000247928529411765
222,0.0002411,1550750400,0.0002411,0.0002411,0.0002411,0.0,0.0,0.0002411,0.023456643333333346,0.0126252015384615,0.012873295882352934,0.00024098666666666664,0.0002459084615384614,0.00024753911764705905
223,0.0002411,1550757600,0.0002411,0.0002411,0.0002411,0.0,0.0,0.0002411,0.01354179666666668,0.0126252015384615,0.01148836117647058,0.00024109999999999995,0.0002456399999999999,0.00024721941176470606
224,0.000245,1550764800,0.000245,0.00023969,0.0002423,74.91090421,0.0183185,0.00024453,0.006106166666666681,0.014034316923076884,0.01162358117647058,0.00024239999999999996,0.00024567153846153836,0.00024715558823529434
225,0.000245,1550772000,0.000245,0.000245,0.000245,0.0,0.0,0.000245,0.006106166666666681,0.013911154615384577,0.011350335588235286,0.0002437,0.0002453799999999999,0.00024691470588235315
226,0.000245,1550779200,0.000245,0.000245,0.000245,0.0,0.0,0.000245,0.006106166666666681,0.013911154615384577,0.01083954323529411,0.000245,0.00024508846153846144,0.00024670764705882377
227,0.00024578,1550786400,0.00024578,0.00024578,0.00024578,8.18067903,0.00201064,0.00024578,0.0006702133333333476,0.013619130769230731,0.010898679705882345,0.00024526,0.00024465307692307685,0.0002465235294117649
228,0.00024367,1550793600,0.00024367,0.00024367,0.00024367,0.82538896,0.00020112,0.00024367,0.0007372533333333476,0.0136346015384615,0.010872522941176462,0.0002448166666666667,0.00024405538461538454,0.0002463885294117649
229,0.00024367,1550800800,0.00024367,0.00024367,0.00024367,2.45773977,0.00059887,0.00024367,0.0009368766666666809,0.013680668461538424,0.010623192647058815,0.0002443733333333334,0.00024345769230769225,0.0002461976470588237
230,0.00024367,1550808000,0.00024367,0.00024367,0.00024367,0.0,0.0,0.00024367,0.0002666633333333475,0.012341708461538424,0.009939414705882346,0.0002436700000000001,0.00024326846153846152,0.0002460329411764708
231,0.00024367,1550815200,0.00024367,0.00024367,0.00024367,0.0,0.0,0.00024367,0.0001996233333333475,0.012341708461538424,0.009939414705882346,0.0002436700000000001,0.00024307923076923073,0.00024586823529411785
232,0.00024042,1550822400,0.00024042,0.00024042,0.00024042,15.28088925,0.00367383,0.00024042,0.0012246100000000142,0.0073209915384615,0.010023939117647051,0.0002425866666666668,0.00024307230769230763,0.0002455844117647061
233,0.00024086,1550829600,0.00024086,0.00024042,0.00024042,2.63197735,0.00063365,0.00024075,0.0014358266666666807,0.005081692307692269,0.010042575882352932,0.00024165000000000013,0.00024307999999999993,0.00024531352941176496
234,0.00024281,1550836800,0.00024282,0.00024281,0.00024282,3.70664295,0.00090001,0.00024281,0.001735830000000014,0.002025893846153808,0.010045517647058815,0.00024136333333333346,0.00024321153846153836,0.00024519617647058846
235,0.00023945,1550844000,0.00024282,0.00023901,0.00024282,92.75300606,0.02220315,0.00023937,0.007912270000000015,0.003733828461538424,0.010651492941176463,0.00024104000000000012,0.00024308461538461527,0.0002449197058823532
236,0.00023963,1550851200,0.00023963,0.00023954,0.00023954,3.51024485,0.00084089,0.00023955,0.007981350000000014,0.0037985123076922696,0.010358020588235286,0.00024063000000000014,0.00024297153846153833,0.000244728823529412
237,0.00024447,1550858400,0.00024447,0.00024398,0.00024398,7.92061462,0.00193474,0.00024426,0.008326260000000014,0.0025382230769230387,0.010414924705882345,0.00024118333333333347,0.0002429307692307691,0.0002446802941176472
238,0.00024403,1550865600,0.00024403,0.00023954,0.00024156,10.39925266,0.00249682,0.00024009,0.0017574833333333477,0.0027302861538461153,0.010349106764705874,0.00024271000000000015,0.00024285615384615373,0.0002446170588235296
239,0.00024403,1550872800,0.00024403,0.00024403,0.00024403,0.0,0.0,0.00024403,0.001477186666666681,0.0027302861538461153,0.010349106764705874,0.00024417666666666683,0.00024278153846153834,0.0002445538235294119
240,0.00024403,1550880000,0.00024403,0.00024403,0.00024403,0.0,0.0,0.00024403,0.0008322733333333476,0.0025756215384615,0.006518020294117639,0.00024403000000000014,0.00024264692307692296,0.0002445405882352942
241,0.00024403,1550887200,0.00024403,0.00024403,0.00024403,0.0,0.0,0.00024403,1.431146867680866e-17,0.002560150769230731,0.006499420588235286,0.00024403000000000014,0.00024267461538461527,0.00024441941176470594
242,0.00024403,1550894400,0.00024403,0.00024403,0.00024403,0.0,0.0,0.00024403,1.431146867680866e-17,0.0025140838461538075,0.006481825588235285,0.00024403000000000014,0.00024270230769230758,0.00024428676470588236
243,0.00024403,1550901600,0.00024403,0.00024403,0.00024403,0.0,0.0,0.00024403,1.431146867680866e-17,0.0025140838461538075,0.006409995294117639,0.00024403000000000014,0.0002427299999999999,0.00024427029411764706
244,0.00024403,1550908800,0.00024403,0.00023942,0.00023944,173.24822452,0.04151455,0.00023962,0.013838183333333346,0.00570751076923073,0.007631011470588226,0.00024403000000000014,0.0002427576923076922,0.00024425382352941176
245,0.00024485,1550916000,0.00024526,0.00024484,0.00024484,12.92420846,0.00316573,0.00024494,0.01489342666666668,0.005668426153846115,0.007724121176470579,0.00024430333333333345,0.00024309846153846144,0.00024426147058823533
246,0.00024485,1550923200,0.00024485,0.00024485,0.00024485,0.0,0.0,0.00024485,0.01489342666666668,0.005619683846153808,0.007677029705882343,0.00024457666666666673,0.00024340538461538455,0.0002441455882352941
247,0.00024007,1550930400,0.00024008,0.00024007,0.00024008,77.71602967,0.0186577,0.00024007,0.007274476666666682,0.006985659999999961,0.008225785588235284,0.00024325666666666674,0.0002431946153846153,0.0002438891176470588
248,0.00024269,1550937600,0.00024269,0.00024007,0.00024007,11.72802439,0.00282835,0.00024116,0.007162016666666683,0.005495290769230729,0.008138179705882343,0.00024253666666666676,0.00024344384615384605,0.00024363176470588234
249,0.00023942,1550944800,0.00024269,0.00023942,0.00024269,4.60507078,0.00110812,0.00024063,0.007531390000000016,0.005515846923076884,0.008170771470588225,0.00024072666666666675,0.00024342769230769218,0.00024327823529411764
250,0.00023959,1550952000,0.00023959,0.00023959,0.00023959,3.33903741,0.00079999,0.00023959,0.0015788200000000166,0.005428558461538422,0.008194300588235283,0.00024056666666666675,0.00024305230769230756,0.0002429297058823529
251,0.00023959,1550959200,0.00023959,0.00023959,0.00023959,0.0,0.0,0.00023959,0.0006360366666666833,0.0052364953846153455,0.007682345294117636,0.0002395333333333334,0.0002427107692307691,0.0002427373529411764
252,0.00024072,1550966400,0.0002419,0.00024029,0.0002419,7.55112795,0.00181611,0.0002405,0.00087203333333335,0.005376196153846114,0.007735760294117635,0.00023996666666666676,0.0002424561538461537,0.00024257823529411754
