,close,date,high,low,open,quoteVolume,volume,weightedAverage,avg_vol_3,avg_vol_13,avg_vol_34,avg_close_3,avg_close_13,avg_close_34
0,0.00061717,1553218424,0.00061717,0.00061717,0.00061717,0.0,0.0,0.00061717,-99999.0,-99999.0,-99999.0,-99999.0,-99999.0,-99999.0
1,0.00062353,1553220000,0.00062353,0.0006207,0.0006207,233.54025795,0.14561877,0.00062352,-99999.0,-99999.0,-99999.0,-99999.0,-99999.0,-99999.0
2,0.00061885,1553227200,0.0006284,0.00061885,0.00062353,1015.58398124,0.63666302,0.00062689,0.2607605966666667,-99999.0,-99999.0,0.00061985,-99999.0,-99999.0
3,0.00061443,1553234400,0.00062009,0.00061443,0.00062009,20.19586261,0.01245247,0.00061658,0.26491142,-99999.0,-99999.0,0.0006189366666666666,-99999.0,-99999.0
4,0.00062584,1553241600,0.00062989,0.00061857,0.00061857,56.32594862,0.03501411,0.00062163,0.2280432,-99999.0,-99999.0,0.0006197066666666667,-99999.0,-99999.0
5,0.00063019,1553248800,0.0006302,0.00062532,0.00062594,231.2845627,0.1457051,0.00062998,0.06439056000000003,-99999.0,-99999.0,0.0006234866666666666,-99999.0,-99999.0
6,0.00063724,1553256000,0.00064007,0.00062763,0.00062763,476.42026426,0.30396771,0.00063802,0.16156230666666668,-99999.0,-99999.0,0.00063109,-99999.0,-99999.0
7,0.00063066,1553263200,0.00063824,0.00062994,0.00063724,240.05197435,0.15317712,0.00063809,0.2009499766666667,-99999.0,-99999.0,0.0006326966666666666,-99999.0,-99999.0
8,0.00062763,1553270400,0.00063251,0.00062629,0.00062901,1019.41341831,0.63849632,0.00062633,0.3652137166666667,-99999.0,-99999.0,0.0006318433333333333,-99999.0,-99999.0
9,0.00063225,1553277600,0.00063225,0.00062665,0.00062763,13.81849224,0.00866198,0.00062683,0.2667784733333334,-99999.0,-99999.0,0.00063018,-99999.0,-99999.0
10,0.0006293,1553284800,0.00063225,0.00062885,0.00062885,3.46648351,0.00218869,0.00063138,0.21644899666666673,-99999.0,-99999.0,0.0006297266666666666,-99999.0,-99999.0
11,0.00063417,1553292000,0.00063417,0.00063225,0.00063225,0.72562948,0.0004595,0.00063324,0.0037700566666667066,-99999.0,-99999.0,0.0006319066666666665,-99999.0,-99999.0
12,0.00063155,1553299200,0.00063155,0.00063155,0.00063155,0.307122,0.00019396,0.00063155,0.0009473833333333732,0.16019990384615385,-99999.0,0.0006316733333333333,0.0006271392307692307,-99999.0
13,0.0006458,1553306400,0.00065367,0.00063384,0.00063456,721.40321713,0.46661844,0.00064682,0.15575730000000004,0.19609363,-99999.0,0.0006371733333333334,0.0006293415384615384,-99999.0
14,0.00064871,1553313600,0.00064888,0.00064343,0.00064419,407.19788634,0.26250897,0.00064467,0.2431071233333334,0.20508518384615382,-99999.0,0.0006420200000000001,0.0006312784615384615,-99999.0
15,0.00066494,1553320800,0.0006777,0.00064958,0.00064958,4684.36352843,3.07918289,0.00065733,1.2694367666666666,0.3929713276923076,-99999.0,0.0006531500000000002,0.0006348238461538461,-99999.0
16,0.00066509,1553328000,0.00067,0.00065674,0.00066087,166.7964764,0.11121902,0.00066679,1.1509702933333334,0.4005687546153845,-99999.0,0.0006595800000000002,0.000638720769230769,-99999.0
17,0.00065666,1553335200,0.00066841,0.00065666,0.00066841,114.88580874,0.0755695,0.00065777,1.0886571366666666,0.40368839999999995,-99999.0,0.0006622300000000001,0.0006410915384615382,-99999.0
18,0.00065177,1553342400,0.00065686,0.00065027,0.00065615,100.2310038,0.06554944,0.00065398,0.0841126533333334,0.3975225799999999,-99999.0,0.0006578399999999999,0.0006427515384615382,-99999.0
19,0.0006554,1553349600,0.0006554,0.00065177,0.00065177,552.45866798,0.36154055,0.00065442,0.16755316333333337,0.4019512599999999,-99999.0,0.0006546099999999999,0.0006441484615384613,-99999.0
20,0.00065242,1553356800,0.00065834,0.00065202,0.00065615,638.60596348,0.41941375,0.00065676,0.28216791333333335,0.42243100076923074,-99999.0,0.0006531966666666666,0.0006458223076923075,-99999.0
21,0.00066097,1553364000,0.00066097,0.000654,0.00065614,950.35906939,0.62538504,0.00065805,0.46877978,0.42142244076923074,-99999.0,0.0006562633333333333,0.0006483869230769229,-99999.0
22,0.0006622,1553371200,0.00066491,0.00065713,0.00065834,183.52344496,0.12149381,0.000662,0.3887642,0.43010181230769223,-99999.0,0.0006585299999999999,0.000650690769230769,-99999.0
23,0.00066628,1553378400,0.00067162,0.00065801,0.00065834,1075.85740083,0.71894331,0.00066825,0.4886073866666667,0.4852367830769231,-99999.0,0.0006631499999999999,0.0006535353846153845,-99999.0
24,0.000654,1553385600,0.0006698,0.000654,0.0006698,522.32797687,0.34450204,0.00065955,0.3949797200000001,0.5117015938461539,-99999.0,0.0006608266666666666,0.0006550607692307691,-99999.0
25,0.00065697,1553392800,0.0006573,0.00065697,0.0006573,1.25118032,0.00082214,0.00065709,0.35475583000000005,0.5117499153846155,-99999.0,0.0006590833333333332,0.0006570161538461538,-99999.0
26,0.00065155,1553400000,0.0006557,0.00064958,0.00065401,254.07945925,0.16598647,0.00065328,0.1704368833333334,0.48862437923076923,-99999.0,0.0006541733333333332,0.0006574584615384615,-99999.0
27,0.00064525,1553407200,0.00065424,0.00064493,0.00065136,9.10710134,0.00590894,0.00064882,0.05757251666666672,0.46888591538461544,-99999.0,0.0006512566666666665,0.0006571923076923076,-99999.0
28,0.0006531,1553414400,0.0006531,0.00064525,0.00064525,482.56734808,0.31331974,0.00064927,0.16173838333333337,0.2561272115384616,-99999.0,0.0006499666666666666,0.0006562815384615385,-99999.0
29,0.00064751,1553421600,0.00065177,0.00064751,0.00064958,192.15295947,0.12492958,0.00065015,0.14805275333333337,0.25718187000000003,-99999.0,0.0006486199999999999,0.0006549292307692308,-99999.0
30,0.00064873,1553428800,0.00065165,0.00064873,0.00065008,20.94287979,0.01358724,0.00064877,0.15061218666666673,0.2524140038461539,-99999.0,0.00064978,0.0006543192307692308,-99999.0
31,0.00065242,1553436000,0.00065264,0.00064873,0.00064873,20.00877335,0.01303609,0.00065151,0.05051763666666672,0.24837451538461547,-99999.0,0.0006495533333333332,0.0006543692307692309,-99999.0
32,0.00065177,1553443200,0.00065238,0.00064799,0.00065237,330.50688778,0.21561446,0.00065237,0.08074593000000006,0.2371494315384616,-99999.0,0.0006509733333333333,0.0006540900000000001,-99999.0
33,0.00065197,1553450400,0.00065197,0.00065114,0.00065114,4.84336758,0.00315455,0.00065131,0.07726836666666673,0.20512949307692316,0.2820848447058823,0.0006520533333333333,0.0006540553846153846,0.000644009411764706
34,0.00064717,1553457600,0.00065069,0.00064717,0.00064959,141.92123135,0.09227676,0.00065019,0.10368192333333338,0.1641211638461539,0.2847988670588235,0.0006503033333333332,0.0006529938461538461,0.0006448917647058825
35,0.00064958,1553464800,0.00064958,0.00064604,0.00064604,3.05767248,0.00197592,0.00064621,0.03246907666666673,0.15492748000000006,0.2805740773529411,0.0006495733333333332,0.000652023076923077,0.0006456579411764706
36,0.00064156,1553472000,0.00064773,0.00063904,0.00064633,159.58433489,0.10265619,0.00064327,0.06563629000000006,0.10752077846153853,0.264867994117647,0.0006461033333333331,0.0006501215384615385,0.0006463258823529413
37,0.00064694,1553479200,0.00064726,0.00064156,0.00064156,17.11190546,0.01105401,0.00064598,0.038562040000000054,0.08187093000000006,0.2648268629411764,0.0006460266666666665,0.0006495784615384616,0.0006472820588235294
38,0.00064531,1553486400,0.00064531,0.00064149,0.00064437,1.18820704,0.00076551,0.00064425,0.03815857000000005,0.08186657384615391,0.26381955117647055,0.0006446033333333333,0.0006486815384615385,0.000647854705882353
39,0.00064341,1553493600,0.00064341,0.00064013,0.00064089,16.2992529,0.01047329,0.00064256,0.007430936666666717,0.06990402153846159,0.2598421449999999,0.00064522,0.0006480553846153846,0.0006482435294117648
40,0.00063476,1553500800,0.00064089,0.00063384,0.00064089,205.36933934,0.13055727,0.00063571,0.04726535666666672,0.07949235461538466,0.25474183794117644,0.00064116,0.0006472484615384615,0.0006481705882352942
41,0.00063583,1553508000,0.0006369,0.00062781,0.00063286,301.05526212,0.18983956,0.00063058,0.11029004000000005,0.06999387923076927,0.25582014499999994,0.000638,0.00064592,0.0006483226470588236
42,0.00062605,1553515200,0.00064009,0.0006217,0.00063601,2461.3007324,1.54037929,0.00062583,0.6202587066666667,0.1788746261538462,0.2823461147058823,0.0006322133333333332,0.0006442692307692307,0.0006482761764705883
43,0.00062169,1553522400,0.00062803,0.00062169,0.0006263,161.25192773,0.1006373,0.00062409,0.6102853833333334,0.18557078461538462,0.28505127117647056,0.0006278566666666667,0.0006421892307692307,0.0006479655882352942
44,0.00062183,1553529600,0.00062591,0.00061688,0.00062382,169.34125945,0.10523941,0.00062146,0.5820853333333335,0.1926633476923077,0.2880821747058823,0.00062319,0.0006398361538461537,0.0006477458823529413
45,0.00062183,1553536800,0.00062183,0.00062183,0.00062183,0.0,0.0,0.00062183,0.0686255700000001,0.17607762000000002,0.28806866,0.0006217833333333334,0.0006375330769230769,0.0006473829411764707
46,0.00062183,1553544000,0.00062183,0.00062183,0.00062183,0.0,0.0,0.00062183,0.03507980333333343,0.1758349623076923,0.2880629552941176,0.00062183,0.0006352146153846153,0.0006470970588235295
47,0.00062886,1553551200,0.00062886,0.00062202,0.00062202,6.24324652,0.00391387,0.00062689,0.0013046233333334305,0.16903781692307693,0.2744539973529411,0.0006241733333333333,0.0006338061538461537,0.0006465988235294118
48,0.00062763,1553558400,0.00063203,0.00062763,0.00062886,135.06015102,0.08524851,0.00063118,0.02972079333333343,0.17544340076923076,0.2692404544117646,0.0006261066666666667,0.0006321176923076923,0.0006459788235294118
49,0.00062548,1553565600,0.00062807,0.00062548,0.0006265,63.26412303,0.03963494,0.00062649,0.0429324400000001,0.17059561230769232,0.17984198529411752,0.0006273233333333334,0.0006308807692307691,0.0006448182352941178
50,0.00062466,1553572800,0.00062466,0.00062447,0.00062447,0.55949308,0.00034941,0.00062452,0.04174428666666676,0.16977218153846158,0.17658111441176458,0.0006259233333333334,0.0006291669230769229,0.0006436291176470589
51,0.00061792,1553580000,0.00062468,0.00061369,0.00062468,174.9487818,0.10804522,0.00061758,0.04934319000000009,0.17802446692307697,0.1775362826470587,0.0006226866666666666,0.0006270599999999998,0.000642489705882353
52,0.00061843,1553587200,0.00061843,0.00061595,0.00061629,22.64395805,0.01396124,0.00061655,0.040785290000000085,0.1782927707692308,0.1760189826470587,0.0006203366666666667,0.0006251384615384612,0.0006415091176470589
53,0.00062178,1553594400,0.00062583,0.00061681,0.000617,707.10950241,0.442028,0.00062511,0.18801148666666676,0.20225205769230772,0.17838626058823517,0.0006193766666666668,0.0006241399999999998,0.0006405202941176471
54,0.00060829,1553601600,0.00062046,0.00060829,0.00062046,979.75650153,0.59838018,0.00061074,0.3514564733333334,0.23367825923076926,0.18364997911764694,0.0006161666666666668,0.0006220215384615383,0.0006392223529411766
55,0.00061917,1553608800,0.00063512,0.00060844,0.00060844,1890.02203484,1.1792562,0.00062393,0.7398881266666667,0.20589956000000004,0.19994030735294105,0.0006164133333333334,0.0006214923076923076,0.0006379929411764706
56,0.00062376,1553616000,0.00062421,0.00061917,0.00061917,11.43855515,0.00712606,0.00062298,0.5949208133333334,0.19870638769230775,0.19657654999999988,0.0006170733333333334,0.0006216515384615384,0.0006368623529411765
57,0.00062376,1553623200,0.00062376,0.00061923,0.00061923,20.69365798,0.01289054,0.00062292,0.39975760000000005,0.19160262846153853,0.1758102920588234,0.0006222300000000001,0.0006217999999999998,0.0006356117647058823
58,0.00062376,1553630400,0.00062376,0.00062376,0.00062376,160.31807105,0.09999999,0.00062376,0.04000553000000003,0.19929493538461546,0.16861905529411753,0.0006237600000000001,0.0006219484615384613,0.0006347223529411765
59,0.00062626,1553637600,0.00062626,0.00062377,0.00062377,69.9247782,0.04368224,0.0006247,0.05219092333333336,0.20265510769230774,0.1698796464705881,0.0006245933333333334,0.0006222892307692305,0.0006338191176470589
60,0.00063348,1553644800,0.00063509,0.00062655,0.00062655,131.23323566,0.08322121,0.00063414,0.07563448000000002,0.20875567230769237,0.1674453741176469,0.0006278333333333334,0.0006226446153846151,0.0006332876470588236
61,0.000628,1553652000,0.0006298,0.00062659,0.0006298,7.1006486,0.00445963,0.00062806,0.043787693333333357,0.20254114307692314,0.16740274735294103,0.0006292466666666667,0.0006226730769230767,0.0006327802941176471
62,0.00063511,1553659200,0.00064003,0.00062814,0.00062814,28.43621134,0.01806852,0.0006354,0.03524978666666669,0.20088218769230776,0.1587188879411763,0.0006321966666666667,0.0006234138461538458,0.0006322511764705883
63,0.00063014,1553666400,0.00063641,0.00062857,0.00063505,24.4180337,0.01547389,0.0006337,0.012667346666666695,0.20204560923076928,0.15549960294117632,0.0006310833333333333,0.0006238353846153843,0.0006317402941176471
64,0.00063584,1553673600,0.00063584,0.00063146,0.00063146,5.12059714,0.00324871,0.00063444,0.012263706666666695,0.19398433923076924,0.15519552852941162,0.0006336966666666666,0.000625213846153846,0.0006313611764705882
65,0.00063794,1553680800,0.00063794,0.00063427,0.00063793,7.26310743,0.00461767,0.00063577,0.007780090000000028,0.19326560307692311,0.15494792794117634,0.00063464,0.0006267146153846152,0.000630935294117647
66,0.00063296,1553688000,0.0006363,0.00063296,0.0006363,23.03184921,0.01460396,0.00063407,0.00749011333333336,0.1603868307692308,0.14903585441176456,0.0006355800000000001,0.0006275746153846152,0.0006303820588235294
67,0.0006363,1553695200,0.0006363,0.00063105,0.00063296,802.75121517,0.50680922,0.00063134,0.17534361666666665,0.15334291076923082,0.1638492270588234,0.0006357333333333334,0.0006297292307692304,0.0006299211764705881
68,0.00063339,1553702400,0.00063693,0.00063005,0.0006363,2187.04302108,1.38533298,0.00063342,0.6355820533333333,0.16919497076923082,0.20188029235294105,0.0006342166666666666,0.0006308230769230765,0.0006295158823529411
69,0.00063937,1553709600,0.00063937,0.00063132,0.00063339,1026.94598254,0.65221378,0.0006351,0.8481186599999999,0.2188171030769231,0.22100493529411755,0.0006363533333333333,0.0006320238461538458,0.000629215588235294
70,0.00064181,1553716800,0.0006466,0.00063715,0.00063721,395.05168281,0.25537425,0.00064643,0.7643070033333332,0.2374696961538462,0.22549664294117636,0.00063819,0.0006334123076923074,0.0006292229411764706
71,0.0006407,1553724000,0.00064075,0.0006401,0.00064075,639.34834666,0.40956824,0.0006406,0.4390520899999999,0.2612826384615385,0.23721764970588222,0.0006406266666666666,0.0006347153846153844,0.000629039411764706
72,0.00063838,1553731200,0.0006401,0.00063798,0.0006401,75.86907179,0.04843972,0.00063846,0.23779406999999989,0.26164859846153854,0.23861983235294099,0.0006402966666666667,0.0006356476923076921,0.0006288355882352941
73,0.00063638,1553738400,0.00063918,0.00063638,0.00063832,12.94937109,0.00825131,0.00063719,0.15541975666666655,0.2558816830769231,0.23855447999999982,0.0006384866666666666,0.000635870769230769,0.0006286288235294118
74,0.0006346,1553745600,0.00064017,0.00063459,0.00063919,292.04305458,0.18602539,0.00063697,0.08090547333333321,0.26984828000000005,0.24018589529411744,0.0006364533333333332,0.0006363784615384614,0.0006286241176470588
75,0.00063508,1553752800,0.00063635,0.00063459,0.00063586,309.55848615,0.19695638,0.00063624,0.13041102666666654,0.2836088846153847,0.24039521352941157,0.0006353533333333332,0.0006363761538461537,0.0006286020588235293
76,0.00063237,1553760000,0.00063635,0.00063227,0.00063507,38.98953025,0.02468722,0.00063317,0.13588966333333322,0.2843176023076924,0.1958160349999998,0.0006340166666666667,0.0006365476923076922,0.0006287879411764705
77,0.00063249,1553767200,0.00063634,0.00063245,0.00063444,14.43591337,0.00915219,0.00063398,0.07693192999999987,0.2847717161538462,0.19312529647058807,0.0006333133333333334,0.0006362899999999999,0.000629105588235294
78,0.00063129,1553774400,0.00063633,0.00063102,0.00063242,57.95447852,0.03680355,0.00063504,0.023547653333333213,0.2872475530769232,0.19111247705882334,0.00063205,0.0006357784615384613,0.0006293838235294116
79,0.00066652,1553781600,0.00068272,0.00063145,0.00063146,5727.27410343,3.82592921,0.00066801,1.2906283166666666,0.5804264184615386,0.3036398067647057,0.0006434333333333333,0.0006383599999999998,0.0006306982352941175
80,0.00066919,1553788800,0.00067703,0.00065968,0.00066885,761.86646018,0.51140936,0.00067125,1.4580473733333335,0.5807802753846155,0.31868125852941154,0.0006556666666666667,0.0006408899999999999,0.0006320911764705881
81,0.00066427,1553796000,0.00066908,0.00066427,0.00066908,9.32982974,0.00622076,0.00066676,1.4478531099999998,0.47469472000000007,0.3187491082352939,0.0006666599999999999,0.0006432653846153845,0.0006331326470588235
82,0.00066893,1553803200,0.00066893,0.00066353,0.00066427,104.07045767,0.0692744,0.00066564,0.19563484,0.4298532292307693,0.31827928147058804,0.0006674633333333332,0.0006455392307692306,0.0006343473529411765
83,0.0006615,1553810400,0.00066894,0.00065837,0.00066893,480.83088147,0.31867901,0.00066276,0.13139139,0.4347228261538462,0.3264864599999998,0.0006648999999999998,0.0006470538461538461,0.0006354067647058823
84,0.00065648,1553817600,0.0006615,0.00065648,0.0006615,159.06287952,0.10471226,0.0006583,0.16422189,0.41127236615384627,0.3295559555882351,0.0006623033333333332,0.0006482676923076923,0.0006363426470588235
85,0.00065577,1553824800,0.00065675,0.00065577,0.00065648,16.16375598,0.01060171,0.00065589,0.14466432666666668,0.40836175000000013,0.32668996999999983,0.0006579166666666666,0.0006496053846153846,0.0006374558823529411
86,0.00066211,1553832000,0.00066363,0.00065969,0.00066039,95.50012989,0.06334973,0.00066334,0.059554566666666676,0.4126000900000001,0.32814257264705865,0.0006581199999999999,0.0006515846153846154,0.0006387405882352941
87,0.00066349,1553839200,0.00066353,0.00065705,0.00065705,62.01879914,0.04114536,0.00066343,0.03836560000000001,0.40145547230769235,0.31635190676470565,0.0006604566666666666,0.000653806923076923,0.0006399673529411765
88,0.00066614,1553846400,0.00067028,0.00066048,0.00066048,4184.41535647,2.78852498,0.0006664,0.9643400233333334,0.6008069030769232,0.38076793029411743,0.0006639133333333332,0.0006561961538461536,0.0006416688235294117
89,0.00065312,1553853600,0.00066229,0.00065312,0.0006614,210.38957063,0.13870916,0.00065929,0.9894598333333332,0.6095778215384617,0.3501636055882351,0.0006609166666666665,0.0006577923076923075,0.0006426673529411765
90,0.00065177,1553860800,0.00065497,0.0006436,0.00065497,2821.39933707,1.82152577,0.00064561,1.58291997,0.7489911738461541,0.40352830294117625,0.0006570099999999999,0.0006592753846153844,0.0006434911764705882
91,0.00065036,1553868000,0.00065443,0.00064756,0.00064759,386.34024614,0.25162331,0.00065129,0.7372860800000002,0.7655157707692309,0.41054985499999974,0.0006517499999999999,0.0006607423076923075,0.0006442735294117645
92,0.00065968,1553875200,0.00066086,0.00065444,0.00065444,126.15998469,0.08324979,0.00065987,0.7187996233333336,0.477617353846154,0.4100572020588233,0.0006539366666666666,0.0006602161538461535,0.0006453299999999998
93,0.00065708,1553882400,0.00066125,0.00065708,0.00066086,208.25464978,0.13704788,0.00065807,0.15730699333333353,0.44882031692307706,0.4128032502941174,0.0006557066666666666,0.0006592846153846151,0.0006462364705882352
94,0.00065854,1553889600,0.00066051,0.0006545,0.00066051,114.56132463,0.0750133,0.00065478,0.09843699000000018,0.45411205076923095,0.4125618411764704,0.0006584333333333332,0.0006588438461538459,0.0006469735294117645
95,0.00066356,1553896800,0.00066366,0.00065855,0.00065855,164.37313055,0.10873619,0.00066152,0.10693245666666686,0.4571475730769233,0.4156287988235292,0.0006597266666666666,0.000658430769230769,0.0006480194117647058
96,0.00067031,1553904000,0.0006774,0.00066366,0.00066366,353.17549879,0.23686947,0.00067068,0.1402063200000002,0.4508545315384617,0.42206412088235273,0.0006641366666666665,0.0006591084615384613,0.0006490547058823528
97,0.00066094,1553911200,0.00067163,0.00065771,0.00066877,369.7301971,0.24733689,0.00066896,0.19764751666666683,0.46182565692307703,0.4288836208823527,0.0006649366666666665,0.0006594515384615383,0.0006499605882352939
98,0.00065833,1553918400,0.00065834,0.00065312,0.00065719,128.21727242,0.08405676,0.00065558,0.18942104000000015,0.4674760453846155,0.43126032823529387,0.0006631933333333331,0.0006596484615384614,0.0006506220588235292
99,0.00065557,1553925600,0.00065569,0.00065061,0.0006538,614.48310067,0.40030392,0.00065144,0.24389919000000013,0.4933955984615386,0.44289815911764685,0.0006582799999999998,0.0006591453846153844,0.000651140588235294
100,0.00065804,1553932800,0.00065985,0.00065574,0.00065618,538.28908573,0.35348391,0.00065668,0.2792815300000001,0.5174216407692309,0.452865216470588,0.0006573133333333331,0.0006587261538461537,0.0006518782352941175
101,0.00065888,1553940000,0.00066073,0.00065738,0.00065738,19.91329758,0.01312689,0.0006592,0.2556382400000001,0.30392948000000014,0.43834514794117624,0.0006574966666666665,0.0006581676923076923,0.0006525423529411763
102,0.00066579,1553947200,0.00067027,0.00066073,0.00066073,181.758217,0.1210965,0.00066625,0.1625691000000001,0.30257466000000016,0.40116172205882333,0.0006609033333333332,0.0006591423076923077,0.0006534952941176468
103,0.00066764,1553954400,0.00067297,0.00066764,0.00066992,1752.61191935,1.17449668,0.00067014,0.43624002333333345,0.2528031915384617,0.41652298382352926,0.0006641033333333332,0.0006603630769230769,0.0006543267647058822
104,0.00066651,1553961600,0.00066764,0.00066628,0.00066764,18.01422757,0.01202495,0.00066752,0.43587271000000016,0.23437254846153863,0.40936565147058807,0.0006666466666666665,0.0006616053846153846,0.0006550532352941175
105,0.00066832,1553968800,0.00066832,0.00066388,0.00066651,211.22772172,0.14079973,0.00066657,0.44244045333333354,0.2387994669230771,0.40146069529411743,0.0006674899999999999,0.0006622700000000001,0.0006558655882352939
106,0.00066992,1553976000,0.00067028,0.00066399,0.00066832,32.80312302,0.02196575,0.00066962,0.058263476666666834,0.22994699538461558,0.4006820491176469,0.0006682499999999999,0.0006632576923076924,0.0006567932352941174
107,0.00068108,1553983200,0.00069623,0.00066992,0.00066992,2036.56817552,1.39398673,0.00068447,0.5189174033333335,0.3314064900000002,0.4414389732352939,0.0006731066666666666,0.0006649915384615387,0.0006581079411764704
108,0.00067911,1553990400,0.00068069,0.00067409,0.00068069,394.61769411,0.26770822,0.00067839,0.5612202333333335,0.34363510769230793,0.4438414094117645,0.0006767033333333333,0.0006661876923076925,0.0006594170588235292
109,0.00067643,1553997600,0.000687,0.0006739,0.00067911,200.19300098,0.13559716,0.00067733,0.5990973700000002,0.33584493000000015,0.442036726470588,0.0006788733333333332,0.0006666584615384617,0.0006606332352941174
110,0.00069112,1554004800,0.00070181,0.00067593,0.00067904,459.97120314,0.31958456,0.00069479,0.24096331333333362,0.34140244307692325,0.45071017764705856,0.0006822199999999999,0.0006689800000000001,0.000662361176470588
111,0.0007117,1554012000,0.0007117,0.00069209,0.00069234,3408.15898888,2.38657239,0.00070025,0.9472513700000004,0.5185190300000001,0.5206343011764705,0.0006930833333333332,0.0006730853846153846,0.0006646908823529409
112,0.00070588,1554019200,0.00071529,0.00069764,0.00071253,4823.35251786,3.37809097,0.00070036,2.0280826400000005,0.7475795723076923,0.6189074605882352,0.0007028999999999998,0.0006769553846153847,0.0006668847058823528
113,0.0006918,1554026400,0.00070587,0.0006906,0.00070587,333.17344231,0.23140189,0.00069453,1.998688416666667,0.7381886476923079,0.5131860688235292,0.0007031266666666664,0.0006795523076923078,0.0006676282352941174
114,0.00068539,1554033600,0.0006918,0.00068539,0.0006918,41.64801062,0.02872078,0.0006896,1.2127378800000004,0.7393881776923078,0.4989893458823527,0.0006943566666666665,0.0006815915384615384,0.0006681047058823527
115,0.00070099,1554040800,0.00070322,0.00068981,0.00068981,884.24404848,0.61621615,0.00069688,0.29211294000000043,0.7774743046153847,0.5169303867647056,0.0006927266666666665,0.0006842992307692307,0.0006691847058823526
116,0.00072607,1554048000,0.00074664,0.00070099,0.00070099,1471.05392259,1.06412772,0.00072337,0.5696882166666671,0.7689843846153847,0.5461907785294114,0.0007041499999999997,0.0006887938461538461,0.0006708652941176467
117,0.0007395,1554055200,0.0007549,0.00072031,0.00072959,1616.16628407,1.19134386,0.00073714,0.9572292433333338,0.8597012238461539,0.5718573917647055,0.0007221866666666664,0.0006944084615384615,0.0006731594117647056
118,0.00073403,1554062400,0.00074659,0.0007254,0.00074659,589.64076895,0.43180386,0.00073231,0.8957584800000005,0.882086156923077,0.5814777329411761,0.0007331999999999998,0.000699463076923077,0.0006754402941176467
119,0.00071645,1554069600,0.00073313,0.00071528,0.00072913,1870.28095887,1.34857902,0.00072105,0.9905755800000003,0.9841333315384617,0.6208300067647055,0.0007299933333333331,0.0007030423076923078,0.0006772249999999996
120,0.000713,1554076800,0.0007194,0.0007094,0.00071644,502.82627146,0.35843554,0.00071284,0.7129394733333337,0.9044755476923079,0.6295090011764701,0.0007211599999999998,0.0007054976923076924,0.0006787217647058819
121,0.00072785,1554084000,0.00073188,0.00070715,0.000713,711.68573031,0.51317691,0.00072107,0.7400638233333336,0.9233577546153848,0.643392282058823,0.0007190999999999998,0.0007092469230769231,0.0006806147058823525
122,0.000741,1554091200,0.00074294,0.00072418,0.00072822,3022.08835995,2.21932775,0.00073436,1.0303134000000005,1.0836447230769233,0.6266511870588232,0.0007272833333333331,0.0007142138461538462,0.0006828164705882349
123,0.000727,1554098400,0.000741,0.0007203,0.000741,1212.4564889,0.8822861,0.00072768,1.2049302533333337,1.1269294569230772,0.6485210970588231,0.0007319499999999998,0.0007169738461538463,0.0006849894117647053
124,0.00073775,1554105600,0.000739,0.00072822,0.00072822,103.19934923,0.07610729,0.00073747,1.0592403800000005,0.9492013723076926,0.5971852594117643,0.0007352499999999998,0.0007189776923076924,0.0006875182352941171
125,0.0007203,1554112800,0.00073916,0.0007203,0.00073775,1339.20998381,0.98058562,0.00073221,0.6463263366666671,0.7647778838461541,0.6186253273529407,0.0007283499999999999,0.0007200869230769232,0.0006895752941176466
126,0.00072658,1554120000,0.00072896,0.00072145,0.0007246,329.16787786,0.23838387,0.0007242,0.4316922600000003,0.7653149592307694,0.6231880944117643,0.00072821,0.0007227623076923077,0.0006915429411764702
127,0.00072475,1554127200,0.00073702,0.00072475,0.00072822,787.9637753,0.57168364,0.00072552,0.596884376666667,0.8070813330769232,0.6359714991176466,0.0007238766666666667,0.00072579,0.0006935332352941172
128,0.00072822,1554134400,0.00072822,0.00072336,0.00072587,315.41491348,0.22865419,0.00072493,0.346240566666667,0.7772688746153847,0.640490348823529,0.0007265166666666666,0.0007278846153846154,0.0006955826470588231
129,0.0007262,1554141600,0.00073188,0.00072611,0.0007295,95.34429091,0.06939944,0.00072788,0.28991242333333367,0.7007513146153848,0.6393333855882349,0.0007263899999999998,0.0007278946153846153,0.0006974249999999996
130,0.00073052,1554148800,0.00073052,0.00072608,0.00072609,76.52995484,0.05557242,0.00072615,0.11787535000000031,0.613384280769231,0.6340011194117645,0.0007283133333333331,0.000727203846153846,0.0006991958823529407
131,0.00071806,1554156000,0.00073064,0.00071806,0.00073064,29.34828457,0.02120805,0.00072263,0.04872663666666696,0.5817999876923079,0.6273502711764704,0.0007249266666666665,0.0007259753846153845,0.0007008758823529407
132,0.00071489,1554163200,0.00072171,0.0007124,0.00071878,347.49483779,0.24944077,0.00071782,0.10874041333333362,0.4972508915384618,0.6322145067647056,0.0007211566666666666,0.0007258553846153844,0.0007025394117647054
133,0.00069477,1554170400,0.0007124,0.00069093,0.0007124,669.20568996,0.46887186,0.00070063,0.24650689333333362,0.5057459930769233,0.6342312108823527,0.0007092399999999999,0.0007244530769230768,0.000703692352941176
134,0.0006486,1554177600,0.00069621,0.00063383,0.00069475,5435.16423121,3.60043976,0.00066243,1.43958413,0.743227750769231,0.7297299123529409,0.0006860866666666666,0.0007183569230769228,0.0007034147058823525
135,0.00068209,1554184800,0.00068209,0.0006486,0.0006486,1102.64104158,0.73082927,0.00066279,1.6000469633333336,0.6287278676923079,0.7508388058823527,0.0006751533333333332,0.0007138253846153843,0.0007040973529411761
136,0.00066992,1554192000,0.00068208,0.00066992,0.00068208,357.88720793,0.24162124,0.00067513,1.5242967566666668,0.5794459553846156,0.7543836511764704,0.00066687,0.000709434615384615,0.0007042188235294114
137,0.00067035,1554199200,0.0006778,0.00066878,0.00066878,82.85939553,0.05564067,0.0006715,0.34269706000000005,0.5778716000000002,0.721476121470588,0.00067412,0.0007042499999999996,0.0007042985294117643
138,0.00068785,1554206400,0.00068785,0.00066995,0.00067211,501.0034317,0.33833126,0.0006753,0.21186439,0.5284674184615387,0.7310733658823527,0.0006760400000000001,0.0007017538461538458,0.0007049261764705879
139,0.00067029,1554213600,0.0006852,0.00066507,0.0006852,1909.13829115,1.27680252,0.00066878,0.5569248166666666,0.6083457761538463,0.7644852126470586,0.0006761633333333335,0.0006974238461538459,0.0007049841176470584
140,0.00067464,1554220800,0.00067692,0.00067174,0.00067176,384.88478518,0.25898749,0.00067289,0.6247070899999999,0.5842922261538462,0.7714564402941173,0.0006775933333333335,0.0006935692307692305,0.0007051229411764702
141,0.0006778,1554228000,0.0006778,0.00067083,0.00067083,7650.66526183,5.14662181,0.0006727,2.2274706066666665,0.9625974276923077,0.8818280602941174,0.0006742433333333334,0.000689690769230769,0.0007050264705882349
142,0.00067432,1554235200,0.0006778,0.0006676,0.0006778,342.10178507,0.22942338,0.00067062,1.8783442266666668,0.9749069615384616,0.880702035588235,0.0006755866666666668,0.0006856999999999998,0.0007048855882352936
143,0.00067427,1554242400,0.00068142,0.00067263,0.00067263,69.08170938,0.04660242,0.00067459,1.8075492033333334,0.9742169615384615,0.8780845432352938,0.0006754633333333334,0.0006813730769230767,0.0007048220588235291
144,0.00068666,1554249600,0.00068666,0.00067354,0.00067432,2043.36027332,1.39527759,0.00068283,0.55710113,1.0799146184615385,0.9097225735294115,0.0006784166666666667,0.0006789576923076922,0.0007046908823529407
145,0.00067864,1554256800,0.00070167,0.00067783,0.00068785,1503.03220148,1.04273807,0.00069375,0.8282060266666668,1.1409374876923077,0.870198034705882,0.0006798566666666667,0.0006761692307692307,0.0007037185294117643
146,0.00067001,1554264000,0.0006778,0.0006528,0.0006778,1666.68888028,1.10860035,0.00066515,1.1822053366666667,1.1901473715384616,0.803448310588235,0.0006784366666666668,0.0006742646153846152,0.0007026635294117644
147,0.00066955,1554271200,0.00067012,0.00066062,0.00067001,988.75828021,0.65792184,0.0006654,0.9364200866666668,0.9637998392307693,0.8159930149999997,0.0006727333333333335,0.0006758761538461536,0.0007020091176470585
148,0.0006623,1554278400,0.00066704,0.00065485,0.00066703,228.21261615,0.15098966,0.00066161,0.6391706166666667,0.9191967923076925,0.8195891585294115,0.0006672866666666669,0.0006743538461538459,0.0007013299999999997
149,0.00066833,1554285600,0.00067145,0.0006625,0.0006625,1154.12330253,0.77154695,0.00066851,0.5268194833333334,0.9599603084615385,0.8241577114705879,0.0006667266666666669,0.0006742315384615383,0.0007003694117647056
150,0.00068063,1554292800,0.00068063,0.00066546,0.00066897,1111.01993705,0.74865177,0.00067384,0.5570627933333335,1.0132688546153845,0.8148790070588232,0.0006704200000000001,0.0006750223076923076,0.0006990329411764703
151,0.00066224,1554300000,0.00068244,0.00065662,0.00067767,1868.15755765,1.24760327,0.00066782,0.9226006633333333,1.0832128553846152,0.816533695588235,0.0006704000000000001,0.0006730523076923076,0.000696760588235294
152,0.00067354,1554307200,0.00068835,0.00066,0.00066187,5291.27254019,3.51914525,0.00066508,1.8384667633333331,1.2557007576923076,0.9073378541176469,0.0006721366666666669,0.0006733023076923075,0.000694981470588235
153,0.00068796,1554314400,0.00069345,0.00066896,0.00067248,4888.67404104,3.3618467,0.00068768,2.7095317399999996,1.4943822353846155,0.9665516094117644,0.0006745800000000001,0.0006743269230769228,0.0006941435294117646
154,0.00065825,1554321600,0.00069344,0.00065825,0.00069344,3326.91192698,2.26602147,0.00068111,3.0490044733333335,1.2727975938461542,1.022657077941176,0.0006732500000000001,0.0006728230769230767,0.0006925332352941175
155,0.00065122,1554328800,0.00066834,0.00062476,0.00066246,3313.97693046,2.14109065,0.00064607,2.5896529400000006,1.4198489223076924,1.0705368938235291,0.0006658100000000002,0.0006710461538461534,0.0006902794117647058
156,0.00064667,1554336000,0.00065372,0.00063458,0.00064618,352.99700937,0.2271815,0.00064357,1.5447645400000007,1.433739620769231,1.0119443570588234,0.000652046666666667,0.0006689230769230766,0.0006875049999999999
157,0.0006319,1554343200,0.00064833,0.0006319,0.00064833,234.5234515,0.14994075,0.00063934,0.8394043000000005,1.3379444792307695,0.9904047879411761,0.0006432633333333335,0.0006647107692307688,0.0006847079411764706
158,0.00064434,1554350400,0.00064651,0.00063726,0.00063726,16.6791026,0.01075432,0.00064477,0.12929219000000058,1.2585611138461543,0.9884826417647055,0.0006409700000000003,0.0006620723076923073,0.0006819605882352941
159,0.00066704,1554357600,0.00067534,0.00064902,0.00064902,1935.38820765,1.29457253,0.00066889,0.4850892000000006,1.2728666661538466,0.9977175508823526,0.0006477600000000002,0.0006618438461538458,0.0006803941176470588
160,0.00066701,1554364800,0.00067176,0.00066506,0.00066506,82.78858113,0.05527282,0.00066763,0.45353322333333385,1.2265090492307695,0.9923319317647055,0.0006594633333333335,0.0006616484615384611,0.0006786420588235294
161,0.00065446,1554372000,0.000667,0.00065444,0.000667,1160.31321713,0.76861683,0.00066242,0.7061540600000006,1.2740188315384617,0.9981240844117643,0.0006628366666666668,0.0006610453846153843,0.0006765747058823529
162,0.00065778,1554379200,0.00067176,0.00065514,0.00065514,400.25876173,0.26651999,0.00066586,0.3634698800000005,1.2351706038461538,0.9992377844117641,0.0006597500000000003,0.0006602338461538459,0.0006745029411764705
163,0.00065217,1554386400,0.000657,0.00064808,0.000657,1523.45707399,0.99733973,0.00065465,0.6774921833333339,1.2543004469230772,1.0265301458823526,0.0006548033333333337,0.0006580446153846152,0.0006723255882352941
164,0.00064,1554393600,0.0006531,0.0006394,0.00065275,788.75927282,0.51289514,0.00065025,0.5922516200000006,1.1977844369230772,1.0399808141176465,0.0006499833333333337,0.0006563338461538459,0.0006696632352941177
165,0.00063717,1554400800,0.00064046,0.0006316,0.00063644,1128.64422865,0.7160482,0.00063443,0.7420943566666672,0.9821615869230773,1.0604172891176467,0.0006431133333333337,0.0006535361538461536,0.0006672841176470588
166,0.00064035,1554408000,0.000646,0.00063631,0.00063726,1719.45518394,1.10861859,0.00064474,0.7791873100000005,0.808836347692308,1.0856872249999996,0.0006391733333333337,0.0006498738461538459,0.0006650917647058824
167,0.00064547,1554415200,0.00064779,0.00063971,0.00063971,54.94356453,0.03543863,0.000645,0.6200351400000005,0.6372530523076926,1.0729391888235291,0.0006409966666666671,0.0006488907692307691,0.0006636417647058824
168,0.00064922,1554422400,0.00065179,0.00064459,0.00064902,21.96250569,0.014269,0.00064969,0.3861087400000005,0.47365138692307723,0.9674635782352938,0.0006450133333333336,0.0006487369230769231,0.00066366
169,0.000646,1554429600,0.00065049,0.00064536,0.000649,64.45279472,0.04172971,0.00064744,0.030479113333333824,0.4593858646153849,0.9471959441176466,0.000646896666666667,0.0006486853846153847,0.0006625985294117648
170,0.0006641,1554436800,0.00067479,0.00064969,0.00064969,2329.84616584,1.55376696,0.00066689,0.5365885566666672,0.5673724961538464,0.9857884652941171,0.0006531066666666669,0.0006511623076923078,0.0006624273529411765
171,0.00066384,1554444000,0.00067394,0.00066384,0.0006641,2409.83354878,1.6067144,0.00066673,1.0674036900000003,0.6901386561538464,1.0314082808823524,0.0006579800000000004,0.0006526623076923079,0.0006622358823529412
172,0.00066645,1554451200,0.00067972,0.00066645,0.00066702,116.86824341,0.07913806,0.00067715,1.0798731400000003,0.5966436969230772,1.0237849514705877,0.0006647966666666671,0.0006526169230769232,0.0006616064705882353
173,0.00067835,1554458400,0.00068509,0.0006708,0.0006708,84.72768364,0.05769011,0.00068088,0.5811808566666671,0.5968296423076926,0.9879287041176468,0.0006695466666666671,0.0006534892307692308,0.0006618435294117647
174,0.00067189,1554465600,0.000677,0.00067189,0.00067612,1010.83776923,0.68420077,0.00067686,0.2736763133333337,0.5903360992307696,1.000434977058823,0.0006722300000000005,0.0006548299999999999,0.0006617626470588236
175,0.00067324,1554472800,0.00067837,0.000669,0.0006708,799.84570753,0.53765712,0.0006722,0.42651600000000034,0.6111928015384618,0.864877192058823,0.0006744933333333339,0.0006560192307692307,0.0006616285294117647
176,0.00067598,1554480000,0.00068108,0.00067324,0.00067324,174.03211279,0.1182541,0.00067949,0.446703996666667,0.5435708300000003,0.8616075073529407,0.0006737033333333339,0.0006578507692307691,0.0006616773529411766
177,0.00066985,1554487200,0.00067905,0.00066457,0.00067905,148.00268558,0.09967803,0.00067348,0.2518630833333336,0.5117848984615387,0.8631685547058819,0.0006730233333333339,0.000660146923076923,0.0006615473529411765
178,0.00066842,1554494400,0.00066842,0.00066049,0.00066529,211.83897048,0.14094862,0.00066535,0.11962691666666696,0.4675464692307694,0.8262765261764702,0.0006714166666666673,0.0006625507692307691,0.0006610108823529412
179,0.00067147,1554501600,0.00067147,0.00066251,0.00066252,228.26338626,0.15259199,0.00066849,0.13107288000000028,0.3940059615384618,0.8000957591176467,0.0006699133333333339,0.0006649446153846153,0.0006608
180,0.00067024,1554508800,0.00067024,0.00066533,0.00066932,82.49755382,0.05526181,0.00066986,0.1162674733333336,0.3955308215384618,0.7691152138235291,0.0006700433333333339,0.00066685,0.0006608067647058824
181,0.00066595,1554516000,0.0006676,0.00066275,0.0006676,18.48838496,0.01226829,0.00066356,0.07337403000000028,0.39537692076923103,0.7501254035294115,0.0006692200000000006,0.000668136923076923,0.0006607008823529411
182,0.00067146,1554523200,0.00067146,0.00066408,0.00066408,6.73613389,0.00452057,0.00067109,0.02401689000000028,0.39251467923076955,0.7458174891176468,0.0006692166666666673,0.0006700953846153845,0.0006609702941176469
183,0.00066861,1554530400,0.00066977,0.00066498,0.00066767,13.02053259,0.00870404,0.00066848,0.008497633333333613,0.27366368538461566,0.7233809329411762,0.000668673333333334,0.0006704423076923075,0.0006609785294117646
184,0.00065312,1554537600,0.00066249,0.00065312,0.00066246,94.14850564,0.0619378,0.00065787,0.025054136666666945,0.15483471615384642,0.7031834632352938,0.0006643966666666674,0.0006696176923076921,0.0006601694117647057
185,0.00065964,1554544800,0.00065964,0.00065659,0.00065696,629.5992742,0.41371158,0.0006571,0.1614511400000003,0.18057114076923103,0.6786572370588233,0.0006604566666666674,0.0006690938461538458,0.0006600929411764703
186,0.0006515,1554552000,0.00065451,0.00064747,0.00065398,511.15463062,0.33351031,0.00065246,0.26971989666666696,0.20178807923076952,0.5849620917647057,0.0006547533333333341,0.0006670284615384613,0.0006594447058823527
187,0.00065182,1554559200,0.00065834,0.00065052,0.00065149,2314.36089147,1.51075562,0.00065277,0.7526591700000003,0.2653692215384618,0.530518236470588,0.0006543200000000008,0.000665484615384615,0.0006583817647058822
188,0.00065049,1554566400,0.00065436,0.00064536,0.00065105,1390.48558701,0.90029854,0.00064747,0.9148548233333336,0.2932647153846157,0.4903499149999999,0.0006512700000000008,0.000663734615384615,0.0006581535294117645
189,0.0006495,1554573600,0.0006531,0.0006495,0.00065232,110.6067443,0.07222658,0.000653,0.827760246666667,0.2897241369230772,0.4295009717647057,0.0006506033333333342,0.000661697692307692,0.0006581029411764703
190,0.00065419,1554580800,0.00065998,0.00064932,0.0006505,305.20370834,0.20008119,0.00065556,0.39086877000000037,0.2974474569230772,0.42870390382352924,0.0006513933333333341,0.0006604930769230767,0.0006583241176470586
191,0.00065179,1554588000,0.00065434,0.00064894,0.00065402,282.67973209,0.18359034,0.00064946,0.15196603666666705,0.3007275892307695,0.42969359764705867,0.0006518266666666675,0.000659213846153846,0.0006589091176470586
192,0.00068038,1554595200,0.00068766,0.00065087,0.00065087,2612.10123242,1.76346218,0.00067511,0.715711236666667,0.424640680769231,0.4812438288235293,0.0006621200000000009,0.0006598992307692305,0.0006599691176470586
193,0.00066305,1554602400,0.00068037,0.0006556,0.00068037,317.94891301,0.21206984,0.00066699,0.7197074533333336,0.4367028369230771,0.44940551441176463,0.0006650733333333341,0.0006593461538461535,0.0006598517647058821
194,0.00066596,1554609600,0.00066596,0.00065968,0.00065968,78.04847216,0.05159801,0.0006611,0.6757100100000004,0.43972820000000024,0.44929743176470577,0.0006697966666666675,0.0006593469230769227,0.0006598208823529409
195,0.00066631,1554616800,0.00066904,0.00066631,0.0006673,62.1720883,0.04154359,0.0006682,0.101737146666667,0.4425761246153848,0.42791292470588216,0.0006651066666666675,0.0006589507692307689,0.0006601694117647056
196,0.00067209,1554624000,0.00067326,0.00066403,0.00066403,34.25374009,0.02299499,0.00067131,0.038712196666667,0.4436754284615387,0.4207504247058822,0.0006681200000000007,0.0006592184615384611,0.0006605902941176469
197,0.00066444,1554631200,0.00067036,0.00066444,0.00066655,47.69574236,0.03182614,0.00066727,0.03212157333333366,0.44135914692307715,0.3923529661764704,0.0006676133333333341,0.0006600892307692304,0.0006609511764705879
198,0.00066078,1554638400,0.00066916,0.00066078,0.00066916,22.70515774,0.01506323,0.00066342,0.023294786666666994,0.41069388923076944,0.37771085117647046,0.0006657700000000007,0.0006601769230769228,0.0006615623529411762
199,0.00066499,1554645600,0.0006715,0.00066499,0.00066736,176.0761667,0.11756955,0.00066771,0.05481964000000033,0.3940830615384617,0.36010853794117637,0.0006634033333333339,0.0006612146153846151,0.0006623805882352938
200,0.0006893,1554652800,0.0007167,0.00066078,0.00066396,6747.32863343,4.68116125,0.00069377,1.6045980100000004,0.6379604176923078,0.46518332205882335,0.0006716900000000005,0.0006640976923076922,0.0006638202941176468
201,0.00069779,1554660000,0.00070485,0.0006907,0.00069286,1057.01775567,0.73719592,0.00069743,1.8453089066666672,0.6254140623076925,0.48582324235294094,0.0006840266666666672,0.0006677361538461537,0.0006653591176470586
202,0.00069279,1554667200,0.00069799,0.00068448,0.00069799,333.61565009,0.23085257,0.00069197,1.883069913333334,0.6376160615384616,0.49219334735294096,0.0006932933333333339,0.0006710661538461537,0.0006666405882352938
203,0.0006971,1554674400,0.0007124,0.00068332,0.00069285,3066.23845618,2.11818229,0.0006908,1.028743593333334,0.7851623000000001,0.5532654820588234,0.000695893333333334,0.000674366923076923,0.0006681435294117644
204,0.00068519,1554681600,0.0007077,0.00067615,0.0006971,1169.01193913,0.81133966,0.00069403,1.053458173333334,0.8334507092307692,0.5314293849999999,0.0006916933333333339,0.0006769361538461539,0.0006687638235294114
205,0.00067368,1554688800,0.00068586,0.00067031,0.0006842,82.92346544,0.05590526,0.00067417,0.9951424033333338,0.7021001769230769,0.4858173514705881,0.0006853233333333339,0.0006764207692307692,0.0006690532352941173
206,0.00067701,1554696000,0.00067701,0.00066655,0.0006703,161.22071917,0.10763686,0.00066763,0.32496059333333377,0.6940668707692308,0.4866555514705881,0.0006786266666666672,0.0006774946153846154,0.0006693638235294114
207,0.00067031,1554703200,0.00067929,0.00066655,0.00067469,2846.4593674,1.90843709,0.00067045,0.690659736666667,0.8369006461538462,0.5410892861764705,0.0006736666666666671,0.0006778292307692308,0.000669127352941176
208,0.00066418,1554710400,0.00067179,0.00065969,0.00067178,881.43208837,0.5855337,0.00066429,0.8672025500000005,0.8787460392307693,0.5381873135294116,0.0006705000000000005,0.0006776653846153846,0.0006689005882352936
209,0.00064912,1554717600,0.00066492,0.00064145,0.00065883,2402.54262662,1.56756716,0.00065246,1.3538459833333336,0.9975592830769231,0.5684787852941176,0.0006612033333333339,0.0006758984615384615,0.0006681911764705878
210,0.00065333,1554724800,0.00065672,0.00064665,0.00064947,34.16653043,0.02231856,0.00065322,0.7251398066666671,0.9968279307692308,0.5656571517647057,0.0006555433333333339,0.0006750438461538462,0.0006675249999999995
211,0.00066365,1554732000,0.00067413,0.00065098,0.00065133,1022.99278369,0.67951937,0.00066424,0.7564683633333337,1.0479399415384614,0.5827113088235292,0.0006553666666666673,0.0006752646153846154,0.0006673426470588231
212,0.0006581,1554739200,0.00066263,0.00065564,0.00066263,450.61539854,0.29834402,0.00066208,0.3333939833333337,1.0618456699999999,0.5873405852941174,0.0006583600000000006,0.0006747346153846153,0.0006670391176470585
213,0.00065616,1554746400,0.0006565,0.00065165,0.00065399,477.67626815,0.31323816,0.00065575,0.43036718333333374,0.725851586153846,0.5920654726470586,0.0006593033333333339,0.0006721853846153845,0.0006665888235294114
214,0.00065566,1554753600,0.00066037,0.00065566,0.0006581,509.38948945,0.33463857,0.00065694,0.3154069166666671,0.694885636153846,0.6002824361764703,0.0006566400000000005,0.0006689446153846153,0.0006661599999999996
215,0.00065834,1554760800,0.00066142,0.00065384,0.00066022,941.72443044,0.62171307,0.00066018,0.4231966000000004,0.7249518284615384,0.6182072826470585,0.0006567200000000005,0.0006662946153846153,0.0006659361764705879
216,0.00064644,1554768000,0.00065834,0.00064103,0.00065834,814.05386713,0.52550693,0.00064554,0.4939528566666671,0.6024383392307692,0.6335304108823525,0.0006534800000000006,0.0006623976923076922,0.0006652002941176468
217,0.00063809,1554775200,0.0006479,0.00063809,0.00064707,152.97798733,0.09877558,0.00064568,0.41533186000000044,0.5476257176923076,0.636179573823529,0.0006476233333333339,0.0006587746153846152,0.0006643026470588233
218,0.00063976,1554782400,0.00064082,0.00063443,0.00063658,783.79029038,0.50015249,0.00063812,0.37481166666666704,0.5817985815384614,0.6490682411764702,0.0006414300000000006,0.0006561653846153845,0.0006639097058823526
219,0.00064364,1554789600,0.0006466,0.00063765,0.00064126,310.37550753,0.19911124,0.00064151,0.26601310333333367,0.5888350723076922,0.6427564664705878,0.0006404966666666672,0.0006535984615384613,0.0006634391176470586
220,0.00064128,1554796800,0.00064364,0.00063629,0.00064364,182.87409733,0.1171462,0.00064058,0.2721366433333337,0.45104346538461526,0.6363928161764703,0.0006415600000000007,0.0006513653846153843,0.0006631385294117645
221,0.0006437,1554804000,0.00064679,0.00063942,0.00064218,14.1620911,0.00912085,0.00064403,0.10845943000000036,0.40670401538461526,0.5922270876470583,0.000642873333333334,0.0006497899999999997,0.0006628997058823528
222,0.00064532,1554811200,0.00064899,0.00064145,0.00064279,343.47310338,0.22110752,0.00064374,0.11579152333333369,0.3031301969230768,0.57225088117647,0.000643433333333334,0.000649497692307692,0.0006627476470588234
223,0.00064025,1554818400,0.00064402,0.00064025,0.00064402,106.60617458,0.06835994,0.00064123,0.09952943666666703,0.3066718415384614,0.5721371564705878,0.0006430900000000007,0.0006484915384615381,0.0006624755882352939
224,0.0006383,1554825600,0.0006414,0.00063692,0.0006414,2.80290637,0.00179145,0.00063914,0.09708630333333369,0.25453892461538447,0.5663051052941173,0.0006412900000000006,0.0006465415384615381,0.0006620082352941175
225,0.00064003,1554832800,0.00064122,0.00063629,0.00064122,6.50423088,0.00414349,0.00063704,0.024764960000000353,0.2319081146153845,0.5610272567647056,0.0006395266666666673,0.0006451515384615381,0.0006616623529411763
226,0.00064003,1554840000,0.00064003,0.00064003,0.00064003,0.0,0.0,0.00064003,0.0019783133333336894,0.2078128715384614,0.5091607220588231,0.000639453333333334,0.0006439107692307689,0.0006604755882352939
227,0.0006364,1554847200,0.00063969,0.0006364,0.00063808,100.91000829,0.06438534,0.00063804,0.022842943333333688,0.18702416153846138,0.5048170602941172,0.0006388200000000006,0.0006424292307692305,0.0006596917647058822
228,0.00064478,1554854400,0.00064478,0.00063412,0.00063697,93.17450213,0.05924794,0.00063588,0.04121109333333369,0.14375761307692295,0.5050420582352937,0.000640403333333334,0.0006413861538461535,0.0006590688235294116
229,0.00064495,1554861600,0.00064861,0.00064495,0.00064608,32.14742997,0.02084145,0.0006483,0.04815824333333369,0.10493719153846139,0.5044331717647054,0.000642043333333334,0.0006412715384615381,0.0006584405882352941
230,0.00064158,1554868800,0.00064768,0.00064158,0.00064495,24.00599316,0.01547724,0.00064472,0.031855543333333694,0.09852962692307678,0.5042120614705877,0.0006437700000000006,0.0006415399999999995,0.0006575432352941175
231,0.00064821,1554876000,0.00064915,0.00064658,0.00064857,2.64297105,0.00171398,0.0006485,0.012677556666667028,0.06018820307692292,0.5033264097058819,0.0006449133333333339,0.0006421899999999995,0.0006570658823529411
232,0.00064578,1554883200,0.00064582,0.00064283,0.00064336,3.5277078,0.00227599,0.00064517,0.006489070000000361,0.04504702999999984,0.5029503144117643,0.0006451900000000007,0.0006423546153846149,0.0006566247058823529
233,0.00064414,1554890400,0.00064752,0.00064414,0.00064554,10.03609692,0.00649048,0.00064671,0.0034934833333336948,0.03653505153846138,0.4996832829411761,0.0006460433333333339,0.0006425746153846149,0.0006560114705882352
234,0.00064117,1554897600,0.00064763,0.00064117,0.00064762,323.52884078,0.20746149,0.00064124,0.07207598666666702,0.051792023846153695,0.3681038782352938,0.0006436966666666673,0.0006423799999999996,0.000654595882352941
235,0.00064054,1554904800,0.0006426,0.00063893,0.00064208,157.74532766,0.10108238,0.00064079,0.10501145000000035,0.04255932076923062,0.34939465647058787,0.0006419500000000006,0.0006420123076923073,0.0006529120588235292
236,0.00063843,1554912000,0.00064274,0.00063841,0.00063841,81.19014466,0.05213912,0.00064218,0.12022766333333368,0.04131156538461523,0.3441383785294114,0.0006400466666666673,0.0006418723076923073,0.0006513132352941175
237,0.00062968,1554919200,0.00064146,0.00062758,0.00064146,1173.43442755,0.74493051,0.00063482,0.29938400333333365,0.0984761084615383,0.3037486202941173,0.0006362166666666674,0.0006412092307692304,0.000649330294117647
238,0.00062379,1554926400,0.0006319,0.00062315,0.00062811,175.18158192,0.11009102,0.00062843,0.30238688333333363,0.10662591846153832,0.28312366029411734,0.000630633333333334,0.0006399599999999997,0.0006475244117647058
239,0.00062187,1554933600,0.00062816,0.00061759,0.00062262,439.45518461,0.2725531,0.0006202,0.37585821000000025,0.1275915415384614,0.289495655588235,0.000625113333333334,0.0006385630769230767,0.000646000588235294
240,0.00061584,1554940800,0.00062146,0.00061267,0.00062013,701.16708566,0.43123499,0.00061502,0.27129303666666693,0.15581074538461526,0.2990132476470585,0.0006205000000000005,0.0006369815384615382,0.0006442014705882352
241,0.00059278,1554948000,0.00061184,0.00058802,0.00061178,630.6007245,0.37816383,0.00059968,0.36065064000000024,0.18034273692307679,0.254005210588235,0.0006101633333333339,0.0006329815384615382,0.0006419211764705882
242,0.00059566,1554955200,0.00060011,0.00058988,0.0005899,137.09303615,0.08156418,0.00059495,0.2969876666666669,0.18501371615384604,0.23918257764705853,0.0006014266666666671,0.0006291899999999997,0.0006399058823529412
243,0.00059226,1554962400,0.00059881,0.00058984,0.00059511,395.52150121,0.23456675,0.00059305,0.23143158666666694,0.20186675538461524,0.19997668323529383,0.0005935666666666673,0.0006253961538461537,0.0006382335294117647
244,0.00058469,1554969600,0.00059687,0.00058469,0.00059342,2985.80200486,1.77856887,0.00059567,0.698233266666667,0.33854790076923064,0.2516311041176468,0.0005908700000000006,0.0006205099999999999,0.000636214705882353
245,0.00057772,1554976800,0.00058845,0.00056674,0.0005858,630.98314474,0.36611475,0.00058022,0.7930834566666669,0.3665354976923076,0.2424133211764703,0.0005848900000000007,0.0006152746153846153,0.0006336873529411765
246,0.00058675,1554984000,0.00058931,0.00057304,0.00057763,5036.46686158,2.96248927,0.0005882,1.7023909633333334,0.5939200199999999,0.32077053441176445,0.000583053333333334,0.00061086,0.0006315888235294119
247,0.00058572,1554991200,0.00059218,0.00058238,0.00058475,180.67400154,0.10637578,0.00058877,1.1449932666666667,0.5861441961538459,0.31468634676470564,0.0005833966666666672,0.0006065946153846152,0.0006295170588235296
248,0.00058572,1554998400,0.00058865,0.00057594,0.00058675,671.62679527,0.38995104,0.0005806,1.1529386966666666,0.6083648623076922,0.31631318411764686,0.000586063333333334,0.0006023776923076922,0.0006274600000000003
249,0.000584,1555005600,0.00058982,0.000584,0.00058967,663.54754165,0.38957879,0.00058711,0.29530187,0.63432176,0.3094857052941174,0.0005851466666666672,0.0005981907692307691,0.0006252735294117649
250,0.00057604,1555012800,0.00058571,0.00057259,0.00058571,598.90990895,0.34554206,0.00057695,0.3750239633333334,0.6035995715384614,0.30419262088235266,0.0005819200000000005,0.0005940646153846153,0.0006232029411764707
251,0.00058125,1555020000,0.00058434,0.00057523,0.00057962,158.43059337,0.09196119,0.00058045,0.2756940133333333,0.6022049692307692,0.30399219764705854,0.0005804300000000006,0.0005907923076923075,0.0006215311764705884
252,0.00057772,1555027200,0.00058275,0.00057588,0.00058239,134.77722995,0.078185,0.0005801,0.1718960833333333,0.587253576923077,0.2915813891176468,0.0005783366666666672,0.0005873961538461537,0.0006197064705882354
