,close,date,high,low,open,quoteVolume,volume,weightedAverage,avg_vol_3,avg_vol_13,avg_vol_34,avg_close_3,avg_close_13,avg_close_34
0,0.00012925,1553040817,0.00012925,0.00012925,0.00012925,0.0,0.0,0.00012925,-99999.0,-99999.0,-99999.0,-99999.0,-99999.0,-99999.0
1,0.000129,1553047200,0.0001291,0.000129,0.0001291,358.47005401,0.04624784,0.00012901,-99999.0,-99999.0,-99999.0,-99999.0,-99999.0,-99999.0
2,0.00012928,1553054400,0.00013,0.0001286,0.00012921,461.98713769,0.05970887,0.00012924,0.03531890333333333,-99999.0,-99999.0,0.00012917666666666667,-99999.0,-99999.0
3,0.00012833,1553061600,0.00012928,0.00012833,0.00012928,135.02011609,0.0173455,0.00012846,0.041100736666666665,-99999.0,-99999.0,0.00012887,-99999.0,-99999.0
4,0.0001273,1553068800,0.00012838,0.00012636,0.00012833,6339.87081669,0.80599176,0.00012713,0.29434870999999996,-99999.0,-99999.0,0.00012830333333333334,-99999.0,-99999.0
5,0.00012732,1553076000,0.00012732,0.0001273,0.0001273,667.2354049,0.08493908,0.0001273,0.30275877999999995,-99999.0,-99999.0,0.00012765,-99999.0,-99999.0
6,0.00012935,1553083200,0.00012946,0.0001268,0.00012683,1490.06933482,0.19077472,0.00012803,0.36056851999999995,-99999.0,-99999.0,0.00012799,-99999.0,-99999.0
7,0.00012928,1553090400,0.00013,0.0001268,0.000129,2986.85007653,0.38462752,0.00012877,0.2201137733333333,-99999.0,-99999.0,0.00012865,-99999.0,-99999.0
8,0.00012973,1553097600,0.00013078,0.00012636,0.00012986,22353.09681705,2.86004176,0.00012794,1.145148,-99999.0,-99999.0,0.00012945333333333334,-99999.0,-99999.0
9,0.00012948,1553104800,0.00013075,0.00012948,0.00013038,3853.59388495,0.50176631,0.0001302,1.2488118633333334,-99999.0,-99999.0,0.00012949666666666666,-99999.0,-99999.0
10,0.00013056,1553112000,0.00013056,0.00012929,0.00012931,590.54169943,0.07707913,0.00013052,1.1462957333333335,-99999.0,-99999.0,0.00012992333333333334,-99999.0,-99999.0
11,0.00012928,1553119200,0.00013056,0.00012928,0.00013056,1101.08859111,0.14263877,0.00012954,0.24049473666666676,-99999.0,-99999.0,0.00012977333333333337,-99999.0,-99999.0
12,0.00012767,1553126400,0.00013437,0.00012658,0.00012987,17742.19241852,2.31573169,0.00013052,0.8451498633333333,0.5759148423076923,-99999.0,0.00012917000000000004,0.00012891,-99999.0
13,0.00012866,1553133600,0.00012866,0.00012758,0.00012775,4520.32173459,0.58059915,0.00012844,1.01298987,0.6205763153846153,-99999.0,0.00012853666666666667,0.0001288646153846154,-99999.0
14,0.00012836,1553140800,0.00012956,0.0001273,0.00012868,2616.03424898,0.33839721,0.00012935,1.0782426833333332,0.6430493438461539,-99999.0,0.00012823000000000004,0.00012881538461538463,-99999.0
15,0.00012772,1553148000,0.00012831,0.00012694,0.00012831,728.93416184,0.09273208,0.00012721,0.3372428133333332,0.6455895907692307,-99999.0,0.0001282466666666667,0.00012869538461538464,-99999.0
16,0.00012769,1553155200,0.00012807,0.00012503,0.00012775,12008.16007608,1.51863637,0.00012646,0.6499218866666667,0.7610735038461538,-99999.0,0.00012792333333333335,0.00012864615384615386,-99999.0
17,0.0001267,1553162400,0.00012756,0.0001262,0.00012703,992.1229063,0.12573335,0.00012673,0.5790339333333333,0.7087459338461539,-99999.0,0.00012737000000000002,0.0001286,-99999.0
18,0.00012639,1553169600,0.0001282,0.00012561,0.0001273,3557.18412302,0.45037728,0.00012661,0.698249,0.7368565646153846,-99999.0,0.0001269266666666667,0.00012852846153846157,-99999.0
19,0.00012573,1553176800,0.00012678,0.00012305,0.00012611,8214.7588579,1.02624271,0.00012492,0.53411778,0.8011233330769231,-99999.0,0.00012627333333333336,0.00012825,-99999.0
20,0.00012475,1553184000,0.00013423,0.00012442,0.00012541,20448.35345252,2.63840959,0.00012902,1.3716765266666666,0.9744911846153846,-99999.0,0.00012562333333333335,0.00012790153846153847,-99999.0
21,0.00012543,1553191200,0.00012616,0.00012468,0.00012475,748.72674706,0.09386008,0.00012535,1.2528374599999998,0.7617079784615386,-99999.0,0.00012530333333333335,0.00012757076923076922,-99999.0
22,0.00012674,1553198400,0.00012691,0.00012533,0.00012543,1251.46137375,0.15829837,0.00012649,0.9635226799999997,0.7352873676923077,-99999.0,0.00012564,0.00012736,-99999.0
23,0.00012612,1553205600,0.00012757,0.00012549,0.00012615,1085.92772694,0.13797083,0.00012705,0.13004309333333305,0.7399713446153847,-99999.0,0.00012609666666666666,0.00012701846153846154,-99999.0
24,0.0001278,1553212800,0.00013084,0.00012637,0.00012671,6470.32530149,0.83449848,0.00012897,0.37692255999999974,0.7931913223076925,-99999.0,0.00012688666666666666,0.00012690461538461537,-99999.0
25,0.00013017,1553220000,0.00013017,0.00012775,0.00012781,7183.06276035,0.92379349,0.0001286,0.6320875999999999,0.6861191530769233,-99999.0,0.00012803,0.00012709692307692305,-99999.0
26,0.00012871,1553227200,0.00013029,0.00012871,0.00013017,411.75500427,0.0534455,0.00012979,0.6039124899999998,0.6455688723076926,-99999.0,0.00012889333333333333,0.0001271007692307692,-99999.0
27,0.00012855,1553234400,0.00012991,0.00012855,0.00012881,496.78437816,0.06390589,0.00012863,0.3470482933333332,0.6244541553846156,-99999.0,0.00012914333333333334,0.00012711538461538462,-99999.0
28,0.00012783,1553241600,0.00012975,0.00012582,0.0001287,9492.66317204,1.20885519,0.00012734,0.44206885999999984,0.7103097792307694,-99999.0,0.00012836333333333334,0.00012712384615384614,-99999.0
29,0.00012754,1553248800,0.00012909,0.00012714,0.00012847,1598.3270409,0.20512752,0.00012833,0.4926295333333332,0.6092706369230771,-99999.0,0.00012797333333333335,0.0001271123076923077,-99999.0
30,0.00012756,1553256000,0.00012758,0.00012604,0.00012745,895.66112439,0.11382907,0.00012708,0.5092705933333331,0.6083549230769233,-99999.0,0.00012764333333333333,0.00012717846153846154,-99999.0
31,0.00012756,1553263200,0.00012915,0.00012756,0.00012764,1698.07536654,0.21777669,0.00012824,0.1789110933333332,0.5904625700000002,-99999.0,0.00012755333333333335,0.00012726846153846154,-99999.0
32,0.00012953,1553270400,0.00012953,0.00012737,0.00012822,4248.90136527,0.54476526,0.00012821,0.2921236733333332,0.5534258430769233,-99999.0,0.00012821666666666668,0.00012756076923076926,-99999.0
33,0.0001287,1553277600,0.0001292,0.00012814,0.00012885,55.55895288,0.00715069,0.0001287,0.25656421333333324,0.3510213123076925,0.553567580882353,0.0001285966666666667,0.00012786461538461538,0.00012806088235294116
34,0.00012821,1553284800,0.0001295,0.00012814,0.00012874,917.26842573,0.11793638,0.00012857,0.2232841099999999,0.35287333538461557,0.5570362979411766,0.00012881333333333338,0.00012807846153846156,0.00012803029411764705
35,0.00012948,1553292000,0.00012948,0.00012798,0.00012884,762.248349,0.09766112,0.00012812,0.07424939666666656,0.3482089315384617,0.5585484532352942,0.0001287966666666667,0.00012828923076923078,0.0001280444117647059
36,0.00012943,1553299200,0.00012979,0.00012884,0.00012884,661.17062255,0.08571773,0.00012964,0.10043840999999988,0.34418946230769254,0.5593134197058824,0.00012904000000000005,0.00012854384615384616,0.00012804882352941178
37,0.00012954,1553306400,0.00012979,0.00012798,0.00012977,901.89194681,0.11651847,0.00012919,0.09996577333333322,0.28896023076923094,0.5622302717647059,0.00012948333333333338,0.00012867769230769232,0.0001280844117647059
38,0.00013034,1553313600,0.00013034,0.00012693,0.00012955,10668.76126148,1.35852922,0.00012733,0.52025514,0.322401440769231,0.5784813735294118,0.00012977000000000005,0.00012869076923076927,0.00012817382352941175
39,0.000129,1553320800,0.00013078,0.000129,0.00013056,1730.08893869,0.22529356,0.00013022,0.5667804166666667,0.33562052230769257,0.5826094464705882,0.0001296266666666667,0.00012871307692307696,0.0001282232352941176
40,0.00013003,1553328000,0.00013121,0.00012969,0.00012969,1780.00375776,0.23281439,0.00013079,0.6055457233333333,0.34861348384615404,0.5838459073529412,0.00012979,0.0001288269230769231,0.0001282432352941176
41,0.00013022,1553335200,0.00013044,0.0001291,0.00013044,161.6142945,0.02102807,0.00013011,0.15971200666666663,0.2572421669230771,0.573151805882353,0.00012975,0.00012901076923076926,0.00012827088235294114
42,0.00012869,1553342400,0.00013006,0.00012784,0.00013006,2503.12087754,0.32236977,0.00012878,0.1920707433333333,0.2662608015384617,0.49851439441176476,0.00012964666666666664,0.0001290992307692308,0.00012824029411764705
43,0.0001283,1553349600,0.00012971,0.0001283,0.00012881,382.6407504,0.04946517,0.00012927,0.1309543366666666,0.2613097323076925,0.48521141970588244,0.00012906999999999998,0.00012915615384615387,0.00012820558823529408
44,0.00012789,1553356800,0.00012949,0.00012789,0.00012827,3631.05609283,0.46961765,0.00012933,0.28048419666666663,0.28068211384615405,0.4967566702941177,0.00012829333333333332,0.00012918153846153848,0.00012812705882352937
45,0.0001278,1553364000,0.00012867,0.0001265,0.00012867,7673.29501377,0.97482419,0.00012704,0.4979690033333333,0.31376357000000016,0.5212327120588235,0.00012799666666666665,0.00012904846153846157,0.00012808352941176467
46,0.00012946,1553371200,0.00012947,0.0001278,0.0001278,1048.97771668,0.13523657,0.00012892,0.52655947,0.3236163300000002,0.4571005026470588,0.0001283833333333333,0.0001291069230769231,0.0001281361764705882
47,0.00013117,1553378400,0.00013682,0.00012791,0.00012946,29142.59264237,3.83977575,0.00013175,1.6499455033333332,0.6099116661538464,0.5529586379411765,0.00012947666666666665,0.00012933461538461544,0.00012820999999999994
48,0.00013027,1553385600,0.00013157,0.0001298,0.00013108,3003.30958269,0.39180402,0.00013045,1.4556054466666668,0.6325380430769234,0.5545294264705882,0.0001303,0.00012939538461538466,0.00012826617647058818
49,0.00013122,1553392800,0.00013122,0.00013027,0.00013027,391.18452534,0.05122581,0.00013095,1.4276018600000002,0.6298848184615387,0.5533086538235292,0.0001308866666666667,0.00012953307692307697,0.00012836911764705877
50,0.00012941,1553400000,0.0001304,0.00012941,0.0001304,1203.99615898,0.15634519,0.00012985,0.1997916733333335,0.6329484123076925,0.5132412661764705,0.00013030000000000005,0.00012952307692307697,0.0001284197058823529
51,0.00012896,1553407200,0.00012941,0.00012894,0.00012941,3304.05377936,0.4272265,0.0001293,0.21159916666666687,0.5613097415384616,0.5221087117647057,0.00012986333333333337,0.00012941692307692312,0.0001284861764705882
52,0.00012755,1553414400,0.00012894,0.00012637,0.00012894,12199.51727235,1.55027389,0.00012707,0.7112818600000002,0.6632313053846155,0.5544586120588233,0.00012864000000000004,0.00012930538461538465,0.00012852029411764704
53,0.00012736,1553421600,0.00012877,0.00012736,0.00012758,7195.0907509,0.92009693,0.00012787,0.9658657733333335,0.7160991930769232,0.551336677352941,0.0001279566666666667,0.00012910000000000002,0.00012856823529411762
54,0.00012883,1553428800,0.00012883,0.00012784,0.00012784,560.57233748,0.07216121,0.00012872,0.8475106766666668,0.7200325115384617,0.4758587838235293,0.00012791333333333335,0.00012899307692307695,0.00012868823529411762
55,0.0001289,1553436000,0.0001289,0.00012889,0.00012889,20.0,0.00257798,0.00012889,0.33161204000000005,0.6954331430769233,0.4731740161764706,0.0001283633333333333,0.0001290092307692308,0.00012879029411764703
56,0.00012786,1553443200,0.00012883,0.00012746,0.00012883,1009.74523037,0.12885261,0.0001276,0.0678639333333334,0.7015398692307694,0.47230796441176465,0.00012853,0.00012897538461538463,0.0001288232352941176
57,0.00012828,1553450400,0.00012919,0.00012704,0.0001282,6577.51298735,0.83613026,0.00012711,0.32252028333333344,0.7297331469230771,0.4928420652941176,0.00012834666666666666,0.00012900538461538461,0.0001288867647058823
58,0.00012908,1553457600,0.00012908,0.00012846,0.00012846,728.58731083,0.09386077,0.00012882,0.3529478800000001,0.6619667300000002,0.471058603235294,0.00012840666666666669,0.00012910384615384617,0.00012892441176470582
59,0.00012939,1553464800,0.0001294,0.00012797,0.00012912,573.55646012,0.07398561,0.00012899,0.3346588800000001,0.6572551176923078,0.4460642538235294,0.0001289166666666667,0.00012909846153846155,0.00012890147058823524
60,0.00012942,1553472000,0.00012942,0.00012942,0.00012942,33.45595735,0.00432987,0.00012942,0.057392083333333455,0.3622208192307693,0.44461967647058814,0.00012929666666666666,0.0001289638461538462,0.00012892235294117643
61,0.00012942,1553479200,0.00012946,0.00012791,0.00012939,859.21203123,0.11082214,0.00012898,0.06304587333333346,0.34060682846153856,0.4459995661764705,0.00012941,0.00012889846153846154,0.00012894794117647055
62,0.00012877,1553486400,0.00012975,0.00012877,0.00012938,464.62150392,0.06015438,0.00012946,0.05843546333333347,0.34129364153846165,0.41221424823529407,0.00012920333333333334,0.00012871,0.00012897558823529408
63,0.00012875,1553493600,0.00012909,0.00012834,0.00012883,1219.71503753,0.15736096,0.00012901,0.1094458266666668,0.3413717776923078,0.41080934941176467,0.00012898,0.00012865923076923078,0.00012901117647058823
64,0.00012843,1553500800,0.00012995,0.00012783,0.00012913,869.21292006,0.11216654,0.00012904,0.10989396000000012,0.31713639615384626,0.41076045147058826,0.00012865,0.00012861846153846155,0.00012903676470588235
65,0.00012823,1553508000,0.00012843,0.00012774,0.00012843,212.53467205,0.02727689,0.00012834,0.09893479666666678,0.19998278076923093,0.4051575161764706,0.00012847000000000002,0.00012867076923076925,0.0001290564705882353
66,0.00012902,1553515200,0.00013007,0.00012767,0.00012767,1260.40174538,0.16301033,0.00012933,0.10081792000000012,0.14174535000000016,0.39392943,0.00012856000000000003,0.00012879846153846157,0.00012904147058823528
67,0.0001277,1553522400,0.00013011,0.00012677,0.00012906,8236.41348849,1.06156597,0.00012888,0.4172843966666668,0.21785340846153864,0.4249416441176471,0.00012831666666666668,0.00012871153846153848,0.0001290120588235294
68,0.00012877,1553529600,0.00012877,0.00012735,0.00012826,770.77952483,0.09914012,0.00012862,0.44123880666666676,0.22528126538461557,0.42438881294117653,0.0001284966666666667,0.0001287015384615385,0.0001290285294117647
69,0.00012877,1553536800,0.00012877,0.0001285,0.0001285,163.79304186,0.02107691,0.00012868,0.3939276666666667,0.2169908269230771,0.4221363361764706,0.00012841333333333337,0.0001287715384615385,0.0001290076470588235
70,0.00012877,1553544000,0.00012877,0.00012877,0.00012877,0.0,0.0,0.00012877,0.04007234333333335,0.1526731146153848,0.41961522647058824,0.00012877000000000003,0.0001288092307692308,0.00012898823529411765
71,0.00012846,1553551200,0.00012876,0.00012775,0.00012876,1640.81529615,0.20981151,0.00012787,0.07696280666666667,0.1615924023076925,0.4223591394117647,0.0001286666666666667,0.0001287615384615385,0.0001289564705882353
72,0.00012788,1553558400,0.00012986,0.00012788,0.00012867,1029.27797921,0.13267261,0.00012889,0.11416137333333336,0.16610678692307715,0.3863045332352941,0.00012837000000000002,0.00012864538461538464,0.00012888411764705885
73,0.00012854,1553565600,0.00012951,0.00012788,0.00012788,111.66913975,0.01434366,0.00012844,0.11894259333333335,0.1668770784615387,0.38010012441176466,0.00012829333333333335,0.00012857769230769235,0.00012887058823529414
74,0.00012761,1553572800,0.00012832,0.00012671,0.00012832,1855.22694475,0.23623433,0.00012733,0.1277502,0.17652417000000026,0.3802007108823529,0.00012801,0.0001284384615384616,0.00012879941176470593
75,0.00012758,1553580000,0.00012766,0.00012752,0.00012761,437.37776164,0.05578785,0.00012755,0.10212194666666667,0.17618828307692333,0.38122305735294115,0.00012791,0.0001283469230769231,0.0001287217647058824
76,0.00012696,1553587200,0.00012758,0.00012493,0.00012758,14204.16880772,1.79145991,0.00012612,0.69449403,0.3018882023076926,0.42443159088235294,0.0001273833333333333,0.0001282092307692308,0.00012867088235294123
77,0.00012812,1553594400,0.00012852,0.00012701,0.00012701,1236.27766152,0.15804728,0.00012784,0.66843168,0.3054174900000003,0.42762518235294117,0.00012755333333333332,0.00012818538461538466,0.00012866558823529416
78,0.00012755,1553601600,0.00012808,0.00012714,0.00012808,37.35781678,0.00477642,0.00012785,0.6514278699999999,0.30368668461538484,0.41395338147058824,0.00012754333333333333,0.00012813307692307696,0.00012865558823529414
79,0.00012655,1553608800,0.00012828,0.00012611,0.00012755,1313.92261363,0.16748447,0.00012746,0.1101027233333333,0.30403084923076945,0.3902080955882353,0.0001274066666666667,0.00012794307692307695,0.00012861882352941179
80,0.00012743,1553616000,0.00012773,0.00012656,0.00012656,524.49940201,0.06688294,0.00012751,0.07971460999999996,0.2275167700000002,0.3881976947058824,0.00012717666666666667,0.00012792230769230774,0.00012855911764705886
81,0.00012573,1553623200,0.00012743,0.000124,0.00012743,6373.035885,0.79703837,0.00012506,0.3438019266666666,0.28120125076923097,0.2987054188235294,0.00012657,0.00012768846153846157,0.00012839911764705889
82,0.00012617,1553630400,0.00012617,0.00012418,0.00012572,645.41694783,0.081089,0.00012563,0.3150034366666666,0.28581756538461556,0.28956674176470587,0.00012644333333333333,0.00012748846153846157,0.00012827852941176476
83,0.00012619,1553637600,0.00012654,0.00012582,0.00012582,317.50979601,0.04009284,0.00012627,0.30607340333333327,0.2889016300000002,0.28923930147058824,0.00012602999999999998,0.00012729,0.0001281305882352942
84,0.00012614,1553644800,0.00012776,0.00012553,0.00012619,2687.09655905,0.34022785,0.00012661,0.15380322999999996,0.2989336561538463,0.29464761500000003,0.00012616666666666668,0.0001271115384615385,0.00012803441176470595
85,0.0001269,1553652000,0.00012776,0.00012654,0.00012654,971.70310591,0.12368044,0.00012728,0.16800037666666665,0.29824195076923093,0.28571978970588235,0.00012641,0.00012703615384615388,0.00012797382352941185
86,0.00012836,1553659200,0.00012836,0.00012658,0.0001269,2721.26217394,0.34719851,0.00012758,0.2703689333333333,0.32384617000000016,0.25033521970588235,0.00012713333333333335,0.00012702230769230774,0.00012799764705882362
87,0.0001259,1553666400,0.00012836,0.000125,0.00012836,10829.70330212,1.36096777,0.00012566,0.6106155733333333,0.4103641269230771,0.26330200911764706,0.00012705333333333334,0.00012689076923076928,0.00012795470588235303
88,0.00012765,1553673600,0.00012765,0.0001259,0.0001259,2514.01541755,0.32040388,0.00012744,0.6761900533333334,0.43071920615384635,0.27060326411764707,0.00012730333333333334,0.0001268961538461539,0.0001279200000000001
89,0.00012775,1553680800,0.00012776,0.00012755,0.00012765,2136.95738704,0.27297676,0.00012774,0.6514494700000001,0.3139128100000001,0.27855616941176475,0.00012710000000000003,0.00012695692307692312,0.00012788617647058832
90,0.000128,1553688000,0.00012872,0.0001272,0.00012756,3143.61627514,0.40233574,0.00012798,0.33190546,0.3327042300000001,0.286599790882353,0.00012780000000000004,0.00012694769230769235,0.00012789029411764714
91,0.0001279,1553695200,0.00012873,0.0001272,0.00012873,1666.24222661,0.21324142,0.00012797,0.29618463999999994,0.34873999923076937,0.268279530882353,0.00012788333333333337,0.00012697461538461544,0.00012787911764705894
92,0.00012796,1553702400,0.00012845,0.00012658,0.00012799,2918.27450645,0.37166582,0.00012735,0.32908099333333335,0.364446256923077,0.27645026764705893,0.0001279533333333334,0.00012708307692307696,0.00012784617647058834
93,0.00012838,1553709600,0.00012839,0.00012664,0.00012724,1153.75535496,0.14670526,0.00012715,0.24387083333333334,0.3705864353846155,0.278589080882353,0.00012808000000000006,0.0001271561538461539,0.0001278164705882354
94,0.00012872,1553716800,0.00012873,0.00012709,0.00012838,798.44623257,0.10252435,0.0001284,0.20696514333333335,0.31716228000000013,0.2814771538235295,0.0001283533333333334,0.0001273861538461539,0.00012779588235294127
95,0.00012896,1553724000,0.00012896,0.00012869,0.00012869,1750.34678431,0.22541118,0.00012878,0.1582135966666667,0.3282639861538463,0.28484741970588245,0.00012868666666666676,0.00012760076923076926,0.00012778235294117656
96,0.00012921,1553731200,0.0001299,0.00012804,0.00012876,2598.77132743,0.33638299,0.00012943,0.2214395066666667,0.35105553615384627,0.2929717905882354,0.0001289633333333334,0.00012783307692307698,0.00012779529411764714
97,0.00013028,1553738400,0.00013067,0.00012958,0.0001299,1545.00384366,0.20136352,0.00013033,0.2543858966666667,0.34037366461538476,0.29426598352941186,0.00012948333333333338,0.0001281515384615385,0.00012784029411764714
98,0.00013066,1553745600,0.0001307,0.00013021,0.00013021,1268.16449653,0.16573024,0.00013068,0.23449225000000004,0.34360826461538474,0.29584138647058833,0.00013005000000000004,0.00012844076923076926,0.00012790588235294127
99,0.00012896,1553752800,0.00013082,0.00012844,0.0001307,1782.68007168,0.2309819,0.00012957,0.19935855333333338,0.3346685253846155,0.30183271029411773,0.00012996666666666672,0.0001284869230769231,0.00012792735294117657
100,0.00012743,1553760000,0.00012923,0.00012585,0.00012884,9192.35991949,1.17057233,0.00012734,0.5224281566666668,0.32002272230769235,0.331466886764706,0.0001290166666666667,0.0001286046153846154,0.00012788058823529424
101,0.0001284,1553767200,0.00012841,0.00012743,0.00012743,1406.6875399,0.18004362,0.00012799,0.5271992833333333,0.3092257792307693,0.30553975882352946,0.00012826333333333336,0.00012866230769230773,0.00012790117647058837
102,0.00013027,1553774400,0.00013135,0.00012775,0.00012775,6950.74255339,0.9052322,0.00013023,0.7519493833333333,0.35786081307692325,0.3292483494117648,0.00012870000000000004,0.00012885615384615386,0.00012794529411764717
103,0.00012953,1553781600,0.0001303,0.00012953,0.0001301,9075.33578303,1.17947334,0.00012996,0.7549163866666667,0.4176406284615386,0.3633188326470589,0.00012940000000000003,0.00012897384615384618,0.00012796764705882364
104,0.00012909,1553788800,0.0001303,0.00012909,0.00012991,191.27664139,0.02479606,0.00012963,0.7031671999999999,0.40314483153846165,0.3640481285294119,0.00012963000000000004,0.00012906538461538466,0.00012797705882352953
105,0.00013178,1553796000,0.00013178,0.00012816,0.0001291,12351.69496917,1.58957179,0.00012869,0.9312803966666666,0.49682990615384626,0.40462931323529416,0.00013013333333333334,0.00012935923076923082,0.00012807470588235302
106,0.0001316,1553803200,0.00013182,0.00013,0.00013178,1354.34836915,0.17777356,0.00013126,0.5973804699999999,0.49921977538461554,0.40595581176470596,0.00013082333333333337,0.0001296069230769231,0.00012818411764705892
107,0.00013203,1553810400,0.00013203,0.00013116,0.00013116,1041.22417221,0.13730457,0.00013186,0.6348833066666666,0.5018951769230771,0.40957230911764714,0.00013180333333333337,0.0001298615384615385,0.00012828676470588244
108,0.00013027,1553817600,0.00013165,0.00013027,0.00013165,318.7847365,0.04170621,0.00013082,0.11892811333333331,0.48776402538461555,0.40385089382352946,0.00013130000000000007,0.00012996230769230774,0.00012836500000000008
109,0.00013037,1553824800,0.00013104,0.00012995,0.00013041,1766.51422452,0.22988574,0.00013013,0.13629884,0.4795719292307694,0.40897142000000003,0.00013089000000000007,0.00013005153846153852,0.00012844705882352947
110,0.00013048,1553832000,0.00013048,0.00012973,0.00013036,82.51678575,0.01072274,0.00012994,0.09410489666666666,0.46490725384615406,0.3565967973529412,0.0001303733333333334,0.00013006692307692314,0.0001285505882352942
111,0.00012953,1553839200,0.00013051,0.00012877,0.00013051,1255.51007339,0.16227585,0.00012925,0.13429477666666664,0.46464153153846177,0.35672116705882356,0.00013012666666666672,0.00012998000000000005,0.00012859205882352948
112,0.00012846,1553846400,0.00012952,0.00012846,0.00012892,1949.54421067,0.25158766,0.00012904,0.14152875,0.4662265900000003,0.3639803211764706,0.0001294900000000001,0.00012994153846153852,0.00012861882352941187
113,0.00012798,1553853600,0.0001285,0.00012798,0.0001285,1337.38155916,0.17144638,0.00012819,0.1951032966666667,0.38937074769230795,0.3640968479411765,0.00012865666666666675,0.0001299838461538462,0.00012866088235294129
114,0.00012794,1553860800,0.00012947,0.00012735,0.00012798,10432.04718184,1.34706804,0.00012912,0.5900340266666667,0.47914185692307715,0.40174935088235303,0.00012812666666666675,0.0001299484615384616,0.0001286758823529413
115,0.00012711,1553868000,0.00012855,0.00012644,0.00012794,9333.28599273,1.18523656,0.00012699,0.9012503266666666,0.500680653846154,0.41316694470588244,0.00012767666666666677,0.00012970538461538466,0.0001287164705882354
116,0.00012834,1553875200,0.00012883,0.00012714,0.00012714,1081.19594006,0.13901246,0.00012857,0.89043902,0.4206452015384618,0.41487057588235304,0.00012779666666666678,0.00012961384615384618,0.00012878029411764717
117,0.00012772,1553882400,0.00012833,0.00012704,0.00012833,345.73748236,0.04405391,0.00012742,0.45610097666666666,0.42212657461538483,0.4149870779411766,0.00012772333333333345,0.00012950846153846155,0.00012882529411764715
118,0.0001278,1553889600,0.0001278,0.00012772,0.00012772,1.44814595,0.00018502,0.00012776,0.061083796666666634,0.29986605384615406,0.4049858182352942,0.00012795333333333344,0.00012920230769230772,0.0001288741176470589
119,0.00012841,1553896800,0.00012905,0.00012772,0.000128,379.72654821,0.04877938,0.00012845,0.031006103333333295,0.28994342461538486,0.4027828458823531,0.00012797666666666677,0.00012895692307692312,0.00012891852941176478
120,0.00012742,1553904000,0.00012942,0.00012733,0.0001284,1652.93604775,0.21256922,0.0001286,0.08717787333333331,0.29573301307692335,0.3988231608823531,0.00012787666666666674,0.00012860230769230774,0.00012889088235294125
121,0.00012658,1553911200,0.00012768,0.00012658,0.0001272,1169.34727319,0.14846623,0.00012696,0.1366049433333333,0.30394532230769256,0.3631613508823531,0.0001274700000000001,0.00012831846153846157,0.00012891088235294124
122,0.00012601,1553918400,0.00012661,0.0001252,0.00012661,2934.34118902,0.36951785,0.00012592,0.24351776666666666,0.3146862538461541,0.3646058794117648,0.0001266700000000001,0.00012798307692307696,0.0001288626470588236
123,0.00012596,1553925600,0.00012748,0.0001258,0.00012604,1513.20191088,0.19235785,0.00012711,0.23678064333333335,0.3286581853846156,0.3622347350000001,0.00012618333333333344,0.00012763538461538465,0.00012881000000000006
124,0.00012596,1553932800,0.00012625,0.00012477,0.00012625,5528.47750097,0.69242956,0.00012524,0.4181017533333334,0.36943924000000017,0.37076690617647073,0.00012597666666666678,0.00012736076923076928,0.00012875000000000007
125,0.00012674,1553940000,0.00012675,0.0001259,0.00012593,1575.73428937,0.19935344,0.00012651,0.36138028333333333,0.36542122307692326,0.37035843617647074,0.00012622000000000013,0.00012722846153846157,0.00012871588235294123
126,0.00012518,1553947200,0.00012675,0.00012517,0.00012672,920.41314515,0.11576396,0.00012577,0.3358489866666667,0.36113796000000015,0.36283191088235306,0.00012596000000000013,0.00012701307692307694,0.00012863411764705887
127,0.00012648,1553954400,0.00012648,0.00012518,0.00012518,1670.15040948,0.21112191,0.0001264,0.1754131033333333,0.27375748846153863,0.3647265182352943,0.00012613333333333346,0.00012690076923076927,0.0001285782352941177
128,0.0001266,1553961600,0.0001266,0.00012511,0.00012582,415.53181704,0.05241301,0.00012613,0.12643295999999996,0.18661721538461554,0.3632526552941178,0.0001260866666666668,0.0001268615384615385,0.00012851588235294125
129,0.00012674,1553968800,0.00012674,0.000126,0.00012659,2704.77057102,0.34241004,0.00012659,0.20198165333333332,0.20226318307692323,0.3666937982352943,0.00012660666666666678,0.00012673846153846157,0.0001284505882352942
130,0.00012661,1553976000,0.00012676,0.00012448,0.0001265,4201.79964374,0.52691173,0.0001254,0.3072449266666667,0.23940609230769244,0.37229758470588253,0.0001266500000000001,0.00012665307692307697,0.0001283741176470589
131,0.0001269,1553983200,0.00012776,0.00012549,0.00012674,3314.83474301,0.42100057,0.000127,0.4301074466666667,0.2717765192307694,0.3787574979411767,0.0001267500000000001,0.0001265838461538462,0.00012827470588235303
132,0.0001255,1553990400,0.00012691,0.0001255,0.00012691,1694.31112157,0.21368994,0.00012612,0.3872007466666667,0.2844619469230771,0.3801680773529414,0.00012633666666666678,0.00012636000000000003,0.00012812294117647065
133,0.00012518,1553997600,0.00012695,0.00012518,0.00012617,839.04271445,0.10589587,0.00012621,0.24686212666666665,0.27625630461538475,0.37648907647058844,0.00012586000000000013,0.00012618769230769234,0.00012801176470588242
134,0.00012506,1554004800,0.00012538,0.0001248,0.0001252,3673.82292497,0.45883549,0.00012489,0.2594737666666667,0.3001308630769232,0.3555556400000002,0.0001252466666666668,0.00012607076923076924,0.00012794205882352944
135,0.00012481,1554012000,0.00012481,0.00012481,0.00012481,1536.93180316,0.19182445,0.00012481,0.2521852700000001,0.28646214000000014,0.35590213500000023,0.00012501666666666681,0.00012597846153846156,0.00012783647058823536
136,0.00012455,1554019200,0.00012679,0.00012455,0.00012538,11962.42201608,1.49996534,0.00012538,0.7168750933333334,0.3870473315384617,0.37339428617647075,0.00012480666666666681,0.00012587,0.0001276682352941177
137,0.00012908,1554026400,0.00013196,0.00012535,0.00012535,12753.98977719,1.65378624,0.00012966,1.1151920100000001,0.4609978453846155,0.3873446655882355,0.00012614666666666683,0.00012611,0.00012765500000000006
138,0.0001287,1554033600,0.00012895,0.00012751,0.00012895,670.17335423,0.08578752,0.000128,1.079846366666667,0.45226200538461553,0.38913853205882376,0.00012744333333333352,0.00012626076923076925,0.00012764352941176476
139,0.00012777,1554040800,0.0001289,0.00012689,0.0001287,2056.69632888,0.26254715,0.00012765,0.6673736366666668,0.4635530200000001,0.35010839558823553,0.00012851666666666685,0.00012646,0.00012752558823529418
140,0.00012791,1554048000,0.00012791,0.00012791,0.00012791,15.91318948,0.00203545,0.00012791,0.11679004000000015,0.44746944615384626,0.34493962764705904,0.00012812666666666683,0.00012657,0.0001274170588235295
141,0.00012823,1554055200,0.00012823,0.00012786,0.00012796,210.08036061,0.02688582,0.00012797,0.09715614000000015,0.44550581615384627,0.3416920173529414,0.00012797000000000017,0.00012669538461538465,0.00012730529411764712
142,0.00012827,1554062400,0.00012827,0.00012824,0.00012824,91.61037409,0.01174857,0.00012824,0.013556613333333486,0.4200703184615386,0.3408109102941179,0.00012813666666666683,0.00012681307692307694,0.00012724647058823537
143,0.00012831,1554069600,0.00012831,0.00012824,0.00012827,1851.89911037,0.23751525,0.00012825,0.09204988000000015,0.3978090507692309,0.3410353076470591,0.00012827000000000018,0.00012694384615384618,0.00012718588235294124
144,0.00012945,1554076800,0.0001312,0.00012747,0.00012831,14846.11014637,1.89997266,0.00012797,0.7164121600000001,0.5115761346153848,0.3966014817647061,0.00012867666666666684,0.00012714,0.00012715558823529419
145,0.00012959,1554084000,0.00012959,0.00012845,0.00012916,99.67524031,0.01288671,0.00012928,0.7167915400000001,0.4961297323076925,0.392207683529412,0.00012911666666666683,0.0001274546153846154,0.00012715735294117653
146,0.00013032,1554091200,0.00013054,0.00012959,0.00012959,4112.20737682,0.53625573,0.0001304,0.8163717000000003,0.529234336923077,0.4005802738235296,0.00012978666666666684,0.00012785000000000002,0.00012721205882352944
147,0.00012764,1554098400,0.00013,0.00012697,0.00013,4175.20508536,0.53345269,0.00012776,0.3608650433333335,0.5349741215384616,0.41122751823529435,0.0001291833333333335,0.00012804846153846155,0.00012720205882352947
148,0.00012978,1554105600,0.00012985,0.00012538,0.0001276,10857.85545369,1.38364577,0.00012743,0.8177847300000002,0.6266526846153847,0.4123033338235296,0.00012924666666666685,0.00012843076923076924,0.0001272561764705883
149,0.00012765,1554112800,0.00013021,0.00012689,0.00012985,2627.99452121,0.33694976,0.00012821,0.7513494066666668,0.5371899476923077,0.38735372205882374,0.00012835666666666685,0.0001286692307692308,0.00012727205882352949
150,0.00013026,1554120000,0.00013073,0.00012773,0.00012773,6027.38859433,0.78095776,0.00012956,0.8338510966666668,0.47004929538461543,0.40623446617647074,0.00012923000000000017,0.00012876,0.00012732852941176476
151,0.00012953,1554127200,0.00013054,0.00012953,0.00013006,2112.85747763,0.27458899,0.00012996,0.4641655033333334,0.4845724853846154,0.4130149097058825,0.00012914666666666684,0.00012882384615384615,0.0001273817647058824
152,0.00012933,1554134400,0.00012953,0.00012933,0.00012953,117.80538523,0.01525868,0.00012952,0.3569351433333334,0.4655502953846154,0.413458252647059,0.00012970666666666683,0.00012894384615384617,0.00012742676470588242
153,0.00012909,1554141600,0.00012921,0.00012909,0.00012921,57.90258925,0.00747482,0.00012909,0.09910749666666681,0.46596870846153843,0.41224341264705905,0.00012931666666666684,0.0001290346153846154,0.0001274467647058824
154,0.00012894,1554148800,0.00012945,0.00012828,0.00012897,1121.33598246,0.14459451,0.00012894,0.05577600333333349,0.475023223076923,0.41024415647058843,0.00012912000000000017,0.00012908923076923077,0.00012749147058823537
155,0.0001308,1554156000,0.0001308,0.00012881,0.00012889,7510.68467621,0.97155298,0.00012935,0.37454077000000013,0.5488543315384615,0.4344525902941178,0.0001296100000000002,0.00012928384615384616,0.00012761558823529422
156,0.00012932,1554163200,0.00013082,0.0001283,0.00013082,462.43155145,0.05967163,0.00012903,0.3919397066666668,0.535174053076923,0.4253394661764708,0.0001296866666666669,0.00012936153846153847,0.00012771294117647065
157,0.0001286,1554170400,0.00012903,0.0001286,0.00012903,80.53229641,0.01037601,0.00012884,0.34720020666666684,0.38982046461538455,0.4199870591176472,0.00012957333333333352,0.00012929615384615385,0.0001277905882352942
158,0.00011781,1554177600,0.00013114,0.00011536,0.00012848,72604.46330649,8.95769391,0.00012337,3.009247183333333,1.0778825569230768,0.6630830694117649,0.00012524333333333352,0.00012839000000000004,0.0001275508823529413
159,0.00011953,1554184800,0.00012038,0.00011711,0.00011789,5154.06755389,0.6130113,0.00011893,3.19369374,1.0837868315384613,0.6752494770588238,0.00012198000000000017,0.00012756000000000003,0.00012733882352941185
160,0.00011543,1554192000,0.00011952,0.0001154,0.00011952,9798.321391,1.14237258,0.00011658,3.57102593,1.130626823076923,0.7054438482352944,0.00011759000000000017,0.00012662076923076926,0.0001270520588235295
161,0.00011831,1554199200,0.00011831,0.00011583,0.00011583,6394.41227964,0.74973947,0.00011724,0.8350411166666666,1.0818647999999997,0.7212855411764709,0.00011775666666666685,0.00012573846153846158,0.00012681176470588244
162,0.00011942,1554206400,0.00012082,0.00011645,0.00011832,9225.29301478,1.09765204,0.00011898,0.9965880299999998,1.1403803599999998,0.7520278655882356,0.00011772000000000018,0.00012510538461538466,0.0001266005882352942
163,0.00011707,1554213600,0.00011956,0.00011544,0.00011942,13254.95626408,1.55243752,0.00011712,1.133276343333333,1.199724956923077,0.7876169091176475,0.00011826666666666683,0.00012409076923076926,0.00012631617647058835
164,0.00011971,1554220800,0.00012127,0.00011761,0.00011761,9136.11811686,1.09591956,0.00011995,1.2486697066666668,1.2629042315384613,0.8043524335294121,0.00011873333333333349,0.00012333538461538468,0.00012611323529411776
165,0.00011996,1554228000,0.00012,0.00011996,0.00011996,764.78606429,0.09174951,0.00011996,0.9133688633333333,1.2687881415384614,0.7946685788235298,0.00011891333333333349,0.00012261461538461545,0.00012590911764705893
166,0.00012031,1554235200,0.00012101,0.00011996,0.00011997,2245.84805284,0.26993409,0.00012019,0.48586771999999995,1.288977316153846,0.7963228185294122,0.00011999333333333348,0.0001219392307692308,0.0001257564705882354
167,0.00011821,1554242400,0.00012031,0.0001182,0.00012031,4080.89697511,0.48712822,0.00011936,0.2829372733333333,1.3153260630769228,0.8075355347058827,0.00011949333333333347,0.00012111384615384621,0.0001255514705882354
168,0.00011273,1554249600,0.00012006,0.00011204,0.00011887,22450.09023754,2.58391088,0.00011509,1.11365773,1.4393535938461537,0.8700377520588239,0.00011708333333333347,0.0001197238461538462,0.00012518882352941188
169,0.0001167,1554256800,0.00012068,0.00011254,0.00011298,17226.65751723,2.00902984,0.00011662,1.6933563133333334,1.5893042253846152,0.9234849694117652,0.00011588000000000016,0.00011875307692307696,0.00012495029411764715
170,0.00011597,1554264000,0.0001167,0.00011407,0.0001167,2128.2344349,0.24624535,0.0001157,1.6130620233333335,1.6074480207692305,0.886610852058824,0.0001151333333333335,0.0001177815384615385,0.0001246979411764707
171,0.00011502,1554271200,0.00011526,0.00011395,0.00011526,351.15603178,0.04027803,0.0001147,0.7651844066666666,0.9214929530769228,0.8391547282352946,0.00011589666666666683,0.00011756692307692312,0.000124284411764706
172,0.00011265,1554278400,0.0001151,0.000112,0.00011502,10365.51160585,1.16939746,0.00011281,0.4853069466666667,0.9642918884615382,0.8710256088235299,0.00011454666666666683,0.00011703769230769233,0.00012381235294117656
173,0.000116,1554285600,0.000116,0.00011273,0.00011273,2266.05688595,0.26054022,0.00011497,0.4900719033333334,0.8964586299999997,0.8709665814705887,0.00011455666666666682,0.0001170815384615385,0.00012346617647058833
174,0.00011478,1554292800,0.00011584,0.0001139,0.00011584,4403.99945677,0.50347394,0.00011432,0.64447054,0.8775151276923073,0.8857147723529416,0.00011447666666666681,0.00011681000000000004,0.00012308000000000008
175,0.00011389,1554300000,0.00011598,0.00011389,0.00011468,4879.87482156,0.55719855,0.00011418,0.44040423666666667,0.835941782307692,0.9013122055882357,0.00011489000000000014,0.00011638461538461542,0.00012265823529411773
176,0.00011295,1554307200,0.000116,0.00011016,0.00011411,22002.2557631,2.47751296,0.0001126,1.1793951499999997,0.9071014315384613,0.9738346876470592,0.00011387333333333348,0.00011606769230769235,0.0001222076470588236
177,0.00011191,1554314400,0.00011338,0.00011121,0.00011289,3525.47410346,0.39487897,0.000112,1.1431968266666666,0.8531752323076921,0.9784630323529415,0.00011291666666666682,0.00011546769230769233,0.00012172529411764713
178,0.00011129,1554321600,0.00011333,0.00011108,0.00011191,9032.80769224,1.01180741,0.00011201,1.294733113333333,0.9239489169230767,0.9523405250000003,0.00011205000000000015,0.00011480076923076926,0.00012119117647058832
179,0.0001103,1554328800,0.0001113,0.00011029,0.0001113,4382.01207346,0.48564632,0.00011082,0.6307775666666665,0.9405421653846152,0.9662452194117651,0.00011116666666666682,0.00011403076923076927,0.00012062382352941185
180,0.00011,1554336000,0.00011486,0.00010944,0.00011027,14147.76624689,1.57262522,0.00011115,1.0233596499999997,1.0240419346153844,0.9967266750000005,0.00011053000000000016,0.00011339923076923082,0.00012002617647058832
181,0.000111,1554343200,0.000111,0.00010967,0.00010999,590.28439079,0.06489433,0.00010993,0.7077219566666665,0.8302714307692305,0.9829455467647064,0.00011043333333333349,0.0001132661538461539,0.00011953676470588244
182,0.000111,1554350400,0.000111,0.00010903,0.00011073,1933.13633299,0.21302,0.00011019,0.6168465166666665,0.6921168276923074,0.948515377058824,0.00011066666666666683,0.00011282769230769237,0.00011898441176470595
183,0.00011107,1554357600,0.00011109,0.00011039,0.00011039,1242.73095067,0.13775833,0.00011085,0.1385575533333332,0.6837716723076921,0.9426568055882356,0.0001110233333333335,0.00011245076923076929,0.00011849676470588241
184,0.00011046,1554364800,0.0001115,0.00010919,0.00011107,9282.4010555,1.01936254,0.00010981,0.45671362333333315,0.7590858653846151,0.9496687108823534,0.00011084333333333349,0.00011210000000000005,0.00011791441176470593
185,0.00011339,1554372000,0.00011841,0.00011049,0.00011049,12789.42658416,1.47000823,0.00011493,0.8757096999999998,0.7822097707692304,0.984828100294118,0.00011164000000000016,0.00011215692307692315,0.00011743970588235297
186,0.00011343,1554379200,0.00011409,0.00011159,0.00011329,22742.32357463,2.56147993,0.00011263,1.6836168999999999,0.9592051330769228,1.0597169605882355,0.00011242666666666681,0.00011195923076923085,0.00011697205882352944
187,0.00011339,1554386400,0.00011484,0.00011283,0.00011341,1809.63569304,0.20624884,0.00011397,1.4125789999999998,0.9363416638461537,1.0655632552941179,0.00011340333333333348,0.00011185230769230776,0.00011651029411764707
188,0.00011184,1554393600,0.00011362,0.00011184,0.00011362,866.50399634,0.09751886,0.00011254,0.9550825433333331,0.9009816876923075,1.0641786773529416,0.00011288666666666682,0.00011169461538461545,0.00011600735294117649
189,0.00011516,1554400800,0.0001158,0.00011145,0.00011185,15423.31258231,1.73872246,0.00011273,0.680830053333333,0.8441516492307689,1.0867424855882357,0.00011346333333333348,0.00011186461538461546,0.0001155473529411765
190,0.00011325,1554408000,0.00011494,0.00011325,0.00011494,2227.26650981,0.25307761,0.00011362,0.6964396433333331,0.8332438523076919,1.0924308967647063,0.00011341666666666682,0.00011196769230769238,0.00011507470588235297
191,0.00011297,1554415200,0.00011433,0.00011297,0.00011382,1555.65425028,0.17726748,0.00011395,0.7230225166666663,0.7690484730769227,1.097339469411765,0.00011379333333333348,0.00011209692307692316,0.00011461500000000004
192,0.00011371,1554422400,0.00011434,0.00011184,0.00011297,2486.8313635,0.28011927,0.00011264,0.23682145333333304,0.7532386999999996,0.8421166858823533,0.00011331000000000015,0.00011235923076923085,0.00011449441176470591
193,0.00011369,1554429600,0.00011679,0.00011319,0.00011432,4663.33312092,0.53802794,0.00011537,0.3318048966666664,0.6736542938461535,0.8399112929411768,0.00011345666666666681,0.000112643076923077,0.00011432264705882356
194,0.00011131,1554436800,0.00011498,0.00011131,0.00011434,5162.68722857,0.58625333,0.00011355,0.46813351333333303,0.713758832307692,0.8235548444117651,0.00011290333333333347,0.00011266692307692316,0.00011420147058823534
195,0.00011193,1554444000,0.00011283,0.00011138,0.00011188,220.04084016,0.02471155,0.0001123,0.3829976066666663,0.6992735669230765,0.8022304938235297,0.00011231000000000014,0.00011273846153846161,0.00011401382352941181
196,0.00011203,1554451200,0.00011309,0.00011194,0.00011222,504.6277833,0.0567229,0.0001124,0.22256259333333303,0.6930400723076919,0.7716149308823532,0.00011175666666666681,0.00011281230769230775,0.00011379647058823535
197,0.00011298,1554458400,0.00011466,0.00011194,0.00011194,5331.24178471,0.60963836,0.00011435,0.23035760333333302,0.6615228276923073,0.7438855438235298,0.00011231333333333348,0.00011300615384615391,0.00011367617647058829
198,0.00011278,1554465600,0.00011484,0.00011218,0.00011298,1321.76047387,0.14977649,0.00011331,0.2720459166666664,0.5599665399999997,0.7160578064705886,0.00011259666666666681,0.00011295923076923083,0.00011347235294117653
199,0.00011301,1554472800,0.00011301,0.00011222,0.0001125,91.2449988,0.01026884,0.00011254,0.2565612299999997,0.3637195330769228,0.7136613161764709,0.00011292333333333349,0.00011292692307692314,0.00011326794117647065
200,0.00011317,1554480000,0.00011337,0.00011301,0.00011317,694.18491308,0.07857244,0.00011318,0.07953925666666632,0.3538982715384613,0.7080330323529415,0.00011298666666666682,0.00011291000000000006,0.00011305794117647062
201,0.0001119,1554487200,0.00011317,0.0001119,0.00011317,1676.12837102,0.18812188,0.00011223,0.09232105333333296,0.36086773461538435,0.6992387282352945,0.0001126933333333335,0.00011291461538461544,0.0001128723529411765
202,0.00011266,1554494400,0.00011316,0.0001119,0.00011198,2347.45325476,0.26338098,0.00011219,0.1766917666666663,0.2473799284615382,0.6309878488235298,0.00011257666666666683,0.00011272230769230776,0.00011287029411764709
203,0.00011414,1554501600,0.00011468,0.0001116,0.00011314,4632.64837626,0.52108381,0.00011248,0.3241955566666664,0.26799578999999973,0.587224730294118,0.00011290000000000016,0.00011279076923076929,0.00011279500000000005
204,0.000112,1554508800,0.0001146,0.000112,0.00011396,16496.72306686,1.85168508,0.00011224,0.8787166233333329,0.39679714384615355,0.6344435458823533,0.0001129333333333335,0.0001127161538461539,0.0001126782352941177
205,0.00011272,1554516000,0.00011272,0.00011203,0.0001126,244.48862013,0.0274129,0.00011212,0.8000605966666662,0.37735819230769196,0.6340651597058828,0.0001129533333333335,0.00011264000000000006,0.00011261058823529417
206,0.00011321,1554523200,0.00011321,0.00011301,0.00011301,1195.16765304,0.13530443,0.0001132,0.6714674699999996,0.34637946076923043,0.60365065882353,0.0001126433333333335,0.00011260307692307698,0.00011262705882352947
207,0.00011268,1554530400,0.0001127,0.000112,0.0001127,108.95747017,0.01223415,0.00011228,0.05831715999999957,0.3022241392307689,0.5963475391176476,0.00011287000000000016,0.00011270846153846159,0.00011252941176470594
208,0.00011201,1554537600,0.0001127,0.00011201,0.0001127,513.45348379,0.05751417,0.00011201,0.06835091666666625,0.30474741769230734,0.5832310752941182,0.00011263333333333349,0.00011271461538461544,0.00011244794117647065
209,0.00011201,1554544800,0.00011201,0.00011201,0.00011201,1063.08999641,0.11907671,0.00011201,0.06294167666666625,0.3095438646153843,0.5703451388235301,0.00011223333333333349,0.00011271307692307697,0.00011239264705882359
210,0.00010951,1554552000,0.00011201,0.00010907,0.00011201,20386.88600169,2.25217833,0.00011047,0.8095897366666663,0.4358930930769228,0.5637176497058831,0.00011117666666666684,0.0001124461538461539,0.00011229147058823536
211,0.00010949,1554559200,0.0001108,0.00010949,0.00010976,9755.37632945,1.07998972,0.0001107,1.1504149199999996,0.5074479569230766,0.5838679658823537,0.00011033666666666684,0.00011219307692307699,0.00011222029411764713
212,0.0001076,1554566400,0.00010949,0.00010699,0.00010949,10770.19039562,1.1638573,0.00010806,1.4986751166666663,0.5961855307692305,0.588340021470589,0.00010886666666666684,0.00011177692307692313,0.00011211176470588242
213,0.00010864,1554573600,0.00010864,0.0001076,0.00010792,452.91130419,0.04887509,0.00010791,0.764240703333333,0.5939011192307689,0.5754938088235301,0.00010857666666666684,0.00011142846153846159,0.00011206294117647066
214,0.00010933,1554580800,0.00011255,0.00010821,0.00010821,41632.91540838,4.55283253,0.00010935,1.921854973333333,0.929648092307692,0.6631469650000007,0.0001085233333333335,0.00011123076923076927,0.00011204323529411774
215,0.0001098,1554588000,0.0001098,0.00010973,0.00010973,3.26102903,0.00035793,0.00010976,1.5340218499999996,0.9094155499999996,0.661248835588236,0.00010925666666666683,0.00011101076923076926,0.00011200794117647069
216,0.00010904,1554595200,0.00011013,0.000108,0.00010928,10599.69162705,1.16424151,0.00010983,1.9058106566666664,0.9588892192307689,0.6892259388235301,0.00010939000000000016,0.00011061846153846156,0.00011195029411764717
217,0.00010805,1554602400,0.0001095,0.00010805,0.00010904,853.12281412,0.09249163,0.00010841,0.4190303566666662,0.8235666461538458,0.6878945652941183,0.00010896333333333349,0.0001103146153846154,0.0001118614705882354
218,0.00010781,1554609600,0.00010877,0.00010781,0.00010829,1771.48390649,0.19163976,0.00010818,0.48279096666666615,0.8361994815384611,0.6635497776470596,0.00010830000000000015,0.00010993692307692311,0.00011178352941176482
219,0.00010863,1554616800,0.00010915,0.00010729,0.00010821,3187.1209014,0.34275307,0.00010754,0.20896148666666617,0.8521570692307688,0.6303952141176478,0.00010816333333333347,0.0001095846153846154,0.00011164352941176481
220,0.00010903,1554624000,0.00010968,0.00010863,0.00010863,518.56423916,0.05666895,0.00010928,0.19702059333333286,0.8555751307692305,0.5567243029411771,0.00010849000000000014,0.00010930384615384618,0.00011151411764705893
221,0.00011076,1554631200,0.00011076,0.00010864,0.00010896,10565.50361187,1.16093944,0.00010988,0.5201204866666662,0.9404539976923074,0.5848034382352948,0.00010947333333333346,0.00010920769230769233,0.00011143676470588246
222,0.00010979,1554638400,0.00011059,0.00010919,0.00011059,8760.8921015,0.96498954,0.00011014,0.7275326433333329,1.0055242153846151,0.6103172817647066,0.00010986000000000014,0.0001090369230769231,0.0001113764705882354
223,0.00010778,1554645600,0.00010976,0.0001073,0.00010976,16621.92063472,1.78759377,0.00010754,1.3045075833333328,0.9697869415384612,0.6117546732352949,0.0001094433333333335,0.00010890384615384618,0.00011115941176470599
224,0.00010754,1554652800,0.00010917,0.00010744,0.00010795,3034.82241337,0.32829757,0.00010817,1.0269602933333328,0.9119644684615381,0.6139670250000008,0.00010837000000000016,0.00010875384615384618,0.0001109914705882354
225,0.00010828,1554660000,0.00010828,0.00010735,0.00010774,1719.28446557,0.18471313,0.00010743,0.7668681566666663,0.8366456861538458,0.6141860147058831,0.00010786666666666682,0.00010880615384615386,0.00011085352941176481
226,0.00010888,1554667200,0.00010888,0.00010773,0.00010829,1948.37715765,0.211484,0.00010854,0.24149823333333295,0.8491540638461537,0.6121673302941183,0.00010823333333333349,0.00010882461538461542,0.0001107114705882354
227,0.000108,1554674400,0.00010917,0.0001078,0.00010901,341.87937694,0.03715913,0.00010869,0.14445208666666629,0.5017945715384613,0.597435894705883,0.00010838666666666683,0.00010872230769230773,0.00011054411764705893
228,0.000106,1554681600,0.000108,0.000106,0.000108,7585.36839327,0.80683267,0.00010636,0.3518252666666663,0.5638310899999998,0.6039235223529418,0.00010762666666666685,0.00010843000000000004,0.0001103879411764707
229,0.00010513,1554688800,0.000106,0.00010448,0.000106,4606.81977081,0.48647647,0.00010559,0.4434894233333329,0.5116953176923075,0.6175048435294124,0.00010637666666666684,0.00010812923076923081,0.00011018794117647071
230,0.0001046,1554696000,0.0001058,0.00010347,0.00010516,4195.77309846,0.43705436,0.00010416,0.5767878333333329,0.538200143076923,0.628691062941177,0.0001052433333333335,0.0001078638461538462,0.000109969411764706
231,0.00010611,1554703200,0.00010611,0.00010461,0.00010461,4572.37263558,0.48331866,0.0001057,0.4689498299999997,0.5606369815384614,0.6249757776470594,0.00010528000000000017,0.00010773307692307696,0.00010976735294117659
232,0.00010441,1554710400,0.00010616,0.00010304,0.00010607,7968.29961132,0.82690015,0.00010377,0.5824243899999998,0.5978790646153844,0.6448911794117652,0.00010504000000000016,0.00010740846153846158,0.00010952117647058836
233,0.00010699,1554717600,0.00010699,0.00010429,0.00010441,3197.75610564,0.33806994,0.00010572,0.5494295833333331,0.6195252946153844,0.6545323882352947,0.00010583666666666684,0.00010725153846153851,0.00010934411764705894
234,0.00010654,1554724800,0.00010703,0.0001058,0.000107,704.83451325,0.07488775,0.00010624,0.4132859466666665,0.5359828569230767,0.6544240150000006,0.00010598000000000016,0.00010692692307692314,0.00010914911764705893
235,0.00010542,1554732000,0.00010742,0.000104,0.0001065,23556.72214659,2.50207516,0.00010621,0.9716776166666664,0.6542202123076921,0.7224814644117652,0.00010631666666666683,0.00010659076923076929,0.00010895852941176483
236,0.00010598,1554739200,0.00010669,0.00010454,0.00010579,6444.41307797,0.67831256,0.00010525,1.085091823333333,0.5688908884615383,0.7346853344117652,0.00010598000000000016,0.00010645230769230775,0.00010876205882352953
237,0.00010454,1554746400,0.00010608,0.00010454,0.00010607,345.36116345,0.03637989,0.00010533,1.07225587,0.5464356823076921,0.7204293367647063,0.00010531333333333348,0.00010622153846153853,0.00010847970588235306
238,0.0001045,1554753600,0.00010564,0.0001045,0.00010483,1088.37992396,0.11400531,0.00010474,0.2762325866666666,0.540996619230769,0.6693211082352946,0.00010500666666666681,0.00010593076923076929,0.00010825911764705895
239,0.00010677,1554760800,0.00010677,0.00010525,0.00010525,598.13859789,0.06360879,0.00010634,0.07133132999999996,0.5296216030769229,0.6703856932352945,0.00010527000000000015,0.00010576846153846159,0.00010808411764705893
240,0.00011645,1554768000,0.00012079,0.00010678,0.00010678,60110.15315009,6.88072657,0.00011446,2.3527802233333333,1.0560498676923076,0.8687804620588239,0.00010924000000000014,0.00010641846153846158,0.000108179411764706
241,0.00011241,1554775200,0.00011757,0.00011224,0.00011603,8209.04281564,0.92732122,0.00011296,2.6238855266666667,1.0653182176923075,0.8956947876470591,0.00011187666666666681,0.00010691153846153851,0.0001081714705882354
242,0.00011158,1554782400,0.00011423,0.00011158,0.00011241,5684.08012378,0.64208536,0.00011296,2.81671105,1.0772881323076922,0.9128880579411768,0.00011348000000000015,0.00010740769230769236,0.00010815882352941188
243,0.00011156,1554789600,0.00011156,0.00011036,0.00011147,2622.16266772,0.29093052,0.00011095,0.6201123666666662,1.0660478369230768,0.9179425817647061,0.00011185000000000016,0.00010794307692307696,0.00010814558823529423
244,0.00011147,1554796800,0.00011434,0.00011136,0.00011156,3456.65942146,0.3909026,0.00011308,0.4413061599999996,1.058938909230769,0.8631991779411767,0.00011153666666666683,0.00010835538461538467,0.00010820323529411775
245,0.00011346,1554804000,0.00011346,0.00011146,0.00011146,3262.54644481,0.36931483,0.00011319,0.3503826499999996,1.0237400384615383,0.8422969752941178,0.0001121633333333335,0.0001090515384615385,0.00010832000000000011
246,0.00011139,1554811200,0.00011395,0.00011113,0.000113,19008.03362453,2.12919942,0.00011201,0.9631389499999997,1.1615192292307692,0.8706893905882355,0.00011210666666666684,0.00010939000000000004,0.0001084314705882354
247,0.0001124,1554818400,0.00011423,0.00011189,0.00011189,2322.52415769,0.26389142,0.00011362,0.9208018899999998,1.176057973076923,0.8770134002941179,0.00011241666666666685,0.00010984076923076927,0.00010854205882352952
248,0.00011301,1554825600,0.00011301,0.00011118,0.00011228,6808.75366783,0.76077385,0.00011173,1.0512882299999997,1.0421117184615385,0.7654822626470591,0.00011226666666666683,0.00011042461538461542,0.00010865029411764717
249,0.00011139,1554832800,0.00011285,0.00011138,0.00011252,1331.17232138,0.14910169,0.000112,0.3912556533333332,1.00140319,0.7698570791176472,0.00011226666666666683,0.00011084076923076927,0.00010869705882352952
250,0.0001124,1554840000,0.00011371,0.00011189,0.00011189,357.67326118,0.04047047,0.00011314,0.31678200333333323,1.0017178500000001,0.7368049897058825,0.00011226666666666683,0.00011144538461538464,0.00010879588235294129
251,0.00011287,1554847200,0.00011287,0.00011232,0.00011246,132.05952843,0.01490064,0.00011283,0.06815759999999989,0.994094413846154,0.734522901764706,0.00011222000000000016,0.0001120892307692308,0.00010893764705882364
252,0.00011082,1554854400,0.0001123,0.00011082,0.0001123,1265.72447038,0.14099661,0.00011139,0.06545590666666655,1.0000473230769233,0.7330333973529413,0.00011203000000000015,0.00011240076923076926,0.00010902617647058836
