,close,date,high,low,open,quoteVolume,volume,weightedAverage,avg_vol_3,avg_vol_13,avg_vol_34,avg_close_3,avg_close_13,avg_close_34
0,1.237e-05,1553040817,1.237e-05,1.237e-05,1.237e-05,0.0,0.0,1.237e-05,-99999.0,-99999.0,-99999.0,-99999.0,-99999.0,-99999.0
1,1.223e-05,1553047200,1.23e-05,1.223e-05,1.227e-05,2492.08951599,0.03053601,1.225e-05,-99999.0,-99999.0,-99999.0,-99999.0,-99999.0,-99999.0
2,1.228e-05,1553054400,1.228e-05,1.224e-05,1.225e-05,3484.51354721,0.04267451,1.224e-05,0.024403506666666668,-99999.0,-99999.0,1.2293333333333333e-05,-99999.0,-99999.0
3,1.225e-05,1553061600,1.228e-05,1.223e-05,1.227e-05,1194.72138499,0.01461801,1.223e-05,0.029276176666666667,-99999.0,-99999.0,1.2253333333333333e-05,-99999.0,-99999.0
4,1.221e-05,1553068800,1.225e-05,1.221e-05,1.224e-05,11702.28501051,0.14305335,1.222e-05,0.06678195666666666,-99999.0,-99999.0,1.2246666666666667e-05,-99999.0,-99999.0
5,1.222e-05,1553076000,1.227e-05,1.209e-05,1.219e-05,48003.79535227,0.58279113,1.214e-05,0.24682083,-99999.0,-99999.0,1.222666666666667e-05,-99999.0,-99999.0
6,1.229e-05,1553083200,1.232e-05,1.215e-05,1.227e-05,10594.62013999,0.12943859,1.221e-05,0.28509435666666666,-99999.0,-99999.0,1.2240000000000003e-05,-99999.0,-99999.0
7,1.216e-05,1553090400,1.239e-05,1.213e-05,1.239e-05,45469.26970736,0.55303043,1.216e-05,0.42175338333333334,-99999.0,-99999.0,1.2223333333333335e-05,-99999.0,-99999.0
8,1.23e-05,1553097600,1.23e-05,1.22e-05,1.22e-05,4871.10926675,0.05963773,1.224e-05,0.24736891666666663,-99999.0,-99999.0,1.2250000000000001e-05,-99999.0,-99999.0
9,1.238e-05,1553104800,1.239e-05,1.225e-05,1.225e-05,12115.9397951,0.14988803,1.237e-05,0.2541853966666666,-99999.0,-99999.0,1.2280000000000003e-05,-99999.0,-99999.0
10,1.245e-05,1553112000,1.254e-05,1.239e-05,1.239e-05,20008.39068819,0.24973817,1.248e-05,0.15308797666666663,-99999.0,-99999.0,1.2376666666666668e-05,-99999.0,-99999.0
11,1.243e-05,1553119200,1.253e-05,1.242e-05,1.25e-05,63830.56386219,0.79842645,1.25e-05,0.3993508833333333,-99999.0,-99999.0,1.2420000000000001e-05,-99999.0,-99999.0
12,1.235e-05,1553126400,1.246e-05,1.235e-05,1.246e-05,2146.26117174,0.02650899,1.235e-05,0.3582245366666666,0.2138724153846154,-99999.0,1.2410000000000003e-05,1.2301538461538461e-05,-99999.0
13,1.248e-05,1553133600,1.248e-05,1.236e-05,1.239e-05,15026.11318861,0.18597708,1.237e-05,0.33697083999999994,0.2281783446153846,-99999.0,1.2420000000000005e-05,1.2309999999999999e-05,-99999.0
14,1.249e-05,1553140800,1.256e-05,1.248e-05,1.248e-05,41870.51081011,0.52331518,1.249e-05,0.24526708333333325,0.2660844346153846,-99999.0,1.2440000000000005e-05,1.233e-05,-99999.0
15,1.257e-05,1553148000,1.26e-05,1.252e-05,1.252e-05,1225.98565152,0.0154248,1.258e-05,0.24157235333333327,0.26398830307692306,-99999.0,1.2513333333333336e-05,1.2352307692307691e-05,-99999.0
16,1.24e-05,1553155200,1.255e-05,1.24e-05,1.255e-05,66592.40475566,0.82761974,1.242e-05,0.45545324,0.3265268976923077,-99999.0,1.248666666666667e-05,1.2363846153846153e-05,-99999.0
17,1.251e-05,1553162400,1.252e-05,1.241e-05,1.246e-05,3020.85861738,0.0377519,1.249e-05,0.2935988133333333,0.3184267861538462,-99999.0,1.2493333333333338e-05,1.2386923076923076e-05,-99999.0
18,1.251e-05,1553169600,1.266e-05,1.232e-05,1.249e-05,56026.45041642,0.70049706,1.25e-05,0.5219562333333333,0.32748108846153845,-99999.0,1.247333333333334e-05,1.240923076923077e-05,-99999.0
19,1.215e-05,1553176800,1.231e-05,1.195e-05,1.228e-05,133386.71504944,1.61150169,1.208e-05,0.7832502166666666,0.4414859423076922,-99999.0,1.2390000000000003e-05,1.2398461538461538e-05,-99999.0
20,1.231e-05,1553184000,1.231e-05,1.219e-05,1.223e-05,16802.47084211,0.20538631,1.222e-05,0.8391283533333334,0.41474408692307685,-99999.0,1.2323333333333338e-05,1.241e-05,-99999.0
21,1.223e-05,1553191200,1.226e-05,1.216e-05,1.226e-05,5018.73732924,0.0614324,1.224e-05,0.6261068000000001,0.4148821384615384,-99999.0,1.2230000000000005e-05,1.2404615384615385e-05,-99999.0
22,1.221e-05,1553198400,1.23e-05,1.214e-05,1.229e-05,14252.37658464,0.17395049,1.22e-05,0.14692306666666677,0.41673309692307686,-99999.0,1.2250000000000005e-05,1.2391538461538463e-05,-99999.0
23,1.215e-05,1553205600,1.224e-05,1.214e-05,1.224e-05,14030.88078363,0.17049355,1.215e-05,0.13529214666666678,0.4106373569230769,-99999.0,1.219666666666667e-05,1.236846153846154e-05,-99999.0
24,1.216e-05,1553212800,1.218e-05,1.21e-05,1.216e-05,4257.38061041,0.05171443,1.214e-05,0.13205282333333343,0.3531979707692307,-99999.0,1.2173333333333336e-05,1.234769230769231e-05,-99999.0
25,1.221e-05,1553220000,1.223e-05,1.215e-05,1.217e-05,27162.56263584,0.33198229,1.222e-05,0.1847300900000001,0.37669591692307686,-99999.0,1.2173333333333336e-05,1.2336923076923077e-05,-99999.0
26,1.238e-05,1553227200,1.245e-05,1.228e-05,1.228e-05,52432.79953552,0.64774648,1.235e-05,0.3438144000000001,0.41221663999999997,-99999.0,1.2250000000000005e-05,1.232923076923077e-05,-99999.0
27,1.233e-05,1553234400,1.236e-05,1.233e-05,1.236e-05,1874.07735634,0.02315867,1.235e-05,0.33429581333333336,0.3737430623076923,-99999.0,1.230666666666667e-05,1.2316923076923077e-05,-99999.0
28,1.239e-05,1553241600,1.242e-05,1.239e-05,1.242e-05,4661.12932454,0.05788942,1.241e-05,0.24293152333333334,0.37700957153846154,-99999.0,1.2366666666666671e-05,1.2303076923076924e-05,-99999.0
29,1.255e-05,1553248800,1.262e-05,1.238e-05,1.238e-05,16004.58521966,0.20120587,1.257e-05,0.09408465333333334,0.3288238892307692,-99999.0,1.2423333333333339e-05,1.2314615384615386e-05,-99999.0
30,1.272e-05,1553256000,1.272e-05,1.26e-05,1.26e-05,26288.10025817,0.33323656,1.267e-05,0.19744395,0.3515534784615385,-99999.0,1.2553333333333339e-05,1.2330769230769233e-05,-99999.0
31,1.265e-05,1553263200,1.285e-05,1.265e-05,1.273e-05,102487.22801816,1.31355766,1.281e-05,0.61600003,0.3987119861538462,-99999.0,1.2640000000000003e-05,1.2341538461538464e-05,-99999.0
32,1.278e-05,1553270400,1.278e-05,1.268e-05,1.268e-05,16141.07662142,0.20614348,1.277e-05,0.6176459000000002,0.2906075084615385,-99999.0,1.2716666666666671e-05,1.2390000000000002e-05,-99999.0
33,1.273e-05,1553277600,1.276e-05,1.268e-05,1.269e-05,67.13455766,0.00085372,1.271e-05,0.5068516200000002,0.2748742323076923,0.30768177,1.2720000000000005e-05,1.2422307692307694e-05,1.2377352941176475e-05
34,1.242e-05,1553284800,1.267e-05,1.224e-05,1.267e-05,164191.70187289,2.06107731,1.255e-05,0.756024836666667,0.4286930715384615,0.368301690882353,1.2643333333333337e-05,1.2436923076923078e-05,1.2378823529411769e-05
35,1.247e-05,1553292000,1.252e-05,1.242e-05,1.242e-05,10040.16845794,0.12506537,1.245e-05,0.7289988000000003,0.42493267769230764,0.3710819661764706,1.2540000000000004e-05,1.2456923076923077e-05,1.238588235294118e-05
36,1.249e-05,1553299200,1.252e-05,1.247e-05,1.252e-05,1073.19748199,0.01338984,1.247e-05,0.7331775066666669,0.4128477769230769,0.3702206523529412,1.2460000000000001e-05,1.2483076923076924e-05,1.2392058823529416e-05
37,1.245e-05,1553306400,1.253e-05,1.242e-05,1.245e-05,21150.70344154,0.26493915,1.252e-05,0.13446478666666697,0.42924967846153844,0.37758303882352945,1.2470000000000001e-05,1.2505384615384619e-05,1.2397941176470593e-05
38,1.243e-05,1553313600,1.254e-05,1.243e-05,1.245e-05,5663.12994172,0.0704207,1.243e-05,0.11624989666666698,0.4091295561538461,0.3754467844117647,1.2456666666666667e-05,1.2522307692307695e-05,1.2404411764705886e-05
39,1.252e-05,1553320800,1.252e-05,1.251e-05,1.251e-05,94.97194562,0.00118857,1.251e-05,0.11218280666666698,0.35939433230769224,0.3583408267647059,1.2466666666666667e-05,1.2533076923076926e-05,1.2413235294117652e-05
40,1.26e-05,1553328000,1.26e-05,1.249e-05,1.253e-05,31905.69198606,0.40129313,1.257e-05,0.15763413333333365,0.3884815984615384,0.36633654852941183,1.2516666666666668e-05,1.2553846153846156e-05,1.2422352941176475e-05
41,1.255e-05,1553335200,1.264e-05,1.247e-05,1.264e-05,3301.8365191,0.04147536,1.256e-05,0.14798568666666698,0.38721897846153835,0.35129081117647065,1.2556666666666668e-05,1.2566153846153849e-05,1.243382352941177e-05
42,1.242e-05,1553342400,1.253e-05,1.242e-05,1.253e-05,8754.08267346,0.10882983,1.243e-05,0.183866106666667,0.3801131292307692,0.35273763764705884,1.2523333333333334e-05,1.2556153846153847e-05,1.2437352941176478e-05
43,1.245e-05,1553349600,1.248e-05,1.242e-05,1.242e-05,4025.19794124,0.05005165,1.243e-05,0.06678561333333366,0.35832967461538456,0.3498012735294118,1.2473333333333333e-05,1.2535384615384617e-05,1.243941176470589e-05
44,1.253e-05,1553356800,1.253e-05,1.249e-05,1.249e-05,8531.54333726,0.10683621,1.252e-05,0.08857256333333365,0.26550494769230765,0.3455982747058824,1.2466666666666665e-05,1.2526153846153846e-05,1.244176470588236e-05
45,1.254e-05,1553364000,1.254e-05,1.253e-05,1.253e-05,45.2564486,0.00056715,1.253e-05,0.05248500333333365,0.2496913838461538,0.3221318247058824,1.2506666666666665e-05,1.250769230769231e-05,1.2445000000000007e-05
46,1.261e-05,1553371200,1.265e-05,1.258e-05,1.258e-05,4006.64003485,0.05055727,1.261e-05,0.05265354333333364,0.2535147338461538,0.3228391270588236,1.256e-05,1.249846153846154e-05,1.2452647058823536e-05
47,1.256e-05,1553378400,1.265e-05,1.256e-05,1.265e-05,3153.49236605,0.03960975,1.256e-05,0.030244723333333643,0.09801722923076919,0.3185342055882354,1.2570000000000002e-05,1.2509230769230773e-05,1.2455000000000007e-05
48,1.269e-05,1553385600,1.269e-05,1.257e-05,1.257e-05,1623.57096399,0.02052672,1.264e-05,0.03689791333333364,0.08997579461538457,0.30374630970588246,1.2620000000000003e-05,1.252615384615385e-05,1.2460882352941184e-05
49,1.266e-05,1553392800,1.275e-05,1.265e-05,1.273e-05,10057.6419216,0.12813653,1.274e-05,0.06275766666666698,0.09880246307692302,0.3070613605882354,1.2636666666666669e-05,1.2539230769230771e-05,1.2463529411764713e-05
50,1.272e-05,1553400000,1.277e-05,1.264e-05,1.264e-05,6613.91530149,0.08415323,1.272e-05,0.07760549333333362,0.0848958538461538,0.2851946985294119,1.2690000000000002e-05,1.2560000000000002e-05,1.2472941176470596e-05
51,1.341e-05,1553407200,1.348e-05,1.277e-05,1.277e-05,131967.95491418,1.74114611,1.319e-05,0.6511452900000004,0.21341319307692302,0.3352945282352943,1.2930000000000002e-05,1.2635384615384617e-05,1.249941176470589e-05
52,1.323e-05,1553414400,1.354e-05,1.319e-05,1.346e-05,174400.33487447,2.33233146,1.337e-05,1.3858769333333336,0.3927318769230768,0.38328965764705897,1.3120000000000001e-05,1.2690000000000004e-05,1.2520588235294124e-05
53,1.331e-05,1553421600,1.337e-05,1.317e-05,1.317e-05,15087.2483297,0.20015696,1.326e-05,1.4245448433333336,0.3772598638461538,0.34177951852941185,1.3316666666666667e-05,1.2744615384615387e-05,1.2554705882352948e-05
54,1.35e-05,1553428800,1.35e-05,1.326e-05,1.335e-05,24776.99948265,0.33214204,1.34e-05,0.9548768200000003,0.3996188392307692,0.34550762823529424,1.3346666666666665e-05,1.281769230769231e-05,1.2589705882352947e-05
55,1.342e-05,1553436000,1.375e-05,1.337e-05,1.35e-05,49514.67085892,0.67493779,1.363e-05,0.40241226333333363,0.4431656053846153,0.3635519044117648,1.3409999999999997e-05,1.2894615384615386e-05,1.2624705882352945e-05
56,1.353e-05,1553443200,1.353e-05,1.335e-05,1.348e-05,13609.52352713,0.18291397,1.344e-05,0.3966646000000003,0.4533857838461538,0.3638155361764707,1.3483333333333332e-05,1.2977692307692308e-05,1.2663529411764709e-05
57,1.353e-05,1553450400,1.357e-05,1.337e-05,1.357e-05,16613.03826103,0.22398722,1.348e-05,0.3606129933333337,0.4623973999999999,0.36538887941176484,1.349333333333333e-05,1.3054615384615384e-05,1.2704117647058827e-05
58,1.334e-05,1553457600,1.355e-05,1.326e-05,1.343e-05,6416.6558317,0.08627932,1.344e-05,0.1643935033333337,0.46899064384615374,0.3664054938235295,1.3466666666666664e-05,1.3116153846153845e-05,1.2738823529411767e-05
59,1.307e-05,1553464800,1.328e-05,1.3e-05,1.327e-05,15392.45935236,0.20124424,1.307e-05,0.17050359333333368,0.4805819492307692,0.3625602570588236,1.3313333333333332e-05,1.3151538461538461e-05,1.2764117647058826e-05
60,1.306e-05,1553472000,1.313e-05,1.299e-05,1.309e-05,15873.42315305,0.20708633,1.304e-05,0.16486996333333367,0.493464763076923,0.3495996644117647,1.3156666666666664e-05,1.319e-05,1.2784117647058828e-05
61,1.275e-05,1553479200,1.307e-05,1.26e-05,1.307e-05,55295.1308574,0.71142743,1.286e-05,0.37325266666666695,0.5466109715384614,0.36984286323529414,1.2959999999999998e-05,1.3194615384615388e-05,1.2796470588235298e-05
62,1.284e-05,1553486400,1.285e-05,1.269e-05,1.277e-05,18870.3457782,0.24064451,1.275e-05,0.3863860900000003,0.5552654315384614,0.37521801294117646,1.288333333333333e-05,1.320846153846154e-05,1.2809705882352946e-05
63,1.296e-05,1553493600,1.303e-05,1.288e-05,1.288e-05,16996.65985391,0.22070086,1.298e-05,0.39092426666666696,0.5657690953846153,0.375791395,1.2849999999999996e-05,1.322692307692308e-05,1.2821764705882358e-05
64,1.3e-05,1553500800,1.313e-05,1.295e-05,1.297e-05,11817.09320407,0.15420945,1.304e-05,0.2051849400000003,0.4436970446153845,0.37052589176470585,1.2933333333333329e-05,1.3195384615384617e-05,1.2830000000000006e-05
65,1.309e-05,1553508000,1.309e-05,1.3e-05,1.302e-05,88770.80417062,1.16080143,1.307e-05,0.5119039133333336,0.3535793499999999,0.3660330614705882,1.3016666666666662e-05,1.3184615384615386e-05,1.2842941176470593e-05
66,1.286e-05,1553515200,1.307e-05,1.283e-05,1.307e-05,8277.20815593,0.10733419,1.296e-05,0.4741150233333336,0.3464391369230769,0.3631269058823529,1.298333333333333e-05,1.3150000000000003e-05,1.2845294117647065e-05
67,1.272e-05,1553522400,1.289e-05,1.272e-05,1.286e-05,61510.71887699,0.78755805,1.28e-05,0.6852312233333335,0.38147113769230767,0.3862652685294117,1.2889999999999999e-05,1.3090000000000002e-05,1.2845000000000003e-05
68,1.26e-05,1553529600,1.276e-05,1.259e-05,1.271e-05,611430.4075605,7.70579789,1.26e-05,2.8668967100000007,0.9223065300000001,0.5522864620588235,1.2726666666666666e-05,1.302692307692308e-05,1.2850294117647062e-05
69,1.259e-05,1553536800,1.259e-05,1.259e-05,1.259e-05,4568.0,0.05751112,1.259e-05,2.8502890200000004,0.9126601569230769,0.5502995723529411,1.2636666666666665e-05,1.295461538461539e-05,1.2853823529411767e-05
70,1.259e-05,1553544000,1.259e-05,1.259e-05,1.259e-05,0.0,0.0,1.259e-05,2.5877696700000006,0.8954303707692308,0.5499057535294117,1.2593333333333332e-05,1.2882307692307698e-05,1.2856764705882356e-05
71,1.273e-05,1553551200,1.276e-05,1.26e-05,1.26e-05,9539.99313533,0.12101873,1.268e-05,0.0595099500000004,0.8981026330769232,0.5456728,1.2636666666666665e-05,1.283538461538462e-05,1.2865000000000003e-05
72,1.274e-05,1553558400,1.277e-05,1.274e-05,1.277e-05,728.52212611,0.00928552,1.274e-05,0.043434750000000404,0.8833365776923079,0.5438747064705882,1.2686666666666667e-05,1.2810000000000004e-05,1.2874117647058827e-05
73,1.271e-05,1553565600,1.274e-05,1.27e-05,1.274e-05,12069.01100098,0.15337979,1.27e-05,0.09456134666666706,0.8792053053846156,0.5483509188235294,1.2726666666666666e-05,1.2783076923076927e-05,1.2879705882352944e-05
74,1.278e-05,1553572800,1.278e-05,1.27e-05,1.27e-05,4308.78714835,0.0549,1.274e-05,0.07252177000000039,0.8287031953846156,0.5381628855882352,1.2743333333333332e-05,1.2785384615384618e-05,1.2885000000000003e-05
75,1.248e-05,1553580000,1.268e-05,1.24e-05,1.268e-05,138926.64005488,1.73732851,1.25e-05,0.6485361000000004,0.9438327338461541,0.5880409194117647,1.2656666666666669e-05,1.2757692307692309e-05,1.288294117647059e-05
76,1.257e-05,1553587200,1.258e-05,1.246e-05,1.248e-05,27606.12433333,0.34575915,1.252e-05,0.7126625533333338,0.9534526023076924,0.5950094288235294,1.2610000000000001e-05,1.2727692307692307e-05,1.2887352941176472e-05
77,1.257e-05,1553594400,1.261e-05,1.245e-05,1.257e-05,16339.37071039,0.20438756,1.25e-05,0.7624917400000005,0.9573124569230771,0.5995487202941175,1.2540000000000004e-05,1.2694615384615386e-05,1.2890882352941178e-05
78,1.249e-05,1553601600,1.258e-05,1.242e-05,1.257e-05,17050.35829115,0.2133236,1.251e-05,0.2544901033333338,0.8844295469230772,0.602680702352941,1.2543333333333334e-05,1.264846153846154e-05,1.288970588235294e-05
79,1.242e-05,1553608800,1.246e-05,1.239e-05,1.242e-05,2906.311213,0.03618949,1.245e-05,0.15130021666666713,0.878956877692308,0.6037284182352941,1.2493333333333333e-05,1.2614615384615385e-05,1.2886176470588236e-05
80,1.254e-05,1553616000,1.266e-05,1.246e-05,1.247e-05,43996.06484879,0.5558652,1.263e-05,0.26845943000000044,0.8611343507692311,0.6185904161764706,1.2483333333333335e-05,1.2600769230769232e-05,1.2884117647058825e-05
81,1.253e-05,1553623200,1.257e-05,1.252e-05,1.257e-05,236.80960358,0.0029758,1.256e-05,0.19834349666666706,0.26860957461538487,0.6175129470588235,1.249666666666667e-05,1.2595384615384616e-05,1.2883235294117649e-05
82,1.255e-05,1553630400,1.26e-05,1.245e-05,1.246e-05,15023.19503441,0.1877126,1.249e-05,0.24885120000000038,0.27862507307692336,0.6224301788235295,1.2540000000000004e-05,1.2592307692307694e-05,1.2879117647058826e-05
83,1.264e-05,1553637600,1.264e-05,1.255e-05,1.256e-05,40783.18806035,0.51343283,1.258e-05,0.234707076666667,0.31811990615384644,0.6337624229411766,1.2573333333333337e-05,1.2596153846153845e-05,1.2878529411764708e-05
84,1.281e-05,1553644800,1.281e-05,1.266e-05,1.267e-05,20413.40468954,0.25980517,1.272e-05,0.320316866666667,0.3287957861538464,0.6389286564705884,1.2666666666666672e-05,1.2602307692307692e-05,1.2881176470588236e-05
85,1.279e-05,1553652000,1.288e-05,1.276e-05,1.282e-05,7634.79320719,0.09781778,1.281e-05,0.290351926666667,0.33560596000000026,0.5905954702941179,1.2746666666666671e-05,1.2606153846153847e-05,1.2862941176470589e-05
86,1.282e-05,1553659200,1.282e-05,1.279e-05,1.279e-05,14438.11616954,0.18509055,1.281e-05,0.18090450000000033,0.3380452492307695,0.5274413258823532,1.2806666666666672e-05,1.2614615384615385e-05,1.2850882352941177e-05
87,1.283e-05,1553666400,1.291e-05,1.283e-05,1.284e-05,32282.20713504,0.41476689,1.284e-05,0.23255840666666697,0.365727317692308,0.533753382647059,1.2813333333333337e-05,1.261846153846154e-05,1.2836764705882354e-05
88,1.292e-05,1553673600,1.292e-05,1.283e-05,1.283e-05,12766.02686143,0.16446844,1.288e-05,0.25477529333333365,0.24473808153846183,0.5288218061764708,1.285666666666667e-05,1.2652307692307694e-05,1.2819705882352943e-05
89,1.296e-05,1553680800,1.296e-05,1.291e-05,1.291e-05,1641.74280443,0.02119864,1.291e-05,0.20014465666666703,0.21977188846153875,0.5095941841176472,1.2903333333333337e-05,1.2682307692307695e-05,1.2806176470588236e-05
90,1.306e-05,1553688000,1.309e-05,1.292e-05,1.295e-05,36245.43651467,0.47222014,1.302e-05,0.21929574000000038,0.24037439461538493,0.5181031891176472,1.2980000000000006e-05,1.2720000000000002e-05,1.2792352941176473e-05
91,1.283e-05,1553695200,1.302e-05,1.276e-05,1.297e-05,37655.92079708,0.48498893,1.287e-05,0.3261359033333337,0.26127172769230805,0.5257797100000001,1.2950000000000005e-05,1.2746153846153847e-05,1.2771764705882357e-05
92,1.289e-05,1553702400,1.289e-05,1.28e-05,1.284e-05,1922.29184651,0.02473348,1.286e-05,0.3273141833333337,0.2603904961538465,0.5239695382352942,1.2926666666666673e-05,1.2782307692307694e-05,1.275852941176471e-05
93,1.285e-05,1553709600,1.297e-05,1.28e-05,1.289e-05,15957.37188955,0.20659065,1.294e-05,0.23877102000000036,0.23352322307692341,0.5241267855882353,1.2856666666666673e-05,1.2806153846153845e-05,1.2752058823529416e-05
94,1.283e-05,1553716800,1.289e-05,1.278e-05,1.285e-05,13206.96513227,0.16891303,1.278e-05,0.13341238666666702,0.24628762538461574,0.5230040414705882,1.2856666666666673e-05,1.282923076923077e-05,1.2745294117647064e-05
95,1.284e-05,1553724000,1.293e-05,1.281e-05,1.284e-05,2259.22222377,0.02903851,1.285e-05,0.13484739666666704,0.23408192615384651,0.502933779117647,1.2840000000000006e-05,1.285153846153846e-05,1.2747941176470593e-05
96,1.275e-05,1553731200,1.287e-05,1.275e-05,1.287e-05,8116.47998879,0.10380152,1.278e-05,0.10058435333333371,0.20257182538461574,0.4989089852941177,1.2806666666666672e-05,1.286e-05,1.2745294117647064e-05
97,1.367e-05,1553738400,1.369e-05,1.275e-05,1.275e-05,259014.84137626,3.4705281,1.339e-05,1.2011227100000004,0.44955051230769266,0.5944921394117647,1.3086666666666671e-05,1.2926153846153845e-05,1.276617647058824e-05
98,1.85e-05,1553745600,1.893e-05,1.348e-05,1.366e-05,2539172.7714195,39.79527924,1.567e-05,14.456536286666667,3.503201393846154,1.7604059567647057,1.497333333333334e-05,1.3365384615384615e-05,1.2927941176470594e-05
99,1.821e-05,1553752800,2.076e-05,1.65e-05,1.853e-05,1939916.6963509,36.15532132,1.863e-05,26.473709553333332,6.270142222307692,2.7896565417647055,1.6793333333333337e-05,1.378e-05,1.3078529411764711e-05
100,1.778e-05,1553760000,1.827e-05,1.7e-05,1.821e-05,666975.63829536,11.64059734,1.745e-05,29.197065966666667,7.1336676415384614,3.128870163823529,1.816333333333334e-05,1.416076923076923e-05,1.3223235294117652e-05
101,1.708e-05,1553767200,1.799e-05,1.7e-05,1.785e-05,522751.62006333,9.10100956,1.74e-05,18.965642739999996,7.821093881538461,3.373383443529411,1.7690000000000005e-05,1.4480769230769231e-05,1.3351470588235299e-05
102,1.645e-05,1553774400,1.738e-05,1.637e-05,1.709e-05,227961.7840181,3.81371375,1.672e-05,8.185106883333331,8.112825813076924,3.258910380588235,1.710333333333334e-05,1.4749230769230767e-05,1.3464705882352946e-05
103,1.634e-05,1553781600,1.668e-05,1.614e-05,1.662e-05,121295.46954331,1.99093164,1.641e-05,4.9685516499999975,8.229649774615385,3.3157756899999993,1.662333333333334e-05,1.5001538461538459e-05,1.3575000000000005e-05
104,1.611e-05,1553788800,1.661e-05,1.6e-05,1.633e-05,126406.29371508,2.04454428,1.617e-05,2.6163965566666643,8.349615570769231,3.375909345294117,1.6300000000000007e-05,1.525384615384615e-05,1.3678529411764712e-05
105,1.635e-05,1553796000,1.643e-05,1.577e-05,1.619e-05,51357.20525354,0.83009144,1.616e-05,1.6218557866666643,8.411566183076925,3.3967644249999993,1.626666666666667e-05,1.5519999999999997e-05,1.3785000000000004e-05
106,1.618e-05,1553803200,1.639e-05,1.6e-05,1.618e-05,59019.5601434,0.95774237,1.622e-05,1.277459363333331,8.469347084615386,3.4246602147058818,1.621333333333334e-05,1.5776153846153844e-05,1.3886176470588241e-05
107,1.638e-05,1553810400,1.644e-05,1.597e-05,1.618e-05,695656.17760115,11.25436783,1.617e-05,4.347400546666664,9.322074376923078,3.7511598629411758,1.630333333333334e-05,1.6049230769230766e-05,1.399411764705883e-05
108,1.516e-05,1553817600,1.637e-05,1.507e-05,1.637e-05,774968.12995212,11.90988453,1.536e-05,8.040664909999998,10.23598560923077,4.099835878529412,1.5906666666666675e-05,1.6227692307692306e-05,1.4064117647058827e-05
109,1.492e-05,1553824800,1.523e-05,1.484e-05,1.519e-05,239003.4852366,3.57627257,1.496e-05,8.91350831,10.503098766923078,4.1539224685294105,1.5486666666666675e-05,1.6394615384615383e-05,1.413588235294118e-05
110,1.497e-05,1553832000,1.51e-05,1.466e-05,1.495e-05,541154.9952205,8.04329897,1.486e-05,7.843152023333332,10.854850372307693,4.3803206985294105,1.5016666666666675e-05,1.649461538461538e-05,1.42064705882353e-05
111,1.479e-05,1553839200,1.507e-05,1.467e-05,1.499e-05,194505.90771174,2.88642332,1.483e-05,4.835331619999998,8.015707609230772,4.459204103235294,1.4893333333333342e-05,1.6209230769230768e-05,1.427176470588236e-05
112,1.457e-05,1553846400,1.495e-05,1.45e-05,1.487e-05,274660.09056169,4.02529712,1.465e-05,4.985006469999998,5.544167286153849,4.5713209714705885,1.4776666666666675e-05,1.5929230769230767e-05,1.4332941176470597e-05
113,1.464e-05,1553853600,1.486e-05,1.455e-05,1.461e-05,154458.9681078,2.26963392,1.469e-05,3.060451453333332,4.823323946153849,4.637010513529411,1.4666666666666675e-05,1.5687692307692304e-05,1.4398235294117657e-05
114,1.474e-05,1553860800,1.496e-05,1.454e-05,1.464e-05,225166.81404401,3.30149384,1.466e-05,3.198808293333332,4.377207352307695,4.717764297058824,1.4650000000000009e-05,1.5507692307692306e-05,1.4462941176470596e-05
115,1.48e-05,1553868000,1.495e-05,1.475e-05,1.486e-05,96878.44325255,1.43072937,1.476e-05,2.333952376666665,4.193900861538465,4.759757049117646,1.4726666666666676e-05,1.5380769230769233e-05,1.4529705882352952e-05
116,1.489e-05,1553875200,1.491e-05,1.473e-05,1.478e-05,16900.65985294,0.25087765,1.484e-05,1.6610336199999984,4.060050554615388,4.761614844705882,1.4810000000000009e-05,1.526923076923077e-05,1.4598529411764718e-05
117,1.48e-05,1553882400,1.483e-05,1.464e-05,1.481e-05,50551.06875116,0.74685259,1.477e-05,0.8094865366666649,3.960228116923081,4.768480131764706,1.483000000000001e-05,1.5168461538461539e-05,1.4662058823529426e-05
118,1.485e-05,1553889600,1.493e-05,1.471e-05,1.486e-05,59716.24526825,0.8845228,1.481e-05,0.6274176799999983,3.964415144615389,4.786854179705883,1.4846666666666676e-05,1.5053076923076925e-05,1.4722058823529424e-05
119,1.477e-05,1553896800,1.501e-05,1.473e-05,1.49e-05,115873.61205388,1.72158376,1.485e-05,1.1176530499999981,4.023172174615389,4.8346120026470585,1.4806666666666675e-05,1.4944615384615386e-05,1.478029411764707e-05
120,1.432e-05,1553904000,1.465e-05,1.416e-05,1.464e-05,263858.74515641,3.80562428,1.442e-05,2.137243613333332,3.4501919015384663,4.941098288823529,1.4646666666666675e-05,1.4786153846153848e-05,1.4824411764705893e-05
121,1.395e-05,1553911200,1.429e-05,1.38e-05,1.429e-05,832084.22720151,11.596344,1.393e-05,5.707850679999999,3.426073399230774,5.269968203823528,1.4346666666666674e-05,1.4693076923076925e-05,1.485735294117648e-05
122,1.393e-05,1553918400,1.4e-05,1.376e-05,1.395e-05,144644.53376039,2.01316057,1.391e-05,5.805042949999998,3.3058340146153897,5.324341501764704,1.4066666666666674e-05,1.4616923076923079e-05,1.488705882352942e-05
123,1.4e-05,1553925600,1.413e-05,1.391e-05,1.391e-05,105196.66681783,1.47330872,1.4e-05,5.027604429999998,2.800450149230774,5.3670506217647045,1.3960000000000009e-05,1.4542307692307694e-05,1.4917647058823537e-05
124,1.387e-05,1553932800,1.399e-05,1.387e-05,1.399e-05,31753.52421434,0.4431128,1.395e-05,1.3098606966666644,2.6125031861538512,5.36619452352941,1.3933333333333343e-05,1.4471538461538462e-05,1.4941470588235305e-05
125,1.403e-05,1553940000,1.403e-05,1.391e-05,1.391e-05,9535.34132869,0.13294926,1.394e-05,0.6831235933333311,2.313091812307697,5.355840415588235,1.3966666666666676e-05,1.443e-05,1.497676470588236e-05
126,1.408e-05,1553947200,1.409e-05,1.385e-05,1.396e-05,94842.98648753,1.32302949,1.394e-05,0.6330305166666643,2.2402760869230813,5.39402559235294,1.3993333333333342e-05,1.4386923076923078e-05,1.5011764705882361e-05
127,1.412e-05,1553954400,1.42e-05,1.392e-05,1.392e-05,119316.51963171,1.67312841,1.402e-05,1.0430357199999978,2.115017207692312,5.437159055882352,1.4076666666666675e-05,1.4339230769230769e-05,1.5049117647058829e-05
128,1.398e-05,1553961600,1.421e-05,1.394e-05,1.415e-05,42014.17028317,0.59056025,1.405e-05,1.1955727166666643,2.050388813846159,5.449560444705882,1.406000000000001e-05,1.4276153846153846e-05,1.5082941176470595e-05
129,1.406e-05,1553968800,1.408e-05,1.392e-05,1.404e-05,34163.48622508,0.47645428,1.394e-05,0.9133809799999977,2.067740862307697,5.462719732058823,1.4053333333333342e-05,1.4212307692307694e-05,1.5118823529411772e-05
130,1.406e-05,1553976000,1.408e-05,1.397e-05,1.403e-05,34154.02221041,0.47966222,1.404e-05,0.5155589166666643,2.0471877569230816,5.473774458529412,1.403333333333334e-05,1.4155384615384616e-05,1.5157352941176479e-05
131,1.389e-05,1553983200,1.402e-05,1.381e-05,1.4e-05,96395.90118077,1.34437506,1.394e-05,0.7668305199999977,2.0825610076923127,5.411240545588235,1.4003333333333342e-05,1.408153846153846e-05,1.5163823529411772e-05
132,1.392e-05,1553990400,1.398e-05,1.368e-05,1.392e-05,115847.70778292,1.59552009,1.377e-05,1.1398524566666643,2.072863802307697,4.28771821764706,1.3956666666666676e-05,1.4016153846153847e-05,1.502911764705883e-05
133,1.387e-05,1553997600,1.395e-05,1.379e-05,1.395e-05,1348.38857768,0.01874519,1.39e-05,0.9862134466666644,1.7815654107692358,3.2248777432352953,1.3893333333333345e-05,1.3981538461538462e-05,1.4901470588235302e-05
134,1.393e-05,1554004800,1.393e-05,1.386e-05,1.387e-05,3068.12191227,0.04256542,1.387e-05,0.5522768999999977,0.8928132123076972,2.8837591573529426,1.3906666666666675e-05,1.398e-05,1.4788235294117655e-05
135,1.388e-05,1554012000,1.393e-05,1.388e-05,1.393e-05,6053.36058508,0.08407687,1.388e-05,0.04846249333333116,0.7444221584615434,2.618555254705884,1.389333333333334e-05,1.3976153846153847e-05,1.469411764705883e-05
136,1.369e-05,1554019200,1.394e-05,1.355e-05,1.394e-05,108090.47462314,1.48569072,1.374e-05,0.5374443366666645,0.7453746200000049,2.5500839891176486,1.383333333333334e-05,1.3952307692307693e-05,1.4612941176470596e-05
137,1.35e-05,1554026400,1.372e-05,1.341e-05,1.369e-05,277877.3220991,3.75242559,1.35e-05,1.7740643933333313,0.9999371423076971,2.6018926347058837,1.3690000000000008e-05,1.3923846153846153e-05,1.4529411764705889e-05
138,1.357e-05,1554033600,1.365e-05,1.349e-05,1.349e-05,23885.7694142,0.32449695,1.358e-05,1.8542044199999983,1.0146715800000048,2.5513030073529426,1.3586666666666675e-05,1.3888461538461539e-05,1.4454705882352947e-05
139,1.366e-05,1554040800,1.375e-05,1.346e-05,1.363e-05,66340.71375268,0.89949036,1.355e-05,1.6588042999999981,0.9820916469230817,2.5533441520588247,1.3576666666666675e-05,1.3856153846153847e-05,1.4375588235294122e-05
140,1.395e-05,1554048000,1.403e-05,1.369e-05,1.37e-05,596585.33322158,8.31286679,1.393e-05,3.1789513666666647,1.4928407530769277,2.769671340882354,1.3726666666666674e-05,1.3843076923076923e-05,1.4310000000000004e-05
141,1.388e-05,1554055200,1.391e-05,1.376e-05,1.39e-05,57562.20855347,0.79433465,1.379e-05,3.335563933333331,1.5085157069230815,2.4620233061764716,1.3830000000000006e-05,1.3835384615384616e-05,1.4236470588235298e-05
142,1.369e-05,1554062400,1.389e-05,1.369e-05,1.379e-05,11317.40976299,0.15586746,1.377e-05,3.0876896333333312,1.483855182307697,2.1163169217647066,1.3840000000000005e-05,1.3806923076923078e-05,1.4193235294117651e-05
143,1.39e-05,1554069600,1.39e-05,1.369e-05,1.369e-05,44757.25402664,0.61492974,1.373e-05,0.521710616666665,1.4942603761538509,2.029218603235295,1.3823333333333339e-05,1.3794615384615385e-05,1.4163235294117652e-05
144,1.388e-05,1554076800,1.41e-05,1.378e-05,1.391e-05,50884.39145425,0.70982737,1.394e-05,0.4935415233333316,1.44544901538462,1.813528262058824,1.382333333333334e-05,1.3793846153846155e-05,1.413117647058824e-05
145,1.384e-05,1554084000,1.397e-05,1.382e-05,1.397e-05,69830.52504711,0.96955376,1.388e-05,0.7647702899999983,1.3972977592307738,1.7571497455882357,1.3873333333333342e-05,1.3787692307692307e-05,1.4103235294117652e-05
146,1.391e-05,1554091200,1.391e-05,1.37e-05,1.38e-05,25156.91288259,0.34742927,1.381e-05,0.675603466666665,1.4225811500000043,1.6489771617647064,1.3876666666666676e-05,1.3790769230769231e-05,1.408382352941177e-05
147,1.358e-05,1554098400,1.383e-05,1.346e-05,1.379e-05,119870.61304567,1.64074029,1.368e-05,0.9859077733333317,1.545517678461543,1.630480290294118,1.3776666666666675e-05,1.3763846153846153e-05,1.4052647058823535e-05
148,1.363e-05,1554105600,1.363e-05,1.348e-05,1.35e-05,15302.04345342,0.20734046,1.354e-05,0.7318366733333317,1.5549994930769275,1.5394757791176474,1.3706666666666675e-05,1.3744615384615384e-05,1.4020000000000006e-05
149,1.366e-05,1554112800,1.367e-05,1.355e-05,1.363e-05,46969.14128617,0.63954288,1.361e-05,0.829207876666665,1.489911197692312,1.5162055882352945,1.3623333333333342e-05,1.374230769230769e-05,1.3986470588235302e-05
150,1.366e-05,1554120000,1.368e-05,1.354e-05,1.366e-05,57465.97095213,0.78012549,1.357e-05,0.542336276666665,1.2612727284615428,1.531771701176471,1.3650000000000008e-05,1.3754615384615382e-05,1.3950294117647067e-05
151,1.363e-05,1554127200,1.368e-05,1.351e-05,1.367e-05,86220.41596517,1.17484089,1.362e-05,0.8648364199999983,1.326683800769235,1.5443595923529416,1.3650000000000007e-05,1.3759230769230768e-05,1.3915882352941186e-05
152,1.351e-05,1554134400,1.361e-05,1.351e-05,1.361e-05,15347.86454468,0.20747341,1.351e-05,0.7208132633333316,1.2734517276923116,1.5244463750000004,1.3600000000000005e-05,1.3747692307692306e-05,1.3876470588235303e-05
153,1.36e-05,1554141600,1.36e-05,1.347e-05,1.35e-05,15028.56789621,0.20257618,1.347e-05,0.5282968266666649,0.6495832192307733,1.4797696814705885,1.3580000000000004e-05,1.3720769230769228e-05,1.384205882352942e-05
154,1.361e-05,1554148800,1.361e-05,1.354e-05,1.358e-05,9210.92872675,0.12513015,1.358e-05,0.1783932466666648,0.5981059500000042,1.3715198541176472,1.357333333333334e-05,1.3699999999999998e-05,1.3821176470588244e-05
155,1.374e-05,1554156000,1.383e-05,1.36e-05,1.365e-05,21735.02284448,0.29862795,1.373e-05,0.2087780933333315,0.6090875261538504,1.0392340879411766,1.3650000000000007e-05,1.3703846153846152e-05,1.381500000000001e-05
156,1.35e-05,1554163200,1.375e-05,1.35e-05,1.364e-05,42966.38990693,0.58398922,1.359e-05,0.33591577333333156,0.6067074861538504,0.9971996364705881,1.3616666666666675e-05,1.367307692307692e-05,1.3802352941176479e-05
157,1.328e-05,1554170400,1.353e-05,1.322e-05,1.352e-05,229858.49443656,3.05353868,1.328e-05,1.3120519499999983,0.7869929715384658,1.043676988235294,1.3506666666666676e-05,1.3626923076923075e-05,1.3781176470588245e-05
158,1.196e-05,1554177600,1.331e-05,1.124e-05,1.328e-05,2793165.1892099,34.48911431,1.234e-05,12.708880736666664,3.3654207061538504,2.0450299738235294,1.2913333333333342e-05,1.3482307692307692e-05,1.3725000000000008e-05
159,1.232e-05,1554184800,1.291e-05,1.19e-05,1.195e-05,590152.12268369,7.24704012,1.227e-05,14.929897703333332,3.8961600023076963,2.2542679402941173,1.2520000000000009e-05,1.3359999999999997e-05,1.367470588235295e-05
160,1.192e-05,1554192000,1.234e-05,1.181e-05,1.232e-05,318287.57990988,3.82565179,1.201e-05,15.187268739999999,4.064230117692312,2.3278744785294117,1.2066666666666676e-05,1.3232307692307691e-05,1.3611176470588245e-05
161,1.202e-05,1554199200,1.214e-05,1.191e-05,1.198e-05,47441.81369264,0.57073008,1.203e-05,3.881140663333331,4.092183165384619,2.2954509982352937,1.2086666666666674e-05,1.310846153846154e-05,1.3549411764705891e-05
162,1.22e-05,1554206400,1.227e-05,1.195e-05,1.202e-05,114495.13238723,1.39352691,1.217e-05,1.929969593333331,4.150181936923081,2.3190676647058823,1.2046666666666673e-05,1.2996153846153846e-05,1.3497058823529421e-05
163,1.212e-05,1554213600,1.228e-05,1.209e-05,1.226e-05,95814.35241928,1.16833336,1.219e-05,1.044196783333331,4.1800440807692345,2.339417049411765,1.2113333333333338e-05,1.287769230769231e-05,1.344000000000001e-05
164,1.234e-05,1554220800,1.247e-05,1.216e-05,1.223e-05,248088.68695779,3.0634732,1.234e-05,1.8751111566666643,4.325323489230772,2.4154114900000003,1.2220000000000007e-05,1.2778461538461541e-05,1.3389411764705893e-05
165,1.243e-05,1554228000,1.25e-05,1.235e-05,1.235e-05,35595.29970738,0.4411697,1.239e-05,1.5576587533333308,4.343300126923081,2.3888466264705888,1.2296666666666674e-05,1.2695384615384618e-05,1.3346470588235305e-05
166,1.242e-05,1554235200,1.243e-05,1.22e-05,1.243e-05,142866.4558966,1.76716245,1.236e-05,1.7572684499999973,4.46365291692308,2.3938949311764715,1.2396666666666674e-05,1.2604615384615387e-05,1.3302352941176482e-05
167,1.205e-05,1554242400,1.24e-05,1.185e-05,1.233e-05,101931.80005242,1.22700952,1.203e-05,1.1451138899999975,4.548412868461543,2.429432117352942,1.2300000000000008e-05,1.2484615384615386e-05,1.3248823529411776e-05
168,1.179e-05,1554249600,1.207e-05,1.167e-05,1.206e-05,267635.48246513,3.15662714,1.179e-05,2.0502663699999975,4.768258960000004,2.521022167941177,1.2086666666666674e-05,1.2334615384615386e-05,1.318588235294119e-05
169,1.188e-05,1554256800,1.225e-05,1.177e-05,1.189e-05,111974.04968606,1.34363477,1.199e-05,1.909090476666664,4.826693233076927,2.558067988529412,1.1906666666666674e-05,1.2210000000000002e-05,1.3127058823529423e-05
170,1.2e-05,1554264000,1.2e-05,1.176e-05,1.177e-05,91649.69666621,1.08957533,1.188e-05,1.8632790799999972,4.675619129230774,2.546417535882353,1.1890000000000008e-05,1.2111538461538463e-05,1.3077352941176482e-05
171,1.2e-05,1554271200,1.207e-05,1.19e-05,1.19e-05,129596.00826844,1.56132733,1.204e-05,1.331512476666664,2.142712438461543,2.481973469411765,1.1960000000000007e-05,1.2114615384615383e-05,1.3033235294117659e-05
172,1.189e-05,1554278400,1.2e-05,1.188e-05,1.2e-05,19068.01783449,0.22755325,1.193e-05,0.9594853033333307,1.6027519100000043,2.479122184117647,1.1963333333333341e-05,1.2081538461538461e-05,1.2983823529411776e-05
173,1.201e-05,1554285600,1.205e-05,1.199e-05,1.199e-05,11662.29662462,0.14022178,1.202e-05,0.6430341199999974,1.3192572938461582,2.456790755294118,1.1966666666666675e-05,1.2088461538461536e-05,1.2935294117647072e-05
174,1.218e-05,1554292800,1.23e-05,1.196e-05,1.196e-05,70614.28000452,0.85849056,1.215e-05,0.4087551966666641,1.3413927153846197,2.2375443955882357,1.2026666666666676e-05,1.2100769230769229e-05,1.288323529411766e-05
175,1.22e-05,1554300000,1.226e-05,1.211e-05,1.214e-05,5129.07697366,0.06255815,1.219e-05,0.3537568299999975,1.2390105030769276,2.216021557352942,1.2130000000000008e-05,1.2100769230769229e-05,1.2833823529411777e-05
176,1.182e-05,1554307200,1.224e-05,1.166e-05,1.224e-05,154601.68080148,1.82717231,1.181e-05,0.9160736733333308,1.2896904223076968,2.265177582352942,1.2066666666666673e-05,1.2077692307692305e-05,1.2778823529411777e-05
177,1.171e-05,1554314400,1.192e-05,1.167e-05,1.183e-05,229380.11481095,2.71430419,1.183e-05,1.534678216666664,1.2628312676923121,2.3269238897058835,1.1910000000000006e-05,1.2029230769230766e-05,1.2714411764705895e-05
178,1.149e-05,1554321600,1.171e-05,1.127e-05,1.171e-05,403517.64673113,4.6120824,1.142e-05,3.0511862999999977,1.5836707061538509,2.4416960964705896,1.167333333333334e-05,1.1956923076923075e-05,1.2644117647058836e-05
179,1.148e-05,1554328800,1.157e-05,1.125e-05,1.149e-05,345503.46393081,3.93142486,1.137e-05,3.752603816666664,1.7501524300000046,2.528809952352942,1.1560000000000006e-05,1.1884615384615383e-05,1.2574705882352954e-05
180,1.16e-05,1554336000,1.185e-05,1.139e-05,1.148e-05,123469.97009206,1.44579128,1.17e-05,3.329766179999998,1.7669817961538508,2.561114717352942,1.152333333333334e-05,1.185e-05,1.2506764705882366e-05
181,1.145e-05,1554343200,1.165e-05,1.143e-05,1.156e-05,20509.13514616,0.23629567,1.152e-05,1.871170603333331,1.5423409138461583,2.51980752264706,1.1510000000000008e-05,1.1823846153846155e-05,1.2444117647058836e-05
182,1.145e-05,1554350400,1.162e-05,1.145e-05,1.155e-05,69945.71631948,0.80658839,1.153e-05,0.8295584466666645,1.5010296538461583,2.537432461764707,1.1500000000000008e-05,1.1790769230769233e-05,1.2380000000000012e-05
183,1.174e-05,1554357600,1.174e-05,1.153e-05,1.153e-05,7214.61931033,0.0843958,1.169e-05,0.37575995333333106,1.4237081515384662,2.5211046064705895,1.1546666666666674e-05,1.1770769230769232e-05,1.2323529411764719e-05
184,1.179e-05,1554364800,1.185e-05,1.174e-05,1.174e-05,8497.46020013,0.0999654,1.176e-05,0.3303165299999977,1.3112956953846198,2.5010998979411774,1.1660000000000007e-05,1.1754615384615386e-05,1.226852941176472e-05
185,1.184e-05,1554372000,1.186e-05,1.174e-05,1.185e-05,44897.68301249,0.53196934,1.184e-05,0.2387768466666644,1.3347123176923121,2.482191911176472,1.1790000000000007e-05,1.1750769230769232e-05,1.221588235294119e-05
186,1.198e-05,1554379200,1.209e-05,1.174e-05,1.184e-05,30878.94961042,0.36899318,1.194e-05,0.3336426399999977,1.352310117692312,2.48694249264706,1.1870000000000008e-05,1.1748461538461541e-05,1.217088235294119e-05
187,1.176e-05,1554386400,1.197e-05,1.176e-05,1.189e-05,25843.30921941,0.30718019,1.188e-05,0.40271423666666434,1.309901627692312,2.490019081176472,1.186000000000001e-05,1.1716153846153849e-05,1.2116764705882366e-05
188,1.177e-05,1554393600,1.196e-05,1.177e-05,1.184e-05,34702.07325248,0.41129051,1.185e-05,0.36248795999999767,1.3367271938461582,2.498435562352942,1.1836666666666675e-05,1.1683076923076927e-05,1.2062647058823542e-05
189,1.206e-05,1554400800,1.219e-05,1.187e-05,1.192e-05,268395.11080624,3.2182296,1.199e-05,1.3122334333333312,1.4437316007692353,2.5843061991176484,1.1863333333333339e-05,1.1701538461538463e-05,1.2013235294117659e-05
190,1.216e-05,1554408000,1.22e-05,1.199e-05,1.206e-05,15376.5419105,0.18689042,1.215e-05,1.272136843333331,1.2493151569230816,2.57262682264706,1.1996666666666672e-05,1.1736153846153847e-05,1.1973823529411777e-05
191,1.216e-05,1554415200,1.216e-05,1.21e-05,1.21e-05,20760.00288341,0.25153163,1.211e-05,1.218883883333331,0.9138881746153891,2.490214850588236,1.2126666666666672e-05,1.178769230769231e-05,1.1940882352941187e-05
192,1.215e-05,1554422400,1.224e-05,1.209e-05,1.211e-05,27449.72964661,0.33423496,1.217e-05,0.2575523366666643,0.6371812592307737,1.4856595755882365,1.215666666666667e-05,1.1839230769230771e-05,1.1946470588235306e-05
193,1.208e-05,1554429600,1.228e-05,1.208e-05,1.216e-05,24841.04689092,0.30341499,1.221e-05,0.2963938599999977,0.5493061600000045,1.2814353070588247,1.2130000000000002e-05,1.1876153846153847e-05,1.1939411764705893e-05
194,1.193e-05,1554436800,1.216e-05,1.17e-05,1.216e-05,85042.80798399,1.01119513,1.189e-05,0.5496150266666643,0.6089138107692353,1.198657170000001,1.2053333333333337e-05,1.1913076923076925e-05,1.1939705882352951e-05
195,1.196e-05,1554444000,1.203e-05,1.191e-05,1.193e-05,30756.05724604,0.3692141,1.2e-05,0.5612747399999976,0.5752696346153893,1.1927302294117659,1.1990000000000004e-05,1.1952307692307693e-05,1.1937941176470599e-05
196,1.187e-05,1554451200,1.198e-05,1.181e-05,1.192e-05,105493.85230662,1.25593032,1.19e-05,0.8787798499999977,0.6653876746153892,1.188683270882354,1.1920000000000003e-05,1.1962307692307695e-05,1.1928235294117655e-05
197,1.189e-05,1554458400,1.2e-05,1.182e-05,1.195e-05,19135.30599686,0.22791951,1.191e-05,0.6176879766666644,0.675230298461543,1.1610240400000011,1.1906666666666667e-05,1.1970000000000002e-05,1.1921470588235302e-05
198,1.183e-05,1554465600,1.193e-05,1.175e-05,1.188e-05,8478.633426,0.09993849,1.178e-05,0.5279294399999978,0.6419971561538507,1.0738612544117658,1.1863333333333334e-05,1.1969230769230773e-05,1.1906470588235303e-05
199,1.18e-05,1554472800,1.188e-05,1.175e-05,1.184e-05,18458.80262536,0.21793978,1.18e-05,0.18193259333333103,0.6303776638461583,1.0672956685294128,1.1840000000000002e-05,1.1955384615384617e-05,1.1887941176470598e-05
200,1.18e-05,1554480000,1.191e-05,1.18e-05,1.188e-05,6534.11263973,0.07716816,1.181e-05,0.13168214333333106,0.6126844307692352,1.017589954117648,1.1810000000000002e-05,1.1958461538461539e-05,1.186970588235295e-05
201,1.184e-05,1554487200,1.186e-05,1.177e-05,1.186e-05,50721.08937347,0.59834334,1.179e-05,0.29781709333333106,0.6270731100000043,0.9990997723529422,1.1813333333333336e-05,1.1963846153846153e-05,1.1863529411764715e-05
202,1.191e-05,1554494400,1.195e-05,1.183e-05,1.195e-05,29181.07121531,0.34679386,1.188e-05,0.34076845333333106,0.40619343769231203,0.9164576170588244,1.1850000000000002e-05,1.1952307692307692e-05,1.186705882352942e-05
203,1.18e-05,1554501600,1.19e-05,1.18e-05,1.189e-05,1733.79551336,0.0205568,1.185e-05,0.32189799999999774,0.39339854384615813,0.877543559117648,1.1850000000000002e-05,1.1924615384615383e-05,1.1864705882352951e-05
204,1.185e-05,1554508800,1.187e-05,1.18e-05,1.187e-05,20149.20470813,0.23785914,1.18e-05,0.20173659999999774,0.3923468138461582,0.8524930829411774,1.1853333333333332e-05,1.190076923076923e-05,1.1860294117647067e-05
205,1.189e-05,1554516000,1.189e-05,1.184e-05,1.184e-05,9026.85175227,0.10703138,1.185e-05,0.12181577333333109,0.3748696153846197,0.8097196726470598,1.1846666666666668e-05,1.1880769230769229e-05,1.185705882352942e-05
206,1.192e-05,1554523200,1.192e-05,1.184e-05,1.185e-05,17789.62450153,0.21110101,1.186e-05,0.18533050999999776,0.3677685400000043,0.8092357832352951,1.1886666666666667e-05,1.1868461538461538e-05,1.1857941176470596e-05
207,1.2e-05,1554530400,1.2e-05,1.188e-05,1.189e-05,1874.02785681,0.02236562,1.193e-05,0.11349933666666441,0.2917047315384659,0.8057694255882362,1.1936666666666665e-05,1.1873846153846153e-05,1.1857647058823538e-05
208,1.189e-05,1554537600,1.196e-05,1.189e-05,1.19e-05,728.09829577,0.008701,1.195e-05,0.08072254333333108,0.26397295461538894,0.7807756150000008,1.1936666666666665e-05,1.1868461538461535e-05,1.1849117647058832e-05
209,1.199e-05,1554544800,1.199e-05,1.181e-05,1.186e-05,27154.32071979,0.32298236,1.189e-05,0.1180163266666644,0.19220772692308125,0.7884351505882361,1.1959999999999999e-05,1.1877692307692304e-05,1.1842941176470597e-05
210,1.184e-05,1554552000,1.198e-05,1.184e-05,1.196e-05,47785.48241711,0.56671251,1.185e-05,0.2994652899999977,0.21826872692308125,0.7513628035294125,1.1906666666666666e-05,1.1873846153846151e-05,1.1843529411764715e-05
211,1.164e-05,1554559200,1.184e-05,1.164e-05,1.184e-05,21405.66810048,0.25251431,1.179e-05,0.38073639333333104,0.23000532846154279,0.6789572188235301,1.1823333333333333e-05,1.1859230769230764e-05,1.1841470588235303e-05
212,1.153e-05,1554566400,1.164e-05,1.122e-05,1.164e-05,99442.34529184,1.13527737,1.141e-05,0.6515013966666644,0.30056975846154277,0.576698247352942,1.167e-05,1.1838461538461535e-05,1.1842647058823537e-05
213,1.162e-05,1554573600,1.167e-05,1.153e-05,1.153e-05,18578.0530576,0.21622552,1.163e-05,0.5346723999999977,0.31126647846154276,0.46742767852941247,1.1596666666666665e-05,1.182461538461538e-05,1.184676470588236e-05
214,1.162e-05,1554580800,1.162e-05,1.15e-05,1.155e-05,21034.06066094,0.24291545,1.154e-05,0.5314727799999978,0.2839258715384658,0.43204897764705963,1.1589999999999997e-05,1.1807692307692304e-05,1.1847352941176478e-05
215,1.162e-05,1554588000,1.171e-05,1.159e-05,1.159e-05,11802.58531094,0.13720846,1.162e-05,0.19878314333333105,0.267803917692312,0.4291346479411772,1.1619999999999999e-05,1.1785384615384614e-05,1.1852352941176479e-05
216,1.175e-05,1554595200,1.177e-05,1.161e-05,1.168e-05,25015.97562956,0.29304257,1.171e-05,0.2243888266666644,0.2887643615384658,0.41403035911764785,1.1663333333333332e-05,1.1781538461538459e-05,1.1861176470588243e-05
217,1.164e-05,1554602400,1.168e-05,1.153e-05,1.168e-05,14167.16279361,0.16447088,1.16e-05,0.1982406366666644,0.28311911076923507,0.4163855085294126,1.1669999999999997e-05,1.1765384615384614e-05,1.1858235294117654e-05
218,1.165e-05,1554609600,1.165e-05,1.161e-05,1.161e-05,2082.14807729,0.0242544,1.164e-05,0.16058928333333108,0.276751650769235,0.4141587144117655,1.1679999999999997e-05,1.1746923076923076e-05,1.185411764705883e-05
219,1.19e-05,1554616800,1.19e-05,1.165e-05,1.165e-05,11687.80293623,0.13789112,1.179e-05,0.10887213333333108,0.27112012076923503,0.4025681785294126,1.1729999999999996e-05,1.1745384615384614e-05,1.1855882352941184e-05
220,1.214e-05,1554624000,1.214e-05,1.19e-05,1.19e-05,97202.47049355,1.16916144,1.202e-05,0.4437689866666645,0.3593351838461581,0.4261025391176479,1.1896666666666664e-05,1.1756153846153845e-05,1.1860588235294126e-05
221,1.197e-05,1554631200,1.23e-05,1.19e-05,1.214e-05,153449.91759928,1.86796792,1.217e-05,1.0583401599999978,0.5023557161538503,0.47200806058823613,1.2003333333333332e-05,1.1762307692307692e-05,1.1866764705882362e-05
222,1.186e-05,1554638400,1.201e-05,1.186e-05,1.195e-05,4645.73198461,0.05519806,1.188e-05,1.0307758066666646,0.48175692384615804,0.4615347532352949,1.1989999999999999e-05,1.1752307692307694e-05,1.186941176470589e-05
223,1.206e-05,1554645600,1.208e-05,1.192e-05,1.192e-05,9704.12666252,0.11677295,1.203e-05,0.6799796433333313,0.44714618846154264,0.37031544000000083,1.1963333333333333e-05,1.176923076923077e-05,1.186941176470589e-05
224,1.214e-05,1554652800,1.214e-05,1.194e-05,1.206e-05,94409.16694999,1.13780307,1.205e-05,0.43659135999999793,0.515245323846158,0.3982834591176479,1.2019999999999998e-05,1.180769230769231e-05,1.1868823529411774e-05
225,1.203e-05,1554660000,1.229e-05,1.197e-05,1.213e-05,20895.73264434,0.25417662,1.216e-05,0.5029175466666645,0.44746834307692723,0.3983612529411773,1.2076666666666666e-05,1.1846153846153849e-05,1.186500000000001e-05
226,1.197e-05,1554667200,1.208e-05,1.196e-05,1.206e-05,75365.27264511,0.9038208,1.199e-05,0.765266829999998,0.5003602876923119,0.4151137776470597,1.2046666666666668e-05,1.1873076923076927e-05,1.185970588235295e-05
227,1.174e-05,1554674400,1.202e-05,1.174e-05,1.2e-05,63912.28270709,0.76438794,1.195e-05,0.640795119999998,0.5404735561538503,0.42867180558823614,1.1913333333333333e-05,1.1882307692307694e-05,1.184970588235295e-05
228,1.147e-05,1554681600,1.179e-05,1.14e-05,1.179e-05,44924.41200706,0.51833212,1.153e-05,0.7288469533333313,0.569790760769235,0.41417583470588326,1.1726666666666669e-05,1.1870769230769232e-05,1.1836176470588246e-05
229,1.127e-05,1554688800,1.149e-05,1.113e-05,1.147e-05,76932.30715104,0.86538007,1.124e-05,0.7160333766666646,0.6138167223076965,0.42876895147058913,1.1493333333333334e-05,1.1833846153846156e-05,1.1815882352941188e-05
230,1.131e-05,1554696000,1.137e-05,1.129e-05,1.13e-05,53476.83562789,0.60501817,1.131e-05,0.6629101199999979,0.6477049753846196,0.40962447647058914,1.135e-05,1.1808461538461542e-05,1.1799411764705894e-05
231,1.139e-05,1554703200,1.146e-05,1.131e-05,1.131e-05,13120.71152785,0.1494727,1.139e-05,0.5399569799999979,0.6573371523076965,0.40731721735294213,1.1323333333333334e-05,1.1788461538461542e-05,1.1784705882352952e-05
232,1.143e-05,1554710400,1.151e-05,1.142e-05,1.142e-05,10609.8670062,0.12173978,1.147e-05,0.29207688333333126,0.6560947415384657,0.40795843176470686,1.1376666666666669e-05,1.1752307692307695e-05,1.17729411764706e-05
233,1.121e-05,1554717600,1.156e-05,1.12e-05,1.143e-05,76922.15914654,0.87800369,1.141e-05,0.38307205666666455,0.6336979915384657,0.42737207617647155,1.1343333333333337e-05,1.1680769230769233e-05,1.1755588235294128e-05
234,1.127e-05,1554724800,1.13e-05,1.114e-05,1.13e-05,5923.37619322,0.06644737,1.121e-05,0.3553969466666646,0.4951194876923119,0.4270567588235304,1.1303333333333337e-05,1.1626923076923079e-05,1.174000000000001e-05
235,1.118e-05,1554732000,1.143e-05,1.118e-05,1.129e-05,31139.40744024,0.35283904,1.133e-05,0.4324300333333313,0.5180149476923119,0.419836044117648,1.1220000000000004e-05,1.1574615384615386e-05,1.1720588235294128e-05
236,1.131e-05,1554739200,1.136e-05,1.122e-05,1.126e-05,8169.87881949,0.09242946,1.131e-05,0.1705719566666646,0.5161423715384658,0.4123547382352951,1.1253333333333338e-05,1.1516923076923078e-05,1.1702941176470598e-05
237,1.126e-05,1554746400,1.136e-05,1.126e-05,1.129e-05,5811.23639297,0.06599947,1.135e-05,0.17042265666666465,0.433695940769235,0.41369128735294214,1.1250000000000004e-05,1.1449230769230771e-05,1.1687058823529422e-05
238,1.133e-05,1554753600,1.142e-05,1.124e-05,1.135e-05,11169.9899003,0.12661415,1.133e-05,0.09501435999999797,0.42388344307692727,0.41041937588235394,1.1300000000000005e-05,1.1395384615384616e-05,1.1671764705882363e-05
239,1.122e-05,1554760800,1.133e-05,1.117e-05,1.132e-05,21654.07389545,0.24255664,1.12e-05,0.1450567533333313,0.37301696923077343,0.41440541294117744,1.1270000000000006e-05,1.1337692307692307e-05,1.1652058823529421e-05
240,1.104e-05,1554768000,1.126e-05,1.104e-05,1.126e-05,146593.61208178,1.62342604,1.107e-05,0.6641989433333313,0.4390968230769273,0.45594438441176566,1.1196666666666674e-05,1.1283846153846153e-05,1.1626176470588244e-05
241,1.102e-05,1554775200,1.118e-05,1.102e-05,1.112e-05,117294.63812756,1.2995848,1.107e-05,1.0551891599999978,0.4991931830769273,0.4935096544117657,1.109333333333334e-05,1.1249230769230768e-05,1.1597352941176479e-05
242,1.073e-05,1554782400,1.106e-05,1.073e-05,1.103e-05,136419.09368854,1.49569178,1.096e-05,1.4729008733333313,0.5476786992307734,0.5372446773529422,1.0930000000000007e-05,1.1207692307692307e-05,1.1563235294117655e-05
243,1.096e-05,1554789600,1.096e-05,1.075e-05,1.075e-05,33164.294585,0.35737799,1.077e-05,1.0508848566666646,0.5286294546153888,0.5382563135294128,1.090333333333334e-05,1.1180769230769229e-05,1.1532941176470595e-05
244,1.101e-05,1554796800,1.102e-05,1.086e-05,1.087e-05,6372.00112841,0.07013855,1.1e-05,0.6410694399999979,0.522526827692312,0.5236511970588246,1.0900000000000006e-05,1.1151538461538458e-05,1.1508529411764712e-05
245,1.104e-05,1554804000,1.104e-05,1.095e-05,1.097e-05,15871.926591,0.17388449,1.095e-05,0.2004670099999979,0.5265379592307734,0.5213385552941188,1.1003333333333337e-05,1.112153846153846e-05,1.1490882352941183e-05
246,1.099e-05,1554811200,1.109e-05,1.097e-05,1.108e-05,19673.03968686,0.21774269,1.106e-05,0.1539219099999979,0.47574865153846574,0.4943522411764717,1.1013333333333337e-05,1.1104615384615382e-05,1.1475000000000008e-05
247,1.13e-05,1554818400,1.237e-05,1.111e-05,1.111e-05,767862.87078191,8.95790828,1.166e-05,3.116511819999998,1.1597071830769272,0.75146055764706,1.1110000000000005e-05,1.1106923076923077e-05,1.1465588235294124e-05
248,1.102e-05,1554825600,1.122e-05,1.089e-05,1.121e-05,133775.06347389,1.48596503,1.11e-05,3.553871999999998,1.246870720769235,0.7880208394117658,1.110333333333334e-05,1.1094615384615383e-05,1.1447941176470595e-05
249,1.111e-05,1554832800,1.111e-05,1.101e-05,1.108e-05,23305.20806037,0.25725771,1.103e-05,3.567043673333331,1.2595498169230812,0.7915516997058836,1.1143333333333339e-05,1.1079230769230766e-05,1.1432941176470594e-05
250,1.107e-05,1554840000,1.112e-05,1.1e-05,1.11e-05,32040.3110721,0.35425732,1.105e-05,0.6991600199999978,1.2817234976923118,0.7933521335294129,1.1066666666666674e-05,1.1064615384615383e-05,1.1412941176470596e-05
251,1.093e-05,1554847200,1.107e-05,1.09e-05,1.107e-05,27884.1914186,0.30411979,1.09e-05,0.3052116066666645,1.2953777776923117,0.7974594544117659,1.1036666666666674e-05,1.1033846153846154e-05,1.1392058823529418e-05
252,1.103e-05,1554854400,1.103e-05,1.092e-05,1.093e-05,9121.22521345,0.09961445,1.092e-05,0.2526638533333312,1.2843822246153886,0.7996759264705894,1.1010000000000006e-05,1.101923076923077e-05,1.1373823529411771e-05
