,close,date,high,low,open,quoteVolume,volume,weightedAverage,avg_vol_3,avg_vol_13,avg_vol_34,avg_close_3,avg_close_13,avg_close_34
0,0.00132457,1553040817,0.00132457,0.00132457,0.00132457,0.0,0.0,0.00132457,-99999.0,-99999.0,-99999.0,-99999.0,-99999.0,-99999.0
1,0.00132457,1553048017,0.00132457,0.00132457,0.00132457,0.0,0.0,0.00132457,-99999.0,-99999.0,-99999.0,-99999.0,-99999.0,-99999.0
2,0.00132457,1553055217,0.00132457,0.00132457,0.00132457,0.0,0.0,0.00132457,0.0,-99999.0,-99999.0,0.00132457,-99999.0,-99999.0
3,0.00132457,1553062417,0.00132457,0.00132457,0.00132457,0.0,0.0,0.00132457,0.0,-99999.0,-99999.0,0.00132457,-99999.0,-99999.0
4,0.00131003,1553068800,0.00131003,0.00131003,0.00131003,0.22900239,0.0003,0.00131003,9.999999999999999e-05,-99999.0,-99999.0,0.0013197233333333335,-99999.0,-99999.0
5,0.00130201,1553076000,0.00131,0.00130201,0.00131,6.2954712,0.00823055,0.00130737,0.0028435166666666667,-99999.0,-99999.0,0.0013122033333333337,-99999.0,-99999.0
6,0.00130201,1553083200,0.00130201,0.00130201,0.00130201,0.0,0.0,0.00130201,0.0028435166666666667,-99999.0,-99999.0,0.0013046833333333339,-99999.0,-99999.0
7,0.00130266,1553090400,0.00130266,0.00130265,0.00130265,1.27826656,0.00166513,0.00130265,0.0032985599999999994,-99999.0,-99999.0,0.001302226666666667,-99999.0,-99999.0
8,0.00130422,1553097600,0.00130422,0.00130422,0.00130422,5.46152923,0.00712303,0.00130422,0.0029293866666666667,-99999.0,-99999.0,0.0013029633333333337,-99999.0,-99999.0
9,0.00130422,1553104800,0.00130422,0.00130422,0.00130422,0.0,0.0,0.00130422,0.0029293866666666667,-99999.0,-99999.0,0.0013037000000000003,-99999.0,-99999.0
10,0.0013258,1553112000,0.00132641,0.001302,0.00130465,0.6698914,0.00088264,0.00131759,0.0026685566666666666,-99999.0,-99999.0,0.0013114133333333338,-99999.0,-99999.0
11,0.00132251,1553119200,0.00132254,0.00132174,0.00132176,41.03538291,0.05424749,0.00132196,0.01837671,-99999.0,-99999.0,0.0013175100000000003,-99999.0,-99999.0
12,0.00132251,1553126400,0.00132251,0.00132251,0.00132251,0.0,0.0,0.00132251,0.01837671,0.005572987692307693,-99999.0,0.001323606666666667,0.0013149423076923075,-99999.0
13,0.00135,1553133600,0.00135008,0.00132251,0.00132251,322.87121381,0.43440264,0.00134543,0.16288337666666666,0.038988575384615386,-99999.0,0.0013316733333333334,0.0013168984615384615,-99999.0
14,0.00135,1553140800,0.00135,0.00135,0.00135,0.0,0.0,0.00135,0.14480088,0.038988575384615386,-99999.0,0.001340836666666667,0.0013188546153846152,-99999.0
15,0.00135,1553148000,0.00135001,0.00135,0.00135001,324.16646481,0.43762476,0.00135,0.2906758,0.07265201846153846,-99999.0,0.0013500000000000003,0.001320810769230769,-99999.0
16,0.00135,1553155200,0.00135,0.00135,0.00135,0.0,0.0,0.00135,0.14587492,0.07265201846153846,-99999.0,0.0013499999999999999,0.001322766923076923,-99999.0
17,0.00135001,1553162400,0.00136747,0.00135,0.00135001,71.48649018,0.09668164,0.00135244,0.17810213333333333,0.08006599076923077,-99999.0,0.0013500033333333332,0.0013258423076923074,-99999.0
18,0.001399,1553169600,0.001399,0.00133,0.00135001,67.76072755,0.09250508,0.00136517,0.06306223999999999,0.08654864692307693,-99999.0,0.0013663366666666666,0.0013333030769230767,-99999.0
19,0.00142999,1553176800,0.00142999,0.00137001,0.00137001,397.7419725,0.56830391,0.00142882,0.25249687666666665,0.1302643323076923,-99999.0,0.0013930000000000001,0.0013431476923076921,-99999.0
20,0.001557,1553184000,0.00157735,0.00140623,0.00142999,3387.03040639,4.99416398,0.00147449,1.8849909899999997,0.5143027053846153,-99999.0,0.001461996666666667,0.0013627123076923075,-99999.0
21,0.0014329,1553191200,0.00157672,0.00142002,0.00155701,876.03561024,1.35421392,0.00154584,2.3055606033333333,0.6179250815384615,-99999.0,0.001473296666666667,0.001372610769230769,-99999.0
22,0.00153548,1553198400,0.00156,0.00143391,0.00145144,299.17131547,0.4497358,0.00150327,2.2660379,0.6525201430769231,-99999.0,0.0015084600000000005,0.0013903999999999995,-99999.0
23,0.00169695,1553205600,0.00172328,0.001535,0.00156,481.47688944,0.77481345,0.00160924,0.8595877233333334,0.7120532823076923,-99999.0,0.0015551100000000004,0.0014189499999999996,-99999.0
24,0.0015651,1553212800,0.00177,0.00156381,0.00161134,719.00324753,1.19790192,0.00166605,0.8074837233333335,0.8000267,-99999.0,0.001599176666666667,0.0014376107692307687,-99999.0
25,0.00168952,1553220000,0.00168952,0.00156705,0.00156705,235.14480917,0.39338884,0.00167296,0.7887014033333335,0.8302873799999999,-99999.0,0.0016505233333333335,0.0014658423076923074,-99999.0
26,0.00163941,1553227200,0.00168885,0.00154671,0.0016413,371.22421348,0.60984348,0.00164279,0.7337114133333335,0.8437828292307692,-99999.0,0.0016313433333333335,0.001488104615384615,-99999.0
27,0.001655,1553234400,0.001751,0.001655,0.001655,696.95887629,1.16019252,0.00166464,0.7211416133333336,0.9330284076923078,-99999.0,0.0016613100000000003,0.0015115661538461535,-99999.0
28,0.00165583,1553241600,0.00165583,0.001655,0.00165501,631.80972271,1.04564519,0.001655,0.9385603966666668,0.97979921,-99999.0,0.0016500800000000006,0.001535091538461538,-99999.0
29,0.001761,1553248800,0.00219999,0.001655,0.001655,1360.13054844,2.63698133,0.00193877,1.6142730133333334,1.1826439276923078,-99999.0,0.0016906100000000006,0.0015667069230769226,-99999.0
30,0.00174019,1553256000,0.00188359,0.00168001,0.001761,381.02793155,0.65731444,0.0017251,1.446646986666667,1.2257695276923075,-99999.0,0.0017190066666666673,0.0015967207692307687,-99999.0
31,0.00195308,1553263200,0.00219986,0.00179509,0.00179999,1720.12984176,3.46921765,0.00201683,2.2545044733333337,1.4855166484615385,-99999.0,0.0018180900000000007,0.0016393423076923072,-99999.0
32,0.0018406,1553270400,0.00195311,0.00182978,0.00195306,412.69119587,0.77380619,0.00187502,1.633446093333334,1.501324516153846,-99999.0,0.001844623333333334,0.0016709276923076919,-99999.0
33,0.00190076,1553277600,0.00190076,0.00180527,0.00184013,72.55977746,0.13367533,0.00184227,1.4588997233333336,1.1274407738461536,0.6280253208823529,0.001898146666666667,0.001697370769230769,0.001479296176470588
34,0.00193482,1553284800,0.00209277,0.00185377,0.00191,254.28915038,0.49582269,0.00194983,0.46776807000000026,1.0614106792307691,0.6426083411764705,0.0018920600000000003,0.0017359799999999996,0.0014972447058823528
35,0.00196832,1553292000,0.00198863,0.00192592,0.00193875,20.96896621,0.04117896,0.0019638,0.22355899333333365,1.02998323,0.6438194870588234,0.0019346333333333336,0.0017692753846153843,0.0015161785294117648
36,0.00208651,1553299200,0.00216,0.00190353,0.00199256,329.02506909,0.68705529,0.00208815,0.4080189800000003,1.0232326023076923,0.6640269955882352,0.00199655,0.0017992415384615382,0.0015385885294117649
37,0.00221798,1553306400,0.00225088,0.00206299,0.002091,518.69350935,1.12171205,0.00216257,0.6166487666666669,1.017371843076923,0.6970185264705882,0.0020909366666666666,0.0018494630769230768,0.0015648652941176473
38,0.00212633,1553313600,0.00220391,0.0020608,0.00207003,66.39794731,0.14404457,0.00216941,0.6509373033333336,0.9981915146153846,0.7012463079411764,0.0021436066666666665,0.001883063846153846,0.0015888741176470593
39,0.00217775,1553320800,0.00220793,0.00209205,0.00210189,252.38179077,0.54411143,0.0021559,0.6032893500000002,0.9931352030769229,0.7170075102941176,0.00217402,0.001924474615384615,0.0016146311764705886
40,0.00203989,1553328000,0.00225089,0.00199245,0.00217775,359.67484541,0.76424289,0.00212481,0.48413296333333355,0.962677539230769,0.739485242352941,0.0021146566666666662,0.0019540815384615383,0.0016363335294117653
41,0.00194983,1553335200,0.00203901,0.00180527,0.00203901,459.54991996,0.88698222,0.00193011,0.7317788466666668,0.9504726953846152,0.7655239802941175,0.0020558233333333327,0.0019766969230769226,0.0016553679411764712
42,0.00195379,1553342400,0.00195379,0.0019418,0.00194325,32.44438921,0.06308011,0.00194425,0.5714350733333334,0.7524802938461537,0.7671697767647059,0.0019811699999999995,0.0019915269230769226,0.0016744729411764712
43,0.00192143,1553349600,0.00194987,0.00187378,0.00191454,21.66397229,0.04082467,0.00188445,0.33029566666666677,0.7050580038461536,0.7683705023529411,0.0019416833333333325,0.002005468461538461,0.0016926261764705888
44,0.00188428,1553356800,0.00190322,0.00179,0.00186585,93.72746649,0.17203237,0.00183545,0.09197905000000006,0.4514283669230767,0.7734043179411764,0.0019198333333333324,0.0020001761538461535,0.00170905205882353
45,0.00185383,1553364000,0.001884,0.00180038,0.001884,72.25607404,0.13345859,0.00184702,0.11543854333333341,0.402170859230769,0.7757340561764705,0.0018865133333333325,0.002001193846153846,0.0017246791176470594
46,0.00192039,1553371200,0.00197,0.001862,0.001862,298.91514233,0.57930597,0.00193802,0.29493231000000003,0.436450139230769,0.7927724670588234,0.001886166666666666,0.0020027038461538456,0.0017422638235294124
47,0.00186583,1553378400,0.00192713,0.00186492,0.00192039,22.82324768,0.04358679,0.00190975,0.2521171166666667,0.4016627623076921,0.781277883235294,0.0018800166666666656,0.0019973969230769224,0.0017574352941176477
48,0.00185697,1553385600,0.00186584,0.0018,0.00185652,28.64708202,0.05252341,0.00183346,0.22513872333333337,0.4025354123076921,0.7828226894117646,0.0018810633333333326,0.001988831538461538,0.001772346176470589
49,0.00183559,1553392800,0.00185605,0.00180001,0.00185605,118.67182038,0.21731884,0.00183125,0.10447634666666672,0.366401839230769,0.7763431035294117,0.0018527966666666658,0.0019695299999999997,0.0017866282352941183
50,0.00176728,1553400000,0.00183559,0.00176728,0.00183559,45.60371321,0.08078835,0.00177153,0.11687686666666673,0.28633078538461515,0.7787192314705882,0.001819946666666666,0.0019348607692307685,0.001798901176470589
51,0.00182767,1553407200,0.00182767,0.00179972,0.00179972,0.71952821,0.00130733,0.00181692,0.09980484000000006,0.2753509976923074,0.7759141047058823,0.0018101799999999991,0.0019118869230769224,0.0018129500000000007
52,0.00176344,1553414400,0.00182853,0.00176,0.00182853,105.00039224,0.18555708,0.0017672,0.08921758666666672,0.24776989384615358,0.778650928235294,0.0017861299999999993,0.0018800169230769226,0.0018236688235294127
53,0.00183,1553421600,0.00183,0.00179136,0.00180243,125.94398081,0.23010075,0.001827,0.1389883866666667,0.20668203692307666,0.7687037764705881,0.001807036666666666,0.0018638715384615384,0.0018354338235294127
54,0.00196803,1553428800,0.00196803,0.00182833,0.00182833,416.2604796,0.7675128,0.00184382,0.3943902100000001,0.19749208153846126,0.644390506470588,0.0018538233333333326,0.0018652715384615383,0.0018475229411764715
55,0.00188501,1553436000,0.00188513,0.0018511,0.0018511,39.19572665,0.07290759,0.00186009,0.3568403800000001,0.19824804153846123,0.6067050261764704,0.0018943466666666662,0.001859980769230769,0.001860820294117648
56,0.00193,1553443200,0.00204702,0.00188505,0.00188505,111.97359116,0.21848418,0.00195121,0.35296819000000007,0.21191415769230737,0.5999035079411763,0.0019276799999999995,0.00186064,0.0018724238235294126
57,0.00194679,1553450400,0.0019468,0.00194679,0.0019468,0.77049781,0.00149999,0.00194679,0.09763058666666669,0.19879628230769197,0.5771589944117645,0.0019205999999999995,0.0018654484615384615,0.0018797720588235303
58,0.00187055,1553457600,0.0019468,0.00187055,0.0019,103.02551087,0.19914405,0.00193295,0.13970940666666667,0.2038490099999997,0.5477837629411764,0.0019157799999999995,0.0018667346153846153,0.001888755882352942
59,0.0018128,1553464800,0.00187055,0.0018128,0.00187,237.26626597,0.43573208,0.00183646,0.21212537333333337,0.19280486461538432,0.549029152352941,0.0018767133333333326,0.0018584584615384614,0.0018923817647058833
60,0.00188582,1553472000,0.00188582,0.0018612,0.00186121,17.93094129,0.03358711,0.00187313,0.22282108000000003,0.19203565846153817,0.5320804355882353,0.0018563899999999994,0.0018599961538461537,0.00189962911764706
61,0.0019468,1553479200,0.0019468,0.00187198,0.00187198,107.7298437,0.20640162,0.00191591,0.22524027000000005,0.20387244384615352,0.5040277620588235,0.001881806666666666,0.0018669061538461537,0.0019082114705882363
62,0.00191044,1553486400,0.00199234,0.00189577,0.0019468,75.45232679,0.14715234,0.00195026,0.12904702333333337,0.19847502076923046,0.47760150176470595,0.0019143533333333329,0.0018726638461538459,0.001915700000000001
63,0.00208072,1553493600,0.00225088,0.00197833,0.00199817,431.58466693,0.90180244,0.00208951,0.41845213333333336,0.26162995076923046,0.4265668285294119,0.0019793199999999997,0.0018967746153846152,0.0019251035294117656
64,0.0019223,1553500800,0.00210146,0.00191207,0.00210146,226.094952,0.44972411,0.00198909,0.49955963000000003,0.2961235492307689,0.4204612305882354,0.001971153333333333,0.0019040538461538462,0.0019304597058823537
65,0.00199838,1553508000,0.0020743,0.0019838,0.00202317,162.22112913,0.33193177,0.00204616,0.5611527733333334,0.30738314076923046,0.3281881164705883,0.0020004666666666665,0.0019221261538461538,0.0019317920588235301
66,0.00203802,1553515200,0.00210002,0.00190911,0.00200789,155.98590014,0.32182411,0.00206316,0.3678266633333334,0.31443878384615354,0.314894525882353,0.0019862333333333336,0.0019381276923076925,0.0019375985294117655
67,0.00201212,1553522400,0.00208334,0.00201212,0.00202857,64.89221047,0.13267104,0.00204448,0.26214230666666677,0.26560480230769196,0.3148649879411765,0.002016173333333333,0.0019415192307692308,0.0019408738235294127
68,0.00201656,1553529600,0.00202218,0.00195212,0.002018,33.24732857,0.06715048,0.00201972,0.17388187666666677,0.2651619476923074,0.30225698176470595,0.0020222333333333336,0.0019516384615384619,0.0019432779411764716
69,0.00201656,1553536800,0.00201656,0.00201656,0.00201656,0.0,0.0,0.00201656,0.06660717333333344,0.248355472307692,0.301045835882353,0.0020150800000000003,0.001958296923076923,0.0019446967647058833
70,0.00201656,1553544000,0.00201656,0.00201656,0.00201656,0.0,0.0,0.00201656,0.022383493333333438,0.24824008846153814,0.28083832735294123,0.00201656,0.0019636638461538462,0.0019426394117647069
71,0.00185599,1553551200,0.00200634,0.00185597,0.0019662,40.69697803,0.07913551,0.0019445,0.02637850333333344,0.23900866230769197,0.25017431147058833,0.0019630366666666664,0.0019625438461538464,0.001931992647058825
72,0.00187618,1553558400,0.00203802,0.00177353,0.00181111,124.57735869,0.22461696,0.00180303,0.10125082333333345,0.22276903769230735,0.25254408764705893,0.001916243333333333,0.001967419230769231,0.0019246352941176487
73,0.00191105,1553565600,0.00191163,0.00177953,0.00187152,107.0177131,0.20178893,0.00188556,0.16851380000000013,0.2357076392307689,0.24247577882352953,0.001881073333333333,0.0019693600000000007,0.0019167911764705896
74,0.00190029,1553572800,0.00190029,0.00189622,0.00190029,22.91059745,0.04348971,0.00189823,0.15663186666666679,0.22317595384615352,0.22127715588235303,0.0018958399999999995,0.0019657823076923084,0.0019126852941176483
75,0.00191242,1553580000,0.0019125,0.00190086,0.00190086,27.86501852,0.05326612,0.00191157,0.09951492000000013,0.2159539369230766,0.19675609411764713,0.0019079199999999996,0.0019659346153846164,0.0019115850000000012
76,0.00180878,1553587200,0.0020121,0.00180878,0.00197106,147.17148815,0.29155127,0.00198103,0.12943570000000015,0.1690115392307689,0.20347583411764716,0.0018738299999999997,0.0019450161538461545,0.0019073200000000012
77,0.00191579,1553594400,0.00210002,0.00178914,0.00181286,378.38779919,0.75788147,0.00200292,0.36756628666666685,0.19271595153846122,0.2245657400000001,0.0018789966666666663,0.0019445153846153853,0.00190715411764706
78,0.00190012,1553601600,0.00209,0.00186163,0.00190148,348.72784174,0.70424232,0.00201946,0.5845583533333335,0.2213552246153843,0.2402189738235295,0.0018748966666666663,0.0019369569230769236,0.0019076200000000011
79,0.00201113,1553608800,0.00201115,0.00181,0.00191001,823.64506188,1.62707456,0.00197545,1.0297327833333336,0.32175910538461505,0.28414885529411776,0.0019423466666666663,0.0019348884615384618,0.0019122464705882364
80,0.00202136,1553616000,0.00202191,0.00182017,0.00202115,474.48055648,0.9537821,0.00201016,1.0950329933333336,0.3849214946153843,0.29516285911764717,0.001977536666666666,0.001935599230769231,0.0019152161764705896
81,0.002,1553623200,0.00215,0.00199,0.00202135,782.86705196,1.63434797,0.00208764,1.4050682100000005,0.5054751476923074,0.3419499526470589,0.00201083,0.001934325384615385,0.0019191623529411779
82,0.00199941,1553630400,0.00204855,0.00199,0.00204855,82.9720405,0.16597592,0.00200038,0.9180353300000005,0.5182425261538459,0.34528679117647065,0.0020069233333333335,0.0019330061538461543,0.0019233517647058837
83,0.00215257,1553637600,0.00215699,0.002,0.002,301.14783431,0.62176899,0.00206466,0.8073642933333339,0.5660709099999998,0.35718238382352946,0.0020506599999999997,0.0019434684615384618,0.0019326747058823544
84,0.00229372,1553644800,0.00255999,0.00215258,0.00215258,1792.62564515,4.07269155,0.00227191,1.6201454866666671,0.8732675284615381,0.4745913014705883,0.002148566666666667,0.00197714,0.0019481582352941192
85,0.00243994,1553652000,0.0024499,0.00235,0.00235992,58.09404648,0.13843271,0.0023829,1.6109644166666672,0.8666379707692304,0.47862440088235303,0.00229541,0.0020205061538461537,0.00196616617647059
86,0.00223584,1553659200,0.0024846,0.00220805,0.00243994,1032.12758402,2.38142287,0.00230729,2.1975157100000007,1.0343021199999998,0.5432086888235296,0.0023231666666666665,0.00204549,0.0019800602941176487
87,0.00219978,1553666400,0.00224,0.0020165,0.00223584,550.03942328,1.17963635,0.00214463,1.233163976666667,1.1216980153846152,0.5711362064705884,0.0022918533333333335,0.0020685276923076926,0.00199093617647059
88,0.00221007,1553673600,0.00221009,0.00213927,0.00221,975.29700282,2.1549807,0.00220956,1.9053466400000005,1.2833683676923076,0.6119440858823532,0.0022152300000000003,0.0020914238461538464,0.0019980550000000016
89,0.00220157,1553680800,0.00220157,0.00214578,0.00214579,4.31638303,0.00926853,0.00214729,1.1146285266666671,1.2616543107692306,0.6100723488235297,0.002203806666666667,0.002121638461538462,0.002007365588235295
90,0.00219524,1553688000,0.00220828,0.00216751,0.00219532,181.19647056,0.39520462,0.00218108,0.8531512833333338,1.2337560915384613,0.6152700088235297,0.0022022933333333337,0.0021431346153846158,0.0020151667647058838
91,0.00216001,1553695200,0.00219116,0.00216,0.00217982,106.15809338,0.23053319,0.0021716,0.21166878000000056,1.1973169276923075,0.6220062794117649,0.0021856066666666673,0.002163126153846154,0.002021437941176472
92,0.00227971,1553702400,0.00227971,0.00216001,0.00216002,259.72520107,0.57494455,0.00221366,0.4002274533333339,1.1163838499999996,0.6330592352941179,0.002211653333333334,0.002183786153846154,0.002033472058823531
93,0.0022641,1553709600,0.0023,0.00217085,0.00229998,51.97974151,0.1188694,0.00228684,0.30811571333333393,1.0521597961538458,0.6237397447058826,0.0022346066666666673,0.002202458461538462,0.0020467455882352955
94,0.0022551,1553716800,0.00233559,0.0022551,0.00226411,209.38337064,0.48595168,0.00232087,0.3932552100000006,0.9638216199999996,0.6370445850000003,0.002266303333333334,0.002222081538461539,0.0020576067647058837
95,0.00219241,1553724000,0.00247996,0.0021,0.00233002,977.0004528,2.15542905,0.00220616,0.9200833766666672,1.1168564761538458,0.6943689211764708,0.002237203333333334,0.0022369276923076926,0.0020648305882352957
96,0.00221204,1553731200,0.0022287,0.0021924,0.00219623,2263.29043351,4.96271875,0.0021927,2.534699826666667,1.4507756884615381,0.8360032273529413,0.0022198500000000006,0.002241502307692308,0.0020737011764705897
97,0.00220021,1553738400,0.0022287,0.0021924,0.00222865,78.73249647,0.17347509,0.00220334,2.4305409633333337,1.1508359607692304,0.8145818347058825,0.0022015533333333338,0.0022343092307692313,0.002077215588235296
98,0.00219241,1553745600,0.00221997,0.0021924,0.00221922,205.1134928,0.45012146,0.00219449,1.8621051000000002,1.1748120184615383,0.8145935214705884,0.0022015533333333338,0.002215268461538462,0.0020851600000000017
99,0.00207157,1553752800,0.00221999,0.00193512,0.00219461,803.66232029,1.69247095,0.00210594,0.7720225000000003,1.1218157169230767,0.8546093797058825,0.0021547300000000005,0.002202632307692308,0.0020873126470588254
100,0.00207889,1553760000,0.00208424,0.00203548,0.00208423,227.97173543,0.47383391,0.00207847,0.8721421066666669,1.0675232215384614,0.8590802561764707,0.0021142900000000004,0.0021933330769230773,0.002088514705882355
101,0.00207888,1553767200,0.00209934,0.00207888,0.0020789,85.29666366,0.1774154,0.00207998,0.781240086666667,0.9154028138461535,0.8603962667647059,0.002076446666666667,0.0021832415384615386,0.0020904782352941195
102,0.00210467,1553774400,0.00210509,0.00207889,0.00209909,5.62314025,0.01178655,0.00209608,0.22101195333333368,0.9155965076923074,0.858767915882353,0.0020874800000000005,0.0021757876923076923,0.0020930697058823547
103,0.00210524,1553781600,0.00210524,0.00207902,0.00210398,48.39769395,0.10180263,0.00210346,0.097001526666667,0.8930271238461536,0.8617621108823531,0.0020962633333333337,0.002168864615384615,0.002095677941176472
104,0.00208145,1553788800,0.00210524,0.00207888,0.00210524,739.87075286,1.53931516,0.00208051,0.5509681133333336,0.9937026599999997,0.9070360861764708,0.0020971200000000005,0.0021628215384615385,0.002097586470588237
105,0.00214,1553796000,0.00215096,0.00210888,0.00210888,7.24286562,0.01544499,0.00213244,0.5521875933333337,0.9506642323076921,0.9051628355882354,0.002108896666666667,0.002152074615384615,0.0021059397058823546
106,0.00211633,1553803200,0.00215096,0.00204219,0.00215095,123.55663453,0.25845988,0.00209183,0.604406676666667,0.9614019615384615,0.9061582155882355,0.002112593333333334,0.002140707692307692,0.002113002941176472
107,0.00202797,1553810400,0.00211699,0.00202797,0.00211537,67.02443648,0.13685917,0.00204192,0.136921346666667,0.9345486915384614,0.9042485167647061,0.0020947666666666673,0.002123236153846154,0.002116441764705884
108,0.00202054,1553817600,0.00210181,0.00200223,0.00203946,49.10908277,0.10017073,0.00203975,0.16516326000000034,0.7764518976923076,0.9059156055882355,0.002054946666666667,0.002110015384615385,0.0021199785294117664
109,0.00203348,1553824800,0.00203348,0.00203348,0.00203348,4.91767806,0.00999999,0.00203348,0.082343296666667,0.3954735315384615,0.9046430723529414,0.002027330000000001,0.00209628,0.0021235391176470607
110,0.00205791,1553832000,0.00206846,0.00202567,0.00203348,6.21386134,0.01275335,0.0020524,0.04097469000000032,0.3831103207692307,0.8964431335294121,0.0020373100000000005,0.002085333846153846,0.002130866470588237
111,0.00198921,1553839200,0.00208261,0.00198921,0.00205791,102.30179857,0.20723051,0.00202567,0.07666128333333366,0.3644264015384614,0.8802475170588238,0.002026866666666667,0.0020697030769230773,0.002133025882352943
112,0.00203539,1553846400,0.00204303,0.00198933,0.00198935,13.20568387,0.02667647,0.00202007,0.08222011000000033,0.2362883646153845,0.8603191097058827,0.002027503333333334,0.0020669200000000003,0.0021370044117647075
113,0.00203182,1553853600,0.00208212,0.00196904,0.00203742,74.66752779,0.14998405,0.00200869,0.127963676666667,0.2113768369230768,0.8168752711764709,0.0020188066666666678,0.002063299230769231,0.0021376129411764724
114,0.0020209,1553860800,0.0020209,0.00193805,0.00200001,57.60819999,0.1134883,0.00197,0.09671627333333366,0.20645936769230758,0.792160747647059,0.002029370000000001,0.002058839230769231,0.002137599411764708
115,0.00197155,1553868000,0.00201971,0.00194126,0.00200333,17.01607199,0.03365079,0.00197758,0.09904104666666698,0.20814123230769216,0.7450814188235296,0.002008090000000001,0.002048599230769231,0.0021367626470588257
116,0.00197361,1553875200,0.00201665,0.00195838,0.00201623,16.86270763,0.03342056,0.00198192,0.06018655000000031,0.20288107307692296,0.7411827317647061,0.001988686666666668,0.0020384738461538465,0.0021360038235294135
117,0.00195707,1553882400,0.00200936,0.0019454,0.00200936,163.12568294,0.31934458,0.00195765,0.1288053100000003,0.1090371823076922,0.7322878961764707,0.0019674100000000015,0.002028906153846154,0.0021302538235294134
118,0.00192217,1553889600,0.00200711,0.00190704,0.00200709,148.83363426,0.29225807,0.00196365,0.21500773666666695,0.13033049615384604,0.6210986761764706,0.0019509500000000014,0.0020121500000000003,0.002119325882352943
119,0.0018999,1553896800,0.00196337,0.0018999,0.00191086,74.48350345,0.14277248,0.00191683,0.2514583766666669,0.12143146538461529,0.6212263164705883,0.0019263800000000012,0.0019955015384615386,0.002103442352941178
120,0.00181362,1553904000,0.00195343,0.00181,0.00195343,59.31193504,0.11072933,0.00186689,0.18191996000000024,0.11942147769230761,0.5544412123529413,0.0018785633333333347,0.001979013076923077,0.0020910241176470604
121,0.00188699,1553911200,0.00190975,0.00183505,0.00190922,104.22880178,0.19895751,0.00190885,0.1508197733333336,0.12702046076923068,0.5255977170588236,0.001866836666666668,0.00196874,0.0020818244117647077
122,0.00193116,1553918400,0.00193116,0.00183092,0.00188699,23.9457864,0.04591294,0.00191737,0.11853326000000027,0.1297829953846153,0.4635663123529414,0.0018772566666666682,0.001960869230769231,0.00207362117647059
123,0.00193827,1553925600,0.00193828,0.00185824,0.00193116,15.4730805,0.02998147,0.00193765,0.09161730666666694,0.1311082353846153,0.4641755164705884,0.0019188066666666682,0.0019516661538461538,0.002065877058823532
124,0.00193827,1553932800,0.00193827,0.00193825,0.00193825,39.73589346,0.07701886,0.00193826,0.050971090000000274,0.12109195461538451,0.4548171117647061,0.0019359000000000015,0.0019477476923076922,0.0020583191176470612
125,0.00193374,1553940000,0.00193827,0.00188044,0.00188126,103.07521256,0.19506938,0.00189249,0.10068990333333361,0.13404525538461529,0.453774058529412,0.0019367600000000016,0.0019399284615384611,0.0020516641176470613
126,0.00192474,1553947200,0.0019314,0.00191,0.0019314,10.67106222,0.02053014,0.0019239,0.09753946000000026,0.12408726230769221,0.4374677523529414,0.0019322500000000017,0.0019316915384615383,0.002041223823529414
127,0.00200388,1553954400,0.00205,0.00192474,0.00192474,103.85027915,0.20411251,0.00196544,0.13990401000000027,0.1310583553846153,0.4399749026470591,0.0019541200000000015,0.0019303823076923074,0.002033570294117649
128,0.00199998,1553961600,0.00208016,0.00188199,0.00193892,199.10995091,0.38603709,0.00193881,0.20355991333333365,0.15816499384615376,0.43703623823529436,0.001976200000000002,0.0019325692307692308,0.0020260667647058845
129,0.0019917,1553968800,0.00203551,0.00195219,0.00195219,73.53549109,0.14726781,0.00200267,0.24580580333333366,0.16692247461538454,0.37797267235294146,0.0019985200000000015,0.0019339607692307691,0.0020201635294117663
130,0.00204794,1553976000,0.00209252,0.0019436,0.0019917,264.29272092,0.54346595,0.0020563,0.35892361666666694,0.1841625799999999,0.24799464882352965,0.0020132066666666685,0.0019409507692307695,0.0020153370588235314
131,0.00204999,1553983200,0.00205,0.00204794,0.00204794,218.20984599,0.44715899,0.00204921,0.3792975833333336,0.19607803538461532,0.2560441752941179,0.0020298766666666684,0.001950783076923077,0.002010918823529414
132,0.00204771,1553990400,0.00204771,0.00200019,0.00203198,30.57786195,0.06134673,0.00200624,0.35065722333333355,0.18981451615384606,0.24460962441176495,0.0020485466666666685,0.001962153076923077,0.0020066629411764725
133,0.002,1553997600,0.00204763,0.002,0.00204751,31.35819338,0.06276553,0.00200156,0.19042375000000022,0.186124993076923,0.1966771120588238,0.002032566666666669,0.0019764900000000005,0.0020045579411764724
134,0.00199,1554004800,0.002,0.00199,0.00199998,2.90388008,0.00579753,0.00199647,0.043303263333333585,0.17126653307692302,0.18291133617647085,0.002012570000000002,0.001984413846153846,0.002001943529411767
135,0.00206604,1554012000,0.00212243,0.00200394,0.00200394,115.81010055,0.2384477,0.00205895,0.10233692000000023,0.18607689923076917,0.18470640382352968,0.0020186800000000023,0.001994789230769231,0.002001565882352943
136,0.00205,1554019200,0.0020743,0.00205,0.00206397,2.00317434,0.00414068,0.00206705,0.08279530333333357,0.18408914615384608,0.1844815252941179,0.002035346666666669,0.0020033838461538463,0.0019999579411764724
137,0.00208512,1554026400,0.00219999,0.00203098,0.00204772,134.79934272,0.28911708,0.00214479,0.1772351533333336,0.20040439384615377,0.1899907738235297,0.0020670533333333354,0.00201468,0.00199936617647059
138,0.00204096,1554033600,0.00219898,0.00195782,0.0020641,95.86361714,0.19367686,0.00202033,0.16231154000000023,0.20029727692307686,0.15041317676470614,0.0020586933333333352,0.0020229276923076924,0.0019981752941176487
139,0.00195213,1554040800,0.00203883,0.00187897,0.00203882,1162.79640156,2.22512778,0.0019136,0.9026405733333336,0.3698817107692307,0.21540384705882382,0.0020260700000000018,0.0020250346153846154,0.0019926497058823547
140,0.00195212,1554048000,0.00195212,0.00195212,0.00195212,38.86026831,0.0758599,0.00195212,0.831554846666667,0.36001612538461536,0.21003325941176498,0.0019817366666666685,0.002021053076923077,0.0019878200000000017
141,0.00196704,1554055200,0.00196715,0.00193748,0.00195211,28.89630329,0.05636534,0.0019506,0.7857843400000003,0.33465675999999994,0.2076657938235297,0.0019570966666666687,0.002018519230769231,0.0019860279411764723
142,0.00197552,1554062400,0.00197552,0.00193733,0.00196702,14.85700358,0.02908993,0.00195799,0.05377172333333361,0.3255661538461538,0.2055751820588238,0.0019648933333333354,0.0020172746153846156,0.001984703823529413
143,0.00198557,1554069600,0.00198557,0.00196779,0.0019755,64.05018118,0.1267289,0.00197858,0.07072805666666697,0.29350945769230763,0.20900838529411792,0.001976043333333335,0.0020124769230769235,0.0019832947058823543
144,0.00198558,1554076800,0.00198558,0.00196779,0.00196779,0.33923437,0.00067213,0.00198132,0.052163653333333636,0.25916431461538453,0.20865305529411793,0.001982223333333335,0.0020075223076923077,0.0019811673529411783
145,0.00199088,1554084000,0.00199131,0.00196779,0.00199131,157.69045626,0.31054196,0.00196931,0.14598099666666697,0.2783331784615384,0.21169162735294145,0.0019873433333333352,0.0020031507692307693,0.001981216470588237
146,0.00205939,1554091200,0.00205939,0.00197198,0.00199083,79.86670499,0.16100514,0.00201592,0.1574064100000003,0.28589007153846147,0.2156424705882356,0.0020119500000000015,0.002007719230769231,0.0019819223529411777
147,0.00201304,1554098400,0.00215079,0.00196782,0.00205949,1161.87967372,2.42576411,0.00208779,0.9657704033333335,0.47204134692307687,0.2825771782352944,0.002021103333333335,0.0020094915384615388,0.001981370000000001
148,0.00205876,1554105600,0.00205876,0.0020071,0.00200721,101.49250481,0.20620399,0.00203171,0.9309910800000002,0.46956106153846144,0.28530411029411795,0.002043730000000002,0.0020089315384615386,0.001982483529411766
149,0.00205244,1554112800,0.00214918,0.00202425,0.00207657,92.53873719,0.19283921,0.00208387,0.9416024366666669,0.484076333076923,0.28998612264705914,0.002041413333333335,0.002009119230769231,0.0019848626470588245
150,0.00197655,1554120000,0.00211515,0.00197373,0.00205143,37.70054852,0.07657057,0.00203102,0.15853792333333358,0.4677266015384615,0.2912552405882356,0.002029250000000002,0.0020007676923076926,0.00198494911764706
151,0.00205132,1554127200,0.00205135,0.00205132,0.00205132,12.62387377,0.02589563,0.00205132,0.09843513666666688,0.45482035307692303,0.2826243891176474,0.002026770000000002,0.0020015646153846156,0.001987721176470589
152,0.00211242,1554134400,0.00219798,0.00205133,0.00205663,240.62979006,0.50930723,0.00211655,0.20392447666666688,0.3228341569230769,0.2890081879411768,0.0020467633333333354,0.0020138946153846157,0.001993316764705883
153,0.00210111,1554141600,0.00210339,0.00205971,0.00205973,470.43809195,0.98896258,0.00210221,0.508055146666667,0.39307282461538456,0.3138961320588239,0.002088283333333335,0.002025355384615385,0.0019992347058823538
154,0.00210299,1554148800,0.002103,0.00208985,0.00209973,45.95301683,0.0963688,0.00209711,0.5315462033333337,0.3961500138461537,0.31347376352941214,0.002105506666666668,0.0020358130769230773,0.002007745588235295
155,0.00215749,1554156000,0.00218436,0.00210004,0.00210301,48.12618942,0.10255895,0.00213104,0.39596344333333366,0.40180147692307683,0.3106385117647063,0.002120530000000001,0.0020498107692307694,0.002015701470588236
156,0.00210092,1554163200,0.00211177,0.00209882,0.00211003,8.5907794,0.01808913,0.00210564,0.07233896000000029,0.39344457153846146,0.30982016441176513,0.0021204666666666677,0.0020586838461538466,0.0020206944117647065
157,0.00210067,1554170400,0.00213237,0.0020618,0.00206183,180.14150729,0.37870254,0.00210225,0.16645020666666696,0.4225238338461538,0.32007666647058874,0.002119693333333334,0.002067536923076923,0.0020254708823529417
158,0.00203588,1554177600,0.00213234,0.00203588,0.00210134,503.55918222,1.05704493,0.00209914,0.4846122000000003,0.47994713923076915,0.3489009626470593,0.002079156666666667,0.0020709984615384616,0.0020283417647058827
159,0.0019,1554184800,0.00208643,0.0019,0.00200002,100.49751742,0.1986629,0.00197679,0.544803456666667,0.4828438899999999,0.3490066544117652,0.0020121833333333343,0.0020587376923076922,0.0020273494117647064
160,0.00201203,1554192000,0.00208733,0.00185824,0.00197697,271.30574714,0.54022647,0.0019912,0.5986447666666671,0.337802533076923,0.36429184058823577,0.001982636666666668,0.00205866,0.002029916764705883
161,0.00199993,1554199200,0.00207066,0.00198406,0.00207066,31.13440958,0.06215041,0.00199619,0.2670132600000004,0.3267214884615384,0.3601164847058828,0.001970653333333334,0.0020541346153846157,0.0020298005882352947
162,0.00200002,1554206400,0.00205106,0.00199629,0.00199993,104.57452145,0.21103813,0.00201806,0.2711383366666671,0.32812140538461537,0.3549694564705887,0.0020039933333333344,0.002050102307692308,0.002029801764705883
163,0.001939,1554213600,0.00219999,0.00186801,0.00205146,390.84750382,0.78925455,0.00201934,0.35414769666666707,0.38294324999999996,0.3738514194117652,0.001979650000000001,0.0020472138461538466,0.002028251764705883
164,0.00189049,1554220800,0.001939,0.00189049,0.001939,47.98606677,0.0915917,0.00190871,0.36396146000000035,0.3879967938461538,0.36056100029411814,0.001943170000000001,0.002034842307692308,0.0020236208823529414
165,0.00190694,1554228000,0.00190885,0.00189253,0.0018992,28.32151192,0.05375367,0.00189798,0.31153330666666706,0.35295421230769225,0.3489902555882358,0.0019121433333333345,0.0020190361538461542,0.002019413529411765
166,0.00189253,1554235200,0.00194594,0.00189253,0.00190694,95.00102295,0.18143718,0.00190984,0.10892751666666711,0.2908368738461538,0.3525223276470593,0.0018966533333333346,0.002002991538461539,0.0020148494117647065
167,0.0019346,1554242400,0.00193977,0.00189294,0.00189445,15.93291955,0.03030299,0.00190191,0.0884979466666671,0.2857548884615384,0.351567547058824,0.0019113566666666677,0.0019900384615384624,0.0020129258823529416
168,0.00197148,1554249600,0.00201499,0.00194,0.00194,103.13600617,0.20451098,0.00198292,0.13875038333333378,0.29359735230769224,0.3574120602941181,0.0019328700000000012,0.0019757300000000006,0.0020123811764705883
169,0.002,1554256800,0.002,0.00195435,0.00196753,157.4263104,0.30899829,0.00196281,0.18127075333333378,0.31597497999999996,0.3594870776470593,0.0019686933333333346,0.0019679669230769237,0.0020104388235294116
170,0.00200516,1554264000,0.00200615,0.00196647,0.002002,28.68789573,0.05660579,0.00197315,0.19003835333333377,0.29119830692307686,0.3610301691176475,0.0019922133333333345,0.0019606200000000006,0.00200912
171,0.00196772,1554271200,0.00200598,0.00195435,0.00200523,106.33862287,0.21049683,0.00197949,0.1920336366666671,0.22607922230769223,0.3587178088235299,0.0019909600000000017,0.0019553769230769235,0.00200566705882353
172,0.00193701,1554278400,0.00195966,0.00193701,0.00193703,12.83647549,0.02486872,0.00193734,0.09732378000000041,0.21271043923076918,0.3537528635294122,0.001969963333333335,0.0019582238461538465,0.0020026097058823537
173,0.0020139,1554285600,0.0020139,0.00194277,0.00194277,70.69401659,0.13999532,0.00198029,0.12512029000000044,0.18192342769230765,0.29242543823529454,0.0019728766666666678,0.0019583676923076924,0.002004426470588236
174,0.0021343,1554292800,0.00236998,0.00199507,0.00200438,1373.26167829,2.9982595,0.00218331,1.0543745133333338,0.40777797307692304,0.3783783676470593,0.0020284033333333343,0.0019687038461538462,0.002009784705882354
175,0.00226154,1554300000,0.00279,0.00200813,0.00215159,895.64016717,2.16366465,0.00241577,1.7673064900000004,0.557980013076923,0.4403577591176475,0.002136580000000001,0.0019888207692307694,0.0020184464705882365
176,0.00228559,1554307200,0.00238998,0.00224097,0.00226154,166.99406657,0.39230027,0.00234918,1.8514081400000004,0.5274450684615384,0.45104041617647106,0.0022271433333333345,0.0020154815384615388,0.0020275661764705896
177,0.00239628,1554314400,0.0024501,0.00218084,0.0022978,206.1662936,0.48713075,0.0023628,1.014365223333334,0.5578711492307691,0.46164047058823576,0.0023144700000000008,0.002054388461538462,0.0020396458823529425
178,0.00222327,1554321600,0.00239091,0.00194,0.00239091,382.35679685,0.84704222,0.00221531,0.5754910800000007,0.6188933453846152,0.48653370852941213,0.002301713333333334,0.0020787215384615388,0.0020466367647058834
179,0.00216919,1554328800,0.00232701,0.00216422,0.0022702,171.14732226,0.39381024,0.002301,0.5759944033333341,0.6352297346153845,0.4889827755882358,0.0022629133333333337,0.0021000030769230773,0.0020518811764705896
180,0.002008,1554336000,0.00219455,0.00193701,0.00219238,348.37308655,0.70611451,0.00202689,0.6489889900000008,0.6872152361538462,0.5050154041176474,0.0021334866666666667,0.002105649230769231,0.002050369705882354
181,0.00205227,1554343200,0.00206047,0.00202665,0.00202665,19.40589752,0.03981454,0.00205167,0.37991309666666745,0.6745462792307693,0.43484041676470625,0.002076486666666667,0.002111863846153846,0.002051523529411766
182,0.00204467,1554350400,0.00204578,0.00194932,0.00204578,2.90878158,0.00581129,0.00199784,0.25058011333333413,0.6512242023076923,0.4289465138235298,0.0020349800000000005,0.0021153,0.00205110911764706
183,0.00199379,1554357600,0.002043,0.00199379,0.00202357,0.75663135,0.00154038,0.00203585,0.01572207000000077,0.6469884015384615,0.4233200776470592,0.002030243333333334,0.0021144253846153848,0.0020493841176470596
184,0.00201517,1554364800,0.00204296,0.00199206,0.00199206,5.15645199,0.01040844,0.00201852,0.0059200366666674374,0.6315969869230769,0.42137413264705925,0.0020178766666666677,0.0021180753846153848,0.002050520000000001
185,0.00201179,1554372000,0.00201184,0.00201179,0.00201184,1.4970673,0.00301183,0.00201182,0.004986883333334104,0.6299156876923077,0.4207010797058827,0.0020069166666666673,0.0021238276923076925,0.0020493573529411775
186,0.00204495,1554379200,0.00204498,0.00200699,0.00200737,88.80371973,0.18128136,0.00204137,0.0649005433333341,0.6330915369230768,0.4110532600000004,0.0020239700000000004,0.002126216153846154,0.002047372941176472
187,0.00204265,1554386400,0.00204497,0.001969,0.00204497,82.42455636,0.1636525,0.00198548,0.11598189666666743,0.4150448446153845,0.3867794341176474,0.0020331300000000006,0.002119166153846154,0.002045653529411766
188,0.00196888,1554393600,0.00204091,0.00196888,0.00198199,4.37295687,0.00863739,0.00197518,0.11785708333333411,0.2492735169230768,0.38419909852941214,0.0020188266666666677,0.002096653846153846,0.00204170911764706
189,0.0020202,1554400800,0.00204461,0.00198,0.00199669,66.99306622,0.13476937,0.00201169,0.10235308666666744,0.22946344769230753,0.3851464638235298,0.0020105766666666676,0.002076239230769231,0.0020376711764705895
190,0.00201161,1554408000,0.00206046,0.00201161,0.00204437,78.99860263,0.16203279,0.00205108,0.10181318333333411,0.20445591230769217,0.3893801008823533,0.002000230000000001,0.0020466492307692308,0.002035044411764707
191,0.00207948,1554415200,0.00207949,0.00202743,0.00205099,154.94085727,0.32100512,0.00207179,0.2059357600000008,0.16399151999999986,0.3876831179411768,0.0020370966666666676,0.002035588461538462,0.0020344211764705892
192,0.00198243,1554422400,0.00206343,0.00193701,0.00201636,56.6543383,0.11249543,0.00198564,0.19851111333333413,0.1423519192307691,0.359902250294118,0.0020245066666666673,0.002021222307692308,0.0020328491176470594
193,0.00203,1554429600,0.00203002,0.00199234,0.00199236,31.42343419,0.06270348,0.00199543,0.16540134333333412,0.09285876307692292,0.35590344382352973,0.0020306366666666673,0.002022914615384616,0.0020366726470588243
194,0.001966,1554436800,0.00203,0.00193701,0.00203,226.35488217,0.44113258,0.00194885,0.20544383000000077,0.12372938153846139,0.3529889176470591,0.0019928100000000007,0.0020162784615384618,0.0020353188235294126
195,0.00195962,1554444000,0.0020223,0.00193701,0.00196608,140.38140563,0.27329295,0.00194678,0.25904300333333413,0.1443048938461537,0.3591989923529415,0.0019852066666666674,0.002009736153846154,0.0020341332352941184
196,0.00193701,1554451200,0.00196136,0.001937,0.00193919,448.79985933,0.86977778,0.001938,0.5280677700000008,0.21109238615384604,0.37857368794117674,0.00195421,0.0020053684615384615,0.002032280000000001
197,0.001937,1554458400,0.002,0.001937,0.00196135,145.96158682,0.28657199,0.00196333,0.47654757333333403,0.23233573615384603,0.36378890676470615,0.0019445433333333333,0.001999355384615385,0.002032221176470589
198,0.00197625,1554465600,0.00197727,0.00197625,0.00197725,63.5941484,0.12569903,0.00197658,0.4273496000000008,0.24177321307692295,0.364792063529412,0.0019500866666666665,0.001996621538461539,0.0020347435294117656
199,0.00197381,1554472800,0.00198284,0.00194188,0.00195188,9.91689229,0.01937162,0.00195339,0.1438808800000008,0.22931861769230755,0.36378082676470613,0.0019623533333333327,0.0019911492307692308,0.002036710294117648
200,0.00195329,1554480000,0.0019644,0.00195084,0.0019644,9.80006124,0.01919675,0.00195883,0.0547558000000008,0.2182066369230768,0.359009049411765,0.0019677833333333335,0.001984275384615385,0.0020384973529411774
201,0.001941,1554487200,0.00195297,0.001941,0.00195261,6.20114698,0.01206498,0.0019456,0.016877783333334135,0.21847029769230752,0.35847263735294144,0.001956033333333333,0.0019821307692307697,0.0020386855882352953
202,0.001945,1554494400,0.001953,0.001945,0.00195292,10.64334628,0.02070674,0.00194551,0.017322823333334136,0.20969624923076907,0.3530666302941179,0.00194643,0.001976346153846154,0.0020379067647058836
203,0.001937,1554501600,0.00198882,0.001937,0.00195296,376.26707614,0.73164001,0.00194446,0.2548039100000008,0.25351218923076907,0.3654972691176473,0.001941,0.0019706069230769232,0.0020360538235294125
204,0.001937,1554508800,0.001937,0.001937,0.001937,32.78016989,0.06349518,0.001937,0.2719473100000008,0.23370373230769215,0.36569989823529436,0.0019396666666666666,0.0019596469230769233,0.002034049117647059
205,0.0019636,1554516000,0.0019636,0.00191838,0.001937,20.26150988,0.03900104,0.00192488,0.27804541000000077,0.22805031769230752,0.360655904411765,0.0019458666666666664,0.001958198461538462,0.002033927941176471
206,0.0019555,1554523200,0.00196166,0.0019555,0.00196166,1.03289038,0.00202583,0.00196132,0.03484068333333412,0.22338280615384598,0.3599840547058826,0.001952033333333333,0.0019524676923076923,0.0020344717647058823
207,0.0019555,1554530400,0.0019555,0.0019555,0.0019555,0.0,0.0,0.0019555,0.013675623333334122,0.18944953076923057,0.3558665452941178,0.0019582000000000002,0.00195166,0.002032754117647059
208,0.0019555,1554537600,0.0019555,0.0019555,0.0019555,0.0,0.0,0.0019555,0.0006752766666674551,0.16842699615384596,0.26768244235294136,0.0019555000000000006,0.001951343076923077,0.002027495294117647
209,0.00192914,1554544800,0.00193274,0.00192914,0.00193274,3.5793364,0.00691435,0.00193174,0.0023047833333341215,0.10205288615384597,0.20424861000000025,0.0019467133333333341,0.0019507376923076924,0.0020177188235294113
210,0.00193088,1554552000,0.00193111,0.00187922,0.00192805,120.77352773,0.22936791,0.00189915,0.07876075333333413,0.09765257230769211,0.19945648176470612,0.0019385066666666676,0.001950266923076923,0.0020072861764705878
211,0.00197277,1554559200,0.00197296,0.00189127,0.00189129,105.40250797,0.2062743,0.00195701,0.14751885333333412,0.1038506699999998,0.19119599794117667,0.0019442633333333341,0.0019499992307692308,0.0019948299999999995
212,0.00183668,1554566400,0.00193719,0.001804,0.00193719,456.46503476,0.82976191,0.00181779,0.4218013733333341,0.16618838461538443,0.190687753529412,0.0019134433333333342,0.0019394507692307693,0.001983459705882352
213,0.00188201,1554573600,0.00193619,0.00183715,0.00183715,81.32835606,0.15031786,0.00184828,0.3954513566666675,0.17627462384615367,0.18352621294117671,0.0018971533333333342,0.0019339676923076923,0.001975013235294117
214,0.00181988,1554580800,0.00188246,0.00181912,0.00188246,13.15483679,0.02442133,0.00185645,0.3348337000000008,0.17722511230769214,0.163476413529412,0.001846190000000001,0.0019246507692307693,0.001969480294117646
215,0.0018237,1554588000,0.00189097,0.00181852,0.00189097,124.12884561,0.22679995,0.00182713,0.1338463800000008,0.19307843615384598,0.16897598441176495,0.0018418633333333342,0.0019153200000000003,0.0019627576470588226
216,0.00184613,1554595200,0.00184851,0.00180001,0.00180401,294.82031353,0.53318199,0.00180849,0.26146775666666744,0.17781243461538446,0.18448688735294144,0.0018299033333333346,0.0019083300000000002,0.001956918235294117
217,0.00184316,1554602400,0.0018449,0.00184316,0.0018449,3.90322633,0.00719437,0.00184318,0.2557254366666674,0.17348160307692295,0.18465318117647087,0.0018376633333333345,0.0019011115384615386,0.00195248794117647
218,0.00185002,1554609600,0.00185266,0.0018479,0.0018479,116.42918151,0.21553855,0.00185124,0.25197163666666744,0.1870614115384614,0.19068641970588263,0.0018464366666666677,0.0018923746153846157,0.0019476305882352935
219,0.00185017,1554616800,0.00185929,0.00185017,0.00185831,7.01565016,0.01303549,0.00185805,0.07858947000000079,0.1879083084615383,0.19098123323529437,0.0018477833333333342,0.001884272307692308,0.0019428770588235287
220,0.00188215,1554624000,0.00188217,0.00185421,0.00185421,15.20505375,0.02854774,0.00187751,0.08570726000000078,0.19010428846153832,0.18648906794117673,0.001860780000000001,0.0018786300000000003,0.0019380888235294108
221,0.00188215,1554631200,0.00188215,0.00188215,0.00188215,0.0,0.0,0.00188215,0.013861076666667452,0.19010428846153832,0.1816757591176473,0.0018714900000000008,0.0018729876923076925,0.0019333682352941166
222,0.00185842,1554638400,0.00189701,0.00185842,0.00186411,7.06083904,0.01320809,0.00187061,0.013918610000000784,0.19058842230769216,0.1818101914705885,0.001874240000000001,0.0018675476923076925,0.0019301194117647047
223,0.00184816,1554645600,0.00185755,0.00184816,0.00185755,6.98684558,0.01297717,0.00185737,0.008728420000000783,0.1739429807692306,0.17822806794117674,0.0018629100000000008,0.0018611846153846158,0.0019250594117647046
224,0.00189903,1554652800,0.00189903,0.0018042,0.00185,43.2622591,0.08012811,0.00185214,0.03543779000000078,0.16423942769230754,0.17581910676470616,0.0018685366666666677,0.0018555123076923082,0.0019217482352941165
225,0.00187099,1554660000,0.001907,0.00183514,0.00189902,13.08205386,0.02473618,0.00189084,0.03928048666666745,0.10231437153846137,0.167105314411765,0.001872726666666668,0.001858151538461539,0.0019156161764705873
226,0.0019036,1554667200,0.001907,0.00184089,0.00187559,22.67049495,0.04223579,0.00186302,0.049033360000000775,0.09400036615384601,0.165038854411765,0.0018912066666666681,0.001859812307692308,0.0019132976470588228
227,0.00187542,1554674400,0.00187542,0.00187542,0.00187542,3.43076326,0.00643412,0.00187542,0.024468696666667438,0.09261673461538447,0.1633838732352944,0.001883336666666668,0.0018640846153846157,0.0019087511764705875
228,0.00189267,1554681600,0.00189267,0.00189267,0.00189267,2.13285557,0.00403679,0.00189267,0.017568900000000772,0.07548110692307677,0.15052811470588265,0.0018905633333333345,0.00186939,0.0019065944117647052
229,0.00183989,1554688800,0.0019698,0.00183958,0.00183958,25.39559977,0.0477445,0.00188003,0.01940513666666744,0.0381397615384614,0.14389433676470617,0.001869326666666668,0.00186891,0.00190307294117647
230,0.00185,1554696000,0.00192669,0.00185,0.00192669,11.36773114,0.0211569,0.00186113,0.02431273000000077,0.039213802307692176,0.11893489911764737,0.0018608533333333347,0.001869436153846154,0.0019005138235294113
231,0.00185943,1554703200,0.00191849,0.00185943,0.00191849,4.95111426,0.00935245,0.00188896,0.026084616666667438,0.02335333307692294,0.11078138323529442,0.0018497733333333348,0.00187016,0.001898232352941176
232,0.00185943,1554710400,0.00185943,0.00185943,0.00185943,1.0,0.00185943,0.00185943,0.010789593333334103,0.022493636153846017,0.10713904205882384,0.0018562866666666678,0.0018708723076923074,0.0018947964705882346
233,0.00183958,1554717600,0.00192096,0.00183958,0.00191153,27.86737176,0.05187711,0.00186157,0.021029663333334104,0.02428820307692294,0.10809508588235325,0.0018528133333333347,0.0018675976923076922,0.0018908485294117637
234,0.00190234,1554724800,0.00190234,0.00190234,0.00190234,1.3219816,0.00251485,0.00190234,0.018750463333334105,0.024481653076922943,0.1076044417647062,0.0018671166666666677,0.0018691507692307691,0.0018893499999999993
235,0.00189333,1554732000,0.00189333,0.00180144,0.00180144,3.46702548,0.00644245,0.0018582,0.02027813666666744,0.023961219230769097,0.10743907323529445,0.0018784166666666678,0.0018718361538461537,0.0018879479411764697
236,0.00189333,1554739200,0.00189333,0.00189333,0.00189333,0.0,0.0,0.00189333,0.0029857666666674395,0.02296297538461525,0.10683005147058855,0.0018963333333333343,0.0018753107692307688,0.0018864282352941168
237,0.00184754,1554746400,0.00184754,0.00180001,0.00180687,16.73657504,0.03015219,0.00180157,0.012198213333334105,0.019118673846153712,0.0861980567647062,0.0018780666666666677,0.0018713499999999995,0.0018837970588235285
238,0.00189723,1554753600,0.00190448,0.0018,0.00190448,20.85467744,0.03853243,0.00184766,0.022894873333334106,0.020179923846153712,0.08546385823529444,0.0018793666666666678,0.001873368461538461,0.0018826273529411758
239,0.00190083,1554760800,0.00190083,0.00189134,0.00189134,33.98521017,0.06438784,0.00189458,0.044357486666667445,0.021883927692307556,0.08621052882352974,0.001881866666666668,0.001873155384615384,0.001880781176470588
240,0.00188441,1554768000,0.00188441,0.00188441,0.00188441,1.0,0.00188441,0.00188441,0.03493489333333411,0.021533949999999864,0.08620636941176504,0.001894156666666668,0.0018738469230769226,0.0018786902941176468
241,0.00180888,1554775200,0.00180888,0.00180888,0.00180888,1.0,0.00180888,0.00180888,0.022693710000000783,0.021362572307692174,0.08625957176470622,0.0018647066666666679,0.001867401538461538,0.0018743779411764703
242,0.00181065,1554782400,0.00181065,0.00181065,0.00181065,0.57548227,0.00104199,0.00181065,0.0015784266666674512,0.017770071538461406,0.0862902185294121,0.0018346466666666677,0.0018651523076923073,0.001870117647058823
243,0.00180858,1554789600,0.00180858,0.00180858,0.00180858,0.37488939,0.00067801,0.00180858,0.0011762933333341178,0.016194772307692173,0.08610679676470621,0.0018093700000000011,0.0018619661538461533,0.0018665717647058822
244,0.00176441,1554796800,0.0018,0.00176088,0.0018,82.74175537,0.14775848,0.00178577,0.04982616000000078,0.026841389999999868,0.08370651941176503,0.001794546666666668,0.0018546569230769227,0.001861675588235294
245,0.00176441,1554804000,0.00176441,0.00176441,0.00176441,41.94834177,0.07401407,0.00176441,0.07415018666666745,0.03239174692307679,0.07981651264705915,0.0017791333333333347,0.0018473476923076921,0.0018555473529411762
246,0.0018,1554811200,0.0018,0.00172483,0.00175738,77.86929535,0.13587215,0.00174487,0.11921490000000079,0.03885290384615371,0.059407990294117974,0.0017762733333333348,0.0018443030769230767,0.0018544685294117644
247,0.0018,1554818400,0.0018,0.0018,0.0018,8.0,0.0144,0.0018,0.07476207333333414,0.03976714615384602,0.055410406176470924,0.0017881366666666681,0.0018364307692307691,0.0018520564705882348
248,0.0018072,1554825600,0.0018072,0.0018,0.0018,18.7352953,0.03373308,0.00180051,0.06133507666666747,0.041866425384615255,0.05568428117647092,0.0018024000000000015,0.0018298053846153846,0.0018516835294117642
249,0.00177727,1554832800,0.0017862,0.00177727,0.0017862,30.95944242,0.05527426,0.00178537,0.034469113333334134,0.046118291538461406,0.05063940794117681,0.0017948233333333348,0.0018208776923076923,0.00185031794117647
250,0.00177955,1554840000,0.00187043,0.00177955,0.00187043,6.94604865,0.01248279,0.0017971,0.033830043333334135,0.04475910692307679,0.03532472558823563,0.001788006666666668,0.0018156476923076924,0.0018483597058823525
