,close,date,high,low,open,quoteVolume,volume,weightedAverage,avg_vol_3,avg_vol_13,avg_vol_34,avg_close_3,avg_close_13,avg_close_34
0,1.209e-05,1553218424,1.209e-05,1.209e-05,1.209e-05,0.0,0.0,1.209e-05,-99999.0,-99999.0,-99999.0,-99999.0,-99999.0,-99999.0
1,1.224e-05,1553220000,1.225e-05,1.209e-05,1.21e-05,532491.17380878,6.48741167,1.218e-05,-99999.0,-99999.0,-99999.0,-99999.0,-99999.0,-99999.0
2,1.218e-05,1553227200,1.224e-05,1.214e-05,1.224e-05,68113.49182942,0.82954432,1.217e-05,2.43898533,-99999.0,-99999.0,1.217e-05,-99999.0,-99999.0
3,1.228e-05,1553234400,1.228e-05,1.218e-05,1.218e-05,11064.30622911,0.13585162,1.227e-05,2.4842692033333336,-99999.0,-99999.0,1.2233333333333332e-05,-99999.0,-99999.0
4,1.226e-05,1553241600,1.232e-05,1.222e-05,1.229e-05,33326.35891681,0.41008287,1.23e-05,0.45849293666666685,-99999.0,-99999.0,1.224e-05,-99999.0,-99999.0
5,1.225e-05,1553248800,1.231e-05,1.225e-05,1.226e-05,10189.71422831,0.12495915,1.226e-05,0.22363121333333355,-99999.0,-99999.0,1.2263333333333333e-05,-99999.0,-99999.0
6,1.234e-05,1553256000,1.235e-05,1.228e-05,1.228e-05,11406.56184112,0.14062145,1.232e-05,0.22522115666666687,-99999.0,-99999.0,1.2283333333333333e-05,-99999.0,-99999.0
7,1.234e-05,1553263200,1.249e-05,1.231e-05,1.236e-05,78410.57961795,0.97617818,1.244e-05,0.4139195933333335,-99999.0,-99999.0,1.231e-05,-99999.0,-99999.0
8,1.24e-05,1553270400,1.244e-05,1.237e-05,1.237e-05,12165.33979498,0.15111664,1.242e-05,0.4226387566666668,-99999.0,-99999.0,1.2360000000000002e-05,-99999.0,-99999.0
9,1.245e-05,1553277600,1.253e-05,1.24e-05,1.24e-05,55515.08572584,0.69463662,1.251e-05,0.6073104800000001,-99999.0,-99999.0,1.2396666666666668e-05,-99999.0,-99999.0
10,1.237e-05,1553284800,1.245e-05,1.235e-05,1.244e-05,22075.65969076,0.27327844,1.237e-05,0.3730105666666668,-99999.0,-99999.0,1.2406666666666666e-05,-99999.0,-99999.0
11,1.244e-05,1553292000,1.251e-05,1.237e-05,1.244e-05,2729.81211333,0.03398111,1.244e-05,0.3339653900000002,-99999.0,-99999.0,1.2419999999999998e-05,-99999.0,-99999.0
12,1.235e-05,1553299200,1.244e-05,1.235e-05,1.244e-05,55964.06871896,0.69198858,1.236e-05,0.33308271000000017,0.8422808192307693,-99999.0,1.2386666666666666e-05,1.2306923076923079e-05,-99999.0
13,1.25e-05,1553306400,1.254e-05,1.234e-05,1.244e-05,49007.89944694,0.61217948,1.249e-05,0.4460497233333334,0.8893715484615385,-99999.0,1.243e-05,1.233846153846154e-05,-99999.0
14,1.262e-05,1553313600,1.268e-05,1.25e-05,1.25e-05,76406.65881148,0.96013831,1.256e-05,0.7547687900000001,0.4641966746153846,-99999.0,1.2489999999999997e-05,1.236769230769231e-05,-99999.0
15,1.256e-05,1553320800,1.269e-05,1.253e-05,1.261e-05,49507.74447854,0.62467548,1.261e-05,0.7323310900000002,0.448437533076923,-99999.0,1.2559999999999997e-05,1.2396923076923078e-05,-99999.0
16,1.259e-05,1553328000,1.259e-05,1.253e-05,1.256e-05,21480.01510957,0.26920066,1.253e-05,0.6180048166666668,0.45869515153846147,-99999.0,1.2589999999999998e-05,1.2420769230769232e-05,-99999.0
17,1.254e-05,1553335200,1.259e-05,1.254e-05,1.256e-05,591.81682606,0.00743554,1.256e-05,0.30043722666666683,0.42772227999999995,-99999.0,1.256333333333333e-05,1.2442307692307694e-05,-99999.0
18,1.254e-05,1553342400,1.259e-05,1.247e-05,1.255e-05,46590.08678653,0.58255251,1.25e-05,0.28639623666666686,0.4629217692307692,-99999.0,1.2556666666666663e-05,1.2464615384615388e-05,-99999.0
19,1.259e-05,1553349600,1.259e-05,1.249e-05,1.254e-05,24802.4751013,0.31196296,1.257e-05,0.3006503366666668,0.47610188538461534,-99999.0,1.2556666666666663e-05,1.2483846153846157e-05,-99999.0
20,1.263e-05,1553356800,1.284e-05,1.259e-05,1.259e-05,380557.38157084,4.8351087,1.27e-05,1.9098747233333333,0.7729426946153846,-99999.0,1.2586666666666664e-05,1.250615384615385e-05,-99999.0
21,1.277e-05,1553364000,1.277e-05,1.267e-05,1.27e-05,2645.84033824,0.03362428,1.27e-05,1.7268986466666665,0.7639048207692307,-99999.0,1.2663333333333331e-05,1.2534615384615387e-05,-99999.0
22,1.272e-05,1553371200,1.273e-05,1.26e-05,1.268e-05,9214.05349522,0.11687815,1.268e-05,1.6618703766666665,0.7194618615384615,-99999.0,1.2706666666666665e-05,1.2555384615384618e-05,-99999.0
23,1.276e-05,1553378400,1.278e-05,1.267e-05,1.269e-05,18558.94620405,0.23587926,1.27e-05,0.1287938966666665,0.7165850015384615,-99999.0,1.2749999999999998e-05,1.2585384615384618e-05,-99999.0
24,1.278e-05,1553385600,1.283e-05,1.276e-05,1.276e-05,23507.06352469,0.30039482,1.277e-05,0.2177174099999998,0.7370783638461538,-99999.0,1.275333333333333e-05,1.2611538461538463e-05,-99999.0
25,1.275e-05,1553392800,1.284e-05,1.266e-05,1.28e-05,183353.51559268,2.33045359,1.271e-05,0.9555758899999999,0.8631141338461538,-99999.0,1.2763333333333329e-05,1.2642307692307695e-05,-99999.0
26,1.283e-05,1553400000,1.283e-05,1.275e-05,1.279e-05,12127.4598338,0.15554503,1.282e-05,0.9287978133333331,0.8279884069230768,-99999.0,1.2786666666666662e-05,1.266769230769231e-05,-99999.0
27,1.287e-05,1553407200,1.3e-05,1.279e-05,1.279e-05,142354.46593182,1.83702857,1.29e-05,1.4410090633333332,0.8954415038461538,-99999.0,1.2816666666666662e-05,1.268692307692308e-05,-99999.0
28,1.283e-05,1553414400,1.29e-05,1.283e-05,1.287e-05,23179.56189734,0.29808393,1.285e-05,0.7635525099999998,0.8703190769230769,-99999.0,1.2843333333333328e-05,1.270769230769231e-05,-99999.0
29,1.287e-05,1553421600,1.287e-05,1.272e-05,1.282e-05,57744.74777933,0.7362125,1.274e-05,0.9571083333333332,0.9062430646153847,-99999.0,1.2856666666666663e-05,1.2729230769230771e-05,-99999.0
30,1.279e-05,1553428800,1.289e-05,1.279e-05,1.287e-05,18996.80212984,0.24465889,1.287e-05,0.42631843999999997,0.9244910146153847,-99999.0,1.2829999999999997e-05,1.2748461538461538e-05,-99999.0
31,1.276e-05,1553436000,1.286e-05,1.274e-05,1.286e-05,16671.05090554,0.21357383,1.281e-05,0.3981484066666667,0.8961080392307694,-99999.0,1.2806666666666662e-05,1.2765384615384614e-05,-99999.0
32,1.277e-05,1553443200,1.279e-05,1.272e-05,1.276e-05,13709.75778335,0.17488418,1.275e-05,0.21103896666666666,0.8855635176923078,-99999.0,1.2773333333333328e-05,1.277923076923077e-05,-99999.0
33,1.281e-05,1553450400,1.281e-05,1.272e-05,1.278e-05,30520.73674671,0.39012661,1.278e-05,0.25952820666666665,0.5436418184615385,0.771183762647059,1.2779999999999996e-05,1.2793076923076925e-05,1.2555000000000003e-05
34,1.272e-05,1553457600,1.273e-05,1.272e-05,1.273e-05,2281.78451125,0.02902566,1.272e-05,0.19801214999999997,0.5432880784615385,0.7720374585294119,1.2766666666666662e-05,1.278923076923077e-05,1.257352941176471e-05
35,1.272e-05,1553464800,1.273e-05,1.27e-05,1.273e-05,6748.35951575,0.0858142,1.271e-05,0.1683221566666666,0.5408985438461539,0.5837551800000002,1.2749999999999997e-05,1.278923076923077e-05,1.2587647058823534e-05
36,1.274e-05,1553472000,1.283e-05,1.273e-05,1.273e-05,12371.17016049,0.15775877,1.275e-05,0.09086620999999996,0.5348892753846154,0.5639967814705884,1.2726666666666661e-05,1.2787692307692309e-05,1.260411764705883e-05
37,1.281e-05,1553479200,1.284e-05,1.276e-05,1.281e-05,13185.76529266,0.16878784,1.28e-05,0.13745360333333329,0.5247656615384616,0.5649654938235296,1.2756666666666661e-05,1.2790000000000001e-05,1.2619705882352946e-05
38,1.272e-05,1553486400,1.281e-05,1.272e-05,1.281e-05,28558.83257097,0.36565804,1.28e-05,0.23073488333333328,0.37362754230769235,0.5636588811764708,1.2756666666666661e-05,1.2787692307692309e-05,1.2633235294117653e-05
39,1.267e-05,1553493600,1.276e-05,1.267e-05,1.276e-05,3157.93379872,0.04005362,1.268e-05,0.1914998333333333,0.36474358769230775,0.5611616597058825,1.2733333333333327e-05,1.2775384615384616e-05,1.2645588235294123e-05
40,1.275e-05,1553500800,1.278e-05,1.262e-05,1.266e-05,28257.54293677,0.35845155,1.268e-05,0.25472107,0.2510068938461539,0.5675684273529413,1.2713333333333326e-05,1.2766153846153847e-05,1.2657647058823535e-05
41,1.27e-05,1553508000,1.277e-05,1.269e-05,1.269e-05,19081.67657326,0.24320632,1.274e-05,0.21390383000000002,0.24678553923076926,0.5460104314705884,1.270666666666666e-05,1.2756153846153849e-05,1.2668235294117652e-05
42,1.259e-05,1553515200,1.273e-05,1.259e-05,1.273e-05,48152.15245383,0.60958196,1.265e-05,0.40374661,0.23704472846153848,0.5594947055882353,1.2679999999999994e-05,1.2734615384615387e-05,1.267382352941177e-05
43,1.254e-05,1553522400,1.262e-05,1.254e-05,1.259e-05,94330.13123966,1.18757865,1.258e-05,0.6801223100000001,0.3095770176923077,0.5739930005882353,1.2609999999999994e-05,1.271538461538462e-05,1.2676470588235299e-05
44,1.254e-05,1553529600,1.255e-05,1.251e-05,1.254e-05,14062.17155452,0.17632944,1.253e-05,0.6578300166666667,0.30671206461538464,0.5711415594117648,1.2556666666666661e-05,1.2698461538461544e-05,1.26814705882353e-05
45,1.251e-05,1553536800,1.251e-05,1.251e-05,1.251e-05,3954.12826186,0.04946614,1.251e-05,0.4711247433333334,0.2970645230769231,0.5715970014705883,1.2529999999999995e-05,1.2678461538461544e-05,1.2683529411764712e-05
46,1.251e-05,1553544000,1.251e-05,1.251e-05,1.251e-05,0.0,0.0,1.251e-05,0.07526519333333333,0.2670547838461539,0.5512443961764707,1.2519999999999995e-05,1.265538461538462e-05,1.2688235294117655e-05
47,1.253e-05,1553551200,1.258e-05,1.251e-05,1.251e-05,24310.38165044,0.30479642,1.253e-05,0.11808751999999999,0.28826791923076933,0.5422037179411765,1.2516666666666663e-05,1.2640769230769235e-05,1.2689117647058831e-05
48,1.262e-05,1553558400,1.263e-05,1.253e-05,1.258e-05,3622.23249891,0.04558946,1.258e-05,0.11679529333333333,0.28517370846153856,0.5153052223529412,1.2553333333333329e-05,1.2633076923076926e-05,1.2689117647058831e-05
49,1.263e-05,1553565600,1.263e-05,1.261e-05,1.261e-05,1402.84899714,0.01769942,1.261e-05,0.1226951,0.2743999123076924,0.49745298529411763,1.2593333333333329e-05,1.2624615384615388e-05,1.2691176470588243e-05
50,1.261e-05,1553572800,1.263e-05,1.261e-05,1.263e-05,4329.437087,0.05464689,1.262e-05,0.03931192333333333,0.2656198392307693,0.49114258029411767,1.2619999999999993e-05,1.2609230769230772e-05,1.2691764705882361e-05
51,1.261e-05,1553580000,1.263e-05,1.256e-05,1.261e-05,93763.04334761,1.1792406,1.257e-05,0.41719563666666665,0.3282031130769231,0.5256074350000001,1.2616666666666662e-05,1.2600769230769234e-05,1.2693823529411772e-05
52,1.258e-05,1553587200,1.265e-05,1.253e-05,1.261e-05,73081.48803925,0.91976177,1.258e-05,0.7178830866666667,0.3958729707692308,0.5355253544117647,1.2599999999999995e-05,1.2593846153846158e-05,1.2695000000000006e-05
53,1.256e-05,1553594400,1.265e-05,1.252e-05,1.258e-05,68842.26755329,0.86345484,1.254e-05,0.9874857366666667,0.43471937769230773,0.5517457038235295,1.2583333333333327e-05,1.257923076923077e-05,1.269411764705883e-05
54,1.235e-05,1553601600,1.257e-05,1.228e-05,1.257e-05,155814.87604302,1.93321637,1.24e-05,1.2388109933333336,0.5647201507692309,0.46639592941176483,1.249666666666666e-05,1.2552307692307694e-05,1.2685882352941183e-05
55,1.242e-05,1553608800,1.244e-05,1.229e-05,1.234e-05,64619.92500427,0.7991716,1.236e-05,1.1986142700000002,0.5793039692307693,0.48891202705882364,1.2443333333333328e-05,1.253923076923077e-05,1.2675588235294125e-05
56,1.242e-05,1553616000,1.245e-05,1.232e-05,1.234e-05,29547.88325933,0.36487146,1.234e-05,1.0324198100000002,0.5160188007692309,0.4962059479411765,1.2396666666666661e-05,1.2529999999999999e-05,1.266676470588236e-05
57,1.241e-05,1553623200,1.244e-05,1.233e-05,1.243e-05,12360.83263336,0.15354795,1.242e-05,0.43919700333333345,0.5142663784615386,0.49378443882352946,1.2416666666666659e-05,1.2519999999999997e-05,1.2656470588235303e-05
58,1.241e-05,1553630400,1.244e-05,1.233e-05,1.237e-05,4572.75186104,0.05663352,1.238e-05,0.19168431000000016,0.5148177153846155,0.4866149888235294,1.2413333333333325e-05,1.251230769230769e-05,1.2645588235294128e-05
59,1.244e-05,1553637600,1.244e-05,1.237e-05,1.243e-05,47430.9002851,0.58889303,1.241e-05,0.2663581666666668,0.5601171792307694,0.4353926194117647,1.2419999999999991e-05,1.2506923076923075e-05,1.2636470588235305e-05
60,1.253e-05,1553644800,1.253e-05,1.236e-05,1.244e-05,4555.85899708,0.05682068,1.247e-05,0.23411574333333343,0.5410421223076926,0.4324889620588235,1.245999999999999e-05,1.2506923076923075e-05,1.2627647058823539e-05
61,1.249e-05,1553652000,1.251e-05,1.246e-05,1.251e-05,208583.51604116,2.60510867,1.248e-05,1.08360746,0.7379282153846156,0.45507955323529403,1.2486666666666657e-05,1.2496923076923075e-05,1.2616470588235303e-05
62,1.247e-05,1553659200,1.273e-05,1.208e-05,1.249e-05,1802757.8628981,22.37235546,1.241e-05,8.344761603333334,2.457517141538462,1.1043228335294117,1.2496666666666657e-05,1.2484615384615384e-05,1.2605882352941185e-05
63,1.241e-05,1553666400,1.25e-05,1.213e-05,1.25e-05,1277400.5408171,15.72579812,1.231e-05,13.567754083333332,3.6629903130769232,1.5451929988235293,1.2456666666666654e-05,1.2469230769230768e-05,1.2592352941176479e-05
64,1.247e-05,1553673600,1.251e-05,1.239e-05,1.239e-05,175091.79153844,2.18136422,1.245e-05,13.426505933333331,3.7400767453846155,1.6021549202941177,1.2449999999999986e-05,1.2458461538461536e-05,1.2582941176470597e-05
65,1.26e-05,1553680800,1.26e-05,1.247e-05,1.249e-05,77094.00005632,0.96829939,1.255e-05,6.291820576666663,3.7438104084615387,1.6243527308823529,1.249333333333332e-05,1.246e-05,1.2578235294117656e-05
66,1.263e-05,1553688000,1.263e-05,1.257e-05,1.26e-05,35866.72038185,0.45205403,1.26e-05,1.2005725466666632,3.712164192307692,1.6325047852941177,1.2566666666666654e-05,1.2465384615384614e-05,1.2574117647058833e-05
67,1.257e-05,1553695200,1.264e-05,1.248e-05,1.263e-05,176177.16236597,2.20797663,1.253e-05,1.2094433499999966,3.733299596923077,1.685970962352941,1.2599999999999988e-05,1.248230769230769e-05,1.2567058823529422e-05
68,1.257e-05,1553702400,1.257e-05,1.256e-05,1.257e-05,24785.29893226,0.31154316,1.256e-05,0.9905246066666633,3.6957897169230765,1.694280300588235,1.2589999999999988e-05,1.2493846153846152e-05,1.2562647058823537e-05
69,1.261e-05,1553709600,1.262e-05,1.253e-05,1.257e-05,163935.92601684,2.06659673,1.26e-05,1.528705506666663,3.8266916607692303,1.7525386102941174,1.258333333333332e-05,1.2508461538461537e-05,1.255941176470589e-05
70,1.258e-05,1553716800,1.258e-05,1.251e-05,1.256e-05,1706.35841989,0.02141042,1.254e-05,0.7998501033333296,3.816527235384615,1.748528364705882,1.2586666666666654e-05,1.252153846153846e-05,1.255470588235295e-05
71,1.257e-05,1553724000,1.261e-05,1.256e-05,1.258e-05,1010.10298856,0.01270784,1.258e-05,0.7002383299999964,3.813148336923077,1.743937776470588,1.2586666666666654e-05,1.2533846153846153e-05,1.2547647058823538e-05
72,1.264e-05,1553731200,1.267e-05,1.257e-05,1.257e-05,92027.74219995,1.1606893,1.261e-05,0.398269186666663,3.8571326653846154,1.7673210488235291,1.2596666666666654e-05,1.2549230769230766e-05,1.2545294117647068e-05
73,1.259e-05,1553738400,1.269e-05,1.254e-05,1.264e-05,75763.09299303,0.95620282,1.262e-05,0.7098666533333297,3.926315906923077,1.7942666135294114,1.2599999999999988e-05,1.2553846153846153e-05,1.2542941176470597e-05
74,1.259e-05,1553745600,1.262e-05,1.255e-05,1.255e-05,2043.8145986,0.02571795,1.258e-05,0.7142033566666631,3.727901236153846,1.7844803311764703,1.2606666666666654e-05,1.256153846153846e-05,1.2538235294117655e-05
75,1.26e-05,1553752800,1.26e-05,1.254e-05,1.256e-05,4372.35055112,0.05497563,1.257e-05,0.3456321333333297,2.011179710769231,1.7789441344117645,1.259333333333332e-05,1.2571538461538462e-05,1.2535294117647068e-05
76,1.258e-05,1553760000,1.261e-05,1.252e-05,1.255e-05,15938.39998876,0.20019412,1.256e-05,0.09362923333332969,0.8169024799999998,1.7669033155882352,1.2589999999999986e-05,1.2584615384615383e-05,1.2535000000000008e-05
77,1.257e-05,1553767200,1.266e-05,1.25e-05,1.256e-05,19298.51863034,0.24247712,1.256e-05,0.16588228999999635,0.6677573184615384,1.7391062117647056,1.2583333333333318e-05,1.2592307692307692e-05,1.2535882352941184e-05
78,1.274e-05,1553774400,1.281e-05,1.259e-05,1.259e-05,167397.43841895,2.13228945,1.273e-05,0.8583202299999964,0.7572950153846153,1.796634447352941,1.2629999999999986e-05,1.2603076923076922e-05,1.2541764705882361e-05
79,1.274e-05,1553781600,1.281e-05,1.272e-05,1.272e-05,37991.90429715,0.48554799,1.278e-05,0.9534381866666631,0.7598714738461538,1.8094603841176469,1.268333333333332e-05,1.261153846153846e-05,1.2548529411764714e-05
80,1.278e-05,1553788800,1.278e-05,1.274e-05,1.278e-05,3880.71743035,0.04952453,1.276e-05,0.8891206566666631,0.5938366969230768,1.8109169879411762,1.275333333333332e-05,1.2627692307692305e-05,1.2556470588235304e-05
81,1.276e-05,1553796000,1.278e-05,1.274e-05,1.278e-05,18262.36304862,0.23297599,1.275e-05,0.2560161699999964,0.5877930684615383,1.8088046223529408,1.2759999999999988e-05,1.264230769230769e-05,1.2563235294117657e-05
82,1.278e-05,1553803200,1.278e-05,1.274e-05,1.274e-05,5623.92385983,0.07178665,1.276e-05,0.11809572333332972,0.4343461392307691,1.809575127941176,1.277333333333332e-05,1.2655384615384614e-05,1.2567941176470598e-05
83,1.284e-05,1553810400,1.284e-05,1.273e-05,1.274e-05,42212.00495248,0.54077588,1.281e-05,0.28184617333332973,0.4742973284615383,1.824959729705882,1.2793333333333318e-05,1.2675384615384614e-05,1.2574117647058833e-05
84,1.313e-05,1553817600,1.313e-05,1.283e-05,1.283e-05,208080.69119747,2.70315387,1.299e-05,1.1052387999999964,0.6812547153846154,1.902856993823529,1.2916666666666651e-05,1.2718461538461537e-05,1.2589411764705892e-05
85,1.324e-05,1553824800,1.338e-05,1.306e-05,1.308e-05,507950.8246583,6.73961637,1.326e-05,3.327848706666663,1.1104029515384615,2.0663974576470587,1.3069999999999987e-05,1.2764615384615385e-05,1.2607941176470597e-05
86,1.33e-05,1553832000,1.343e-05,1.324e-05,1.327e-05,185990.88718924,2.48663149,1.336e-05,3.97646724333333,1.2281282338461539,2.1124818611764704,1.3223333333333319e-05,1.281923076923077e-05,1.2629117647058833e-05
87,1.332e-05,1553839200,1.336e-05,1.318e-05,1.33e-05,15104.0769773,0.2007797,1.329e-05,3.1423425199999966,1.2415945223076923,2.0929914158823526,1.3286666666666654e-05,1.2875384615384617e-05,1.2651470588235302e-05
88,1.363e-05,1553846400,1.387e-05,1.336e-05,1.336e-05,565775.2055776,7.7148993,1.363e-05,3.467436829999997,1.8308194199999999,2.263040913823529,1.3416666666666655e-05,1.2954615384615385e-05,1.2689117647058831e-05
89,1.324e-05,1553853600,1.357e-05,1.316e-05,1.357e-05,238703.04088973,3.19362829,1.337e-05,3.7031024299999964,2.061083586923077,2.3334661105882355,1.3396666666666655e-05,1.3005384615384615e-05,1.2713235294117654e-05
90,1.321e-05,1553860800,1.333e-05,1.31e-05,1.324e-05,73179.28801647,0.96411055,1.317e-05,3.9575460466666637,2.1165938507692306,2.351090789705882,1.3359999999999989e-05,1.3054615384615384e-05,1.27364705882353e-05
91,1.329e-05,1553868000,1.34e-05,1.318e-05,1.321e-05,295662.58718773,3.9549243,1.337e-05,2.704221046666664,2.2567965315384617,2.462895976470588,1.3246666666666656e-05,1.3096923076923078e-05,1.2762352941176475e-05
92,1.355e-05,1553875200,1.368e-05,1.329e-05,1.329e-05,108849.98493296,1.47204751,1.352e-05,2.130360786666664,2.33268111,2.504525799705882,1.334999999999999e-05,1.3159230769230772e-05,1.279588235294118e-05
93,1.355e-05,1553882400,1.361e-05,1.342e-05,1.355e-05,62861.83177274,0.85344429,1.357e-05,2.0934720333333305,2.3945210915384614,2.512306719117647,1.3463333333333324e-05,1.321846153846154e-05,1.2828529411764708e-05
94,1.346e-05,1553889600,1.351e-05,1.338e-05,1.351e-05,9289.39991206,0.12496364,1.345e-05,0.816818479999997,2.386212449230769,2.5143109238235293,1.3519999999999987e-05,1.3272307692307694e-05,1.285588235294118e-05
95,1.363e-05,1553896800,1.37e-05,1.346e-05,1.346e-05,142373.36363676,1.93467414,1.358e-05,0.9710273566666637,2.529511486923077,2.49459226117647,1.3546666666666655e-05,1.3337692307692308e-05,1.2889411764705886e-05
96,1.342e-05,1553904000,1.369e-05,1.337e-05,1.365e-05,50834.12221663,0.68668965,1.35e-05,0.9154424766666637,2.5407356230769227,1.8567785608823526,1.3503333333333322e-05,1.3382307692307693e-05,1.2917352941176473e-05
97,1.332e-05,1553911200,1.358e-05,1.321e-05,1.348e-05,219866.21452225,2.93480576,1.334e-05,1.852056516666664,2.5585549992307692,1.4805729032352937,1.3456666666666656e-05,1.3396923076923077e-05,1.2944117647058826e-05
98,1.321e-05,1553918400,1.332e-05,1.316e-05,1.332e-05,9753.95129873,0.12886923,1.321e-05,1.250121546666664,2.0500359884615382,1.4202054035294114,1.3316666666666655e-05,1.3394615384615384e-05,1.2965882352941178e-05
99,1.325e-05,1553925600,1.334e-05,1.321e-05,1.321e-05,51165.8124348,0.68134728,1.331e-05,1.248340756666664,1.9111679723076922,1.4117656355882349,1.3259999999999987e-05,1.339076923076923e-05,1.2985000000000004e-05
100,1.329e-05,1553932800,1.332e-05,1.316e-05,1.332e-05,74665.19659802,0.98730277,1.322e-05,0.5991730933333307,1.9716697469230766,1.4275082455882349,1.3249999999999988e-05,1.3388461538461539e-05,1.3004411764705885e-05
101,1.32e-05,1553940000,1.327e-05,1.316e-05,1.322e-05,258185.67717363,3.40456156,1.318e-05,1.6910705366666638,1.6401053053846153,1.4627019199999995,1.3246666666666656e-05,1.3355384615384615e-05,1.3022941176470591e-05
102,1.308e-05,1553947200,1.326e-05,1.305e-05,1.326e-05,53748.44999403,0.70581643,1.313e-05,1.6992269199999972,1.448735162307692,1.4742981926470584,1.3189999999999992e-05,1.3343076923076925e-05,1.3037941176470592e-05
103,1.307e-05,1553954400,1.311e-05,1.307e-05,1.308e-05,9043.3475639,0.11834969,1.308e-05,1.4095758933333302,1.3836766346153841,1.4169968091176468,1.311666666666666e-05,1.3332307692307694e-05,1.3051470588235298e-05
104,1.307e-05,1553961600,1.307e-05,1.304e-05,1.307e-05,62796.70151573,0.81905297,1.304e-05,0.5477396966666638,1.1424557630769228,1.4404568841176466,1.3073333333333327e-05,1.3315384615384618e-05,1.306588235294118e-05
105,1.304e-05,1553968800,1.31e-05,1.304e-05,1.305e-05,30192.15212769,0.39381811,1.304e-05,0.4437402566666638,1.0595150399999997,1.451666009705882,1.3059999999999992e-05,1.3276153846153849e-05,1.3079705882352947e-05
106,1.309e-05,1553976000,1.31e-05,1.304e-05,1.304e-05,17192.00924171,0.22434922,1.304e-05,0.4790734333333304,1.0111231115384613,1.424126595588235,1.3066666666666656e-05,1.3240769230769233e-05,1.3092941176470594e-05
107,1.311e-05,1553983200,1.311e-05,1.304e-05,1.308e-05,7804.39159984,0.10211124,1.308e-05,0.24009285666666372,1.0093652346153843,1.3990062549999995,1.307999999999999e-05,1.3213846153846155e-05,1.3108235294117652e-05
108,1.313e-05,1553990400,1.313e-05,1.305e-05,1.308e-05,3102.12541327,0.04061853,1.309e-05,0.12235966333333041,0.8636686492307688,1.399444507352941,1.3109999999999988e-05,1.3175384615384617e-05,1.3124117647058828e-05
109,1.311e-05,1553997600,1.316e-05,1.302e-05,1.312e-05,66177.982542,0.86361322,1.304e-05,0.33544766333333037,0.8772781546153842,1.4232279658823526,1.3116666666666656e-05,1.3151538461538463e-05,1.3139117647058828e-05
110,1.302e-05,1554004800,1.317e-05,1.302e-05,1.311e-05,14229.50468759,0.18598108,1.307e-05,0.3634042766666637,0.6658301023076919,1.422809935294117,1.3086666666666656e-05,1.3128461538461541e-05,1.3152058823529417e-05
111,1.305e-05,1554012000,1.308e-05,1.302e-05,1.308e-05,11907.55310189,0.15536131,1.304e-05,0.4016518699999971,0.6678679546153842,1.420247705588235,1.3059999999999988e-05,1.311615384615385e-05,1.316617647058824e-05
112,1.318e-05,1554019200,1.324e-05,1.302e-05,1.307e-05,92693.68474178,1.21335138,1.308e-05,0.5182312566666637,0.7087913469230765,1.3932201152941173,1.3083333333333322e-05,1.3110769230769236e-05,1.3179117647058828e-05
113,1.321e-05,1554026400,1.321e-05,1.301e-05,1.318e-05,49597.11307695,0.64941781,1.309e-05,0.6727101666666638,0.6828001961538457,1.3980398158823526,1.3146666666666655e-05,1.3104615384615389e-05,1.3192941176470593e-05
114,1.321e-05,1554033600,1.325e-05,1.315e-05,1.319e-05,14179.47545244,0.18734774,1.321e-05,0.6833723099999971,0.4353222099999996,1.402093439705882,1.3199999999999989e-05,1.3105384615384618e-05,1.3205588235294121e-05
115,1.328e-05,1554040800,1.329e-05,1.32e-05,1.321e-05,15668.80862266,0.20783903,1.326e-05,0.3482015266666638,0.3970162561538458,1.401354117352941,1.3233333333333322e-05,1.3120769230769234e-05,1.322088235294118e-05
116,1.329e-05,1554048000,1.339e-05,1.325e-05,1.328e-05,147745.54772122,1.96681877,1.331e-05,0.7873351799999971,0.5392061853846151,1.4570903561764705,1.3259999999999987e-05,1.313769230769231e-05,1.323588235294118e-05
117,1.359e-05,1554055200,1.361e-05,1.334e-05,1.335e-05,142644.01933763,1.92699961,1.35e-05,1.367219136666664,0.6244328499999997,1.4978616423529412,1.3386666666666651e-05,1.317769230769231e-05,1.3257941176470593e-05
118,1.359e-05,1554062400,1.359e-05,1.349e-05,1.35e-05,53222.5832877,0.72137737,1.355e-05,1.5383985833333307,0.6496297161538459,1.439574098235294,1.3489999999999983e-05,1.3220000000000004e-05,1.32714705882353e-05
119,1.358e-05,1554069600,1.359e-05,1.351e-05,1.359e-05,38362.96902687,0.52073778,1.357e-05,1.056371586666664,0.6724288361538459,1.2566659044117645,1.3586666666666651e-05,1.325769230769231e-05,1.3281470588235301e-05
120,1.346e-05,1554076800,1.356e-05,1.34e-05,1.356e-05,56656.31972899,0.76407601,1.348e-05,0.6687303866666641,0.7233492030769229,1.2060025079411762,1.3543333333333318e-05,1.3284615384615389e-05,1.3286176470588242e-05
121,1.341e-05,1554084000,1.352e-05,1.338e-05,1.346e-05,118548.12732786,1.58919917,1.34e-05,0.9580043199999975,0.8424707907692306,1.2468383747058822,1.3483333333333318e-05,1.3306153846153849e-05,1.3288823529411772e-05
122,1.362e-05,1554091200,1.386e-05,1.34e-05,1.349e-05,1244745.6359332,16.9547797,1.362e-05,6.43601829333333,2.0802528276923073,1.5185995629411764,1.349666666666665e-05,1.3345384615384619e-05,1.3288529411764712e-05
123,1.357e-05,1554098400,1.362e-05,1.356e-05,1.359e-05,54134.6449912,0.73589827,1.359e-05,6.42662571333333,2.1225541499999996,1.446313385882353,1.353333333333332e-05,1.338769230769231e-05,1.3298235294117656e-05
124,1.347e-05,1554105600,1.357e-05,1.347e-05,1.355e-05,156004.34181624,2.112429,1.354e-05,6.601035656666663,2.273097818461538,1.4800874579411762,1.3553333333333318e-05,1.3420000000000002e-05,1.3305882352941185e-05
125,1.353e-05,1554112800,1.353e-05,1.346e-05,1.35e-05,45256.75470995,0.61064121,1.349e-05,1.1529894933333296,2.2267354976923075,1.381726190588235,1.3523333333333318e-05,1.3446923076923078e-05,1.3312941176470597e-05
126,1.346e-05,1554120000,1.352e-05,1.341e-05,1.352e-05,114510.71969299,1.54092473,1.345e-05,1.421331646666663,2.2953129530769227,1.3837519911764702,1.3486666666666652e-05,1.3466153846153847e-05,1.331029411764707e-05
127,1.333e-05,1554127200,1.353e-05,1.333e-05,1.345e-05,102502.77728111,1.37974337,1.346e-05,1.1771031033333297,2.387035693846154,1.3992313758823527,1.3439999999999987e-05,1.3475384615384618e-05,1.3303823529411775e-05
128,1.354e-05,1554134400,1.355e-05,1.333e-05,1.333e-05,55039.62354459,0.74076803,1.345e-05,1.2204787099999965,2.4280302323076923,1.417343269705882,1.344333333333332e-05,1.349538461538462e-05,1.3306176470588245e-05
129,1.349e-05,1554141600,1.354e-05,1.349e-05,1.354e-05,113882.02455668,1.54111004,1.353e-05,1.2205404799999964,2.395283406923077,1.4057678549999997,1.345333333333332e-05,1.3510769230769234e-05,1.3302058823529422e-05
130,1.355e-05,1554148800,1.356e-05,1.349e-05,1.35e-05,11020.10918498,0.14900628,1.352e-05,0.8102947833333297,2.2585146892307693,1.389953638235294,1.3526666666666655e-05,1.350769230769231e-05,1.3305882352941185e-05
131,1.373e-05,1554156000,1.379e-05,1.355e-05,1.355e-05,147932.97116447,2.02517082,1.368e-05,1.2384290466666632,2.3588064930769232,1.3631996694117645,1.3589999999999988e-05,1.3518461538461541e-05,1.3317941176470597e-05
132,1.393e-05,1554163200,1.397e-05,1.371e-05,1.379e-05,453151.49552477,6.28972854,1.387e-05,2.8213018799999965,2.8025750130769236,1.5444014138235291,1.3736666666666653e-05,1.3545384615384617e-05,1.3339117647058833e-05
133,1.375e-05,1554170400,1.416e-05,1.37e-05,1.391e-05,436213.52843592,6.10553501,1.399e-05,4.806811456666663,3.213456474615385,1.7039363470588231,1.3803333333333319e-05,1.3567692307692311e-05,1.3353823529411772e-05
134,1.28e-05,1554177600,1.405e-05,1.251e-05,1.375e-05,815736.34946973,10.70252038,1.312e-05,7.699261309999997,3.9144811830769233,1.9896780414705881,1.349333333333332e-05,1.3520769230769235e-05,1.333941176470589e-05
135,1.312e-05,1554184800,1.312e-05,1.275e-05,1.284e-05,181383.73320021,2.34522463,1.292e-05,6.384426673333331,2.790669254615385,1.9585210729411762,1.322333333333332e-05,1.3482307692307697e-05,1.333705882352942e-05
136,1.286e-05,1554192000,1.315e-05,1.286e-05,1.307e-05,362221.37655949,4.70920249,1.3e-05,5.918982499999998,3.096308040769231,2.0762677217647054,1.2926666666666654e-05,1.3427692307692314e-05,1.3330588235294126e-05
137,1.301e-05,1554199200,1.305e-05,1.288e-05,1.289e-05,53982.58255626,0.69889664,1.294e-05,2.584441253333331,2.9875747823076932,2.0933426320588233,1.2996666666666655e-05,1.3392307692307702e-05,1.3328823529411772e-05
138,1.387e-05,1554206400,1.444e-05,1.287e-05,1.301e-05,755782.73275664,10.48562151,1.387e-05,5.297906879999998,3.7471886515384627,2.377653471470588,1.3246666666666656e-05,1.3418461538461549e-05,1.3352352941176476e-05
139,1.356e-05,1554213600,1.392e-05,1.35e-05,1.388e-05,158254.23247344,2.1705154,1.371e-05,4.4516778499999985,3.795618703076924,2.4299092741176467,1.3479999999999988e-05,1.3426153846153856e-05,1.3367647058823535e-05
140,1.375e-05,1554220800,1.388e-05,1.35e-05,1.357e-05,183423.59034439,2.50757531,1.367e-05,5.054570739999998,3.8823750061538473,2.497062982647059,1.3726666666666657e-05,1.3458461538461548e-05,1.3387058823529417e-05
141,1.382e-05,1554228000,1.382e-05,1.369e-05,1.381e-05,20363.05505199,0.27975221,1.373e-05,1.6526143066666652,3.8469122507692317,2.502287717058824,1.3709999999999989e-05,1.348000000000001e-05,1.3407941176470595e-05
142,1.43e-05,1554235200,1.43e-05,1.371e-05,1.382e-05,428263.89892067,6.01121838,1.403e-05,2.9328486333333323,4.19076673846154,2.677893595,1.3956666666666656e-05,1.35423076923077e-05,1.3442352941176477e-05
143,1.474e-05,1554242400,1.479e-05,1.416e-05,1.429e-05,924552.00475046,13.40645722,1.45e-05,6.565809269999999,5.210570656923078,3.0468007714705885,1.4286666666666655e-05,1.3633846153846163e-05,1.3490294117647066e-05
144,1.474e-05,1554249600,1.479e-05,1.439e-05,1.479e-05,283126.69525068,4.15058892,1.465e-05,7.856088173333332,5.374064356923079,3.163406884411765,1.4593333333333321e-05,1.3711538461538471e-05,1.3540882352941185e-05
145,1.534e-05,1554256800,1.552e-05,1.463e-05,1.47e-05,1297825.6406074,19.61929826,1.511e-05,12.392114799999996,6.399415873846157,3.735875618235294,1.4939999999999987e-05,1.382000000000001e-05,1.3608235294117654e-05
146,1.472e-05,1554264000,1.583e-05,1.469e-05,1.544e-05,647970.86992578,9.89968877,1.527e-05,11.22319198333333,6.691273855384618,3.9913561297058817,1.4933333333333321e-05,1.3894615384615393e-05,1.3653529411764713e-05
147,1.488e-05,1554271200,1.519e-05,1.451e-05,1.481e-05,275269.38921309,4.05894715,1.474e-05,11.192644726666664,6.180229760769233,4.091636404411765,1.4979999999999989e-05,1.4054615384615391e-05,1.3702647058823538e-05
148,1.462e-05,1554278400,1.49e-05,1.451e-05,1.485e-05,95439.64624785,1.39647983,1.463e-05,5.118371916666663,6.107249391538464,4.1271991129411765,1.473999999999999e-05,1.4170000000000007e-05,1.3744117647058832e-05
149,1.489e-05,1554285600,1.489e-05,1.461e-05,1.462e-05,95974.66897048,1.41639768,1.475e-05,2.290608219999996,5.8539567138461575,4.162744955588234,1.4796666666666655e-05,1.432615384615385e-05,1.3791470588235303e-05
150,1.525e-05,1554292800,1.527e-05,1.489e-05,1.489e-05,476286.31369568,7.21044231,1.513e-05,3.341106606666663,6.3548448423076955,4.31696917735294,1.4919999999999988e-05,1.4498461538461542e-05,1.3849117647058832e-05
151,1.489e-05,1554300000,1.544e-05,1.488e-05,1.522e-05,109434.97257874,1.65723966,1.514e-05,3.4280265499999962,5.67573854615385,4.309035061176469,1.5009999999999988e-05,1.4576923076923079e-05,1.3887352941176479e-05
152,1.473e-05,1554307200,1.496e-05,1.459e-05,1.491e-05,177322.97558099,2.60534569,1.469e-05,3.8243425533333295,5.709187030000003,4.364445894117646,1.4956666666666657e-05,1.4666923076923078e-05,1.3920882352941185e-05
153,1.442e-05,1554314400,1.473e-05,1.433e-05,1.472e-05,414568.89809368,5.99448335,1.445e-05,3.419022899999996,5.977410725384619,4.5254384108823515,1.467999999999999e-05,1.4718461538461538e-05,1.3945588235294126e-05
154,1.434e-05,1554321600,1.446e-05,1.416e-05,1.442e-05,183130.30781271,2.61120451,1.425e-05,3.7370111833333293,6.156753210000003,4.579765719705882,1.4496666666666658e-05,1.4758461538461538e-05,1.3971470588235301e-05
155,1.411e-05,1554328800,1.447e-05,1.392e-05,1.434e-05,439847.03578042,6.22841321,1.416e-05,4.9447003566666625,6.173460504615387,4.716213191470588,1.4289999999999992e-05,1.4743846153846156e-05,1.3992058823529419e-05
156,1.447e-05,1554336000,1.46e-05,1.399e-05,1.411e-05,846515.53813003,12.23660755,1.445e-05,7.025408423333331,6.083472068461541,4.577443422352941,1.4306666666666658e-05,1.4723076923076922e-05,1.4017058823529418e-05
157,1.393e-05,1554343200,1.447e-05,1.388e-05,1.447e-05,316817.03418037,4.47473166,1.412e-05,7.646584139999997,6.108406125384618,4.6874091102941176,1.416999999999999e-05,1.466076923076923e-05,1.4027647058823534e-05
158,1.415e-05,1554350400,1.431e-05,1.381e-05,1.387e-05,78097.90125591,1.09971043,1.408e-05,5.937016546666665,4.683822446153848,4.657623269999999,1.4183333333333323e-05,1.4569230769230767e-05,1.4047647058823536e-05
159,1.397e-05,1554357600,1.415e-05,1.395e-05,1.412e-05,173252.87530159,2.43720961,1.406e-05,2.6705505666666642,4.10978558769231,4.711345869999999,1.4016666666666656e-05,1.451153846153846e-05,1.4060588235294124e-05
160,1.404e-05,1554364800,1.407e-05,1.394e-05,1.397e-05,67959.95367665,0.9524266,1.401e-05,1.496448879999998,3.870822468461541,4.694037101470587,1.4053333333333321e-05,1.4446923076923075e-05,1.4077647058823535e-05
161,1.375e-05,1554372000,1.396e-05,1.36e-05,1.396e-05,165063.10083111,2.26270685,1.37e-05,1.884114353333331,3.9374553161538492,4.720006615588234,1.3919999999999989e-05,1.438e-05,1.4090000000000007e-05
162,1.386e-05,1554379200,1.411e-05,1.375e-05,1.375e-05,205896.75607929,2.86720325,1.392e-05,2.0274455666666644,4.049055744615388,4.782548827941175,1.3883333333333323e-05,1.4300769230769231e-05,1.409941176470589e-05
163,1.37e-05,1554386400,1.395e-05,1.366e-05,1.385e-05,417103.22449617,5.72100598,1.371e-05,3.616972026666664,3.9344837192307724,4.905486943823528,1.376999999999999e-05,1.4181538461538463e-05,1.4105588235294124e-05
164,1.35e-05,1554393600,1.377e-05,1.35e-05,1.374e-05,157747.24539558,2.1494466,1.362e-05,3.5792186099999967,3.972345791538465,4.964323423823528,1.3686666666666657e-05,1.4074615384615388e-05,1.4104117647058829e-05
165,1.35e-05,1554400800,1.358e-05,1.336e-05,1.355e-05,52889.98668406,0.71300993,1.348e-05,2.8611541699999967,3.8267815023076954,4.925730456470586,1.3566666666666655e-05,1.3980000000000005e-05,1.4097352941176475e-05
166,1.361e-05,1554408000,1.362e-05,1.345e-05,1.354e-05,71950.91615782,0.97167251,1.35e-05,1.2780430133333296,3.44041143769231,4.769317043823527,1.3536666666666655e-05,1.3917692307692313e-05,1.4087941176470595e-05
167,1.357e-05,1554415200,1.375e-05,1.348e-05,1.365e-05,142287.08176038,1.9471946,1.368e-05,1.2106256799999964,3.389333752307695,4.647012914117645,1.355999999999999e-05,1.3858461538461543e-05,1.4082647058823534e-05
168,1.364e-05,1554422400,1.373e-05,1.354e-05,1.36e-05,93353.7693179,1.27220375,1.362e-05,1.3970236199999964,3.0080868707692336,4.3696506602941145,1.3606666666666654e-05,1.3822307692307698e-05,1.4107352941176477e-05
169,1.373e-05,1554429600,1.373e-05,1.363e-05,1.365e-05,66513.37814985,0.90713867,1.363e-05,1.3755123399999964,2.1365892646153877,4.327354014411761,1.3646666666666654e-05,1.376538461538462e-05,1.4125294117647064e-05
170,1.404e-05,1554436800,1.409e-05,1.363e-05,1.369e-05,124759.14676496,1.72464289,1.382e-05,1.301328436666663,1.9250439746153876,4.23957284970588,1.3803333333333322e-05,1.3773846153846158e-05,1.4160000000000007e-05
171,1.414e-05,1554444000,1.44e-05,1.404e-05,1.404e-05,146549.56489955,2.08327938,1.421e-05,1.5716869799999964,2.0007031246153875,4.2802899891176445,1.396999999999999e-05,1.3773076923076929e-05,1.4193235294117655e-05
172,1.418e-05,1554451200,1.433e-05,1.41e-05,1.411e-05,32471.53742037,0.461423,1.421e-05,1.4231150899999963,1.8487195392307723,3.9854606211764683,1.4119999999999992e-05,1.3789230769230774e-05,1.4202352941176479e-05
173,1.42e-05,1554458400,1.433e-05,1.417e-05,1.418e-05,27351.10496424,0.39124255,1.43e-05,0.9786483099999964,1.8055515353846185,3.933129066764703,1.4173333333333324e-05,1.3801538461538467e-05,1.422117647058824e-05
174,1.423e-05,1554465600,1.434e-05,1.419e-05,1.431e-05,15072.78838509,0.21560504,1.43e-05,0.356090196666663,1.6480821653846185,3.8657181764705864,1.4203333333333325e-05,1.3838461538461543e-05,1.4235294117647063e-05
175,1.419e-05,1554472800,1.431e-05,1.412e-05,1.428e-05,66217.05821839,0.94080107,1.42e-05,0.515882886666663,1.4998973823076953,3.885160789999998,1.4206666666666655e-05,1.3863846153846157e-05,1.424617647058824e-05
176,1.415e-05,1554480000,1.42e-05,1.412e-05,1.419e-05,8935.55171691,0.12661723,1.417e-05,0.42767444666666293,1.0695597861538493,3.712084285588233,1.418999999999999e-05,1.389846153846154e-05,1.4241764705882357e-05
177,1.413e-05,1554487200,1.418e-05,1.411e-05,1.417e-05,18184.99338979,0.25736197,1.415e-05,0.4415934233333296,0.9240148146153877,3.325346189999998,1.4156666666666658e-05,1.394692307692308e-05,1.4223823529411766e-05
178,1.41e-05,1554494400,1.417e-05,1.409e-05,1.413e-05,33274.698081,0.46930596,1.41e-05,0.284428386666663,0.9052683553846185,3.217073161764704,1.4126666666666656e-05,1.3993076923076925e-05,1.4205000000000002e-05
179,1.425e-05,1554501600,1.425e-05,1.41e-05,1.41e-05,8404.17752528,0.11937299,1.42e-05,0.2820136399999963,0.8397068538461571,2.643545947941174,1.4159999999999991e-05,1.4042307692307694e-05,1.417294117647059e-05
180,1.426e-05,1554508800,1.426e-05,1.416e-05,1.425e-05,4685.63763437,0.06665121,1.422e-05,0.21844338666666294,0.6950496700000032,2.354338960882351,1.4203333333333325e-05,1.4095384615384617e-05,1.4159411764705884e-05
181,1.418e-05,1554516000,1.426e-05,1.413e-05,1.426e-05,20370.29368118,0.28905021,1.418e-05,0.1583581366666629,0.6194224746153877,2.243459639117645,1.422999999999999e-05,1.4136923076923077e-05,1.4138823529411766e-05
182,1.41e-05,1554523200,1.418e-05,1.408e-05,1.418e-05,148592.03852327,2.0951563,1.41e-05,0.8169525733333297,0.7108084461538492,2.2640089470588216,1.4179999999999991e-05,1.4165384615384616e-05,1.4123529411764705e-05
183,1.407e-05,1554530400,1.418e-05,1.402e-05,1.408e-05,24760.75486416,0.35009519,1.413e-05,0.9114338999999964,0.6050740076923107,2.232647109117645,1.4116666666666658e-05,1.4167692307692309e-05,1.4099411764705882e-05
184,1.376e-05,1554537600,1.409e-05,1.373e-05,1.409e-05,180370.94093503,2.50009311,1.386e-05,1.6484481999999963,0.6371366023076952,2.0941074267647037,1.3976666666666658e-05,1.413846153846154e-05,1.4055588235294116e-05
185,1.383e-05,1554544800,1.384e-05,1.373e-05,1.374e-05,13478.6443335,0.18560366,1.377e-05,1.0119306533333294,0.6159197300000029,2.0508240149999977,1.3886666666666659e-05,1.4111538461538462e-05,1.4024411764705882e-05
186,1.384e-05,1554552000,1.385e-05,1.378e-05,1.378e-05,2990.03988507,0.04134975,1.382e-05,0.9090155066666629,0.5890048992307721,1.9754123697058796,1.3809999999999993e-05,1.4083846153846155e-05,1.3998235294117647e-05
187,1.386e-05,1554559200,1.388e-05,1.38e-05,1.386e-05,24705.1138083,0.34194431,1.384e-05,0.18963257333332958,0.5987233046153875,1.8091612214705854,1.3843333333333325e-05,1.4055384615384616e-05,1.3981764705882352e-05
188,1.373e-05,1554566400,1.389e-05,1.365e-05,1.385e-05,51415.13145434,0.70668057,1.374e-05,0.36332487666666297,0.5807140353846182,1.7531458114705856,1.3809999999999991e-05,1.4020000000000001e-05,1.3963823529411763e-05
189,1.375e-05,1554573600,1.385e-05,1.373e-05,1.373e-05,23290.9727227,0.32136108,1.379e-05,0.45666198666666297,0.5956943315384644,1.5794089841176444,1.3779999999999993e-05,1.398923076923077e-05,1.3953235294117647e-05
190,1.385e-05,1554580800,1.386e-05,1.373e-05,1.383e-05,33571.61296704,0.46363017,1.381e-05,0.4972239399999963,0.611561116153849,1.233144943529409,1.377666666666666e-05,1.396769230769231e-05,1.3935e-05
191,1.376e-05,1554588000,1.389e-05,1.368e-05,1.378e-05,25447.40119041,0.34950863,1.373e-05,0.37816662666666295,0.6023459369230798,1.111814854411762,1.378666666666666e-05,1.3941538461538466e-05,1.3929999999999999e-05
192,1.376e-05,1554595200,1.376e-05,1.373e-05,1.375e-05,8273.12485456,0.11381047,1.375e-05,0.3089830899999963,0.6019180507692337,1.082817796764703,1.378999999999999e-05,1.3903846153846159e-05,1.3918529411764705e-05
193,1.377e-05,1554602400,1.378e-05,1.37e-05,1.372e-05,37415.89413934,0.51468954,1.375e-05,0.3260028799999963,0.6363825376923107,1.0262730888235267,1.3763333333333324e-05,1.3866153846153852e-05,1.391264705882353e-05
194,1.375e-05,1554609600,1.379e-05,1.367e-05,1.367e-05,4998.55628654,0.06880774,1.376e-05,0.23243591666666294,0.6194408092307723,1.0002842988235265,1.375999999999999e-05,1.3833076923076928e-05,1.3904117647058824e-05
195,1.376e-05,1554616800,1.376e-05,1.368e-05,1.373e-05,2130.44759324,0.02924976,1.372e-05,0.2042490133333296,0.46052492153846464,0.9345943844117618,1.375999999999999e-05,1.3806923076923083e-05,1.3904411764705882e-05
196,1.386e-05,1554624000,1.393e-05,1.368e-05,1.368e-05,382030.17471529,5.28704018,1.383e-05,1.7950325599999963,0.840289920769234,1.0057660588235264,1.378999999999999e-05,1.3790769230769238e-05,1.3904411764705882e-05
197,1.389e-05,1554631200,1.4e-05,1.382e-05,1.386e-05,89073.14876388,1.23873769,1.39e-05,2.1850092099999965,0.743262580769234,0.8739346385294087,1.3836666666666656e-05,1.3800769230769236e-05,1.3909999999999999e-05
198,1.4e-05,1554638400,1.405e-05,1.388e-05,1.389e-05,161594.19997916,2.25986696,1.398e-05,2.9285482766666626,0.9028212961538494,0.8771822961764675,1.3916666666666657e-05,1.381384615384616e-05,1.3924705882352941e-05
199,1.391e-05,1554645600,1.404e-05,1.386e-05,1.398e-05,18729.99284864,0.26049744,1.39e-05,1.253034029999996,0.9196788107692341,0.8638731052941147,1.3933333333333324e-05,1.3819230769230776e-05,1.3936764705882354e-05
200,1.393e-05,1554652800,1.393e-05,1.38e-05,1.391e-05,46484.14904842,0.64403319,1.385e-05,1.0547991966666628,0.9429164169230801,0.8542366547058794,1.3946666666666655e-05,1.382461538461539e-05,1.3946176470588236e-05
201,1.392e-05,1554660000,1.392e-05,1.386e-05,1.386e-05,2115.02397799,0.02939973,1.39e-05,0.3113101199999962,0.890817890769234,0.7978309232352911,1.3919999999999989e-05,1.3839230769230776e-05,1.3956470588235294e-05
202,1.391e-05,1554667200,1.399e-05,1.386e-05,1.387e-05,40231.36476685,0.55980613,1.391e-05,0.4110796833333296,0.9091598176923109,0.7768780520588205,1.3919999999999989e-05,1.3851538461538468e-05,1.3964411764705883e-05
203,1.39e-05,1554674400,1.397e-05,1.385e-05,1.392e-05,64306.99181283,0.89652252,1.394e-05,0.4952427933333296,0.9424592292307724,0.7765658123529383,1.3909999999999989e-05,1.3855384615384623e-05,1.3969411764705882e-05
204,1.391e-05,1554681600,1.396e-05,1.381e-05,1.393e-05,154066.83052938,2.14329937,1.391e-05,1.1998760066666627,1.0804431323076953,0.7888792382352914,1.3906666666666655e-05,1.3866923076923084e-05,1.3965588235294117e-05
205,1.396e-05,1554688800,1.398e-05,1.39e-05,1.39e-05,13022.16700769,0.18125283,1.391e-05,1.0736915733333294,1.0856310061538492,0.7329372808823501,1.3923333333333323e-05,1.3882307692307699e-05,1.396029411764706e-05
206,1.426e-05,1554696000,1.427e-05,1.374e-05,1.396e-05,543171.26074485,7.52602877,1.385e-05,3.2835269899999964,1.624964793076926,0.9407198035294089,1.4043333333333323e-05,1.3920000000000006e-05,1.3962647058823532e-05
207,1.41e-05,1554703200,1.433e-05,1.41e-05,1.426e-05,39112.17470487,0.55817227,1.427e-05,2.7551512899999966,1.6626082184615414,0.9456295011764678,1.4106666666666656e-05,1.3946923076923082e-05,1.3959705882352944e-05
208,1.405e-05,1554710400,1.412e-05,1.395e-05,1.41e-05,124252.45985166,1.73925288,1.399e-05,3.2744846399999967,1.7941469200000029,0.9904426729411737,1.4136666666666654e-05,1.3969230769230773e-05,1.3954411764705886e-05
209,1.376e-05,1554717600,1.407e-05,1.37e-05,1.4e-05,48270.56380485,0.67297361,1.394e-05,0.9901329199999965,1.4392187223076953,0.9825653947058797,1.3969999999999985e-05,1.3961538461538465e-05,1.3941764705882354e-05
210,1.39e-05,1554724800,1.398e-05,1.363e-05,1.376e-05,78996.99271852,1.08719473,1.376e-05,1.1664737399999965,1.4275615715384644,1.0108176741176444,1.3903333333333318e-05,1.3962307692307698e-05,1.3934411764705885e-05
211,1.394e-05,1554732000,1.394e-05,1.378e-05,1.393e-05,43539.73507745,0.6034816,1.386e-05,0.78788331333333,1.3001473130769259,1.0209976632352915,1.3866666666666652e-05,1.3957692307692313e-05,1.3928823529411768e-05
212,1.431e-05,1554739200,1.431e-05,1.396e-05,1.396e-05,106319.98297377,1.50106829,1.411e-05,1.06391487333333,1.3955758400000027,1.0513436141176444,1.4049999999999984e-05,1.3988461538461543e-05,1.3935000000000003e-05
213,1.425e-05,1554746400,1.431e-05,1.421e-05,1.43e-05,116158.63864555,1.65462218,1.424e-05,1.2530573566666632,1.4733134546153874,1.0964980020588209,1.4166666666666652e-05,1.4013076923076927e-05,1.3935000000000003e-05
214,1.43e-05,1554753600,1.443e-05,1.421e-05,1.432e-05,93658.24853817,1.34641663,1.437e-05,1.500702366666663,1.5746224469230796,1.1341381614705854,1.4286666666666653e-05,1.4042307692307695e-05,1.3936176470588239e-05
215,1.427e-05,1554760800,1.434e-05,1.418e-05,1.428e-05,22938.82626492,0.32654052,1.423e-05,1.1091931099999963,1.5566789384615414,1.135240817647056,1.427333333333332e-05,1.4070000000000004e-05,1.3938823529411768e-05
216,1.411e-05,1554768000,1.427e-05,1.41e-05,1.427e-05,31691.54594928,0.44885844,1.416e-05,0.7072718633333297,1.5222432400000028,1.0868202923529384,1.4226666666666652e-05,1.408615384615385e-05,1.3939117647058828e-05
217,1.404e-05,1554775200,1.418e-05,1.403e-05,1.415e-05,7895.00929794,0.11103078,1.406e-05,0.2954765799999964,1.3659148869230795,1.079788986176468,1.4139999999999985e-05,1.409615384615385e-05,1.3938235294117651e-05
218,1.396e-05,1554782400,1.408e-05,1.383e-05,1.401e-05,70049.16834327,0.97648559,1.394e-05,0.512124936666663,1.4270866376923104,1.034977000294115,1.4036666666666654e-05,1.409615384615385e-05,1.3944117647058828e-05
219,1.395e-05,1554789600,1.404e-05,1.386e-05,1.394e-05,28029.63316769,0.39127865,1.395e-05,0.49293167333332977,0.8782597053846182,1.0410262647058797,1.398333333333332e-05,1.4072307692307695e-05,1.3947647058823533e-05
220,1.396e-05,1554796800,1.396e-05,1.384e-05,1.395e-05,6100.09159514,0.08500632,1.393e-05,0.48425685333332974,0.8418623246153873,1.0423102814705856,1.3956666666666654e-05,1.4061538461538466e-05,1.395117647058824e-05
221,1.398e-05,1554804000,1.401e-05,1.384e-05,1.389e-05,101819.05249616,1.4126094,1.387e-05,0.6296314566666631,0.8167359030769258,1.0738004311764677,1.396333333333332e-05,1.4056153846153852e-05,1.3954705882352945e-05
222,1.408e-05,1554811200,1.417e-05,1.398e-05,1.403e-05,46031.98683683,0.64891013,1.409e-05,0.7155086166666632,0.8148848661538488,1.0721013005882323,1.4006666666666654e-05,1.4080769230769235e-05,1.3965000000000003e-05
223,1.417e-05,1554818400,1.418e-05,1.408e-05,1.412e-05,5901.42863499,0.08355098,1.415e-05,0.7150235033333298,0.7376815007692333,1.0651068858823498,1.4076666666666653e-05,1.4101538461538466e-05,1.3977352941176473e-05
224,1.398e-05,1554825600,1.41e-05,1.398e-05,1.41e-05,49454.73146532,0.69251459,1.4e-05,0.47499189999999647,0.7445301923076949,1.0718387805882321,1.4076666666666653e-05,1.410461538461539e-05,1.398117647058824e-05
225,1.414e-05,1554832800,1.416e-05,1.401e-05,1.401e-05,152700.39088407,2.15904779,1.413e-05,0.9783711199999964,0.7951440000000027,1.1250605205882322,1.4096666666666655e-05,1.4091538461538467e-05,1.3992352941176475e-05
226,1.416e-05,1554840000,1.418e-05,1.405e-05,1.411e-05,5318.45249951,0.07511339,1.412e-05,0.9755585899999963,0.6736433238461565,1.1239223711764676,1.4093333333333321e-05,1.408461538461539e-05,1.4004117647058828e-05
227,1.394e-05,1554847200,1.415e-05,1.394e-05,1.411e-05,2585.17762426,0.03618449,1.399e-05,0.7567818899999964,0.5728562361538488,1.109848693235291,1.4079999999999987e-05,1.405692307692308e-05,1.4009117647058827e-05
228,1.407e-05,1554854400,1.407e-05,1.394e-05,1.402e-05,8049.97359364,0.11312821,1.405e-05,0.07480869666666316,0.5564399046153873,1.1111522364705853,1.4056666666666652e-05,1.4041538461538466e-05,1.401852941176471e-05
229,1.402e-05,1554861600,1.407e-05,1.397e-05,1.398e-05,58397.78205654,0.81952651,1.403e-05,0.3229464033333298,0.5849528330769258,1.1343956702941147,1.4009999999999984e-05,1.4034615384615388e-05,1.402617647058824e-05
230,1.401e-05,1554868800,1.41e-05,1.401e-05,1.402e-05,52437.00514903,0.73608564,1.403e-05,0.5562467866666632,0.6330339761538488,1.0005440661764677,1.403333333333332e-05,1.4032307692307697e-05,1.4030588235294123e-05
231,1.401e-05,1554876000,1.409e-05,1.401e-05,1.409e-05,14464.0203353,0.20349883,1.406e-05,0.5863703266666632,0.5735734561538488,0.9700958644117618,1.4013333333333322e-05,1.403615384615385e-05,1.4034117647058827e-05
232,1.407e-05,1554883200,1.407e-05,1.397e-05,1.4e-05,14485.49563876,0.20281265,1.4e-05,0.38079903999999654,0.5590760715384642,0.9095942670588206,1.4029999999999988e-05,1.4045384615384619e-05,1.403617647058824e-05
233,1.4e-05,1554890400,1.403e-05,1.394e-05,1.396e-05,23258.10128201,0.32479217,1.396e-05,0.24370121666666322,0.5775211369230796,0.9114852885294087,1.4026666666666654e-05,1.4048461538461541e-05,1.4038823529411768e-05
234,1.394e-05,1554897600,1.399e-05,1.388e-05,1.399e-05,73775.23339104,1.02960629,1.395e-05,0.5190703699999966,0.5480593592307719,0.9228256738235262,1.400333333333332e-05,1.4045384615384617e-05,1.403911764705883e-05
235,1.387e-05,1554904800,1.395e-05,1.387e-05,1.391e-05,133182.56315463,1.85371589,1.391e-05,1.0693714499999964,0.6407367253846179,0.9764820314705849,1.3936666666666653e-05,1.4029230769230772e-05,1.4037647058823536e-05
236,1.385e-05,1554912000,1.388e-05,1.379e-05,1.388e-05,8618.0932714,0.11907903,1.381e-05,1.00080040333333,0.6434696523076948,0.9635194697058791,1.3886666666666652e-05,1.4004615384615387e-05,1.4035882352941183e-05
237,1.37e-05,1554919200,1.383e-05,1.369e-05,1.383e-05,44615.7462516,0.61221849,1.372e-05,0.8616711366666632,0.6372930292307717,0.9551575864705849,1.3806666666666652e-05,1.3983076923076925e-05,1.4030000000000005e-05
238,1.361e-05,1554926400,1.37e-05,1.355e-05,1.369e-05,97643.00808745,1.3325526,1.364e-05,0.6879500399999966,0.5737164761538487,0.9313120932352907,1.3719999999999986e-05,1.3942307692307695e-05,1.4021176470588239e-05
239,1.362e-05,1554933600,1.376e-05,1.358e-05,1.361e-05,16959.79125616,0.23152263,1.365e-05,0.7254312399999967,0.5857479561538486,0.9327906167647027,1.364333333333332e-05,1.3900769230769235e-05,1.401117647058824e-05
240,1.359e-05,1554940800,1.363e-05,1.357e-05,1.363e-05,4176.12309703,0.05682409,1.36e-05,0.54029977333333,0.5873356176923101,0.7131081261764673,1.3606666666666653e-05,1.3873846153846159e-05,1.39914705882353e-05
241,1.3e-05,1554948000,1.359e-05,1.296e-05,1.357e-05,548881.26418,7.23671247,1.318e-05,2.5083530633333297,1.1353036376923102,0.9095357791176438,1.3403333333333319e-05,1.3791538461538465e-05,1.3959117647058827e-05
242,1.32e-05,1554955200,1.334e-05,1.294e-05,1.302e-05,37161.98887426,0.48707334,1.31e-05,2.59353663333333,1.1097303169230794,0.8727069691176438,1.3263333333333319e-05,1.3728461538461542e-05,1.3934117647058828e-05
243,1.325e-05,1554962400,1.331e-05,1.316e-05,1.327e-05,51140.00480494,0.67475775,1.319e-05,2.799514519999997,1.1050127869230795,0.8727594438235262,1.3149999999999986e-05,1.3670000000000003e-05,1.391911764705883e-05
244,1.301e-05,1554969600,1.326e-05,1.301e-05,1.326e-05,36003.78106634,0.47353417,1.315e-05,0.5451217533333308,1.1257847361538487,0.8547106038235261,1.315333333333332e-05,1.3593076923076926e-05,1.3892941176470593e-05
245,1.295e-05,1554976800,1.309e-05,1.27e-05,1.308e-05,169848.42230336,2.19473056,1.292e-05,1.1143408266666641,1.2790091907692334,0.9015120438235262,1.3069999999999983e-05,1.3506923076923078e-05,1.3863823529411771e-05
246,1.298e-05,1554984000,1.307e-05,1.288e-05,1.296e-05,9925.98861853,0.12879039,1.297e-05,0.932351706666664,1.2639321307692333,0.8611509291176439,1.2979999999999982e-05,1.342846153846154e-05,1.3824705882352946e-05
247,1.297e-05,1554991200,1.305e-05,1.287e-05,1.294e-05,61881.03204608,0.80250086,1.296e-05,1.0420072699999974,1.2464624823076949,0.836088537352938,1.296666666666665e-05,1.3353846153846157e-05,1.3787058823529417e-05
248,1.295e-05,1554998400,1.299e-05,1.288e-05,1.299e-05,66365.5986101,0.85613963,1.29e-05,0.5958102933333307,1.1697258469230793,0.8216686255882321,1.2966666666666647e-05,1.3283076923076925e-05,1.3747352941176477e-05
249,1.298e-05,1555005600,1.298e-05,1.289e-05,1.291e-05,42601.86252267,0.55139167,1.294e-05,0.7366773866666642,1.2029806653846178,0.8282818947058791,1.2966666666666647e-05,1.3216153846153848e-05,1.3709411764705888e-05
250,1.289e-05,1555012800,1.298e-05,1.288e-05,1.289e-05,13747.07366952,0.17742959,1.29e-05,0.5283202966666641,1.1695353653846179,0.8202986932352909,1.2939999999999981e-05,1.3153846153846154e-05,1.3673529411764711e-05
251,1.288e-05,1555020000,1.293e-05,1.277e-05,1.29e-05,99269.3450391,1.27972992,1.289e-05,0.6695170599999977,1.1654720823076947,0.854672197352938,1.2916666666666646e-05,1.3097692307692309e-05,1.3639411764705889e-05
252,1.281e-05,1555027200,1.294e-05,1.281e-05,1.293e-05,36641.76681548,0.4717415,1.287e-05,0.6429670033333309,1.1839504569230794,0.8398267829411733,1.285999999999998e-05,1.3035384615384617e-05,1.3605588235294122e-05
