,close,date,high,low,open,quoteVolume,volume,weightedAverage,avg_vol_3,avg_vol_13,avg_vol_34,avg_close_3,avg_close_13,avg_close_34
0,3.34e-06,1553040817,3.34e-06,3.34e-06,3.34e-06,0.0,0.0,3.34e-06,-99999.0,-99999.0,-99999.0,-99999.0,-99999.0,-99999.0
1,3.26e-06,1553047200,3.33e-06,3.25e-06,3.33e-06,578895.09724992,1.89816392,3.27e-06,-99999.0,-99999.0,-99999.0,-99999.0,-99999.0,-99999.0
2,3.23e-06,1553054400,3.27e-06,3.23e-06,3.26e-06,225471.98526765,0.73214714,3.24e-06,0.8767703533333333,-99999.0,-99999.0,3.276666666666667e-06,-99999.0,-99999.0
3,3.23e-06,1553061600,3.26e-06,3.19e-06,3.24e-06,1165835.9591344,3.75150662,3.21e-06,2.1272725599999998,-99999.0,-99999.0,3.24e-06,-99999.0,-99999.0
4,3.25e-06,1553068800,3.26e-06,3.21e-06,3.23e-06,811748.41831896,2.63304976,3.24e-06,2.3722345066666666,-99999.0,-99999.0,3.236666666666667e-06,-99999.0,-99999.0
5,3.27e-06,1553076000,3.27e-06,3.25e-06,3.25e-06,128291.52796008,0.41917724,3.26e-06,2.2679112066666662,-99999.0,-99999.0,3.2500000000000006e-06,-99999.0,-99999.0
6,3.35e-06,1553083200,3.4e-06,3.27e-06,3.28e-06,1618253.8036057,5.42060618,3.34e-06,2.8242777266666663,-99999.0,-99999.0,3.2900000000000007e-06,-99999.0,-99999.0
7,3.31e-06,1553090400,3.35e-06,3.28e-06,3.35e-06,507479.38992415,1.68414839,3.31e-06,2.5079772699999996,-99999.0,-99999.0,3.310000000000001e-06,-99999.0,-99999.0
8,3.27e-06,1553097600,3.32e-06,3.25e-06,3.31e-06,416712.95119501,1.36770642,3.28e-06,2.8241536633333326,-99999.0,-99999.0,3.3100000000000005e-06,-99999.0,-99999.0
9,3.29e-06,1553104800,3.31e-06,3.23e-06,3.28e-06,382295.85557073,1.24439784,3.25e-06,1.4320842166666659,-99999.0,-99999.0,3.2900000000000007e-06,-99999.0,-99999.0
10,3.31e-06,1553112000,3.32e-06,3.27e-06,3.3e-06,66699.18734073,0.22055439,3.3e-06,0.9442195499999994,-99999.0,-99999.0,3.2900000000000007e-06,-99999.0,-99999.0
11,3.29e-06,1553119200,3.34e-06,3.27e-06,3.31e-06,867706.80184887,2.88017479,3.31e-06,1.4483756733333326,-99999.0,-99999.0,3.296666666666667e-06,-99999.0,-99999.0
12,3.31e-06,1553126400,3.32e-06,3.28e-06,3.3e-06,305558.23837501,1.00952116,3.3e-06,1.3700834466666663,1.7893195269230768,-99999.0,3.303333333333334e-06,3.2853846153846158e-06,-99999.0
13,3.29e-06,1553133600,3.32e-06,3.28e-06,3.3e-06,120476.01960084,0.39845174,3.3e-06,1.4293825633333326,1.8199696607692306,-99999.0,3.296666666666667e-06,3.2815384615384617e-06,-99999.0
14,3.28e-06,1553140800,3.3e-06,3.26e-06,3.3e-06,253960.43148302,0.83065458,3.27e-06,0.7462091599999994,1.7378535576923075,-99999.0,3.2933333333333333e-06,3.2830769230769235e-06,-99999.0
15,3.24e-06,1553148000,3.27e-06,3.24e-06,3.27e-06,354371.48165864,1.15652558,3.26e-06,0.7952106333333328,1.770498053076923,-99999.0,3.2699999999999996e-06,3.2838461538461544e-06,-99999.0
16,3.25e-06,1553155200,3.25e-06,3.23e-06,3.25e-06,213304.01423777,0.69213539,3.24e-06,0.8931051833333327,1.5351618046153845,-99999.0,3.2566666666666667e-06,3.2853846153846158e-06,-99999.0
17,3.27e-06,1553162400,3.28e-06,3.23e-06,3.24e-06,493208.51902065,1.60544637,3.25e-06,1.1513691133333326,1.45611539,-99999.0,3.2533333333333337e-06,3.2869230769230775e-06,-99999.0
18,3.21e-06,1553169600,3.27e-06,3.21e-06,3.26e-06,1076709.0908846,3.49641599,3.24e-06,1.9313325833333324,1.692826063076923,-99999.0,3.2433333333333338e-06,3.2823076923076926e-06,-99999.0
19,3.16e-06,1553176800,3.21e-06,3.16e-06,3.21e-06,786276.26492885,2.50815819,3.18e-06,2.536673516666666,1.4687916023076921,-99999.0,3.213333333333334e-06,3.2676923076923078e-06,-99999.0
20,3.14e-06,1553184000,3.18e-06,3.12e-06,3.18e-06,1194358.6790054,3.75269377,3.14e-06,3.2524226499999993,1.6279104776923075,-99999.0,3.1700000000000006e-06,3.2546153846153847e-06,-99999.0
21,3.13e-06,1553191200,3.15e-06,3.12e-06,3.14e-06,902986.00310606,2.83389646,3.13e-06,3.031582806666666,1.7406943269230768,-99999.0,3.1433333333333343e-06,3.2438461538461535e-06,-99999.0
22,3.15e-06,1553198400,3.15e-06,3.11e-06,3.12e-06,786102.98279685,2.4600923,3.12e-06,3.0155608433333327,1.8342092853846153,-99999.0,3.140000000000001e-06,3.233076923076923e-06,-99999.0
23,3.15e-06,1553205600,3.15e-06,3.12e-06,3.15e-06,283605.55324186,0.89172864,3.14e-06,2.0619057999999995,1.8858380738461535,-99999.0,3.1433333333333343e-06,3.220769230769231e-06,-99999.0
24,3.14e-06,1553212800,3.15e-06,3.13e-06,3.14e-06,282676.46106607,0.88846159,3.14e-06,1.4134275099999993,1.7326293661538459,-99999.0,3.1466666666666677e-06,3.2092307692307697e-06,-99999.0
25,3.15e-06,1553220000,3.15e-06,3.13e-06,3.14e-06,735462.07446325,2.31660875,3.14e-06,1.3655996599999998,1.8331745653846154,-99999.0,3.1466666666666677e-06,3.1969230769230776e-06,-99999.0
26,3.15e-06,1553227200,3.15e-06,3.13e-06,3.15e-06,437749.96261308,1.37754706,3.14e-06,1.5275391333333328,1.90848959,-99999.0,3.1466666666666677e-06,3.186153846153847e-06,-99999.0
27,3.15e-06,1553234400,3.15e-06,3.12e-06,3.14e-06,1652344.690409,5.19387461,3.14e-06,2.962676806666666,2.2441219,-99999.0,3.1500000000000008e-06,3.1761538461538473e-06,-99999.0
28,3.15e-06,1553241600,3.15e-06,3.14e-06,3.15e-06,1710896.0662624,5.38916317,3.14e-06,3.9868616133333323,2.5697094069230766,-99999.0,3.1500000000000008e-06,3.16923076923077e-06,-99999.0
29,3.15e-06,1553248800,3.15e-06,3.14e-06,3.15e-06,1764513.2583646,5.55679021,3.14e-06,5.379942663333332,2.943913623846154,-99999.0,3.1500000000000008e-06,3.161538461538463e-06,-99999.0
30,3.17e-06,1553256000,3.18e-06,3.14e-06,3.14e-06,456726.69065689,1.44319174,3.15e-06,4.129715039999999,2.9314324984615387,-99999.0,3.1566666666666676e-06,3.153846153846155e-06,-99999.0
31,3.19e-06,1553263200,3.2e-06,3.16e-06,3.18e-06,2067732.7118429,6.59342167,3.18e-06,4.531134539999999,3.169663704615384,-99999.0,3.1700000000000006e-06,3.152307692307694e-06,-99999.0
32,3.18e-06,1553270400,3.19e-06,3.17e-06,3.19e-06,1302534.7472003,4.15308725,3.18e-06,4.063233553333332,3.2961967092307685,-99999.0,3.1800000000000005e-06,3.1538461538461556e-06,-99999.0
33,3.19e-06,1553277600,3.19e-06,3.16e-06,3.19e-06,587015.13622763,1.86720747,3.18e-06,4.204572129999999,3.1511593015384607,2.3137266582352938,3.1866666666666674e-06,3.1576923076923093e-06,3.2235294117647054e-06
34,3.19e-06,1553284800,3.2e-06,3.17e-06,3.19e-06,2126376.3875554,6.79731972,3.19e-06,4.272538146666666,3.456038013846153,2.513647826470588,3.1866666666666674e-06,3.162307692307694e-06,3.219117647058823e-06
35,3.2e-06,1553292000,3.2e-06,3.19e-06,3.2e-06,1706503.1726143,5.46014657,3.19e-06,4.708224586666667,3.6868114192307684,2.6184120220588234,3.193333333333334e-06,3.1661538461538482e-06,3.2173529411764698e-06
36,3.19e-06,1553299200,3.2e-06,3.17e-06,3.2e-06,969038.89514111,3.09517211,3.19e-06,5.117546133333334,3.85630707076923,2.6879127564705887,3.193333333333334e-06,3.1692307692307714e-06,3.2161764705882345e-06
37,3.19e-06,1553306400,3.2e-06,3.18e-06,3.19e-06,224828.67334737,0.71879363,3.19e-06,3.0913707699999997,3.8432556892307685,2.5987153155882354,3.193333333333334e-06,3.173076923076925e-06,3.2149999999999993e-06
38,3.17e-06,1553313600,3.2e-06,3.15e-06,3.18e-06,1270251.0681917,4.03012169,3.17e-06,2.6146958099999997,3.9750643769230765,2.6398056664705885,3.183333333333334e-06,3.1746153846153863e-06,3.212647058823529e-06
39,3.17e-06,1553320800,3.18e-06,3.14e-06,3.16e-06,166279.59109091,0.52447087,3.15e-06,1.7577953966666666,3.9094431315384615,2.642902537941177,3.1766666666666675e-06,3.1761538461538477e-06,3.2097058823529407e-06
40,3.16e-06,1553328000,3.18e-06,3.15e-06,3.16e-06,32768.22866899,0.10386051,3.16e-06,1.5528176900000001,3.517903585384615,2.486527665294118,3.1666666666666675e-06,3.176923076923078e-06,3.204117647058823e-06
41,3.19e-06,1553335200,3.2e-06,3.16e-06,3.17e-06,1387455.8970928,4.42733188,3.19e-06,1.685221086666667,3.443916563076922,2.567209532647059,3.173333333333334e-06,3.180000000000001e-06,3.2005882352941175e-06
42,3.18e-06,1553342400,3.2e-06,3.16e-06,3.19e-06,365684.02978465,1.16558237,3.18e-06,1.8989249200000005,3.1061313446153838,2.5612647076470587,3.1766666666666675e-06,3.182307692307693e-06,3.1979411764705876e-06
43,3.17e-06,1553349600,3.2e-06,3.15e-06,3.18e-06,465717.57237322,1.47921425,3.17e-06,2.357376166666667,3.1089023069230755,2.5681710726470586,3.1800000000000005e-06,3.182307692307693e-06,3.194411764705882e-06
44,3.17e-06,1553356800,3.19e-06,3.16e-06,3.18e-06,462700.75208108,1.46834491,3.17e-06,1.371047176666667,2.7146656330769217,2.604870793823529,3.173333333333334e-06,3.1807692307692314e-06,3.190294117647058e-06
45,3.17e-06,1553364000,3.18e-06,3.16e-06,3.17e-06,181675.04769364,0.57517206,3.16e-06,1.1742437400000003,2.4394413876923062,2.5370765958823527,3.1700000000000006e-06,3.1800000000000005e-06,3.1867647058823524e-06
46,3.16e-06,1553371200,3.18e-06,3.15e-06,3.17e-06,1366309.7967165,4.31093366,3.15e-06,2.11815021,2.6274203253846142,2.6341769635294114,3.1666666666666675e-06,3.177692307692308e-06,3.18235294117647e-06
47,3.15e-06,1553378400,3.17e-06,3.14e-06,3.16e-06,396930.23049379,1.25125552,3.15e-06,2.04578708,2.200800002307691,2.6592594276470587,3.1600000000000007e-06,3.1746153846153846e-06,3.1782352941176464e-06
48,3.16e-06,1553385600,3.17e-06,3.15e-06,3.15e-06,243475.60963318,0.76953386,3.16e-06,2.110574346666667,1.8399836399999987,2.657461759411764,3.1566666666666676e-06,3.171538461538461e-06,3.1747058823529407e-06
49,3.16e-06,1553392800,3.17e-06,3.13e-06,3.16e-06,303472.29520118,0.95944958,3.16e-06,0.9934129866666671,1.6756972915384603,2.6516654064705882,3.1566666666666676e-06,3.1692307692307684e-06,3.17235294117647e-06
50,3.15e-06,1553400000,3.18e-06,3.13e-06,3.16e-06,1746265.0972867,5.52348535,3.16e-06,2.417489596666667,2.045288962307691,2.7937639347058822,3.1566666666666676e-06,3.1661538461538457e-06,3.169411764705882e-06
51,3.16e-06,1553407200,3.17e-06,3.15e-06,3.15e-06,65857.7686807,0.20778497,3.15e-06,2.230239966666667,1.7512630607692292,2.7526562464705884,3.1566666666666676e-06,3.165384615384615e-06,3.166176470588235e-06
52,3.15e-06,1553414400,3.17e-06,3.15e-06,3.16e-06,224254.69656776,0.7065974,3.15e-06,2.1459559066666665,1.765272793846152,2.670602758529412,3.153333333333334e-06,3.1638461538461534e-06,3.1644117647058817e-06
53,3.16e-06,1553421600,3.16e-06,3.14e-06,3.15e-06,411025.98945878,1.29442558,3.14e-06,0.7362693166666668,1.8568547223076903,2.6349047405882353,3.1566666666666676e-06,3.1638461538461534e-06,3.1644117647058817e-06
54,3.13e-06,1553428800,3.16e-06,3.12e-06,3.14e-06,644409.83305467,2.01983589,3.13e-06,1.34028629,1.671662723076921,2.583938332352941,3.1466666666666677e-06,3.1592307692307685e-06,3.164117647058823e-06
55,3.15e-06,1553436000,3.15e-06,3.12e-06,3.14e-06,622413.48555945,1.94821174,3.13e-06,1.7541577366666672,1.7318649823076906,2.557888781764706,3.1466666666666677e-06,3.1569230769230762e-06,3.1647058823529403e-06
56,3.14e-06,1553443200,3.16e-06,3.12e-06,3.14e-06,1209971.5217689,3.80935868,3.14e-06,2.5924687700000004,1.9111068615384594,2.5975730870588234,3.140000000000001e-06,3.1546153846153844e-06,3.1644117647058817e-06
57,3.14e-06,1553450400,3.15e-06,3.13e-06,3.14e-06,678481.54462945,2.12957545,3.13e-06,2.629048623333334,1.9619707492307674,2.633980346176471,3.1433333333333343e-06,3.152307692307692e-06,3.164117647058823e-06
58,3.14e-06,1553457600,3.16e-06,3.13e-06,3.14e-06,620146.34430523,1.95309033,3.14e-06,2.6306748200000007,2.0679644623076903,2.6652929561764704,3.140000000000001e-06,3.15e-06,3.164117647058823e-06
59,3.15e-06,1553464800,3.16e-06,3.14e-06,3.14e-06,370263.86461727,1.16991946,3.15e-06,1.750861746666667,1.8263479853846134,2.631566800588235,3.1433333333333343e-06,3.1492307692307694e-06,3.164117647058823e-06
60,3.14e-06,1553472000,3.16e-06,3.13e-06,3.15e-06,474977.53426117,1.49461618,3.14e-06,1.5392086566666672,1.845068036153844,2.63501001,3.1433333333333343e-06,3.1484615384615385e-06,3.1638235294117645e-06
61,3.14e-06,1553479200,3.14e-06,3.13e-06,3.14e-06,105465.15191854,0.33092462,3.13e-06,0.9984867533333338,1.811328863846152,2.4919820691176473,3.1433333333333343e-06,3.1469230769230776e-06,3.1635294117647055e-06
62,3.13e-06,1553486400,3.16e-06,3.13e-06,3.14e-06,406571.43687504,1.27728703,3.14e-06,1.034275943333334,1.8357778984615365,2.3710445355882355,3.136666666666668e-06,3.1446153846153854e-06,3.1629411764705883e-06
63,3.15e-06,1553493600,3.15e-06,3.13e-06,3.13e-06,623128.67343753,1.95565941,3.13e-06,1.1879570200000005,1.5613297492307674,2.265128923823529,3.140000000000001e-06,3.1446153846153854e-06,3.1629411764705883e-06
64,3.13e-06,1553500800,3.15e-06,3.12e-06,3.13e-06,578695.66151701,1.81653036,3.13e-06,1.6831589333333339,1.685079394615383,2.276109471470588,3.136666666666668e-06,3.142307692307693e-06,3.161764705882353e-06
65,3.12e-06,1553508000,3.14e-06,3.12e-06,3.13e-06,284592.91654248,0.89138229,3.13e-06,1.5545240200000006,1.6992936169230752,2.108402430882353,3.1333333333333344e-06,3.1400000000000004e-06,3.1597058823529412e-06
66,3.07e-06,1553515200,3.12e-06,3.06e-06,3.11e-06,1236056.7377023,3.81598621,3.08e-06,2.174632953333334,1.8932598192307677,2.0984876944117645,3.1066666666666673e-06,3.133076923076924e-06,3.156470588235294e-06
67,3.04e-06,1553522400,3.06e-06,3.02e-06,3.06e-06,1709271.9991308,5.19699857,3.04e-06,3.3014556900000005,2.137656948461537,2.196422726764706,3.076666666666667e-06,3.126153846153847e-06,3.1520588235294114e-06
68,3.08e-06,1553529600,3.09e-06,3.02e-06,3.04e-06,429843.3093785,1.31196219,3.05e-06,3.441648990000001,2.088714675384614,2.035088681764706,3.063333333333334e-06,3.120769230769231e-06,3.1488235294117647e-06
69,3.09e-06,1553536800,3.09e-06,3.08e-06,3.08e-06,23280.16577243,0.07192875,3.08e-06,2.1936298366666676,1.8012200653846142,1.8766116870588236,3.0700000000000007e-06,3.1169230769230775e-06,3.1455882352941176e-06
70,3.09e-06,1553544000,3.09e-06,3.09e-06,3.09e-06,0.0,0.0,3.09e-06,0.4612969800000008,1.637406569230768,1.7855772132352943,3.086666666666667e-06,3.1130769230769234e-06,3.142647058823529e-06
71,3.08e-06,1553551200,3.1e-06,3.07e-06,3.07e-06,109150.05931173,0.33532798,3.07e-06,0.1357522433333341,1.5129633115384602,1.774298811764706,3.0866666666666666e-06,3.1084615384615385e-06,3.1394117647058824e-06
72,3.12e-06,1553558400,3.15e-06,3.09e-06,3.09e-06,517403.19594772,1.62220786,3.13e-06,0.6525119466666675,1.5477547269230756,1.703477816764706,3.096666666666667e-06,3.106153846153846e-06,3.137941176470588e-06
73,3.11e-06,1553565600,3.17e-06,3.11e-06,3.12e-06,1644392.0583864,5.17898558,3.14e-06,2.378840473333334,1.8311677576923062,1.8403753082352943,3.1033333333333334e-06,3.1038461538461536e-06,3.1361764705882353e-06
74,3.08e-06,1553572800,3.13e-06,3.07e-06,3.11e-06,920216.66539101,2.84504558,3.09e-06,3.215413006666667,2.024561677692306,1.9209983985294117,3.1033333333333334e-06,3.099230769230769e-06,3.133823529411765e-06
75,3.1e-06,1553580000,3.1e-06,3.07e-06,3.07e-06,700930.88267562,2.15535512,3.07e-06,3.39312876,2.0921053769230755,1.8541755526470587,3.096666666666667e-06,3.096923076923077e-06,3.131176470588235e-06
76,3.11e-06,1553587200,3.12e-06,3.09e-06,3.1e-06,349881.22900768,1.0870734,3.1e-06,2.0291580333333337,2.025291068461537,1.8518664652941172,3.096666666666667e-06,3.0938461538461537e-06,3.129117647058823e-06
77,3.09e-06,1553594400,3.14e-06,3.07e-06,3.12e-06,2032835.4502891,6.27131059,3.08e-06,3.17124637,2.3679664707692294,1.9928104752941176,3.0999999999999995e-06,3.0907692307692305e-06,3.1267647058823526e-06
78,3.07e-06,1553601600,3.16e-06,3.06e-06,3.08e-06,3699202.2459005,11.51608166,3.11e-06,6.29148855,3.1852510376923058,2.288332144411765,3.0899999999999992e-06,3.0869230769230773e-06,3.1238235294117645e-06
79,3.06e-06,1553608800,3.1e-06,3.06e-06,3.08e-06,383775.49566084,1.17586668,3.06e-06,6.321086309999999,2.982164919999998,2.305999633235294,3.073333333333332e-06,3.0861538461538464e-06,3.1205882352941174e-06
80,3.04e-06,1553616000,3.09e-06,3.04e-06,3.08e-06,241384.75910846,0.73885,3.06e-06,4.476932779999999,2.639230414615383,2.2009383491176466,3.0566666666666652e-06,3.0861538461538464e-06,3.1170588235294113e-06
81,3.01e-06,1553623200,3.08e-06,3e-06,3.05e-06,2642217.3146441,7.99189054,3.02e-06,3.3022024066666664,3.153071056923075,2.399192320294117,3.0366666666666654e-06,3.080769230769231e-06,3.112941176470588e-06
82,3.06e-06,1553630400,3.08e-06,3e-06,3.01e-06,1236136.5742432,3.74104633,3.02e-06,4.157262289999999,3.435310870769229,2.4865897458823527,3.0366666666666654e-06,3.078461538461539e-06,3.1099999999999994e-06
83,3.07e-06,1553637600,3.07e-06,3.05e-06,3.06e-06,828382.89835857,2.54274545,3.06e-06,4.7585607733333335,3.6309066746153826,2.5331572714705883,3.0466666666666653e-06,3.076923076923078e-06,3.10735294117647e-06
84,3.04e-06,1553644800,3.08e-06,3.03e-06,3.07e-06,756208.20882875,2.30964596,3.05e-06,2.8644792466666664,3.7827772884615363,2.4386325835294116,3.0566666666666652e-06,3.0738461538461547e-06,3.104117647058823e-06
85,3.08e-06,1553652000,3.09e-06,3.03e-06,3.03e-06,1085530.9752822,3.33949826,3.07e-06,2.7306298899999994,3.9148765499999976,2.530741797941176,3.063333333333332e-06,3.0707692307692316e-06,3.1017647058823524e-06
86,3.09e-06,1553659200,3.09e-06,3.05e-06,3.08e-06,657756.96274628,2.02039028,3.07e-06,2.5565114999999996,3.671907680769228,2.5693827649999994,3.0699999999999994e-06,3.0692307692307698e-06,3.0999999999999995e-06
87,3.11e-06,1553666400,3.11e-06,3.07e-06,3.09e-06,972813.90862118,3.01070521,3.09e-06,2.7901979166666657,3.684650729230767,2.6198615776470584,3.0933333333333327e-06,3.0715384615384625e-06,3.0985294117647053e-06
88,3.09e-06,1553673600,3.11e-06,3.09e-06,3.11e-06,427761.84699279,1.32596338,3.09e-06,2.1190196233333323,3.6208513646153815,2.5994535626470587,3.0966666666666657e-06,3.0707692307692316e-06,3.09735294117647e-06
89,3.09e-06,1553680800,3.11e-06,3.09e-06,3.1e-06,505124.7452455,1.56784688,3.1e-06,1.9681718233333323,3.6578339399999966,2.588266360882353,3.0966666666666657e-06,3.0692307692307698e-06,3.095588235294117e-06
90,3.09e-06,1553688000,3.1e-06,3.07e-06,3.1e-06,745037.51900957,2.29519571,3.08e-06,1.7296686566666661,3.3519789492307663,2.5437321558823527,3.0899999999999992e-06,3.0692307692307698e-06,3.094117647058823e-06
91,3.08e-06,1553695200,3.1e-06,3.06e-06,3.09e-06,494458.82618274,1.5180331,3.07e-06,1.7936918966666662,2.5828982907692275,2.52574561617647,3.0866666666666666e-06,3.0700000000000003e-06,3.09235294117647e-06
92,3.09e-06,1553702400,3.1e-06,3.07e-06,3.09e-06,930114.83962907,2.87246929,3.08e-06,2.228566033333333,2.7134061838461507,2.552786173823529,3.0866666666666666e-06,3.0723076923076925e-06,3.090882352941176e-06
93,3.04e-06,1553709600,3.09e-06,3e-06,3.09e-06,2861078.8644979,8.704057,3.04e-06,4.364853129999999,3.3261144146153816,2.7743784544117642,3.0699999999999994e-06,3.0723076923076925e-06,3.087647058823529e-06
94,3.06e-06,1553716800,3.08e-06,3.03e-06,3.03e-06,336895.39827688,1.03102452,3.06e-06,4.202516936666666,2.7906631823076893,2.760743405588235,3.063333333333333e-06,3.076153846153846e-06,3.0852941176470583e-06
95,3.12e-06,1553724000,3.13e-06,3.07e-06,3.07e-06,1817677.6963444,5.63434031,3.09e-06,5.123140609999999,2.9363011807692274,2.9167262199999997,3.0733333333333333e-06,3.0807692307692306e-06,3.0847058823529407e-06
96,3.12e-06,1553731200,3.14e-06,3.1e-06,3.13e-06,631077.6943421,1.97132069,3.12e-06,2.878895173333333,2.8923454299999967,2.9371389747058823,3.1000000000000004e-06,3.084615384615384e-06,3.0844117647058816e-06
97,3.1e-06,1553738400,3.13e-06,3.08e-06,3.12e-06,326960.47603821,1.012501,3.09e-06,2.872720666666666,2.7925650484615354,2.909399021470588,3.1133333333333333e-06,3.0892307692307687e-06,3.0829411764705874e-06
98,3.06e-06,1553745600,3.09e-06,3.05e-06,3.09e-06,1074291.1194135,3.28913313,3.06e-06,2.0909849399999993,2.788690807692305,2.952710867647059,3.093333333333333e-06,3.0876923076923074e-06,3.0808823529411755e-06
99,3.06e-06,1553752800,3.06e-06,3.04e-06,3.06e-06,558998.3907227,1.70267512,3.04e-06,2.001436416666666,2.7642511799999974,2.976572421470588,3.073333333333333e-06,3.0853846153846156e-06,3.0791176470588227e-06
100,3.03e-06,1553760000,3.06e-06,3.03e-06,3.06e-06,662764.84533695,2.0152416,3.04e-06,2.3356832833333327,2.687677056153844,2.923609344705882,3.0499999999999996e-06,3.079230769230769e-06,3.077941176470588e-06
101,3.03e-06,1553767200,3.04e-06,3.01e-06,3.03e-06,1055649.3765924,3.18740117,3.01e-06,2.301772629999999,2.8308645784615365,2.864503538823529,3.0399999999999997e-06,3.0746153846153843e-06,3.077647058823529e-06
102,3.03e-06,1553774400,3.04e-06,3.02e-06,3.03e-06,325863.45288244,0.98638565,3.02e-06,2.063009473333332,2.78613679153846,2.8549277582352937,3.03e-06,3.0700000000000003e-06,3.076176470588235e-06
103,3.06e-06,1553781600,3.1e-06,3.02e-06,3.03e-06,1867976.0272883,5.71430661,3.05e-06,3.2960311433333325,3.0491453223076905,3.0208800482352935,3.0399999999999997e-06,3.067692307692308e-06,3.0752941176470584e-06
104,3.04e-06,1553788800,3.08e-06,3.04e-06,3.06e-06,599496.4813582,1.83349667,3.05e-06,2.844729643333333,3.0734117507692296,3.0748064208823522,3.043333333333333e-06,3.064615384615385e-06,3.073823529411764e-06
105,3.07e-06,1553796000,3.08e-06,3.04e-06,3.06e-06,95710.34287425,0.29314234,3.06e-06,2.6136485399999994,2.8750019853846145,3.073565666764705,3.056666666666666e-06,3.063076923076924e-06,3.073529411764705e-06
106,3.08e-06,1553803200,3.1e-06,3.07e-06,3.09e-06,492168.45549585,1.51728245,3.08e-06,1.2146404866666662,2.3221731738461533,3.0704796252941167,3.0633333333333334e-06,3.0661538461538466e-06,3.0723529411764703e-06
107,3.06e-06,1553810400,3.09e-06,3.04e-06,3.08e-06,197687.75910954,0.60390088,3.05e-06,0.8047752233333331,2.289317509230769,2.9359183105882343,3.07e-06,3.0661538461538466e-06,3.070882352941176e-06
108,3.02e-06,1553817600,3.06e-06,3.02e-06,3.06e-06,2425876.3753968,7.35080349,3.03e-06,3.1573289399999998,2.421353138461538,3.0684406020588226,3.0533333333333335e-06,3.0584615384615394e-06,3.0691176470588228e-06
109,3.02e-06,1553824800,3.03e-06,2.99e-06,3.02e-06,1421078.224087,4.27219554,3e-06,4.075633303333333,2.598343511538461,3.1307006144117637,3.0333333333333337e-06,3.050769230769232e-06,3.0667647058823523e-06
110,3.03e-06,1553832000,3.04e-06,3.01e-06,3.02e-06,724900.09799578,2.19340598,3.02e-06,4.605468336666667,2.6891823561538457,3.1632398079411757,3.0233333333333338e-06,3.0453846153846164e-06,3.064411764705882e-06
111,3.03e-06,1553839200,3.03e-06,3e-06,3.03e-06,198734.35924935,0.59916791,3.01e-06,2.3549231433333335,2.482261954615384,2.9964120820588227,3.026666666666667e-06,3.0430769230769237e-06,3.062647058823529e-06
112,3.02e-06,1553846400,3.05e-06,3e-06,3.01e-06,1143026.768537,3.44691736,3.01e-06,2.079830416666667,2.6164344346153836,2.759083720294117,3.026666666666667e-06,3.0400000000000005e-06,3.0611764705882347e-06
113,2.99e-06,1553853600,3.01e-06,2.98e-06,3.01e-06,994387.86180242,2.97316055,2.98e-06,2.339748606666667,2.6901205076923067,2.811945304705882,3.013333333333334e-06,3.0369230769230774e-06,3.059117647058823e-06
114,2.99e-06,1553860800,3.02e-06,2.99e-06,2.99e-06,812621.76901515,2.43971912,3e-06,2.9532656766666663,2.632606503846153,2.8619708670588233,3.0000000000000005e-06,3.033846153846154e-06,3.0576470588235286e-06
115,2.97e-06,1553868000,3.01e-06,2.95e-06,3e-06,2056238.9516969,6.10567089,2.96e-06,3.8395168533333326,3.0263976761538447,2.8064938185294115,2.983333333333334e-06,3.0292307692307697e-06,3.056470588235293e-06
116,2.91e-06,1553875200,2.96e-06,2.84e-06,2.96e-06,5275570.9251228,15.29336609,2.89e-06,7.946252033333333,3.763248405384614,3.1462679291176467,2.956666666666667e-06,3.017692307692308e-06,3.0520588235294106e-06
117,2.95e-06,1553882400,2.96e-06,2.91e-06,2.91e-06,1518297.8284098,4.44969908,2.93e-06,8.616245353333333,3.9644947446153833,3.2023548005882354,2.943333333333334e-06,3.010769230769231e-06,3.048529411764705e-06
118,2.97e-06,1553889600,2.97e-06,2.93e-06,2.96e-06,1344579.7327101,3.95341788,2.94e-06,7.898827683333334,4.246054401538459,3.250701033529412,2.943333333333334e-06,3.003076923076923e-06,3.046470588235293e-06
119,2.93e-06,1553896800,2.98e-06,2.9e-06,2.96e-06,1140989.547286,3.33023245,2.91e-06,3.911116470000001,4.385512093846152,3.2504285097058823,2.9500000000000006e-06,2.9915384615384615e-06,3.0420588235294107e-06
120,2.99e-06,1553904000,3.01e-06,2.93e-06,2.93e-06,2420352.852268,7.19822958,2.97e-06,4.827293303333334,4.892768147692305,3.402717900882353,2.963333333333334e-06,2.986153846153846e-06,3.039117647058822e-06
121,2.98e-06,1553911200,3e-06,2.96e-06,2.99e-06,668621.7757077,1.9869599,2.97e-06,4.171807310000001,4.480164794615383,3.3726077447058826,2.966666666666667e-06,2.983076923076923e-06,3.0352941176470575e-06
122,3e-06,1553918400,3e-06,2.97e-06,2.97e-06,381569.00931883,1.14318906,2.99e-06,3.4427928466666677,4.239471988461537,3.3672320294117646,2.99e-06,2.981538461538461e-06,3.0326470588235284e-06
123,2.98e-06,1553925600,3.03e-06,2.97e-06,2.99e-06,923764.89482233,2.7818323,3.01e-06,1.9706604200000009,4.284735551538459,3.4029374829411765,2.9866666666666667e-06,2.9776923076923076e-06,3.0294117647058813e-06
124,2.96e-06,1553932800,3e-06,2.94e-06,2.98e-06,281824.54214212,0.83281843,2.95e-06,1.5859465966666673,4.302708668461536,3.359926386470588,2.9800000000000003e-06,2.972307692307692e-06,3.0255882352941166e-06
125,2.99e-06,1553940000,2.99e-06,2.95e-06,2.96e-06,77222.87645973,0.22926002,2.96e-06,1.281303583333334,4.055196565384613,3.322021295882353,2.976666666666667e-06,2.9699999999999995e-06,3.022941176470587e-06
126,2.99e-06,1553947200,3.01e-06,2.98e-06,2.99e-06,167578.84578592,0.5029358,3e-06,0.5216714166666674,3.8651792769230746,3.252329134411765,2.9800000000000003e-06,2.97e-06,3.0199999999999986e-06
127,2.99e-06,1553954400,3.01e-06,2.96e-06,2.98e-06,464533.50029031,1.38846218,2.98e-06,0.7068860000000007,3.784313358461536,3.037164580882353,2.99e-06,2.97e-06,3.0185294117647048e-06
128,2.97e-06,1553961600,3e-06,2.97e-06,2.99e-06,187901.5066482,0.56128307,2.98e-06,0.8175603500000007,3.357821987692305,3.0233486558823532,2.9833333333333337e-06,2.97e-06,3.015882352941175e-06
129,2.96e-06,1553968800,2.99e-06,2.95e-06,2.97e-06,33606.62031817,0.09981677,2.97e-06,0.6831873400000007,2.189087424615382,2.860568551764706,2.973333333333334e-06,2.973846153846154e-06,3.011176470588234e-06
130,2.99e-06,1553976000,2.99e-06,2.95e-06,2.96e-06,214007.71955042,0.63828208,2.98e-06,0.4331273066666674,1.8959015015384593,2.82136153382353,2.973333333333334e-06,2.9769230769230767e-06,3.0073529411764692e-06
131,2.99e-06,1553983200,2.99e-06,2.96e-06,2.98e-06,89026.34954376,0.26588269,2.98e-06,0.334660513333334,1.6122449484615362,2.799402171764706,2.9800000000000003e-06,2.9784615384615385e-06,3.004117647058822e-06
132,3e-06,1553990400,3e-06,2.97e-06,2.99e-06,532898.41416181,1.59460761,2.99e-06,0.8329241266666675,1.4787353453846133,2.7495631858823533,2.9933333333333336e-06,2.983846153846154e-06,3.0023529411764693e-06
133,2.98e-06,1553997600,2.99e-06,2.96e-06,2.99e-06,215518.64838535,0.64011456,2.97e-06,0.8335349533333343,0.9742649592307671,2.718311404705883,2.99e-06,2.9830769230769234e-06,2.999999999999999e-06
134,2.98e-06,1554004800,2.99e-06,2.96e-06,2.96e-06,1236697.761269,3.67116213,2.96e-06,1.968628100000001,1.1038189769230746,2.767014949705883,2.9866666666666667e-06,2.9830769230769234e-06,2.9985294117647046e-06
135,2.98e-06,1554012000,2.98e-06,2.96e-06,2.97e-06,140208.55495214,0.41536709,2.96e-06,1.5755479266666679,1.0478326715384594,2.6854845355882357,2.9800000000000003e-06,2.981538461538462e-06,2.9970588235294103e-06
136,2.99e-06,1554019200,2.99e-06,2.96e-06,2.97e-06,142732.43534337,0.42596239,2.98e-06,1.5041638700000013,0.8666119092307671,2.669001498529412,2.9833333333333337e-06,2.982307692307693e-06,2.995882352941175e-06
137,3e-06,1554026400,3.02e-06,2.98e-06,2.99e-06,545069.10033401,1.63583852,3e-06,0.825722666666668,0.9283826853846133,2.5490465547058827,2.99e-06,2.985384615384616e-06,2.9941176470588222e-06
138,2.99e-06,1554033600,3e-06,2.97e-06,3e-06,143791.58402586,0.4292327,2.98e-06,0.8303445366666681,0.9437651992307672,2.5077446732352944,2.9933333333333336e-06,2.9853846153846165e-06,2.992647058823528e-06
139,3.03e-06,1554040800,3.03e-06,2.99e-06,3e-06,164304.54592259,0.4954516,3.01e-06,0.853507606666668,0.9431894915384595,2.5136949455882354,3.0066666666666665e-06,2.98846153846154e-06,2.9914705882352927e-06
140,3.07e-06,1554048000,3.07e-06,3.03e-06,3.03e-06,864455.80125784,2.64101469,3.05e-06,1.1885663300000013,1.0395396846153828,2.54674589382353,3.03e-06,2.9946153846153864e-06,2.9911764705882337e-06
141,3.06e-06,1554055200,3.07e-06,3.04e-06,3.07e-06,449760.17020635,1.37263244,3.05e-06,1.5030329100000015,1.1019511746153827,2.5693556455882356,3.053333333333333e-06,3.001538461538463e-06,2.9911764705882337e-06
142,3.05e-06,1554062400,3.08e-06,3.03e-06,3.04e-06,1630699.5597567,4.9621201,3.04e-06,2.991922410000002,1.4759745076923059,2.499100251764706,3.0599999999999995e-06,3.0084615384615403e-06,2.9920588235294108e-06
143,3.06e-06,1554069600,3.06e-06,3.03e-06,3.06e-06,138208.1511161,0.42131177,3.04e-06,2.252021436666668,1.459284483846152,2.385838964411765,3.056666666666666e-06,3.013846153846156e-06,2.993235294117646e-06
144,3.13e-06,1554076800,3.14e-06,3.07e-06,3.07e-06,5100094.7568969,15.79456965,3.09e-06,7.059333840000002,2.6537988653846134,2.78587319,3.0799999999999997e-06,3.0246153846153865e-06,2.9961764705882345e-06
145,3.1e-06,1554084000,3.14e-06,3.09e-06,3.13e-06,704756.30711546,2.20556384,3.12e-06,6.140481753333336,2.7007954984615363,2.8331201291176473,3.096666666666667e-06,3.032307692307694e-06,2.998235294117646e-06
146,3.12e-06,1554091200,3.13e-06,3.09e-06,3.1e-06,386352.17686496,1.20493308,3.11e-06,6.401688856666669,2.744243076923075,2.767179415,3.116666666666667e-06,3.0430769230769245e-06,3.0011764705882345e-06
147,3.1e-06,1554098400,3.12e-06,3.09e-06,3.12e-06,1147440.1399737,3.55600882,3.09e-06,2.322168580000002,2.7353851299999983,2.784322011176471,3.106666666666667e-06,3.052307692307694e-06,3.004411764705881e-06
148,3.14e-06,1554105600,3.15e-06,3.1e-06,3.1e-06,940663.52401607,2.94339075,3.12e-06,2.568110883333335,2.9298484884615372,2.799135882647059,3.1200000000000006e-06,3.064615384615386e-06,3.008823529411764e-06
149,3.13e-06,1554112800,3.16e-06,3.13e-06,3.13e-06,1908388.3613374,6.01450923,3.15e-06,4.171302933333335,3.3597367069230755,2.7964546573529416,3.123333333333334e-06,3.075384615384617e-06,3.0135294117647053e-06
150,3.17e-06,1554120000,3.17e-06,3.12e-06,3.13e-06,851458.24391943,2.67481689,3.14e-06,3.8775722900000016,3.439658119999999,2.4253208573529417,3.146666666666667e-06,3.08846153846154e-06,3.0211764705882347e-06
151,3.15e-06,1554127200,3.19e-06,3.15e-06,3.16e-06,867317.91989237,2.74477397,3.16e-06,3.8113666966666684,3.6177766792307677,2.375176001176471,3.1500000000000003e-06,3.1007692307692326e-06,3.027058823529411e-06
152,3.13e-06,1554134400,3.17e-06,3.11e-06,3.16e-06,487553.98158057,1.53096226,3.14e-06,2.3168510400000013,3.697431345384614,2.3039273064705883,3.1500000000000003e-06,3.1084615384615406e-06,3.0317647058823522e-06
153,3.16e-06,1554141600,3.19e-06,3.11e-06,3.13e-06,1019339.1579631,3.20689421,3.14e-06,2.494210146666668,3.740960539230768,2.300299711176471,3.146666666666667e-06,3.115384615384617e-06,3.0385294117647054e-06
154,3.16e-06,1554148800,3.18e-06,3.14e-06,3.18e-06,1891225.613422,5.95599378,3.14e-06,3.564616750000001,4.093526796153845,2.263763364117647,3.1500000000000003e-06,3.1230769230769246e-06,3.043529411764706e-06
155,3.13e-06,1554156000,3.16e-06,3.12e-06,3.15e-06,528963.01914648,1.66104065,3.14e-06,3.6079762133333353,3.8395976076923066,2.25417750382353,3.1500000000000003e-06,3.1292307692307705e-06,3.047941176470588e-06
156,3.15e-06,1554163200,3.15e-06,3.11e-06,3.11e-06,1388440.1844999,4.32970383,3.11e-06,3.9822460866666685,4.140243150769229,2.3478985264705887,3.146666666666667e-06,3.1361538461538477e-06,3.05235294117647e-06
157,3.19e-06,1554170400,3.21e-06,3.15e-06,3.15e-06,2298471.5189894,7.31619704,3.18e-06,4.435647173333336,3.488060642307691,2.481262195294118,3.156666666666667e-06,3.140769230769232e-06,3.0585294117647052e-06
158,2.93e-06,1554177600,3.2e-06,2.87e-06,3.19e-06,7192941.5434371,21.96337874,3.05e-06,11.203093203333337,5.007892557692307,3.102749263235294,3.0899999999999996e-06,3.127692307692309e-06,3.057647058823529e-06
159,3.07e-06,1554184800,3.1e-06,2.93e-06,2.93e-06,3322665.1331513,10.10499196,3.04e-06,13.12818924666667,5.6925124715384605,3.3932119673529417,3.063333333333333e-06,3.123846153846156e-06,3.0599999999999995e-06
160,3.03e-06,1554192000,3.07e-06,2.99e-06,3.07e-06,569626.67915204,1.72521478,3.02e-06,11.264528493333337,5.55168216076923,3.4291613491176474,3.0099999999999996e-06,3.11846153846154e-06,3.061176470588235e-06
161,2.99e-06,1554199200,3.05e-06,2.98e-06,3.02e-06,773532.84339711,2.33741462,3.02e-06,4.722540453333337,5.505068612307691,3.4570717150000005,3.03e-06,3.106923076923079e-06,3.061176470588235e-06
162,2.95e-06,1554206400,3e-06,2.9e-06,2.99e-06,2530665.8050518,7.44248212,2.94e-06,3.835037173333337,5.614912680769229,3.659459922352941,2.99e-06,3.093076923076925e-06,3.0605882352941175e-06
163,2.94e-06,1554213600,2.98e-06,2.88e-06,2.96e-06,2797117.1568313,8.16527176,2.91e-06,5.981722833333336,6.0372553630769215,3.896679186764706,2.96e-06,3.0753846153846173e-06,3.06e-06
164,2.95e-06,1554220800,3.01e-06,2.92e-06,2.94e-06,2389149.10971,7.08576543,2.96e-06,7.56450643666667,6.371177783076921,4.08631105,2.9466666666666667e-06,3.0600000000000016e-06,3.058823529411765e-06
165,2.98e-06,1554228000,3e-06,2.93e-06,2.95e-06,1077661.9909109,3.20821109,2.97e-06,6.153082760000003,6.500196923846152,4.172850120588235,2.9566666666666666e-06,3.0484615384615404e-06,3.058529411764706e-06
166,2.94e-06,1554235200,3e-06,2.93e-06,2.98e-06,1199936.0133096,3.55492683,2.96e-06,4.616301116666669,6.526968663846152,4.230506568235294,2.956666666666667e-06,3.031538461538464e-06,3.056764705882353e-06
167,3.02e-06,1554242400,3.04e-06,2.91e-06,2.94e-06,3129636.3992366,9.29110146,2.96e-06,5.351413126666668,6.783515408461538,4.484947359411764,2.9800000000000003e-06,3.0207692307692333e-06,3.057941176470588e-06
168,2.94e-06,1554249600,3.03e-06,2.93e-06,3.01e-06,1646749.5260165,4.88419455,2.96e-06,5.910074280000003,7.031450323846153,4.520624783529411,2.966666666666667e-06,3.0061538461538493e-06,3.056764705882353e-06
169,2.89e-06,1554256800,3.01e-06,2.88e-06,2.93e-06,5889371.9724082,17.21372909,2.92e-06,10.46300836666667,8.022529189999998,5.014694254117647,2.9500000000000006e-06,2.986153846153849e-06,3.054117647058823e-06
170,2.97e-06,1554264000,2.99e-06,2.88e-06,2.88e-06,2246270.9166565,6.62470818,2.94e-06,9.57421060666667,7.969337739230768,5.197010306764706,2.933333333333334e-06,2.969230769230772e-06,3.0535294117647053e-06
171,2.97e-06,1554271200,3.02e-06,2.96e-06,2.96e-06,1175989.4776762,3.50898395,2.98e-06,9.115807073333338,6.549768909230768,5.252102819411765,2.943333333333334e-06,2.972307692307695e-06,3.0526470588235282e-06
172,2.96e-06,1554278400,2.98e-06,2.89e-06,2.97e-06,2354876.7760085,6.89890074,2.92e-06,5.677530956666669,6.303146507692306,5.442387173529411,2.9666666666666678e-06,2.963846153846156e-06,3.051764705882352e-06
173,2.97e-06,1554285600,2.98e-06,2.96e-06,2.96e-06,576698.55478161,1.71481663,2.97e-06,4.040900440000004,6.302346649999999,5.478250850882353,2.9666666666666678e-06,2.9592307692307717e-06,3.0499999999999988e-06
174,2.98e-06,1554292800,3.01e-06,2.95e-06,2.98e-06,2024859.7854909,6.01403269,2.97e-06,4.87591668666667,6.5851634246153825,5.577457262647059,2.9700000000000008e-06,2.9584615384615412e-06,3.0473529411764697e-06
175,3.16e-06,1554300000,3.17e-06,2.98e-06,2.99e-06,2971655.9897572,9.257263,3.11e-06,5.662037440000003,6.724761953846151,5.8093581614705885,3.0366666666666675e-06,2.9746153846153874e-06,3.0502941176470578e-06
176,3.06e-06,1554307200,3.16e-06,3.02e-06,3.16e-06,3460165.7047955,10.60926266,3.06e-06,8.626852783333335,6.912761253846152,5.975450589705883,3.0666666666666672e-06,2.9838461538461564e-06,3.0505882352941164e-06
177,3.08e-06,1554314400,3.13e-06,3.06e-06,3.06e-06,898050.57441497,2.78405557,3.1e-06,7.5501937433333355,6.581860495384614,6.044943054411766,3.1000000000000004e-06,2.9938461538461563e-06,3.0511764705882344e-06
178,3.03e-06,1554321600,3.09e-06,3e-06,3.09e-06,2547321.2190318,7.71249293,3.02e-06,7.03527038666667,6.928343713846152,5.807234915588236,3.056666666666667e-06,2.99769230769231e-06,3.048235294117646e-06
179,2.96e-06,1554328800,3.06e-06,2.95e-06,3.04e-06,3041979.1121178,9.10187078,2.99e-06,6.53280642666667,7.355031709999998,6.0100674726470595,3.0233333333333338e-06,2.9992307692307713e-06,3.0441176470588226e-06
180,2.97e-06,1554336000,2.99e-06,2.93e-06,2.95e-06,2438083.2510921,7.18995368,2.94e-06,8.001439130000003,7.193404957692307,6.186097490294119,2.9866666666666676e-06,2.9953846153846173e-06,3.0397058823529402e-06
181,2.99e-06,1554343200,3.03e-06,2.96e-06,2.97e-06,2807774.793677,8.39024525,2.98e-06,8.227356570000003,7.4631011653846135,6.328280914705884,2.9733333333333342e-06,2.9992307692307713e-06,3.036470588235293e-06
182,3e-06,1554350400,3e-06,2.96e-06,2.99e-06,421919.92834455,1.25783618,2.98e-06,5.612678370000005,6.235724787692305,6.2787057802941195,2.9866666666666676e-06,3.0076923076923094e-06,3.03235294117647e-06
183,3.04e-06,1554357600,3.04e-06,2.98e-06,3e-06,2164283.6588063,6.51803772,3.01e-06,5.388706383333338,6.227519367692305,6.293515441764708,3.0100000000000004e-06,3.0130769230769244e-06,3.02970588235294e-06
184,2.99e-06,1554364800,3.06e-06,2.97e-06,3.03e-06,3888130.8571813,11.73027426,3.01e-06,6.502049386666672,6.859926314615382,6.559852423235296,3.0100000000000004e-06,3.0146153846153858e-06,3.0244117647058814e-06
185,2.97e-06,1554372000,3.01e-06,2.95e-06,2.98e-06,2172343.6473876,6.46919006,2.97e-06,8.23916734666667,6.826871646923075,6.669394072941178,3.0000000000000005e-06,3.0153846153846166e-06,3.0191176470588224e-06
186,2.97e-06,1554379200,3.02e-06,2.95e-06,2.97e-06,2036623.3967349,6.0647972,2.97e-06,8.088087173333339,7.161485536923075,6.802742159411766,2.9766666666666677e-06,3.0153846153846166e-06,3.014411764705881e-06
187,2.94e-06,1554386400,2.97e-06,2.92e-06,2.96e-06,1429203.188809,4.20794761,2.94e-06,5.580644956666672,7.022555915384614,6.832184906470589,2.960000000000001e-06,3.0123076923076935e-06,3.0079411764705864e-06
188,2.97e-06,1554393600,3e-06,2.93e-06,2.94e-06,2190818.7766866,6.49831781,2.96e-06,5.590354206666672,6.810329362307692,6.848135613235295,2.960000000000001e-06,2.9976923076923095e-06,3.0023529411764684e-06
189,2.94e-06,1554400800,3e-06,2.94e-06,2.97e-06,2073639.2390691,6.1522898,2.96e-06,5.619518406666671,6.467485296153845,6.980231176470589,2.9500000000000006e-06,2.98846153846154e-06,2.9967647058823504e-06
190,2.96e-06,1554408000,2.98e-06,2.93e-06,2.94e-06,1323265.1344157,3.91001761,2.95e-06,5.520208406666671,6.5540977607692295,6.9678874641176485,2.956666666666667e-06,2.979230769230771e-06,2.991176470588233e-06
191,2.94e-06,1554415200,2.98e-06,2.92e-06,2.96e-06,991524.63536662,2.9081835,2.93e-06,4.323496970000004,6.1845354969230755,6.838240007058825,2.9466666666666667e-06,2.972307692307694e-06,2.9838235294117624e-06
192,2.93e-06,1554422400,2.97e-06,2.89e-06,2.92e-06,1254629.3402082,3.68393164,2.93e-06,3.5007109166666712,5.7677709476923065,6.300609210000002,2.943333333333334e-06,2.970000000000002e-06,2.9838235294117624e-06
193,2.95e-06,1554429600,2.96e-06,2.93e-06,2.93e-06,813320.28050531,2.39376129,2.94e-06,2.9952921433333377,5.39883307153846,6.073808307941178,2.9400000000000007e-06,2.9684615384615403e-06,2.9802941176470567e-06
194,3.01e-06,1554436800,3.01e-06,2.94e-06,2.95e-06,737836.60588294,2.20335571,2.98e-06,2.760349546666671,4.92291849153846,6.08787127647059,2.963333333333334e-06,2.970000000000002e-06,2.9797058823529387e-06
195,3.01e-06,1554444000,3.03e-06,3e-06,3e-06,515345.22225761,1.55699642,3.02e-06,2.0513711400000045,4.945930817692306,6.064917800000002,2.99e-06,2.970769230769233e-06,2.9802941176470567e-06
196,2.99e-06,1554451200,3.02e-06,2.98e-06,3e-06,707588.05676884,2.12219718,2.99e-06,1.960849770000004,4.607789237692305,5.908438831176473,3.0033333333333335e-06,2.9669230769230793e-06,2.9814705882352916e-06
197,3e-06,1554458400,3.01e-06,2.98e-06,3.01e-06,765171.54268984,2.29387318,2.99e-06,1.991022260000004,3.8819122315384593,5.735750637647061,3e-06,2.96769230769231e-06,2.983235294117645e-06
198,2.97e-06,1554465600,3.01e-06,2.96e-06,3e-06,1905752.4350504,5.69017694,2.98e-06,3.3687491000000036,3.821988145384613,5.694703917352943,2.9866666666666667e-06,2.96769230769231e-06,2.9838235294117624e-06
199,2.98e-06,1554472800,3e-06,2.93e-06,2.97e-06,1777034.3978224,5.26458883,2.96e-06,4.416212983333337,3.7604336553846127,5.755185615588237,2.9833333333333337e-06,2.9684615384615407e-06,2.9838235294117624e-06
200,2.94e-06,1554480000,2.99e-06,2.94e-06,2.99e-06,1355866.3983652,4.01395638,2.96e-06,4.989574050000003,3.745511253076921,5.768686484705884,2.963333333333333e-06,2.9684615384615407e-06,2.9838235294117624e-06
201,2.97e-06,1554487200,2.98e-06,2.94e-06,2.95e-06,555040.34296544,1.64231944,2.95e-06,3.64028821666667,3.3719729169230748,5.5437223076470605,2.963333333333333e-06,2.9684615384615407e-06,2.982352941176468e-06
202,2.98e-06,1554494400,2.98e-06,2.95e-06,2.98e-06,86234.4770902,0.25594798,2.96e-06,1.9707412666666697,2.9184081615384594,5.407597408529414,2.963333333333333e-06,2.971538461538464e-06,2.9835294117647034e-06
203,2.98e-06,1554501600,2.99e-06,2.96e-06,2.98e-06,303822.5647797,0.90549567,2.98e-06,0.9345876966666697,2.6872910892307678,4.927943484411767,2.976666666666667e-06,2.9730769230769256e-06,2.9861764705882333e-06
204,3e-06,1554508800,3e-06,2.98e-06,2.98e-06,204159.88238184,0.61049957,2.99e-06,0.5906477400000031,2.51054617153846,4.751054995882355,2.9866666666666667e-06,2.9776923076923097e-06,2.98705882352941e-06
205,2.99e-06,1554516000,3e-06,2.96e-06,2.98e-06,287845.8652492,0.85969242,2.98e-06,0.7918958866666697,2.2932970007692295,4.6731346567647085,2.99e-06,2.9823076923076942e-06,2.987647058823528e-06
206,3e-06,1554523200,3e-06,2.97e-06,2.97e-06,107892.77644598,0.32287041,2.99e-06,0.5976874666666697,2.133997702307691,4.479722000000002,2.9966666666666666e-06,2.9861538461538483e-06,2.9888235294117632e-06
207,2.98e-06,1554530400,3e-06,2.95e-06,2.99e-06,1417372.9915682,4.22671135,2.98e-06,1.8030913933333366,2.289640443846152,4.553601256470591,2.99e-06,2.983846153846156e-06,2.9891176470588223e-06
208,2.97e-06,1554537600,2.99e-06,2.95e-06,2.99e-06,275691.17728528,0.82061403,2.97e-06,1.7900652633333365,2.232995644615383,4.400853648823532,2.9833333333333337e-06,2.980769230769233e-06,2.9888235294117632e-06
209,2.97e-06,1554544800,3e-06,2.96e-06,2.97e-06,551677.42973691,1.64516976,2.98e-06,2.230831713333336,2.1963012276923064,4.176968553529414,2.973333333333334e-06,2.9792307692307715e-06,2.9832352941176453e-06
210,2.97e-06,1554552000,2.99e-06,2.95e-06,2.99e-06,326337.42226938,0.96761275,2.96e-06,1.1444655133333361,2.0942811946153834,3.893390615000002,2.9700000000000004e-06,2.9769230769230792e-06,2.9805882352941158e-06
211,2.98e-06,1554559200,3e-06,2.95e-06,2.97e-06,1347160.6165775,4.00111471,2.97e-06,2.20463240666667,1.9643533307692294,3.929186472058826,2.973333333333334e-06,2.97769230769231e-06,2.9776470588235273e-06
212,2.96e-06,1554566400,2.98e-06,2.93e-06,2.98e-06,2068103.0602474,6.09105812,2.94e-06,3.686595193333336,2.02792789153846,3.8814972129411793,2.9700000000000004e-06,2.9761538461538483e-06,2.9755882352941154e-06
213,2.96e-06,1554573600,2.97e-06,2.95e-06,2.96e-06,739315.17748141,2.18470543,2.95e-06,4.092292753333336,1.8872162799999985,3.678051173235297,2.966666666666667e-06,2.9776923076923097e-06,2.9755882352941154e-06
214,2.91e-06,1554580800,3.01e-06,2.87e-06,2.95e-06,3021758.706618,8.90072135,2.94e-06,5.72549496666667,2.445554888461537,3.728367869411768,2.9433333333333332e-06,2.9730769230769248e-06,2.9738235294117625e-06
215,2.93e-06,1554588000,2.94e-06,2.87e-06,2.89e-06,459652.3955663,1.34150086,2.91e-06,4.142309213333337,2.5290589561538446,3.52105185794118,2.933333333333333e-06,2.969230769230771e-06,2.9720588235294097e-06
216,2.92e-06,1554595200,2.94e-06,2.91e-06,2.93e-06,298425.84279637,0.87143758,2.92e-06,3.7045532633333367,2.5264391030769215,3.5096871932352975,2.9199999999999996e-06,2.9646153846153862e-06,2.9697058823529392e-06
217,2.94e-06,1554602400,2.94e-06,2.91e-06,2.93e-06,406196.53881885,1.1839142,2.91e-06,1.132284213333337,2.570547920769229,3.352801207352945,2.9299999999999995e-06,2.9600000000000017e-06,2.966764705882351e-06
218,2.91e-06,1554609600,2.95e-06,2.91e-06,2.92e-06,810135.56932673,2.36578128,2.92e-06,1.4737110200000039,2.686400909999998,3.077374943235298,2.923333333333333e-06,2.953846153846156e-06,2.9644117647058803e-06
219,2.91e-06,1554616800,2.94e-06,2.89e-06,2.94e-06,362422.80016128,1.05286134,2.9e-06,1.5341856066666704,2.742554058461536,2.918071157352945,2.9200000000000004e-06,2.9469230769230787e-06,2.9626470588235274e-06
220,2.87e-06,1554624000,2.92e-06,2.87e-06,2.89e-06,533287.56579289,1.53967282,2.88e-06,1.652771813333337,2.5358587869230744,2.7849792638235336,2.8966666666666667e-06,2.93846153846154e-06,2.9597058823529397e-06
221,2.87e-06,1554631200,2.89e-06,2.86e-06,2.89e-06,244656.73179618,0.70383443,2.87e-06,1.0987895300000032,2.526875740769228,2.6819171114705926,2.8833333333333334e-06,2.930769230769232e-06,2.9576470588235283e-06
222,2.86e-06,1554638400,2.9e-06,2.85e-06,2.89e-06,3997800.907809,11.4661486,2.86e-06,4.569885283333337,3.2823356515384594,2.8280297817647098,2.866666666666666e-06,2.922307692307694e-06,2.954411764705881e-06
223,2.83e-06,1554645600,2.88e-06,2.81e-06,2.87e-06,2213453.5601042,6.29372116,2.84e-06,6.154568063333337,3.692036298461536,2.832189527647063,2.8533333333333333e-06,2.911538461538463e-06,2.951176470588234e-06
224,2.86e-06,1554652800,2.86e-06,2.83e-06,2.84e-06,1492361.4351015,4.24499987,2.84e-06,7.3349565433333375,3.7107966953846128,2.842041947058828,2.85e-06,2.9023076923076937e-06,2.948235294117646e-06
225,2.84e-06,1554660000,2.87e-06,2.84e-06,2.84e-06,1095925.6827976,3.1280957,2.85e-06,4.555605576666671,3.4828765092307665,2.8485099529411806,2.8433333333333334e-06,2.8930769230769247e-06,2.945294117647058e-06
226,2.86e-06,1554667200,2.89e-06,2.84e-06,2.85e-06,1747838.063255,4.99596426,2.85e-06,4.123019943333337,3.699127188461536,2.8870991476470627,2.8533333333333333e-06,2.8853846153846175e-06,2.943235294117646e-06
227,2.88e-06,1554674400,2.91e-06,2.85e-06,2.86e-06,1123812.8674001,3.23193952,2.87e-06,3.785333160000004,3.263067047692305,2.9117514485294156,2.8599999999999997e-06,2.8830769230769252e-06,2.941176470588234e-06
228,2.83e-06,1554681600,2.88e-06,2.83e-06,2.87e-06,1018022.3613738,2.89805123,2.84e-06,3.708651670000004,3.3828016915384587,2.9321836697058865,2.8566666666666663e-06,2.875384615384617e-06,2.9358823529411752e-06
229,2.86e-06,1554688800,2.88e-06,2.83e-06,2.84e-06,943467.70963111,2.69542442,2.85e-06,2.9418050566666714,3.523108371538459,2.9656668461764744,2.8566666666666663e-06,2.870769230769233e-06,2.931470588235293e-06
230,2.81e-06,1554696000,2.86e-06,2.79e-06,2.85e-06,1751821.7083363,4.9339152,2.81e-06,3.509130283333338,3.811569986923075,3.048364435000004,2.8333333333333335e-06,2.860769230769233e-06,2.926176470588234e-06
231,2.8e-06,1554703200,2.84e-06,2.79e-06,2.81e-06,580037.2618406,1.63541903,2.81e-06,3.088252883333338,3.7553882753846133,3.028998136470592,2.8233333333333335e-06,2.8523076923076946e-06,2.9202941176470573e-06
232,2.85e-06,1554710400,2.87e-06,2.77e-06,2.79e-06,2139582.5828618,6.04822525,2.82e-06,4.205853160000005,4.139647037692305,3.039528969117651,2.82e-06,2.8476923076923105e-06,2.9167647058823516e-06
233,2.87e-06,1554717600,2.88e-06,2.8e-06,2.85e-06,1578741.0384843,4.4891931,2.84e-06,4.057612460000004,4.366533213076921,3.016723212352945,2.84e-06,2.8476923076923105e-06,2.913529411764705e-06
234,2.82e-06,1554724800,2.88e-06,2.81e-06,2.87e-06,282283.58621248,0.80170881,2.84e-06,3.7797090533333377,4.374062011538459,2.9222453426470625,2.8466666666666664e-06,2.843846153846157e-06,2.9099999999999992e-06
235,2.8e-06,1554732000,2.84e-06,2.79e-06,2.83e-06,2691023.5608758,7.53739992,2.8e-06,4.276100610000005,4.071850574615383,3.0956300626470625,2.83e-06,2.839230769230772e-06,2.9049999999999993e-06
236,2.78e-06,1554739200,2.8e-06,2.75e-06,2.8e-06,1933052.8197658,5.35321583,2.76e-06,4.564108186666671,3.9995040107692295,3.245549705294121,2.8000000000000003e-06,2.8353846153846184e-06,2.8991176470588227e-06
237,2.8e-06,1554746400,2.82e-06,2.78e-06,2.79e-06,738335.27369804,2.06460718,2.79e-06,4.985074310000004,3.831781496153845,3.279641220294121,2.793333333333334e-06,2.8307692307692334e-06,2.8938235294117637e-06
238,2.79e-06,1554753600,2.81e-06,2.78e-06,2.79e-06,1057635.8983147,2.95810826,2.79e-06,3.4586437566666706,3.818705539230768,3.348688534705886,2.7900000000000004e-06,2.8269230769230794e-06,2.8876470588235285e-06
239,2.78e-06,1554760800,2.8e-06,2.76e-06,2.79e-06,213209.83938636,0.59441317,2.78e-06,1.8723762033333369,3.4801246861538453,3.340886203823533,2.7900000000000004e-06,2.8207692307692327e-06,2.8814705882352934e-06
240,2.77e-06,1554768000,2.78e-06,2.73e-06,2.77e-06,429172.94113952,1.18309327,2.75e-06,1.5785382333333373,3.322521128461538,3.3661868761764744,2.7800000000000005e-06,2.8123076923076946e-06,2.87470588235294e-06
241,2.73e-06,1554775200,2.78e-06,2.72e-06,2.78e-06,760812.44236746,2.09348312,2.75e-06,1.2903298533333374,3.2606312738461534,3.303444869411768,2.7600000000000003e-06,2.8046153846153873e-06,2.8673529411764693e-06
242,2.69e-06,1554782400,2.73e-06,2.68e-06,2.73e-06,1242361.6006108,3.36753243,2.71e-06,2.2147029400000036,3.312331889999999,3.3783542341176505,2.7299999999999997e-06,2.7915384615384643e-06,2.8591176470588227e-06
243,2.71e-06,1554789600,2.72e-06,2.68e-06,2.68e-06,688837.80019771,1.86256289,2.7e-06,2.441192813333337,3.076074019999999,3.384748149705886,2.7099999999999995e-06,2.7838461538461562e-06,2.8514705882352936e-06
244,2.69e-06,1554796800,2.71e-06,2.69e-06,2.71e-06,892551.48793101,2.41444142,2.7e-06,2.5481789133333375,3.1359988192307684,3.4273019341176507,2.696666666666666e-06,2.775384615384618e-06,2.843235294117647e-06
245,2.71e-06,1554804000,2.71e-06,2.68e-06,2.7e-06,562140.33584891,1.51561544,2.69e-06,1.9308732500000039,2.7873365261538448,3.3541990144117686,2.703333333333333e-06,2.764615384615387e-06,2.835294117647059e-06
246,2.82e-06,1554811200,2.82e-06,2.7e-06,2.71e-06,2023146.340264,5.56388153,2.75e-06,3.1646461300000035,2.8700048669230753,3.3386938205882393,2.7399999999999996e-06,2.7607692307692333e-06,2.8311764705882352e-06
247,2.72e-06,1554818400,2.84e-06,2.69e-06,2.82e-06,2113431.7371637,5.79749072,2.74e-06,4.2923292300000035,3.2542957830769215,3.4449522114705924,2.7499999999999995e-06,2.7530769230769256e-06,2.824117647058824e-06
248,2.72e-06,1554825600,2.75e-06,2.71e-06,2.73e-06,279356.28138103,0.76102979,2.72e-06,4.040800680000004,2.733036542307691,3.205549518529416,2.753333333333333e-06,2.7469230769230797e-06,2.8185294117647063e-06
249,2.73e-06,1554832800,2.74e-06,2.71e-06,2.72e-06,486769.38497721,1.32533885,2.72e-06,2.627953120000004,2.42319985153846,3.2050741652941217,2.723333333333333e-06,2.743076923076926e-06,2.8126470588235297e-06
250,2.74e-06,1554840000,2.75e-06,2.71e-06,2.73e-06,241777.71464316,0.66136554,2.73e-06,0.9159113933333373,2.3152581869230757,3.198895575882357,2.7299999999999997e-06,2.7384615384615416e-06,2.8073529411764707e-06
251,2.69e-06,1554847200,2.75e-06,2.68e-06,2.74e-06,351328.56946862,0.95213436,2.71e-06,0.9796129166666706,2.160952502307691,3.19207852176471,2.72e-06,2.730769230769234e-06,2.8000000000000003e-06
252,2.68e-06,1554854400,2.69e-06,2.67e-06,2.69e-06,171074.69671067,0.45844326,2.67e-06,0.690647720000004,2.1504932784615374,3.135980344705886,2.703333333333333e-06,2.7230769230769267e-06,2.793235294117647e-06
