,close,date,high,low,open,quoteVolume,volume,weightedAverage,avg_vol_3,avg_vol_13,avg_vol_34,avg_close_3,avg_close_13,avg_close_34
0,4.59e-05,1553040817,4.59e-05,4.59e-05,4.59e-05,0.0,0.0,4.59e-05,-99999.0,-99999.0,-99999.0,-99999.0,-99999.0,-99999.0
1,4.604e-05,1553047200,4.657e-05,4.59e-05,4.59e-05,2827.0273781,0.13022614,4.606e-05,-99999.0,-99999.0,-99999.0,-99999.0,-99999.0,-99999.0
2,4.623e-05,1553054400,4.623e-05,4.6e-05,4.604e-05,1169.9924443,0.05385644,4.603e-05,0.061360859999999996,-99999.0,-99999.0,4.605666666666666e-05,-99999.0,-99999.0
3,4.569e-05,1553061600,4.631e-05,4.493e-05,4.601e-05,7509.4111522,0.34159818,4.548e-05,0.17522691999999998,-99999.0,-99999.0,4.5986666666666665e-05,-99999.0,-99999.0
4,4.583e-05,1553068800,4.607e-05,4.531e-05,4.579e-05,2428.56083927,0.11108481,4.574e-05,0.16884647666666666,-99999.0,-99999.0,4.591666666666665e-05,-99999.0,-99999.0
5,4.499e-05,1553076000,4.541e-05,4.446e-05,4.541e-05,728.60607479,0.03260502,4.474e-05,0.16176267,-99999.0,-99999.0,4.550333333333333e-05,-99999.0,-99999.0
6,4.51e-05,1553083200,4.51e-05,4.449e-05,4.475e-05,1758.20667026,0.0789196,4.488e-05,0.07420314333333333,-99999.0,-99999.0,4.530666666666665e-05,-99999.0,-99999.0
7,4.481e-05,1553090400,4.509e-05,4.48e-05,4.509e-05,1362.77569815,0.0610848,4.482e-05,0.05753647333333333,-99999.0,-99999.0,4.496666666666666e-05,-99999.0,-99999.0
8,4.535e-05,1553097600,4.557e-05,4.485e-05,4.528e-05,475.27122236,0.02157995,4.54e-05,0.05386145,-99999.0,-99999.0,4.508666666666665e-05,-99999.0,-99999.0
9,4.506e-05,1553104800,4.507e-05,4.497e-05,4.497e-05,83.06642203,0.00374231,4.505e-05,0.028802353333333326,-99999.0,-99999.0,4.507333333333332e-05,-99999.0,-99999.0
10,4.39e-05,1553112000,4.506e-05,4.39e-05,4.506e-05,2835.57925549,0.126015,4.444e-05,0.05044575333333332,-99999.0,-99999.0,4.476999999999999e-05,-99999.0,-99999.0
11,4.394e-05,1553119200,4.469e-05,4.394e-05,4.455e-05,233.44363545,0.01035887,4.437e-05,0.046705393333333324,-99999.0,-99999.0,4.429999999999999e-05,-99999.0,-99999.0
12,4.481e-05,1553126400,4.505e-05,4.481e-05,4.497e-05,71.77688689,0.00323291,4.504e-05,0.046535593333333326,0.07494646384615386,-99999.0,4.421666666666666e-05,4.520384615384616e-05,-99999.0
13,4.502e-05,1553133600,4.549e-05,4.449e-05,4.449e-05,9416.9476558,0.42721641,4.536e-05,0.14693606333333334,0.10780926461538462,-99999.0,4.4589999999999985e-05,4.513615384615386e-05,-99999.0
14,4.54e-05,1553140800,4.54e-05,4.446e-05,4.454e-05,666.77358277,0.03017576,4.525e-05,0.15354169333333334,0.10011308153846156,-99999.0,4.5076666666666655e-05,4.508692307692309e-05,-99999.0
15,4.526e-05,1553148000,4.526e-05,4.511e-05,4.511e-05,90.76282414,0.00410222,4.519e-05,0.15383146333333333,0.09628583384615387,-99999.0,4.522666666666665e-05,4.5012307692307704e-05,-99999.0
16,4.501e-05,1553155200,4.526e-05,4.426e-05,4.526e-05,1310.11792098,0.05863645,4.475e-05,0.030971476666666664,0.07451954692307695,-99999.0,4.522333333333332e-05,4.496e-05,-99999.0
17,4.425e-05,1553162400,4.525e-05,4.425e-05,4.524e-05,644.98690441,0.02866731,4.444e-05,0.030468659999999998,0.06817973923076927,-99999.0,4.4839999999999984e-05,4.483846153846155e-05,-99999.0
18,4.446e-05,1553169600,4.529e-05,4.43e-05,4.451e-05,4041.98978885,0.18057025,4.467e-05,0.08929133666666667,0.07956168000000002,-99999.0,4.457333333333331e-05,4.479769230769232e-05,-99999.0
19,4.422e-05,1553176800,4.448e-05,4.394e-05,4.445e-05,1320.82368808,0.05849966,4.429e-05,0.08924574,0.07799091538461542,-99999.0,4.430999999999998e-05,4.4730000000000014e-05,-99999.0
20,4.462e-05,1553184000,4.501e-05,4.39e-05,4.392e-05,1719.72885537,0.07558782,4.395e-05,0.10488590999999998,0.07910653230769234,-99999.0,4.443333333333332e-05,4.471538461538462e-05,-99999.0
21,4.402e-05,1553191200,4.461e-05,4.39e-05,4.429e-05,907.11644643,0.03993275,4.402e-05,0.05800674333333333,0.08051828615384618,-99999.0,4.428666666666666e-05,4.461307692307693e-05,-99999.0
22,4.39e-05,1553198400,4.39e-05,4.39e-05,4.39e-05,321.26379137,0.01410348,4.39e-05,0.04320801666666666,0.08131529923076924,-99999.0,4.4179999999999994e-05,4.452384615384616e-05,-99999.0
23,4.439e-05,1553205600,4.439e-05,4.39e-05,4.39e-05,593.66631748,0.02620526,4.414e-05,0.026747163333333334,0.07363762692307695,-99999.0,4.410333333333332e-05,4.4561538461538476e-05,-99999.0
24,4.442e-05,1553212800,4.461e-05,4.442e-05,4.46e-05,502.69311809,0.02239222,4.454e-05,0.02090032,0.07456326923076925,-99999.0,4.423666666666665e-05,4.4598461538461545e-05,-99999.0
25,4.413e-05,1553220000,4.424e-05,4.389e-05,4.415e-05,302.68470736,0.0133448,4.408e-05,0.020647426666666666,0.07534110692307694,-99999.0,4.431333333333331e-05,4.454615384615386e-05,-99999.0
26,4.433e-05,1553227200,4.449e-05,4.389e-05,4.389e-05,1727.89359555,0.07623061,4.411e-05,0.037322543333333326,0.04834219923076925,-99999.0,4.429333333333331e-05,4.449307692307693e-05,-99999.0
27,4.434e-05,1553234400,4.451e-05,4.433e-05,4.434e-05,1119.66891912,0.04969001,4.437e-05,0.04642180666666667,0.049843295384615405,-99999.0,4.426666666666664e-05,4.441153846153847e-05,-99999.0
28,4.433e-05,1553241600,4.482e-05,4.433e-05,4.482e-05,2333.35633653,0.10344107,4.433e-05,0.07645389666666667,0.057484745384615406,-99999.0,4.433333333333331e-05,4.434000000000001e-05,-99999.0
29,4.434e-05,1553248800,4.434e-05,4.433e-05,4.434e-05,230.16880065,0.01020445,4.433e-05,0.05444517666666667,0.053759206923076945,-99999.0,4.433666666666664e-05,4.4288461538461556e-05,-99999.0
30,4.445e-05,1553256000,4.471e-05,4.434e-05,4.434e-05,2132.90722071,0.09530461,4.468e-05,0.06965004333333334,0.0588851530769231,-99999.0,4.4373333333333304e-05,4.430384615384617e-05,-99999.0
31,4.412e-05,1553263200,4.45e-05,4.353e-05,4.444e-05,2123.54178947,0.09386502,4.42e-05,0.06645802666666668,0.05221552000000002,-99999.0,4.4303333333333306e-05,4.427769230769233e-05,-99999.0
32,4.42e-05,1553270400,4.42e-05,4.4e-05,4.4e-05,976.07070796,0.04296241,4.401e-05,0.07737734666666668,0.05102034692307695,-99999.0,4.425666666666664e-05,4.427615384615387e-05,-99999.0
33,4.435e-05,1553277600,4.435e-05,4.42e-05,4.42e-05,34.313416,0.00151759,4.422e-05,0.04611500666666668,0.04532263692307695,0.07138100558823529,4.42233333333333e-05,4.4255384615384635e-05,4.4741470588235294e-05
34,4.42e-05,1553284800,4.42e-05,4.42e-05,4.42e-05,129.0,0.0057018,4.42e-05,0.016727266666666685,0.04268948692307695,0.0715487055882353,4.4249999999999964e-05,4.426923076923079e-05,4.46914705882353e-05
35,4.42e-05,1553292000,4.42e-05,4.42e-05,4.42e-05,0.0,0.0,4.42e-05,0.0024064633333333516,0.04160460384615387,0.067718525,4.4249999999999964e-05,4.429230769230771e-05,4.463735294117648e-05
36,4.42e-05,1553299200,4.42e-05,4.42e-05,4.42e-05,38.0,0.0016796,4.42e-05,0.0024604666666666847,0.03971801461538464,0.06618391205882354,4.419999999999996e-05,4.427769230769233e-05,4.457764705882354e-05
37,4.391e-05,1553306400,4.42e-05,4.391e-05,4.42e-05,1334.93502151,0.05875744,4.401e-05,0.02014568000000002,0.042515339230769264,0.05786506676470588,4.41033333333333e-05,4.423846153846156e-05,4.452529411764708e-05
38,4.4e-05,1553313600,4.4e-05,4.369e-05,4.377e-05,315.20529462,0.01385983,4.397e-05,0.02476562333333335,0.04255495692307695,0.055005508529411766,4.403666666666663e-05,4.422846153846156e-05,4.447147058823531e-05
39,4.401e-05,1553320800,4.401e-05,4.401e-05,4.401e-05,43.0418866,0.00189427,4.401e-05,0.024837180000000018,0.03683677692307696,0.054102251176470585,4.397333333333331e-05,4.420384615384618e-05,4.444264705882355e-05
40,4.502e-05,1553328000,4.708e-05,4.409e-05,4.436e-05,7415.28930513,0.3356855,4.526e-05,0.11714653333333336,0.058836430000000044,0.06165418941176471,4.4343333333333306e-05,4.425615384615387e-05,4.4440294117647075e-05
41,4.46e-05,1553335200,4.466e-05,4.356e-05,4.448e-05,11832.56030464,0.51822251,4.379e-05,0.28526742666666666,0.09074269461538466,0.07509941617647059,4.454333333333331e-05,4.42769230769231e-05,4.443411764705884e-05
42,4.448e-05,1553342400,4.457e-05,4.426e-05,4.457e-05,1325.79378091,0.05895507,4.446e-05,0.30428769333333333,0.09449274230769236,0.07619868441176471,4.4699999999999975e-05,4.4287692307692325e-05,4.440852941176472e-05
43,4.407e-05,1553349600,4.407e-05,4.407e-05,4.407e-05,181.24406779,0.00798742,4.407e-05,0.19505499999999998,0.08777603538461545,0.07632354058823532,4.438333333333331e-05,4.425846153846156e-05,4.43794117647059e-05
44,4.45e-05,1553356800,4.45e-05,4.4e-05,4.433e-05,1925.52709722,0.08479174,4.403e-05,0.05057807666666666,0.08707809076923084,0.07511109176470589,4.4349999999999973e-05,4.4287692307692325e-05,4.439705882352943e-05
45,4.409e-05,1553364000,4.448e-05,4.352e-05,4.448e-05,1498.42921634,0.06561953,4.379e-05,0.05279956333333332,0.08882094615384623,0.07673640529411765,4.421999999999997e-05,4.427923076923079e-05,4.440147058823532e-05
46,4.381e-05,1553371200,4.437e-05,4.35e-05,4.437e-05,1229.81463504,0.05352282,4.352e-05,0.06797802999999998,0.09282134846153854,0.07821552029411766,4.4133333333333306e-05,4.423769230769233e-05,4.4372058823529436e-05
47,4.352e-05,1553378400,4.352e-05,4.35e-05,4.35e-05,200.45272852,0.00872012,4.35e-05,0.042620823333333314,0.093053526923077,0.06590680588235295,4.3806666666666635e-05,4.4185384615384644e-05,4.432794117647062e-05
48,4.401e-05,1553385600,4.401e-05,4.396e-05,4.396e-05,17.55819854,0.0007726,4.4e-05,0.021005179999999988,0.09311295769230776,0.06504200705882353,4.377999999999997e-05,4.4170769230769264e-05,4.428705882352944e-05
49,4.352e-05,1553392800,4.399e-05,4.352e-05,4.399e-05,119.80928417,0.00521653,4.354e-05,0.004903083333333322,0.09338502923076931,0.06507478088235295,4.36833333333333e-05,4.411846153846157e-05,4.42358823529412e-05
50,4.349e-05,1553400000,4.377e-05,4.349e-05,4.377e-05,3294.46886317,0.14330081,4.349e-05,0.049763313333333316,0.09988836538461546,0.06756490911764707,4.367333333333331e-05,4.408615384615388e-05,4.419117647058826e-05
51,4.379e-05,1553407200,4.379e-05,4.349e-05,4.349e-05,741.2420351,0.03223797,4.349e-05,0.06025176999999998,0.10130206846153854,0.06766992852941178,4.359999999999997e-05,4.407000000000004e-05,4.417764705882355e-05
52,4.35e-05,1553414400,4.351e-05,4.349e-05,4.351e-05,377.50878403,0.01641905,4.349e-05,0.06398594333333331,0.10241935923076932,0.06284195205882355,4.35933333333333e-05,4.403076923076927e-05,4.4149411764705896e-05
53,4.379e-05,1553421600,4.385e-05,4.35e-05,4.35e-05,61.08942095,0.00266202,4.357e-05,0.017106346666666643,0.07680216846153855,0.06119966852941178,4.3693333333333304e-05,4.393615384615388e-05,4.413676470588237e-05
54,4.284e-05,1553428800,4.375e-05,4.282e-05,4.375e-05,2830.38977547,0.12207384,4.312e-05,0.04705163666666664,0.04632919384615394,0.06256690441176473,4.337666666666665e-05,4.380076923076927e-05,4.4084411764705896e-05
55,4.248e-05,1553436000,4.282e-05,4.164e-05,4.282e-05,5036.61229188,0.2106775,4.182e-05,0.11180445333333329,0.0580001500000001,0.06758880882352943,4.3036666666666654e-05,4.364692307692312e-05,4.403911764705883e-05
56,4.22e-05,1553443200,4.248e-05,4.2e-05,4.247e-05,1916.75678123,0.08128687,4.24e-05,0.13801273666666664,0.06363856923076933,0.06956479088235296,4.250666666666665e-05,4.350307692307697e-05,4.398911764705884e-05
57,4.179e-05,1553450400,4.243e-05,4.155e-05,4.237e-05,2402.04006842,0.10082266,4.197e-05,0.13092900999999998,0.06487171692307701,0.07175942029411767,4.215666666666665e-05,4.329461538461544e-05,4.3912647058823544e-05
58,4.198e-05,1553457600,4.2e-05,4.178e-05,4.179e-05,146.45797801,0.00612361,4.181e-05,0.06274437999999997,0.06029510769230779,0.0712809317647059,4.1989999999999976e-05,4.313230769230775e-05,4.384088235294119e-05
59,4.188e-05,1553464800,4.196e-05,4.16e-05,4.196e-05,112.85002197,0.00472765,4.189e-05,0.03722463999999998,0.05654163307692317,0.0710274861764706,4.188333333333331e-05,4.2983846153846214e-05,4.3774705882352954e-05
60,4.232e-05,1553472000,4.232e-05,4.188e-05,4.188e-05,334.9737074,0.01415957,4.227e-05,0.008336943333333314,0.0569600523076924,0.06920186735294119,4.205999999999998e-05,4.2891538461538514e-05,4.371558823529413e-05
61,4.197e-05,1553479200,4.255e-05,4.197e-05,4.232e-05,2680.73103693,0.11403349,4.253e-05,0.044306903333333314,0.06567242846153855,0.07109432264705884,4.2056666666666646e-05,4.273461538461544e-05,4.3645882352941186e-05
62,4.255e-05,1553486400,4.255e-05,4.189e-05,4.196e-05,2481.20618223,0.1054694,4.25e-05,0.07788748666666664,0.07338418769230778,0.07115397941176471,4.227999999999998e-05,4.2660000000000056e-05,4.359352941176471e-05
63,4.365e-05,1553493600,4.89e-05,4.205e-05,4.205e-05,24907.18174238,1.1208918,4.5e-05,0.44679823,0.14858349461538473,0.10382125441176472,4.272333333333331e-05,4.267230769230775e-05,4.3573235294117656e-05
64,4.328e-05,1553500800,4.408e-05,4.328e-05,4.367e-05,2033.0423951,0.08838096,4.347e-05,0.43824738666666674,0.15290218615384626,0.10361761764705883,4.315999999999998e-05,4.263307692307698e-05,4.3538823529411774e-05
65,4.4e-05,1553508000,4.4e-05,4.322e-05,4.326e-05,3304.90073279,0.14335922,4.337e-05,0.45087732666666674,0.1626668146153847,0.10507332941176471,4.3643333333333316e-05,4.267153846153851e-05,4.353529411764707e-05
66,4.357e-05,1553515200,4.399e-05,4.35e-05,4.399e-05,884.60665408,0.03854617,4.357e-05,0.09009545000000004,0.16542713384615396,0.10494344000000001,4.3616666666666645e-05,4.265461538461544e-05,4.351676470588236e-05
67,4.327e-05,1553522400,4.357e-05,4.325e-05,4.357e-05,1781.29824116,0.07709449,4.327e-05,0.08633329333333338,0.16196718384615394,0.10716629,4.361333333333331e-05,4.2687692307692354e-05,4.3485e-05
68,4.357e-05,1553529600,4.357e-05,4.328e-05,4.332e-05,59.17411837,0.00256366,4.332e-05,0.039401440000000044,0.145958426923077,0.10707399176470588,4.346999999999997e-05,4.2771538461538515e-05,4.346647058823529e-05
69,4.357e-05,1553536800,4.357e-05,4.357e-05,4.357e-05,0.0,0.0,4.357e-05,0.026552716666666715,0.13970559076923086,0.10707399176470588,4.346999999999997e-05,4.287692307692313e-05,4.344794117647058e-05
70,4.357e-05,1553544000,4.357e-05,4.357e-05,4.357e-05,0.0,0.0,4.357e-05,0.0008545533333333827,0.13195000153846162,0.10702459176470587,4.356999999999997e-05,4.3013846153846205e-05,4.342941176470587e-05
71,4.39e-05,1553551200,4.391e-05,4.358e-05,4.358e-05,73.04077388,0.00319583,4.375e-05,0.001065276666666716,0.13172478769230778,0.10539042676470588,4.367999999999998e-05,4.316153846153852e-05,4.342911764705881e-05
72,4.327e-05,1553558400,4.358e-05,4.327e-05,4.358e-05,2557.74860733,0.11072956,4.329e-05,0.03797513000000005,0.13987878076923085,0.10823953647058825,4.3579999999999986e-05,4.3268461538461597e-05,4.3407647058823514e-05
73,4.329e-05,1553565600,4.36e-05,4.327e-05,4.327e-05,218.94591651,0.0094766,4.328e-05,0.04113399666666672,0.1395185523076924,0.1084625461764706,4.348666666666666e-05,4.334307692307698e-05,4.3386470588235285e-05
74,4.347e-05,1553572800,4.347e-05,4.328e-05,4.329e-05,117.5416041,0.0050904,4.33e-05,0.04176552000000005,0.13113831461538472,0.09873916088235295,4.334333333333332e-05,4.345846153846159e-05,4.334088235294117e-05
75,4.33e-05,1553580000,4.346e-05,4.33e-05,4.346e-05,57.07704611,0.00247511,4.336e-05,0.00568070333333338,0.12321567692307701,0.08357011970588235,4.335333333333333e-05,4.35161538461539e-05,4.330264705882352e-05
76,4.33e-05,1553587200,4.33e-05,4.33e-05,4.33e-05,37.05270882,0.00160438,4.33e-05,0.003056630000000046,0.037116644615384706,0.08188333470588235,4.335666666666666e-05,4.348923076923083e-05,4.3267941176470585e-05
77,4.346e-05,1553594400,4.346e-05,4.326e-05,4.33e-05,2336.14320352,0.10106732,4.326e-05,0.03504893666666672,0.03809251846153855,0.0846209788235294,4.335333333333333e-05,4.3503076923076985e-05,4.3249999999999994e-05
78,4.326e-05,1553601600,4.345e-05,4.326e-05,4.345e-05,3338.54074,0.14443579,4.326e-05,0.08236916333333338,0.03817533153846163,0.08637521558823529,4.3339999999999995e-05,4.344615384615391e-05,4.32135294117647e-05
79,4.321e-05,1553608800,4.326e-05,4.321e-05,4.326e-05,687.90267577,0.02975233,4.325e-05,0.09175181333333338,0.0374988823076924,0.08532029794117646,4.330999999999999e-05,4.34184615384616e-05,4.318764705882352e-05
80,4.321e-05,1553616000,4.321e-05,4.321e-05,4.321e-05,1101.85783937,0.04761127,4.321e-05,0.07393313000000003,0.0352309423076924,0.08514642882352941,4.322666666666666e-05,4.3413846153846215e-05,4.316999999999998e-05
81,4.321e-05,1553623200,4.321e-05,4.321e-05,4.321e-05,0.0,0.0,4.321e-05,0.025787866666666697,0.03503373769230778,0.08488995470588234,4.3209999999999995e-05,4.338615384615391e-05,4.316088235294116e-05
82,4.321e-05,1553630400,4.322e-05,4.321e-05,4.322e-05,1076.82104433,0.04652974,4.321e-05,0.031380336666666696,0.03861294846153855,0.08623575294117647,4.3209999999999995e-05,4.33584615384616e-05,4.313735294117645e-05
83,4.321e-05,1553637600,4.321e-05,4.321e-05,4.321e-05,30.0,0.0012963,4.321e-05,0.015942013333333362,0.03871266384615394,0.08612045205882352,4.3209999999999995e-05,4.3330769230769285e-05,4.312823529411762e-05
84,4.326e-05,1553644800,4.326e-05,4.322e-05,4.322e-05,255.77677733,0.01106339,4.325e-05,0.01962981000000003,0.03931786076923086,0.08223111617647057,4.322666666666666e-05,4.328153846153852e-05,4.312147058823527e-05
85,4.343e-05,1553652000,4.345e-05,4.321e-05,4.321e-05,2759.67350971,0.11935944,4.325e-05,0.04390637666666669,0.039981697692307784,0.08479351235294116,4.329999999999999e-05,4.3293846153846216e-05,4.311088235294116e-05
86,4.345e-05,1553659200,4.345e-05,4.34e-05,4.34e-05,244.89275186,0.01063934,4.344e-05,0.047020723333333354,0.040071139230769326,0.08462352088235292,4.337999999999998e-05,4.330615384615391e-05,4.3109411764705866e-05
87,4.334e-05,1553666400,4.399e-05,4.249e-05,4.345e-05,2478.75453252,0.10817043,4.363e-05,0.0793897366666667,0.0480003723076924,0.08772670941176469,4.340666666666665e-05,4.329615384615391e-05,4.309617647058822e-05
88,4.551e-05,1553673600,4.601e-05,4.336e-05,4.337e-05,7894.28315621,0.35400111,4.484e-05,0.15760362666666672,0.07504083384615394,0.09454809970588234,4.409999999999999e-05,4.346615384615391e-05,4.3174705882352926e-05
89,4.49e-05,1553680800,4.49e-05,4.443e-05,4.443e-05,234.29789009,0.01045463,4.462e-05,0.15754205666666674,0.0757216223076924,0.08865919176470585,4.4583333333333324e-05,4.3589230769230824e-05,4.324588235294116e-05
90,4.552e-05,1553688000,4.599e-05,4.499e-05,4.499e-05,1428.89049782,0.06564073,4.593e-05,0.14336549000000007,0.0729965000000001,0.08819901117647057,4.530999999999999e-05,4.3747692307692354e-05,4.334352941176469e-05
91,4.521e-05,1553695200,4.599e-05,4.5e-05,4.535e-05,6166.96147755,0.28202405,4.573e-05,0.11937313666666675,0.08358021230769243,0.09352846382352939,4.520999999999999e-05,4.389769230769235e-05,4.344411764705881e-05
92,4.459e-05,1553702400,4.567e-05,4.403e-05,4.567e-05,3035.39245543,0.13479962,4.44e-05,0.16082146666666675,0.0916607730769232,0.09731305235294116,4.510666666666666e-05,4.4003846153846194e-05,4.3520882352941156e-05
93,4.472e-05,1553709600,4.474e-05,4.426e-05,4.46e-05,200.94164374,0.00896567,4.461e-05,0.1419297800000001,0.08868803461538474,0.09743769999999997,4.4839999999999984e-05,4.412000000000004e-05,4.360441176470587e-05
94,4.472e-05,1553716800,4.475e-05,4.426e-05,4.426e-05,814.91928679,0.03643203,4.47e-05,0.060065773333333405,0.09149049846153859,0.09809277235294114,4.4676666666666645e-05,4.423615384615389e-05,4.3674999999999984e-05
95,4.646e-05,1553724000,4.646e-05,4.473e-05,4.473e-05,1706.56331446,0.07781178,4.559e-05,0.04106982666666673,0.09389680923076936,0.09702742794117643,4.529999999999998e-05,4.448615384615389e-05,4.38070588235294e-05
96,4.699e-05,1553731200,4.793e-05,4.542e-05,4.542e-05,5066.45062764,0.23692557,4.676e-05,0.11705646000000008,0.11202213769230783,0.1008937858823529,4.6056666666666655e-05,4.477692307692312e-05,4.393764705882352e-05
97,4.861e-05,1553738400,4.997e-05,4.585e-05,4.585e-05,24301.56727229,1.18764919,4.887e-05,0.5007955133333334,0.20252873769230784,0.10285723852941171,4.735333333333332e-05,4.518846153846158e-05,4.408352941176469e-05
98,5.207e-05,1553745600,5.3e-05,4.695e-05,4.854e-05,25138.31136478,1.27260573,5.062e-05,0.8990601633333334,0.2912399907692309,0.13768737882352933,4.922333333333333e-05,4.585307692307696e-05,4.43420588235294e-05
99,5.162e-05,1553752800,5.328e-05,4.952e-05,5.224e-05,4330.47741789,0.22602705,5.219e-05,0.8954273233333333,0.3078082761538463,0.14011878558823523,5.0766666666666656e-05,4.6481538461538505e-05,4.4566176470588224e-05
100,5.02e-05,1553760000,5.284e-05,4.994e-05,5.168e-05,7067.64047079,0.35693658,5.05e-05,0.6185231200000001,0.32694413384615395,0.14948320941176463,5.129666666666665e-05,4.7009230769230815e-05,4.476117647058823e-05
101,5.152e-05,1553767200,5.175e-05,5.02e-05,5.02e-05,7705.31973919,0.3887571,5.045e-05,0.3239069100000001,0.32961767153846167,0.15864975676470583,5.111333333333331e-05,4.747153846153851e-05,4.500382352941176e-05
102,5.295e-05,1553774400,5.4e-05,5.151e-05,5.152e-05,14514.05182589,0.77155319,5.315e-05,0.5057489566666669,0.38816371461538474,0.18126709588235287,5.155666666666664e-05,4.8090769230769274e-05,4.5279705882352934e-05
103,5.211e-05,1553781600,5.4e-05,5.176e-05,5.334e-05,2927.83769617,0.15600286,5.328e-05,0.4387710500000002,0.3951146476923078,0.1858554152941176,5.2193333333333314e-05,4.859769230769235e-05,4.553088235294117e-05
104,5.159e-05,1553788800,5.21e-05,5.156e-05,5.208e-05,2455.97716583,0.12787354,5.206e-05,0.35180986333333353,0.38325691615384627,0.18961640176470582,5.2216666666666644e-05,4.9088461538461585e-05,4.576676470588235e-05
105,5.201e-05,1553796000,5.25e-05,5.165e-05,5.173e-05,2882.05789463,0.15044478,5.22e-05,0.14477372666666685,0.3844603900000001,0.19394725323529405,5.190333333333331e-05,4.9659230769230826e-05,4.600529411764706e-05
106,5.201e-05,1553803200,5.23e-05,5.2e-05,5.202e-05,4551.76082896,0.2379314,5.227e-05,0.1720832400000002,0.4020731384615385,0.19768848382352933,5.1869999999999976e-05,5.022000000000005e-05,4.6262352941176466e-05
107,5.2e-05,1553810400,5.261e-05,5.2e-05,5.204e-05,343.14631965,0.01787498,5.209e-05,0.1354170533333335,0.4006456730769231,0.19793549499999993,5.2006666666666644e-05,5.0780000000000046e-05,4.6518529411764696e-05
108,6.16e-05,1553817600,6.16e-05,5.261e-05,5.261e-05,42779.11876656,2.48927589,5.818e-05,0.9150274233333335,0.5861429123076923,0.270999774117647,5.520333333333332e-05,5.194461538461543e-05,4.705176470588234e-05
109,6.131e-05,1553824800,6.626e-05,5.962e-05,6.161e-05,19242.0172527,1.20776518,6.276e-05,1.2383053500000003,0.6608228823076924,0.30644948205882344,5.830333333333332e-05,5.304615384615388e-05,4.758147058823528e-05
110,6.24e-05,1553832000,6.35e-05,6.239e-05,6.245e-05,4898.79950206,0.30634416,6.253e-05,1.3344617433333334,0.5930301876923078,0.3154124167647058,6.176999999999999e-05,5.410692307692311e-05,4.8143235294117635e-05
111,6.207e-05,1553839200,6.249e-05,6.028e-05,6.239e-05,8562.12916109,0.52320425,6.11e-05,0.67910453,0.53538392,0.3278282088235293,6.192666666666664e-05,5.487615384615388e-05,4.86905882352941e-05
112,6.056e-05,1553846400,6.216e-05,5.93e-05,6.2e-05,4510.7042797,0.27252306,6.041e-05,0.36735715666666674,0.5389605361538462,0.33159548147058815,6.167666666666665e-05,5.5563846153846185e-05,4.919941176470587e-05
113,5.916e-05,1553853600,6.051e-05,5.865e-05,6.051e-05,1375.19544453,0.08153332,5.928e-05,0.29242021000000007,0.51777567,0.3331184517647058,6.059666666666666e-05,5.6253076923076956e-05,4.96685294117647e-05
114,6.114e-05,1553860800,6.726e-05,5.864e-05,5.915e-05,23060.26990779,1.48493879,6.439e-05,0.61299839,0.6020973384615386,0.3753927905882351,6.028666666666666e-05,5.699307692307696e-05,5.019588235294117e-05
115,6.092e-05,1553868000,6.155e-05,6.001e-05,6.135e-05,5510.7773924,0.33157762,6.016e-05,0.6326832433333334,0.5682530638461539,0.38514507352941163,6.040666666666666e-05,5.7606153846153885e-05,5.071676470588235e-05
116,6.047e-05,1553875200,6.098e-05,6.002e-05,6.031e-05,595.76639172,0.03591602,6.028e-05,0.6174774766666667,0.5590156146153847,0.3848329052941175,6.084333333333333e-05,5.824923076923081e-05,5.122441176470588e-05
117,6.336e-05,1553882400,6.7e-05,6.046e-05,6.047e-05,8668.62191774,0.55413668,6.392e-05,0.3072101066666668,0.591805086923077,0.4010929164705881,6.158333333333332e-05,5.915461538461543e-05,5.181705882352941e-05
118,6.411e-05,1553889600,6.656e-05,6.327e-05,6.444e-05,1472.29335364,0.09423451,6.4e-05,0.2280957366666668,0.58748122,0.4035391258823528,6.264666666666665e-05,6.008538461538466e-05,5.243029411764706e-05
119,7.068e-05,1553896800,7.122e-05,6.41e-05,6.411e-05,17121.67454924,1.18337618,6.911e-05,0.6105824566666668,0.6602077415384616,0.4348337358823528,6.604999999999998e-05,6.15215384615385e-05,5.3231764705882356e-05
120,7.09e-05,1553904000,7.185e-05,6.702e-05,6.839e-05,2255.11758678,0.15773941,6.994e-05,0.47845003333333347,0.6709665438461538,0.43916020852941157,6.856333333333332e-05,6.297538461538465e-05,5.4039117647058825e-05
121,6.877e-05,1553911200,6.98e-05,6.8e-05,6.98e-05,3438.44622511,0.2343417,6.815e-05,0.5251524300000001,0.49751006769230766,0.44287112823529395,7.011666666666666e-05,6.352692307692313e-05,5.478705882352941e-05
122,7.801e-05,1553918400,8.05e-05,6.8e-05,6.879e-05,27937.65811375,2.10338665,7.528e-05,0.8318225866666668,0.5664040269230768,0.4943236441176469,7.256e-05,6.481153846153851e-05,5.574294117647059e-05
123,7.281e-05,1553925600,7.821e-05,7.281e-05,7.821e-05,3782.05758752,0.28139962,7.44e-05,0.8730426566666668,0.5644852161538461,0.5022926144117644,7.319666666666668e-05,6.561230769230774e-05,5.6563823529411765e-05
124,7.251e-05,1553932800,7.308e-05,7.124e-05,7.256e-05,2941.45172646,0.21249799,7.224e-05,0.8657614200000002,0.5405847346153846,0.5066119455882351,7.444333333333333e-05,6.641538461538466e-05,5.735764705882353e-05
125,7.236e-05,1553940000,7.398e-05,7.075e-05,7.25e-05,1819.42773978,0.13180105,7.244e-05,0.20856622000000025,0.5297599646153845,0.5021936220588232,7.256e-05,6.732307692307698e-05,5.8156176470588234e-05
126,7.483e-05,1553947200,7.5e-05,7.236e-05,7.236e-05,8055.79169148,0.59851176,7.429e-05,0.31427026666666696,0.5695275369230768,0.5158322144117645,7.323333333333333e-05,6.852846153846159e-05,5.9045588235294114e-05
127,7.504e-05,1553954400,7.65e-05,7.3e-05,7.317e-05,6343.71195135,0.47169013,7.435e-05,0.400667646666667,0.4915853323076922,0.529441757352941,7.407666666666667e-05,6.959769230769235e-05,5.993735294117648e-05
128,7.446e-05,1553961600,7.641e-05,7.313e-05,7.484e-05,1328.82528106,0.100312,7.548e-05,0.390171296666667,0.4737956692307691,0.5313205799999998,7.477666666666667e-05,7.063923076923082e-05,6.081205882352943e-05
129,7.647e-05,1553968800,7.683e-05,7.311e-05,7.311e-05,3642.72728384,0.27748625,7.617e-05,0.28316279333333366,0.49237799461538445,0.5371933585294115,7.532333333333334e-05,7.187000000000006e-05,6.169470588235296e-05
130,7.815e-05,1553976000,7.821e-05,7.433e-05,7.686e-05,2896.89105683,0.22449544,7.749e-05,0.20076456333333362,0.467020976153846,0.5368277664705879,7.636000000000002e-05,7.300769230769235e-05,6.261117647058825e-05
131,8.9e-05,1553983200,0.0001001,7.815e-05,7.815e-05,60922.71705344,5.6998616,9.355e-05,2.067281096666667,0.89822306,0.6695398961764704,8.120666666666669e-05,7.492230769230773e-05,6.379911764705885e-05
132,8.617e-05,1553990400,9.46e-05,8.315e-05,9.275e-05,34976.02060347,3.17995259,9.091e-05,3.034769876666667,1.0518058607692307,0.7256383332352939,8.444000000000001e-05,7.611384615384619e-05,6.480205882352943e-05
133,8e-05,1553997600,8.5e-05,8e-05,8.5e-05,6397.83020306,0.52090862,8.141e-05,3.1335742700000004,1.079741953846154,0.7343113205882351,8.505666666666666e-05,7.68138461538462e-05,6.563676470588238e-05
134,7.865e-05,1554004800,8e-05,7.865e-05,8e-05,751.40074044,0.05994116,7.977e-05,1.2536007900000001,1.0663265276923075,0.7255761611764705,8.160666666666666e-05,7.757384615384619e-05,6.647352941176474e-05
135,7.592e-05,1554012000,7.824e-05,6.898e-05,7.824e-05,15513.01034327,1.17073228,7.546e-05,0.5838606866666668,0.9945838838461538,0.7485754311764704,7.819e-05,7.741307692307696e-05,6.719117647058827e-05
136,7.107e-05,1554019200,7.641e-05,6.899e-05,7.639e-05,4809.81873065,0.34580283,7.189e-05,0.5254920900000002,0.9995379769230769,0.7360533617647058,7.521333333333333e-05,7.72792307692308e-05,6.772411764705885e-05
137,7.73e-05,1554026400,7.73e-05,7.164e-05,7.168e-05,10113.29085993,0.76862946,7.6e-05,0.7617215233333335,1.0423173207692307,0.7540717911764705,7.476333333333332e-05,7.764769230769233e-05,6.846500000000003e-05
138,7.731e-05,1554033600,7.731e-05,7.697e-05,7.73e-05,2372.6395239,0.18342057,7.73e-05,0.4326176200000002,1.0462880530769232,0.755705527352941,7.522666666666666e-05,7.802846153846155e-05,6.922147058823532e-05
139,7.48e-05,1554040800,7.731e-05,7.463e-05,7.697e-05,15358.30623136,1.15035989,7.49e-05,0.7008033066666668,1.0887379092307694,0.7851147952941175,7.646999999999999e-05,7.802615384615386e-05,6.989176470588238e-05
140,7.428e-05,1554048000,7.601e-05,7.348e-05,7.481e-05,919.85705204,0.068391,7.434e-05,0.46739048666666677,1.0577148992307692,0.7801283129411762,7.546333333333334e-05,7.796769230769233e-05,7.054676470588238e-05
141,7.56e-05,1554055200,7.571e-05,7.188e-05,7.421e-05,3224.53458102,0.23815623,7.385e-05,0.4856357066666668,1.0683183015384616,0.7866071732352939,7.489333333333334e-05,7.805538461538465e-05,7.124088235294122e-05
142,7.422e-05,1554062400,7.559e-05,7.257e-05,7.298e-05,1657.21355831,0.12126274,7.317e-05,0.1426033233333334,1.0563011084615384,0.7169597276470587,7.470000000000001e-05,7.788230769230773e-05,7.161205882352944e-05
143,7.425e-05,1554069600,7.425e-05,7.13e-05,7.365e-05,1062.33958635,0.07632078,7.184e-05,0.1452465833333334,1.0449030576923077,0.6836819511764705,7.469000000000002e-05,7.758230769230775e-05,7.199264705882355e-05
144,7.299e-05,1554076800,7.397e-05,7.226e-05,7.387e-05,734.64115101,0.05325767,7.249e-05,0.08361373000000005,0.6105489092307692,0.6762382308823529,7.382000000000004e-05,7.635076923076929e-05,7.230411764705885e-05
145,7.448e-05,1554084000,7.456e-05,7.226e-05,7.299e-05,2381.55831564,0.17689934,7.427e-05,0.10215926333333337,0.3795448130769231,0.6660527923529411,7.390666666666669e-05,7.545153846153853e-05,7.266911764705885e-05
146,7.246e-05,1554091200,7.448e-05,7.225e-05,7.448e-05,1120.97211586,0.08198656,7.313e-05,0.10404785666666672,0.34578157769230766,0.6604487776470588,7.331000000000003e-05,7.487153846153852e-05,7.301911764705884e-05
147,6.902e-05,1554098400,7.378e-05,6.891e-05,7.378e-05,5883.54116806,0.41196042,7.001e-05,0.22361544000000003,0.37285998230769224,0.6701672217647059,7.19866666666667e-05,7.413076923076929e-05,7.330911764705884e-05
148,6.812e-05,1554105600,7.013e-05,6.535e-05,7.013e-05,12469.64491645,0.8545097,6.852e-05,0.44948556000000006,0.3485351684615384,0.6516251897058823,6.98666666666667e-05,7.353076923076929e-05,7.351441176470591e-05
149,6.87e-05,1554112800,6.87e-05,6.59e-05,6.812e-05,5416.43838375,0.3652775,6.743e-05,0.5439158733333334,0.35003322,0.6526163626470588,6.861333333333336e-05,7.33484615384616e-05,7.374323529411767e-05
150,6.92e-05,1554120000,6.983e-05,6.796e-05,6.876e-05,641.35832248,0.04404924,6.868e-05,0.4212788133333334,0.29429627999999997,0.652855575,6.867333333333337e-05,7.272538461538467e-05,7.400000000000004e-05
151,6.96e-05,1554127200,6.983e-05,6.912e-05,6.982e-05,1217.37491786,0.08487601,6.972e-05,0.16473425000000008,0.28671592923076916,0.6390537905882353,6.91666666666667e-05,7.213230769230774e-05,7.418352941176474e-05
152,6.876e-05,1554134400,6.982e-05,6.876e-05,6.982e-05,1405.91551455,0.09746063,6.932e-05,0.0754619600000001,0.20572367846153838,0.6391486764705883,6.91866666666667e-05,7.166769230769236e-05,7.43202941176471e-05
153,6.972e-05,1554141600,6.979e-05,6.892e-05,6.9e-05,2086.18373002,0.14417636,6.911e-05,0.10883766666666678,0.21155332153846146,0.608583975882353,6.936000000000004e-05,7.131692307692313e-05,7.429205882352945e-05
154,6.952e-05,1554148800,6.956e-05,6.876e-05,6.9e-05,322.99544059,0.02228792,6.9e-05,0.08797497000000011,0.19494806692307684,0.6046001085294117,6.933333333333337e-05,7.084923076923084e-05,7.425147058823534e-05
155,6.945e-05,1554156000,6.945e-05,6.796e-05,6.878e-05,3919.15741467,0.27113163,6.918e-05,0.14586530333333345,0.206476443076923,0.6056821652941176,6.956333333333336e-05,7.048230769230777e-05,7.427147058823533e-05
156,6.935e-05,1554163200,6.94e-05,6.935e-05,6.94e-05,317.27474335,0.02200451,6.935e-05,0.10514135333333345,0.20229826846153837,0.5444650435294116,6.944000000000004e-05,7.010538461538469e-05,7.401676470588239e-05
157,6.865e-05,1554170400,6.9e-05,6.811e-05,6.876e-05,397.83434602,0.0272617,6.852e-05,0.10679928000000011,0.20029857846153837,0.5369903988235293,6.915000000000004e-05,6.977153846153853e-05,7.389441176470592e-05
158,6.306e-05,1554177600,6.9e-05,6.301e-05,6.9e-05,10408.58612915,0.68462375,6.577e-05,0.2446299866666668,0.23935430230769225,0.5508764505882352,6.702000000000005e-05,6.889307692307699e-05,7.361647058823534e-05
159,6.269e-05,1554184800,6.5e-05,6.234e-05,6.494e-05,3146.61708315,0.19895433,6.322e-05,0.30361326000000016,0.24835182307692302,0.5528515470588234,6.480000000000004e-05,6.814153846153854e-05,7.333205882352944e-05
160,6e-05,1554192000,6.548e-05,5.968e-05,6.25e-05,6815.21746313,0.41780207,6.13e-05,0.43379338333333345,0.2488011807692307,0.5475365561764705,6.191666666666672e-05,6.744769230769238e-05,7.289588235294121e-05
161,6.072e-05,1554199200,6.412e-05,5.998e-05,6e-05,3006.2059907,0.18706837,6.222e-05,0.2679415900000001,0.19745953999999993,0.5391653279411763,6.113666666666673e-05,6.687846153846162e-05,7.247470588235297e-05
162,6.172e-05,1554206400,6.198e-05,6.075e-05,6.103e-05,2760.39165284,0.16792572,6.083e-05,0.2575987200000001,0.18227863384615378,0.5411539667647058,6.08133333333334e-05,6.634153846153853e-05,7.210000000000002e-05
163,6.088e-05,1554213600,6.202e-05,6e-05,6.202e-05,2830.77595191,0.17168686,6.065e-05,0.1755603166666668,0.1920969123076922,0.53804222,6.110666666666673e-05,6.570153846153854e-05,7.164147058823532e-05
164,6.24e-05,1554220800,6.305e-05,6.09e-05,6.091e-05,3169.12123534,0.19776686,6.24e-05,0.17912648000000012,0.20078082384615376,0.5372560852941177,6.166666666666672e-05,6.514769230769238e-05,7.117823529411767e-05
165,6.24e-05,1554228000,6.305e-05,6.24e-05,6.24e-05,423.05458838,0.0264064,6.241e-05,0.13195337333333348,0.19531511384615374,0.370389755882353,6.189333333333339e-05,6.465846153846161e-05,7.039588235294119e-05
166,6.305e-05,1554235200,6.305e-05,6.24e-05,6.24e-05,2332.14830844,0.14673245,6.291e-05,0.1236352366666668,0.19551173615384607,0.2811773988235295,6.261666666666672e-05,6.41453846153847e-05,6.971588235294118e-05
167,6.241e-05,1554242400,6.33e-05,6.24e-05,6.251e-05,5772.41259032,0.36371971,6.3e-05,0.17895285333333347,0.22177571999999987,0.27655419558823535,6.262000000000006e-05,6.359846153846162e-05,6.919852941176471e-05
168,5.958e-05,1554249600,6.329e-05,5.958e-05,6.268e-05,10384.4964297,0.62646569,6.032e-05,0.3789726166666669,0.2491091092307691,0.29321668176470594,6.168000000000006e-05,6.283923076923086e-05,6.863764705882354e-05
169,6.048e-05,1554256800,6.239e-05,5.817e-05,6.106e-05,39744.82754902,2.41565632,6.077e-05,1.1352805733333335,0.4332361715384614,0.32983209470588243,6.0823333333333405e-05,6.215692307692317e-05,6.81835294117647e-05
170,5.935e-05,1554264000,6.198e-05,5.825e-05,6.198e-05,5726.38467487,0.34104101,5.955e-05,1.127721006666667,0.45737304153846137,0.32969204117647066,5.980333333333341e-05,6.144153846153855e-05,6.783882352941178e-05
171,6.077e-05,1554271200,6.102e-05,5.826e-05,6.102e-05,6409.87396924,0.37970272,5.923e-05,1.0454666833333337,0.4339175776923075,0.31825301941176476,6.020000000000008e-05,6.126538461538471e-05,6.735264705882353e-05
172,5.873e-05,1554278400,6.101e-05,5.859e-05,6.101e-05,861.29965925,0.05109453,5.932e-05,0.2572794200000003,0.4225437469230767,0.31436107705882366,5.961666666666675e-05,6.096076923076933e-05,6.680617647058823e-05
173,6.004e-05,1554285600,6.215e-05,5.902e-05,5.943e-05,2748.68514574,0.16561866,6.025e-05,0.19880530333333366,0.40314502307692285,0.2853980997058824,5.984666666666675e-05,6.096384615384625e-05,6.63720588235294e-05
174,5.985e-05,1554292800,6.047e-05,5.863e-05,5.912e-05,651.71808906,0.03855538,5.915e-05,0.08508952333333365,0.39172094692307663,0.2845205814705883,5.954000000000008e-05,6.089692307692317e-05,6.594764705882352e-05
175,5.996e-05,1554300000,6.02e-05,5.892e-05,5.892e-05,14191.97718052,0.85218582,6.004e-05,0.3521199533333336,0.4443563392307689,0.30258027529411774,5.9950000000000075e-05,6.076153846153855e-05,6.548764705882353e-05
176,6.08e-05,1554307200,6.08e-05,6.022e-05,6.08e-05,2564.5920107,0.15505406,6.045e-05,0.3485984200000003,0.4430768930769228,0.3035741376470589,6.0203333333333415e-05,6.07553846153847e-05,6.50929411764706e-05
177,6.3e-05,1554314400,6.527e-05,6.08e-05,6.08e-05,8089.60791251,0.51102068,6.317e-05,0.5060868533333336,0.46717334076923045,0.31635942882352946,6.12533333333334e-05,6.0801538461538544e-05,6.476205882352942e-05
178,6.266e-05,1554321600,6.385e-05,6.171e-05,6.301e-05,1280.25832448,0.08134689,6.353e-05,0.2491405433333336,0.471399532307692,0.31718558235294125,6.21533333333334e-05,6.082153846153855e-05,6.445823529411766e-05
179,6.233e-05,1554328800,6.3e-05,6.227e-05,6.234e-05,636.99214986,0.03997494,6.275e-05,0.21078083666666694,0.4631874161538458,0.3131583941176471,6.26633333333334e-05,6.076615384615392e-05,6.410088235294119e-05
180,6.175e-05,1554336000,6.242e-05,6.009e-05,6.183e-05,801.76496844,0.04962394,6.189e-05,0.05698192333333363,0.43902620307692275,0.31220655235294126,6.224666666666672e-05,6.07153846153847e-05,6.37858823529412e-05
181,6.1e-05,1554343200,6.132e-05,6.049e-05,6.105e-05,645.01250198,0.039042,6.052e-05,0.042880293333333624,0.39383976538461507,0.30123836352941186,6.16933333333334e-05,6.082461538461546e-05,6.355000000000001e-05
182,5.932e-05,1554350400,6.081e-05,5.851e-05,6.081e-05,11652.9664385,0.69443604,5.959e-05,0.2610339933333336,0.2614382053846151,0.2965303147058824,6.069000000000007e-05,6.073538461538469e-05,6.329117647058825e-05
183,6.3e-05,1554357600,6.3e-05,5.888e-05,5.931e-05,5675.41943204,0.34128439,6.013e-05,0.35825414333333355,0.26145692692307665,0.2958246350000001,6.110666666666674e-05,6.1016153846153915e-05,6.312352941176472e-05
184,6.06e-05,1554364800,6.161e-05,6.06e-05,6.15e-05,1595.55869997,0.09711355,6.086e-05,0.3776113266666669,0.23971929846153817,0.2973853500000001,6.097333333333341e-05,6.100307692307698e-05,6.287058823529413e-05
185,6.172e-05,1554372000,6.174e-05,6.06e-05,6.06e-05,1274.08356359,0.07739771,6.074e-05,0.17193188333333356,0.2417426199999997,0.2971654000000001,6.177333333333341e-05,6.123307692307699e-05,6.263882352941177e-05
186,6.16e-05,1554379200,6.175e-05,6.094e-05,6.172e-05,140.6893821,0.00867947,6.169e-05,0.06106357666666692,0.22967037461538437,0.29455418941176476,6.130666666666675e-05,6.135307692307698e-05,6.242823529411765e-05
187,6.081e-05,1554386400,6.134e-05,6.081e-05,6.134e-05,361.82534525,0.02205156,6.094e-05,0.03604291333333358,0.22840084999999974,0.29096228352941184,6.137666666666674e-05,6.142692307692314e-05,6.216617647058825e-05
188,6.08e-05,1554393600,6.083e-05,6.08e-05,6.08e-05,692.76843016,0.04212584,6.08e-05,0.024285623333333586,0.16608854384615362,0.291545751764706,6.107000000000008e-05,6.149153846153853e-05,6.190970588235296e-05
189,6.138e-05,1554400800,6.198e-05,6.08e-05,6.155e-05,1281.84266188,0.07873942,6.142e-05,0.04763894000000025,0.1602181869230767,0.2858871573529413,6.099666666666675e-05,6.153615384615392e-05,6.167235294117649e-05
190,6.124e-05,1554408000,6.187e-05,6.093e-05,6.095e-05,114.67173862,0.00699687,6.101e-05,0.04262071000000025,0.1214471246153844,0.28544575617647067,6.114000000000007e-05,6.140076923076931e-05,6.143382352941178e-05
191,6.074e-05,1554415200,6.124e-05,6.074e-05,6.124e-05,72.65482097,0.00443558,6.105e-05,0.030057290000000247,0.11553086999999979,0.2847743997058825,6.112000000000007e-05,6.125307692307699e-05,6.120117647058826e-05
192,6.123e-05,1554422400,6.123e-05,6.07e-05,6.092e-05,782.7586934,0.04765648,6.088e-05,0.019696310000000244,0.11612175769230747,0.26604006823529425,6.107000000000008e-05,6.116846153846162e-05,6.114735294117649e-05
193,6.202e-05,1554429600,6.384e-05,6.123e-05,6.123e-05,1211.39353504,0.07571492,6.25e-05,0.04260232666666691,0.11812875615384592,0.26241537970588247,6.133000000000008e-05,6.118923076923085e-05,6.112764705882354e-05
194,6.077e-05,1554436800,6.112e-05,6.072e-05,6.112e-05,223.87396772,0.01361809,6.082e-05,0.04566316333333358,0.11617307076923054,0.2505276155882354,6.134000000000007e-05,6.117153846153854e-05,6.115029411764706e-05
195,6.07e-05,1554444000,6.108e-05,6.07e-05,6.106e-05,1374.87959707,0.08371896,6.089e-05,0.05768399000000024,0.0691948338461536,0.24748792705882364,6.116333333333341e-05,6.127769230769239e-05,6.114970588235296e-05
196,6.07e-05,1554451200,6.149e-05,6.07e-05,6.139e-05,894.94435838,0.05456555,6.097e-05,0.05063420000000024,0.04713953846153822,0.24415380441176482,6.0723333333333417e-05,6.110076923076931e-05,6.111970588235296e-05
197,6.18e-05,1554458400,6.18e-05,5.999e-05,6.101e-05,1989.78841961,0.1215857,6.11e-05,0.08662340333333358,0.0490220115384613,0.24268024088235307,6.106666666666675e-05,6.119307692307701e-05,6.114676470588236e-05
198,6.007e-05,1554465600,6.173e-05,5.911e-05,6.117e-05,1575.47779907,0.09521152,6.043e-05,0.09045425666666691,0.05039230461538438,0.2396639073529413,6.0856666666666744e-05,6.106615384615393e-05,6.107823529411765e-05
199,6.1e-05,1554472800,6.193e-05,6.09e-05,6.113e-05,3512.49575894,0.21562377,6.138e-05,0.14414033000000023,0.06631109692307668,0.2452291241176472,6.0956666666666747e-05,6.1020000000000076e-05,6.10370588235294e-05
200,6.012e-05,1554480000,6.114e-05,6.012e-05,6.05e-05,530.63842538,0.03191981,6.015e-05,0.11425170000000023,0.06707019307692284,0.241852281764706,6.0396666666666745e-05,6.096692307692315e-05,6.095088235294117e-05
201,6.006e-05,1554487200,6.125e-05,6.006e-05,6.007e-05,940.07700426,0.05657558,6.018e-05,0.10137305333333357,0.0681817115384613,0.23281863088235308,6.039333333333341e-05,6.091000000000008e-05,6.088176470588234e-05
202,6.092e-05,1554494400,6.095e-05,6.081e-05,6.081e-05,94.30125003,0.00574591,6.093e-05,0.03141376666666692,0.06256682615384591,0.21456216676470602,6.0366666666666754e-05,6.087461538461547e-05,6.092117647058822e-05
203,6.092e-05,1554501600,6.092e-05,6.092e-05,6.092e-05,0.0,0.0,6.092e-05,0.02077383000000025,0.062028605384615146,0.14351345147058836,6.0633333333333416e-05,6.085000000000008e-05,6.0934117647058805e-05
204,6.199e-05,1554508800,6.199e-05,6.013e-05,6.013e-05,3288.46777142,0.20345632,6.186e-05,0.06973407666666691,0.07733789307692283,0.13946684294117662,6.127666666666675e-05,6.094615384615393e-05,6.101176470588233e-05
205,6.023e-05,1554516000,6.023e-05,6.023e-05,6.023e-05,15.99,0.00096307,6.023e-05,0.0681397966666669,0.07374609230769207,0.1283274414705884,6.104666666666675e-05,6.086923076923085e-05,6.099588235294116e-05
206,6.022e-05,1554523200,6.054e-05,6.022e-05,6.054e-05,134.28754365,0.00810131,6.032e-05,0.07084023333333357,0.06854504538461514,0.12706293500000013,6.081333333333341e-05,6.0730769230769315e-05,6.103970588235293e-05
207,5.977e-05,1554530400,6.084e-05,5.968e-05,6.021e-05,153.02417453,0.00921164,6.019e-05,0.006092006666666909,0.06820608769230745,0.1224627285294119,6.0073333333333414e-05,6.065384615384624e-05,6.103176470588234e-05
208,5.965e-05,1554537600,6.053e-05,5.958e-05,5.984e-05,2485.3639045,0.14821245,5.963e-05,0.05517513333333357,0.07316712538461514,0.12568793647058837,5.988000000000009e-05,6.0573076923077e-05,6.102588235294116e-05
209,5.958e-05,1554544800,6.039e-05,5.958e-05,5.965e-05,2582.22234236,0.15526722,6.012e-05,0.10423043666666691,0.08091340769230745,0.10519033058823543,5.9666666666666764e-05,6.048692307692316e-05,6.1014705882352924e-05
210,6.039e-05,1554552000,6.039e-05,5.901e-05,6e-05,2582.73075595,0.15449234,5.981e-05,0.1526573366666669,0.08344468769230745,0.10517380941176484,5.987333333333343e-05,6.037846153846163e-05,6.100264705882351e-05
211,5.9e-05,1554559200,6.05e-05,5.9e-05,6.039e-05,1749.65108957,0.10421954,5.956e-05,0.1379930333333336,0.08413761230769207,0.09320907000000013,5.965666666666677e-05,6.0296153846153936e-05,6.088499999999998e-05
212,5.911e-05,1554566400,5.911e-05,5.907e-05,5.907e-05,64.0,0.0037828,5.91e-05,0.08749822666666691,0.06784215307692283,0.09092777323529426,5.95000000000001e-05,6.0150769230769324e-05,6.078058823529409e-05
213,5.95e-05,1554573600,5.95e-05,5.911e-05,5.911e-05,73.20941925,0.00435368,5.946e-05,0.037452006666666926,0.0657216815384613,0.0898800891176472,5.920333333333343e-05,6.0103076923077016e-05,6.069735294117644e-05
214,5.911e-05,1554580800,5.94e-05,5.911e-05,5.94e-05,12.37380673,0.00073384,5.93e-05,0.0029567733333335927,0.061426163076922835,0.08844214500000014,5.92400000000001e-05,6.0030000000000094e-05,6.06197058823529e-05
215,5.912e-05,1554588000,5.912e-05,5.912e-05,5.912e-05,12.0,0.00070944,5.912e-05,0.0019323200000002597,0.06103874230769206,0.08731471676470604,5.924333333333344e-05,5.9891538461538554e-05,6.0564411764705854e-05
216,5.912e-05,1554595200,5.912e-05,5.912e-05,5.912e-05,0.0,0.0,5.912e-05,0.0004810933333335929,0.06103874230769206,0.06689012735294131,5.9116666666666764e-05,5.9753076923077014e-05,6.055852941176468e-05
217,5.851e-05,1554602400,5.939e-05,5.851e-05,5.91e-05,1447.44737175,0.08511286,5.88e-05,0.028607433333333595,0.05193539923076898,0.059355670588235446,5.891666666666677e-05,5.948538461538471e-05,6.0426470588235264e-05
218,5.999e-05,1554609600,6e-05,5.858e-05,5.873e-05,2332.27027651,0.13847023,5.937e-05,0.07452769666666692,0.06251287307692283,0.06057204352941191,5.9206666666666765e-05,5.946692307692317e-05,6.040852941176468e-05
219,5.933e-05,1554616800,5.933e-05,5.89e-05,5.89e-05,10.0,0.00059115,5.911e-05,0.07472474666666692,0.06193516846153821,0.05831302705882367,5.927666666666676e-05,5.9398461538461634e-05,6.033823529411762e-05
220,5.934e-05,1554624000,5.934e-05,5.853e-05,5.854e-05,287.40576177,0.01686447,5.867e-05,0.05197528333333359,0.06252384769230744,0.058553762352941324,5.955333333333343e-05,5.9365384615384705e-05,6.027176470588232e-05
221,5.96e-05,1554631200,5.96e-05,5.854e-05,5.939e-05,434.75127765,0.02556113,5.879e-05,0.014338916666666915,0.05308913076923053,0.05865698500000014,5.9423333333333426e-05,5.936153846153856e-05,6.02361764705882e-05
222,5.852e-05,1554638400,5.949e-05,5.851e-05,5.903e-05,635.53635219,0.03722997,5.858e-05,0.026551856666666915,0.04400934230769207,0.05851298882352955,5.915333333333342e-05,5.9280000000000097e-05,6.016911764705878e-05
223,5.851e-05,1554645600,5.99e-05,5.851e-05,5.851e-05,1030.8937587,0.0608737,5.904e-05,0.041221600000000254,0.036807908461538225,0.05798752647058837,5.887666666666675e-05,5.913538461538471e-05,6.008470588235289e-05
224,5.801e-05,1554652800,5.976e-05,5.801e-05,5.852e-05,4365.60279697,0.25514147,5.844e-05,0.11774838000000026,0.04841728769230746,0.06528589705882366,5.8346666666666756e-05,5.9059230769230864e-05,5.998970588235288e-05
225,5.887e-05,1554660000,5.887e-05,5.801e-05,5.806e-05,7622.63883603,0.44219997,5.801e-05,0.25273838000000026,0.08214168538461515,0.07816132029411778,5.846333333333342e-05,5.904076923076933e-05,5.9934705882352874e-05
226,5.931e-05,1554667200,6.002e-05,5.897e-05,5.897e-05,4735.66295365,0.28298661,5.975e-05,0.32677601666666695,0.10357498769230747,0.08508279470588248,5.873000000000008e-05,5.902615384615395e-05,5.987823529411758e-05
227,5.853e-05,1554674400,5.853e-05,5.853e-05,5.853e-05,20.0,0.0011706,5.853e-05,0.24211906000000027,0.10360858461538439,0.08289031470588248,5.890333333333342e-05,5.8981538461538565e-05,5.977558823529406e-05
228,5.801e-05,1554681600,5.854e-05,5.801e-05,5.854e-05,921.24638035,0.05348079,5.805e-05,0.1125460000000003,0.107667919230769,0.08406274705882366,5.8616666666666745e-05,5.8896153846153956e-05,5.969441176470583e-05
229,5.704e-05,1554688800,5.98e-05,5.704e-05,5.797e-05,622.65665081,0.03624572,5.821e-05,0.030299036666666945,0.1104560515384613,0.08266647529411779,5.786000000000008e-05,5.873615384615395e-05,5.95867647058823e-05
230,5.707e-05,1554696000,5.709e-05,5.702e-05,5.702e-05,710.91914775,0.04057001,5.706e-05,0.04343217333333361,0.10702967846153823,0.08225484176470603,5.7373333333333416e-05,5.862538461538472e-05,5.947999999999995e-05
231,5.702e-05,1554703200,5.705e-05,5.702e-05,5.705e-05,575.13998977,0.03279974,5.702e-05,0.03653849000000028,0.09890117923076899,0.07964349000000015,5.704333333333341e-05,5.839692307692318e-05,5.9339411764705844e-05
232,5.703e-05,1554710400,5.779e-05,5.702e-05,5.702e-05,3656.16824405,0.21063377,5.761e-05,0.09466784000000028,0.1150583038461536,0.08303826205882368,5.7040000000000084e-05,5.82200000000001e-05,5.9249999999999956e-05
233,5.75e-05,1554717600,5.776e-05,5.702e-05,5.705e-05,528.59026098,0.03028783,5.729e-05,0.09124044666666696,0.11609086999999976,0.07758720500000015,5.718333333333341e-05,5.8078461538461646e-05,5.914705882352937e-05
234,5.701e-05,1554724800,5.74e-05,5.701e-05,5.74e-05,4309.09062497,0.24580559,5.704e-05,0.16224239666666693,0.1330327515384613,0.08387796323529426,5.718000000000008e-05,5.787923076923088e-05,5.905558823529408e-05
235,5.701e-05,1554732000,5.702e-05,5.701e-05,5.702e-05,1497.03997459,0.08535094,5.701e-05,0.12048145333333361,0.13673436461538438,0.0847242973529413,5.717333333333342e-05,5.7763076923077035e-05,5.896588235294115e-05
236,5.727e-05,1554739200,5.776e-05,5.703e-05,5.736e-05,1393.82133994,0.07987103,5.73e-05,0.13700918666666695,0.13819569769230747,0.0869044479411766,5.709666666666675e-05,5.7667692307692424e-05,5.8858529411764676e-05
237,5.701e-05,1554746400,5.73e-05,5.701e-05,5.704e-05,4103.908549,0.2339928,5.701e-05,0.13307159000000027,0.1365688769230767,0.0937865891176472,5.709666666666675e-05,5.759076923076934e-05,5.874352941176469e-05
238,5.775e-05,1554753600,5.779e-05,5.763e-05,5.763e-05,1644.37384599,0.09493776,5.773e-05,0.13626719666666695,0.10985639923076904,0.09059486676470603,5.734333333333342e-05,5.750461538461549e-05,5.8618823529411745e-05
239,5.724e-05,1554760800,5.724e-05,5.724e-05,5.724e-05,16.0,0.00091584,5.724e-05,0.10994880000000028,0.0881586476923075,0.09059347764705897,5.7333333333333424e-05,5.7345384615384714e-05,5.8530882352941156e-05
240,5.706e-05,1554768000,5.749e-05,5.706e-05,5.706e-05,95.98083295,0.00547841,5.707e-05,0.033777336666666935,0.0884900176923075,0.09051633352941191,5.735000000000009e-05,5.723230769230779e-05,5.843794117647056e-05
241,5.708e-05,1554775200,5.708e-05,5.706e-05,5.706e-05,68.80904595,0.00392668,5.706e-05,0.0034403100000002704,0.08467816307692287,0.0903608935294119,5.7126666666666765e-05,5.716076923076933e-05,5.8358823529411744e-05
242,5.705e-05,1554782400,5.875e-05,5.705e-05,5.723e-05,4726.27670586,0.2748333,5.815e-05,0.09474613000000028,0.10303105384615364,0.09408503617647074,5.706333333333344e-05,5.7161538461538565e-05,5.828235294117644e-05
243,5.767e-05,1554789600,5.875e-05,5.707e-05,5.735e-05,3180.52834771,0.18378828,5.778e-05,0.15418275333333362,0.11404784384615364,0.09492389088235309,5.7266666666666773e-05,5.720769230769241e-05,5.822617647058821e-05
244,5.8e-05,1554796800,5.875e-05,5.704e-05,5.712e-05,2892.04804196,0.16734608,5.786e-05,0.20865588666666698,0.12439756230769211,0.09530194205882368,5.757333333333345e-05,5.7283076923077026e-05,5.815588235294115e-05
245,5.9e-05,1554804000,6e-05,5.758e-05,5.758e-05,3093.29251307,0.18386358,5.943e-05,0.17833264666666696,0.12233831692307671,0.09764441382352958,5.8223333333333444e-05,5.743461538461549e-05,5.815588235294115e-05
246,5.804e-05,1554811200,5.848e-05,5.804e-05,5.848e-05,78.0,0.00453064,5.808e-05,0.1185801000000003,0.1203569946153844,0.09766640911764722,5.834666666666678e-05,5.7476153846153946e-05,5.812441176470586e-05
247,5.99e-05,1554818400,5.992e-05,5.802e-05,5.84e-05,1249.99468158,0.07456428,5.965e-05,0.08765283333333362,0.10718458615384593,0.09973142676470605,5.898000000000011e-05,5.769846153846164e-05,5.813617647058821e-05
248,5.961e-05,1554825600,6e-05,5.926e-05,5.99e-05,1138.99540688,0.06824872,5.992e-05,0.04911454666666695,0.10586903076923054,0.10171715852941193,5.918333333333344e-05,5.789846153846163e-05,5.8150882352941156e-05
249,5.758e-05,1554832800,5.96e-05,5.701e-05,5.809e-05,3246.28892404,0.18550861,5.714e-05,0.10944053666666696,0.11399499846153824,0.10715242823529428,5.903000000000011e-05,5.792230769230779e-05,5.81055882352941e-05
250,5.704e-05,1554840000,5.704e-05,5.704e-05,5.704e-05,76.91748663,0.00438737,5.704e-05,0.08604823333333363,0.09633304230769207,0.10728146852941192,5.807666666666678e-05,5.7924615384615475e-05,5.804441176470586e-05
251,5.722e-05,1554847200,5.722e-05,5.722e-05,5.722e-05,8.0,0.00045776,5.722e-05,0.06345124666666696,0.08906534999999975,0.10479161264705898,5.728000000000011e-05,5.7883846153846244e-05,5.800647058823528e-05
