,close,date,high,low,open,quoteVolume,volume,weightedAverage,avg_vol_3,avg_vol_13,avg_vol_34,avg_close_3,avg_close_13,avg_close_34
0,0.007534,1543168800,0.007534,0.00743395,0.00743395,1388.5596064,10.41322023,0.00749929,-99999.0,-99999.0,-99999.0,-99999.0,-99999.0,-99999.0
1,0.00777,1543176000,0.00777448,0.00750984,0.00753429,3494.20498053,26.87681358,0.00769182,-99999.0,-99999.0,-99999.0,-99999.0,-99999.0,-99999.0
2,0.007715,1543183200,0.007775,0.00764475,0.00777,1188.31200306,9.14178039,0.00769308,15.4772714,-99999.0,-99999.0,0.007672999999999999,-99999.0,-99999.0
3,0.00779,1543190400,0.0077985,0.00768235,0.00771458,2738.24036802,21.25758214,0.00776322,19.092058703333333,-99999.0,-99999.0,0.007758333333333332,-99999.0,-99999.0
4,0.00783471,1543197600,0.00783884,0.00778501,0.00779077,3298.62603899,25.77355902,0.00781342,18.724307183333334,-99999.0,-99999.0,0.0077799033333333335,-99999.0,-99999.0
5,0.00781973,1543204800,0.00786,0.00781002,0.007835,1377.70173128,10.79769343,0.00783746,19.276278196666663,-99999.0,-99999.0,0.007814813333333333,-99999.0,-99999.0
6,0.0078368,1543212000,0.00786695,0.00781002,0.00782,2190.98695524,17.16898698,0.00783618,17.91341314333333,-99999.0,-99999.0,0.007830413333333335,-99999.0,-99999.0
7,0.00786998,1543219200,0.00787,0.00779296,0.00785489,3627.09419795,28.40226066,0.00783058,18.789647023333327,-99999.0,-99999.0,0.00784217,-99999.0,-99999.0
8,0.00785036,1543226400,0.00793989,0.00785018,0.00786998,2366.44563266,18.6697161,0.00788934,21.413654579999996,-99999.0,-99999.0,0.00785238,-99999.0,-99999.0
9,0.00775985,1543233600,0.0078599,0.0077575,0.00785036,906.26073143,7.08653836,0.00781953,18.05283837333333,-99999.0,-99999.0,0.007826730000000002,-99999.0,-99999.0
10,0.00765,1543240800,0.00776284,0.00761232,0.00775766,3683.62674791,28.30785188,0.00768477,18.02136878,-99999.0,-99999.0,0.007753403333333335,-99999.0,-99999.0
11,0.00789,1543248000,0.00789067,0.007655,0.007665,4647.47611857,36.21388734,0.00779216,23.869425859999996,-99999.0,-99999.0,0.007766616666666668,-99999.0,-99999.0
12,0.00791,1543255200,0.00792598,0.00785056,0.00788107,1945.44899197,15.37438253,0.00790274,26.632040583333332,19.652636356923075,-99999.0,0.007816666666666668,0.007786956153846154,-99999.0
13,0.007915,1543262400,0.00795099,0.00783721,0.00791499,4094.39622203,32.34554465,0.00789995,27.977938173333328,21.339738235384615,-99999.0,0.007905,0.007816263846153847,-99999.0
14,0.00781357,1543269600,0.00792819,0.00778302,0.00792819,2009.39925237,15.75955846,0.00784292,21.15982854666666,20.48456476461539,-99999.0,0.007879523333333334,0.007819615384615385,-99999.0
15,0.00783481,1543276800,0.00784827,0.00780554,0.007815,758.28998432,5.93426257,0.00782584,18.013121893333327,20.237832624615386,-99999.0,0.00785446,0.007828831538461539,-99999.0
16,0.00797054,1543284000,0.00802585,0.007815,0.00784,2695.54714454,21.36426912,0.00792576,14.352696716666658,20.246039315384618,-99999.0,0.007872973333333333,0.007842719230769232,-99999.0
17,0.00795379,1543291200,0.007998,0.007925,0.00796641,1411.12690436,11.234737,0.00796153,12.844422896666659,19.127668390769234,-99999.0,0.007919713333333335,0.007851879230769231,-99999.0
18,0.00792,1543298400,0.00795379,0.00786,0.00795379,1987.23399686,15.71154439,0.00790623,16.10351683666666,19.505656926153844,-99999.0,0.007948110000000003,0.007859592307692308,-99999.0
19,0.00797229,1543305600,0.00797229,0.00791721,0.00792,810.55655079,6.44215406,0.00794781,11.129478483333324,18.68051593230769,-99999.0,0.007948693333333338,0.007870014615384615,-99999.0
20,0.00788766,1543312800,0.00797344,0.00784,0.00796999,846.01088973,6.68017949,0.00789609,9.611292646666657,17.00958661153846,-99999.0,0.007926650000000002,0.007871374615384615,-99999.0
21,0.00795,1543320000,0.00795421,0.00787,0.00788766,734.0336616,5.8205237,0.0079295,6.314285749999992,16.021187196153843,-99999.0,0.007936650000000002,0.007879039230769231,-99999.0
22,0.00796008,1543327200,0.007992,0.00791294,0.0079518,1012.15894062,8.05096792,0.00795425,6.8505570366666575,16.095374085384613,-99999.0,0.007932580000000002,0.007894441538461538,-99999.0
23,0.007965,1543334400,0.007999,0.00791192,0.00796004,1192.68109163,9.47422788,0.00794363,7.781906499999991,14.646633777692308,-99999.0,0.007958360000000003,0.007918672307692307,-99999.0
24,0.00811,1543341600,0.00816646,0.00791225,0.007955,4383.31113198,35.37094794,0.00806945,17.632047913333324,14.581792285384617,-99999.0,0.008011693333333335,0.007935595384615383,-99999.0
25,0.00809743,1543348800,0.00814819,0.00804412,0.00812474,1631.28246255,13.18581047,0.00808309,19.343662096666655,14.413440588461542,-99999.0,0.008057476666666667,0.007950013076923076,-99999.0
26,0.00816001,1543356000,0.00816774,0.00805,0.00809744,1571.26177063,12.78693457,0.008138,20.447897659999985,12.908932120769235,-99999.0,0.008122480000000001,0.007968859999999998,-99999.0
27,0.008088,1543363200,0.00816002,0.008088,0.00816001,754.95314309,6.13707988,0.00812908,10.70327497333332,12.168741460769233,-99999.0,0.008115146666666668,0.007989969999999997,-99999.0
28,0.008095,1543370400,0.00812499,0.008088,0.00808999,440.74994744,3.57194748,0.00810424,7.4986539766666525,11.98702491538462,-99999.0,0.008114336666666668,0.008009984615384614,-99999.0
29,0.00798614,1543377600,0.00815,0.007935,0.0081,2520.67235572,20.24321045,0.00803087,9.984079269999986,11.900789633076927,-99999.0,0.00805638,0.008011184615384614,-99999.0
30,0.0080827,1543384800,0.0080827,0.00795894,0.00798613,692.46238843,5.54598634,0.00800907,9.787048089999985,11.463193428461544,-99999.0,0.008054613333333334,0.008021100769230767,-99999.0
31,0.00813662,1543392000,0.00815669,0.00806999,0.00806999,933.51729903,7.58105974,0.00812096,11.123418843333319,10.837771532307698,-99999.0,0.008068486666666668,0.008037763846153845,-99999.0
32,0.008065,1543399200,0.00815236,0.0080581,0.00814536,584.12998087,4.7188737,0.00807846,5.948639926666651,10.70521150461539,-99999.0,0.008094773333333334,0.008044895384615383,-99999.0
33,0.008085,1543406400,0.00809279,0.008004,0.008075,1609.69446882,12.93067895,0.008033,8.410204129999984,11.18601915538462,15.187493276470589,0.00809554,0.008060075384615383,0.007919972647058824
34,0.00829503,1543413600,0.00844999,0.00807343,0.008085,10004.02605431,83.00012821,0.00829667,33.549893619999985,17.12291181000001,17.32240233470588,0.008148343333333334,0.00808661615384615,0.00794235588235294
35,0.00826604,1543420800,0.00835031,0.00807233,0.00829503,3200.59563268,26.38371639,0.00824337,40.771507849999985,18.533123230769238,17.30789947617647,0.008215356666666668,0.008110151538461537,0.007956945294117647
36,0.00824562,1543428000,0.0083559,0.0082238,0.008255,7459.40767011,61.83169315,0.00828908,57.07184591666665,22.560620559230774,18.857602792647057,0.008268896666666666,0.00813173769230769,0.007972551764705882
37,0.0081382,1543435200,0.00824999,0.00807192,0.00824999,2641.43956877,21.62383393,0.00818638,36.613081156666645,21.503150250769234,18.868374904117648,0.00821662,0.00813390692307692,0.007982792941176469
38,0.008145,1543442400,0.00814897,0.00807001,0.0081382,765.36103955,6.21033554,0.00811425,29.888620873333313,20.966575256153853,18.292985978235293,0.008176273333333331,0.008137566153846152,0.007991919117647057
39,0.008085,1543449600,0.00815264,0.00805665,0.008145,2254.58454134,18.2167175,0.00807985,15.350295656666647,21.384250866153856,18.511192568529413,0.008122733333333331,0.008131796153846151,0.007999721176470586
40,0.00805,1543456800,0.00813758,0.00805,0.00809188,378.427288,3.06038295,0.0080871,9.162478663333314,21.147581871538474,18.09623362647059,0.008093333333333333,0.008128873076923076,0.00800599176470588
41,0.008165,1543464000,0.008175,0.0080216,0.00805,3968.73248071,31.9752887,0.0080568,17.750796383333313,23.332454273076937,18.201322686470586,0.008099999999999998,0.008134257692307691,0.008014668823529409
42,0.00816,1543471200,0.00817197,0.00810745,0.00817197,667.49323813,5.43297942,0.00813937,13.489550356666648,22.193205732307703,17.812006901764704,0.008124999999999999,0.008147631538461536,0.008023775882352938
43,0.008085,1543478400,0.008215,0.00805111,0.00816,1361.39714044,11.10799725,0.00815926,16.17208845666665,22.621052725384626,17.930285104411766,0.008136666666666665,0.00814780846153846,0.008033339117647056
44,0.00797,1543485600,0.00813363,0.0079525,0.00808081,2375.2528718,19.05114651,0.00802068,11.864041059999984,23.503367092307705,17.658029064117645,0.008071666666666664,0.008134991538461537,0.008042750882352939
45,0.00797501,1543492800,0.0080402,0.00790751,0.00797945,4854.94890488,38.59424438,0.00794946,22.917796046666652,26.10916483692309,17.728039565294115,0.00801000333333333,0.008128069230769228,0.008045251176470584
46,0.00790781,1543500000,0.00798297,0.00786693,0.00797497,1387.51884552,10.97550049,0.00791016,22.873630459999987,25.958766493846163,17.5986606817647,0.007950939999999997,0.00811443923076923,0.008045186764705878
47,0.007975,1543507200,0.00798,0.00789259,0.00790781,887.64289219,7.05229738,0.00794497,18.87401408333332,20.11662566076924,16.85474164441176,0.007952606666666666,0.008089821538461538,0.008046951470588232
48,0.00798999,1543514400,0.00806288,0.007955,0.00796739,965.66227073,7.73365916,0.00800865,8.587152343333322,18.682005873846165,16.618685782647056,0.0079576,0.008068586923076921,0.008052140294117644
49,0.00791012,1543521600,0.008003,0.00791004,0.00798999,820.16450425,6.52492976,0.00795563,7.103628766666655,14.42763945923078,16.63605834705882,0.00795837,0.00804277923076923,0.008054355294117644
50,0.0079,1543528800,0.00791496,0.00788555,0.00791012,969.49257149,7.66071476,0.00790177,7.306434559999989,13.35355336923078,16.23301263058823,0.007933369999999999,0.008024456153846154,0.00805228058823529
51,0.00791395,1543536000,0.00791593,0.00788164,0.00789499,947.77404181,7.48388435,0.00789627,7.223176289999988,13.451518662307706,16.122693435,0.007908023333333332,0.008006683076923076,0.008051108823529407
52,0.00794851,1543543200,0.0079704,0.00789576,0.00791395,512.92263458,4.06636052,0.00792782,6.403653209999988,12.363029663846165,15.780188027058822,0.007920819999999997,0.007996183846153847,0.008051947352941173
53,0.00787188,1543550400,0.007955,0.007867,0.007955,449.44966196,3.55028522,0.00789918,5.033510029999988,12.400714453846167,15.695133061176467,0.007911446666666664,0.007982482307692308,0.008048994117647056
54,0.00793271,1543557600,0.00793991,0.00778569,0.00787,3789.87743802,29.69650352,0.00783574,12.437716419999987,12.225423286153859,16.372083767941174,0.007917699999999996,0.007964613846153846,0.008050319117647056
55,0.00793002,1543564800,0.00797037,0.00789,0.0079415,677.35211734,5.37500246,0.00793531,12.873930399999987,12.22096352000001,16.35898020205882,0.007911536666666663,0.007946923076923075,0.00804973147058823
56,0.00789,1543572000,0.00794153,0.00778498,0.00793003,2709.1917961,21.25425316,0.00784523,18.775253046666656,13.001444743846163,16.747312120882352,0.007917576666666664,0.007931923076923076,0.008047670294117643
57,0.00792156,1543579200,0.00795,0.00786263,0.00788888,1080.74557868,8.55093322,0.00791206,11.72672961333332,12.193736029230779,16.720156395588234,0.007913859999999997,0.00792819692307692,0.008046392647058821
58,0.00787,1543586400,0.0079704,0.00786681,0.00792487,450.65262756,3.5620384,0.00790417,11.122408259999988,9.498950953846164,15.784600232647058,0.00789385333333333,0.007920119230769228,0.008039333823529407
59,0.0079662,1543593600,0.0079662,0.00781195,0.00786966,1245.53496382,9.79226761,0.00786189,7.301746409999989,9.40793304000001,15.68479014852941,0.007919253333333333,0.007924610769230766,0.008035474117647054
60,0.00799056,1543600800,0.00802163,0.00792001,0.0079661,1054.70976813,8.40161089,0.0079658,7.251972299999989,9.511726386923089,15.555810040294118,0.007942253333333331,0.007925807692307689,0.008030490294117641
61,0.00796905,1543608000,0.00801472,0.00793531,0.00799057,630.81074481,5.02197419,0.00796114,7.738617563333324,9.303135235384627,15.52301281411765,0.007975269999999998,0.00792419692307692,0.008026991764705877
62,0.007965,1543615200,0.007985,0.00794712,0.00796905,263.63970897,2.0999173,0.0079651,5.174500793333324,8.962749661538473,15.479717808823533,0.007974869999999997,0.007928418461538458,0.008023168235294111
63,0.00794687,1543622400,0.00798105,0.00793905,0.00797,240.11507554,1.91109074,0.00795906,3.0109940766666567,8.520470890769243,14.940537817352944,0.007960306666666665,0.007932023846153841,0.008022013235294112
64,0.00790722,1543629600,0.00796,0.0079,0.00794606,225.5305005,1.78671109,0.00792225,1.9325730433333235,8.082226793846164,14.829970898235295,0.007939696666666664,0.00793150615384615,0.008016852058823524
65,0.00792155,1543636800,0.00795629,0.00790001,0.007905,569.87376945,4.52010817,0.00793177,2.7393033333333237,8.117130459230781,14.739942910882355,0.007925213333333332,0.007929432307692304,0.00801052647058823
66,0.00796634,1543644000,0.00796695,0.00791174,0.007945,898.64963408,7.13131021,0.00793558,4.47937648999999,8.39259392000001,14.810896925882354,0.007931703333333331,0.007936698461538457,0.008007624705882349
67,0.0080735,1543651200,0.00811768,0.00796376,0.00796694,1612.66129536,13.00811147,0.00806623,8.219843283333322,7.108871454615396,14.813174352941175,0.007987129999999997,0.007947528461538457,0.00800728647058823
68,0.008025,1543658400,0.00811023,0.00799917,0.008075,1567.9497433,12.62825893,0.00805399,10.92256020333332,7.66681426000001,12.743413491764706,0.00802161333333333,0.007954834615384612,0.007999344411764702
69,0.00804136,1543665600,0.00804285,0.00794616,0.00802707,1196.70140991,9.56917477,0.00799629,11.73518172333332,6.767962076153856,12.24886815,0.008046619999999996,0.00796647769230769,0.007992736176470585
70,0.0082,1543672800,0.0082,0.00798821,0.00802825,774.59421266,6.26463886,0.00808763,9.487357519999986,6.59209327923078,10.61454302382353,0.008088786666666662,0.00798789615384615,0.007991394411764703
71,0.0081,1543680000,0.00824383,0.00807272,0.0082,1638.93594253,13.3433844,0.00814149,9.725732676666652,7.344504510000011,10.371000390588236,0.008113786666666662,0.008005588461538458,0.007990270882352938
72,0.008155,1543687200,0.00816578,0.00809,0.0081,443.28819331,3.60200173,0.00812564,7.736674996666651,6.868330211538472,10.294284690294116,0.008151666666666663,0.008020111538461534,0.007990564999999996
73,0.008155,1543694400,0.00823327,0.00812821,0.00815999,1401.00939218,11.45314054,0.00817492,9.466175556666654,7.103063261538472,10.09535595617647,0.008136666666666665,0.008032760769230764,0.007992623823529409
74,0.00815267,1543701600,0.00817,0.0081,0.00814502,621.72151195,5.05854526,0.00813635,6.704562509999988,7.105876420769243,10.154125435882351,0.008154223333333332,0.00804688538461538,0.007995643529411763
75,0.008175,1543708800,0.0082026,0.0081364,0.00815001,285.41911539,2.33537842,0.00818227,6.282354739999988,7.123988814615396,9.282363368823527,0.008160889999999997,0.008063039230769226,0.007995937647058821
76,0.00817,1543716000,0.0081975,0.00811038,0.00817,1041.88320474,8.48445905,0.00814338,5.292794243333321,7.629632530769242,9.372112769705879,0.008165889999999997,0.008080203076923071,0.007996231764705881
77,0.00811028,1543723200,0.008195,0.00808495,0.00817501,1142.27169452,9.30346903,0.0081447,6.707768833333322,8.207844680000012,9.319038410294114,0.008151759999999996,0.008095823076923072,0.007996975294117647
78,0.008085,1543730400,0.0081435,0.00807067,0.008105,282.32633755,2.29040243,0.0081126,6.692776836666655,8.036328853846165,8.826075349117643,0.008121759999999997,0.00810839615384615,0.008000357647058823
79,0.00812432,1543737600,0.008169,0.00803617,0.00807501,535.14525038,4.32963057,0.00809057,5.307834009999988,7.820815035384627,7.818292589999995,0.00810653333333333,0.008120548461538457,0.008004749117647059
80,0.00808504,1543744800,0.00815443,0.00806882,0.00812,810.89579575,6.57787971,0.00811186,4.399304236666654,7.3261818230769356,7.688950802352936,0.008098119999999999,0.00812143615384615,0.008009961764705881
81,0.00810663,1543752000,0.00812133,0.008075,0.00809449,472.02040788,3.82565488,0.00810485,4.911055053333321,6.649058434615397,7.594049552352935,0.008105329999999996,0.00812771538461538,0.008013833235294117
82,0.00815878,1543759200,0.00817629,0.00806286,0.008095,883.02334684,7.16243145,0.00811125,5.855322013333321,6.463924333076935,7.577248737352935,0.008116816666666662,0.008136747692307688,0.008018797647058823
83,0.008171,1543766400,0.0082,0.00813963,0.008165,1080.19998575,8.83221857,0.00817646,6.606768299999988,6.661430464615396,7.64511017294117,0.008145469999999995,0.008134516923076918,0.008026470588235291
84,0.0081743,1543773600,0.00818513,0.00816,0.00817002,440.5666016,3.59873495,0.00816842,6.531128323333323,5.911842045384626,7.525640178529406,0.008168026666666663,0.008140232307692303,0.008034538235294115
85,0.00814342,1543780800,0.008195,0.00813001,0.00817999,605.33515801,4.93971123,0.00816029,5.790221583333323,6.014742776153857,7.450811557352933,0.008162906666666664,0.008139341538461535,0.008041287352941174
86,0.008125,1543788000,0.00815501,0.008068,0.008155,812.06116896,6.5923939,0.0081181,5.0436133599999895,5.64083918846155,7.525106656764699,0.008147573333333331,0.008137033846153842,0.008046478235294115
87,0.00812626,1543795200,0.00813365,0.00808,0.00813,574.48850993,4.65719812,0.00810668,5.396434416666655,5.609966331538473,7.557662918529405,0.008131559999999998,0.008135002307692303,0.008053959999999997
88,0.008075,1543802400,0.00813663,0.00802627,0.00812391,3388.77807261,27.32638946,0.00806378,12.858660493333323,7.532351796153858,7.4879536814705805,0.008108753333333331,0.008127309999999995,0.008058144999999997
89,0.00813,1543809600,0.00815832,0.0080711,0.00807352,1478.09763216,12.02491796,0.0081354,14.669501846666655,7.804694789230781,7.683539431470581,0.008110419999999998,0.008124233076923072,0.00806402676470588
90,0.00802992,1543816800,0.0081304,0.00800397,0.00812996,2207.06038743,17.81574554,0.00807216,19.055684319999987,8.459485290000012,7.582406854411757,0.008078306666666663,0.008118051538461533,0.008068142058823528
91,0.00795277,1543824000,0.00805362,0.00794227,0.00803,1177.10812196,9.40860172,0.00799298,13.083088406666652,9.007039081538474,7.607632398529404,0.00803756333333333,0.008107879999999996,0.00806906
92,0.00799501,1543831200,0.0080217,0.00794503,0.00795277,498.02470563,3.98109614,0.00799377,10.401814466666652,8.980228740769244,7.619957626176462,0.007992566666666664,0.008097933076923072,0.008072736764705882
93,0.007995,1543838400,0.00800259,0.00794228,0.00798822,909.78286975,7.25367666,0.00797297,6.881124839999984,9.032213121538474,7.5452931864705794,0.007980926666666664,0.008091006923076918,0.008073583823529412
94,0.00787319,1543845600,0.00799686,0.00781799,0.00799084,3658.33122546,28.89670824,0.00789887,13.377160346666649,10.96075568769232,8.148090167352931,0.007954399999999999,0.008073049999999995,0.008070131764705881
95,0.00789707,1543852800,0.00795,0.00786167,0.00787321,1780.25893665,14.07396412,0.00790557,16.741449673333317,11.49241204692309,8.414325165294109,0.007921753333333332,0.008052918461538456,0.008068014705882353
96,0.00793,1543860000,0.00797,0.00788437,0.00789628,1157.31232162,9.16186821,0.0079165,17.377513523333317,11.517769711538474,8.62202960382352,0.007900086666666662,0.008034379999999995,0.008066985294117647
97,0.008,1543867200,0.008,0.00792352,0.00793419,433.02723147,3.45628652,0.00798168,8.897372949999982,11.506812140000012,8.667476538529403,0.007942356666666662,0.008020972307692303,0.00806854794117647
98,0.00797395,1543874400,0.0080018,0.00794492,0.008,641.79163946,5.11281726,0.00796647,5.910323996666649,11.520127988461551,8.765303190588227,0.00796798333333333,0.00800793615384615,0.008070510588235295
99,0.0079951,1543881600,0.0079951,0.00792151,0.00797298,592.43567746,4.71414128,0.00795722,4.427748353333316,11.375647017692321,8.771010046764696,0.007989683333333329,0.007997943846153842,0.008072673823529412
100,0.00793502,1543888800,0.008,0.007895,0.0079951,463.46466586,3.68523088,0.00795148,4.504063139999983,11.30088030692309,8.669654772352931,0.007968023333333329,0.007983233076923073,0.008071752647058825
101,0.00791453,1543896000,0.0079423,0.00788406,0.00793949,308.58993883,2.44241712,0.00791476,3.613929759999983,9.386728588461551,8.358899056176462,0.007948216666666662,0.007970889230769228,0.008067077058823528
102,0.0079751,1543903200,0.00800796,0.00788,0.0079135,1563.30163426,12.40194737,0.00793317,6.176531789999983,9.415730850769243,8.35224283382352,0.007941549999999997,0.007958973846153843,0.008065609411764705
103,0.00792946,1543910400,0.00798941,0.00791429,0.00797501,537.67832286,4.27530964,0.00795142,6.373224709999984,8.374158858461552,8.196540918235284,0.007939696666666662,0.007951246153846151,0.008062318235294116
104,0.00794,1543917600,0.007967,0.007925,0.00794099,129.75599782,1.03019126,0.00793945,5.90248275666665,7.729665746153859,8.042586577058813,0.007948186666666664,0.007950263846153844,0.008054671176470588
105,0.007948,1543924800,0.00799988,0.00793423,0.00794001,334.5900059,2.66444724,0.00796331,2.6566493799999837,7.6283850615384745,7.72850018999999,0.00793915333333333,0.00794664769230769,0.008050200588235294
106,0.00793763,1543932000,0.00794999,0.00790268,0.007948,485.73669484,3.84914441,0.00792434,2.514594303333317,7.366497965384628,7.735769092352932,0.007941876666666665,0.007942234615384612,0.008043807352941176
107,0.00796264,1543939200,0.00798171,0.00791503,0.00791503,997.1941207,7.92570135,0.007948,4.813097666666651,5.753343589230782,7.632020880882344,0.007949423333333332,0.007949115384615383,0.008038149705882352
108,0.00790588,1543946400,0.00797023,0.00790587,0.00796065,649.37203452,5.15407,0.007937,5.642971919999983,5.067197887692321,7.634830432058814,0.007935383333333332,0.007949793076923074,0.008030891176470586
109,0.00789,1543953600,0.00791836,0.00788,0.007915,661.82498048,5.2291508,0.0079011,6.1029740499999825,4.764681163846166,7.719941384411756,0.007919506666666664,0.00794671615384615,0.00802250882352941
110,0.00786501,1543960800,0.00790076,0.00785884,0.007895,405.96359566,3.19852365,0.00787884,4.5272481499999815,4.7448532507692445,7.564472696176463,0.00788696333333333,0.007936332307692305,0.008013538529411765
111,0.00780501,1543968000,0.00791708,0.00780484,0.00785886,602.98074454,4.74847873,0.007875,4.392051059999982,4.716827210000013,7.430502393235286,0.007853339999999997,0.00792333692307692,0.008004559999999999
112,0.00784002,1543975200,0.00784542,0.0077777,0.00780501,1503.12420173,11.72029877,0.00779729,6.555767049999982,5.255762401538474,7.707852285588227,0.007836679999999997,0.007911407692307689,0.00799735470588235
113,0.00788,1543982400,0.00789,0.00782378,0.00784238,1065.51969535,8.35825194,0.00784429,8.275676479999982,5.615225560000012,7.826341149411756,0.007841676666666663,0.00790717538461538,0.00799016882352941
114,0.00785767,1543989600,0.00788,0.00781,0.00788,299.32441986,2.34819645,0.00784498,7.475582386666649,5.607977816153858,7.701938700588227,0.007859229999999995,0.007902801538461533,0.007983481470588234
115,0.00785202,1543996800,0.00787931,0.007835,0.00785786,400.94344629,3.15236069,0.00786235,4.61960302666665,4.89647114846155,7.68213593029411,0.007863229999999995,0.007893333846153842,0.00797599294117647
116,0.007855,1544004000,0.00786326,0.0078043,0.00786326,535.10078284,4.19086448,0.00783191,3.230473873333317,4.889975366923088,7.594736901764699,0.007854896666666661,0.00788760615384615,0.007967058235294117
117,0.00789782,1544011200,0.00795601,0.00785001,0.00786182,977.94984027,7.71599773,0.00788997,5.01974096666665,5.404268172307704,7.561906877058817,0.007868279999999995,0.007884361538461533,0.007959023529411764
118,0.0078202,1544018400,0.00789889,0.00779873,0.00789889,1620.70905517,12.67486989,0.00782057,8.193910699999984,6.174300683846165,7.828852022352936,0.007857673333333329,0.007874530769230765,0.00794860882352941
119,0.00782009,1544025600,0.0078563,0.00770713,0.007835,3918.64738922,30.45402861,0.00777156,16.948298743333318,8.22083023769232,8.5792731217647,0.007846036666666662,0.007865489230769226,0.007939099117647057
120,0.007835,1544032800,0.00784838,0.00780501,0.0078201,477.41172357,3.73366841,0.00782064,15.620855636666652,7.898366165384628,8.495192960294114,0.007825096666666663,0.007855670769230765,0.007930569705882351
121,0.007815,1544040000,0.007855,0.00780895,0.00782998,282.6285752,2.2133479,0.00783129,12.133681639999987,7.672156773076935,8.423315012647054,0.007823363333333331,0.007848679999999995,0.007921415
122,0.007775,1544047200,0.00782498,0.00776526,0.00781369,332.09411443,2.58604946,0.00778709,2.8443552566666526,7.468841285384627,7.695657953823527,0.007808333333333331,0.007839833846153842,0.007912591470588233
123,0.00781501,1544054400,0.00784394,0.00776527,0.00776527,494.07198796,3.8608925,0.00781443,2.886763286666653,7.519792735384628,7.455539557941172,0.007801669999999999,0.007835987692307688,0.007903327058823528
124,0.0077,1544061600,0.00781882,0.0077,0.00781501,973.51259264,7.52367181,0.00772837,4.656871256666653,7.733269126153858,7.152831507058821,0.007763336666666665,0.007827909999999995,0.007893623529411762
125,0.00772501,1544068800,0.00775891,0.007555,0.00770501,3473.77623518,26.56115188,0.00764618,12.64857206333332,8.874873211538473,7.657318276470585,0.007746673333333331,0.007819063076923073,0.007886924705882349
126,0.00775708,1544076000,0.00780236,0.0077,0.00773049,613.08855426,4.7502431,0.00774805,12.945022263333321,8.597334070000013,7.67994024588235,0.007727363333333331,0.007809607692307688,0.007879926764705877
127,0.00772532,1544083200,0.0078624,0.00768043,0.00777048,3339.32728235,25.80929861,0.00772889,19.040231196666657,10.40203423615386,8.225693832647055,0.00773580333333333,0.007799426923076919,0.007871994999999996
128,0.007675,1544090400,0.00774,0.00766001,0.007735,706.42172097,5.43291079,0.00769074,11.997484166666657,10.57746116692309,7.535582142941173,0.00771913333333333,0.0077858099999999954,0.007866165882352937
129,0.00758,1544097600,0.00769416,0.00755362,0.00767219,2534.30179621,19.31303862,0.00762065,16.85174933999999,11.740705331538477,7.689672569411762,0.007660106666666664,0.007764656153846149,0.007856840294117642
130,0.007645,1544104800,0.00765,0.00752611,0.00758,4182.51636323,31.70349186,0.00758,18.816480423333328,13.585897187692325,8.352661500294113,0.00763333333333333,0.007745208461538458,0.007848457941176466
131,0.00766111,1544112000,0.007676,0.007595,0.00764462,1325.70586237,10.13640365,0.00764604,20.384311376666663,13.390630553846172,8.549135533529407,0.007628703333333329,0.007732970769230765,0.00783849058823529
132,0.00774499,1544119200,0.007755,0.00765738,0.00765753,2154.55152301,16.59051473,0.00770021,19.47680341333333,12.324206409230786,8.886714870882349,0.007683699999999996,0.007727193846153841,0.007831756470588232
133,0.00774656,1544126400,0.00777724,0.00767812,0.00773501,1873.56983533,14.46856088,0.00772245,13.731826419999996,13.149967368461557,9.173609564999996,0.007717553333333329,0.007720390769230765,0.007824446470588234
134,0.00762648,1544133600,0.00777,0.0074923,0.00774656,5904.15316579,44.6730633,0.00756637,25.244046303333324,16.41609932230771,10.379134047941173,0.007706009999999997,0.007705889230769226,0.00781537176470588
135,0.007565,1544140800,0.00764785,0.00751711,0.0076258,5199.98391629,39.40943309,0.00757876,32.85035242333333,19.24866729384617,11.466399223529407,0.00764601333333333,0.00768973538461538,0.0078050914705882326
136,0.00751882,1544148000,0.00760869,0.0074801,0.00758024,2837.75793826,21.37860035,0.00753362,35.15369891333332,20.596183282307713,11.730418428823524,0.007570099999999996,0.007666951538461534,0.007791671470588232
137,0.00761,1544155200,0.00766865,0.00750001,0.00751,2426.25253525,18.44959313,0.00760415,26.412542189999993,21.436638768461556,12.147309119705877,0.0075646066666666635,0.007660028461538458,0.007782275588235291
138,0.007615,1544162400,0.00762241,0.00753483,0.00759176,585.77552141,4.43335878,0.00756835,14.753850753333326,19.734500837692323,12.247402282058818,0.00758127333333333,0.007651566153846149,0.007772716764705878
139,0.0074801,1544169600,0.007625,0.00745121,0.00761999,1903.07506332,14.27303363,0.00749998,12.385328513333327,20.467023186153863,12.588831293529406,0.007568366666666664,0.0076302599999999955,0.007758954999999995
140,0.00742873,1544176800,0.00755393,0.00737156,0.0074801,3170.47516492,23.63487458,0.00745467,14.113755663333327,20.29975979923079,13.170764533823524,0.007507943333333332,0.00760744538461538,0.007743987352941173
141,0.007355,1544184000,0.00742873,0.00728275,0.00742491,3374.00940084,24.78428961,0.00734564,20.897399273333328,21.78832740076925,13.666605364999995,0.007421276666666665,0.007582829999999995,0.00772611558823529
142,0.00723722,1544191200,0.00742,0.00723539,0.00736998,3162.60048048,23.22820114,0.00734465,23.882455109999995,22.08949374846156,14.198197457352936,0.007340316666666665,0.007556462307692303,0.007706449117647055
143,0.00700252,1544198400,0.00729,0.006841,0.00728412,14260.19807845,100.20467741,0.00702687,49.40572272,27.358815713846177,16.991595298823526,0.007198246666666665,0.007507040769230765,0.007680346764705879
144,0.00729309,1544205600,0.00729309,0.00699601,0.00700241,9515.85446404,68.07410057,0.00715375,63.83565970666667,31.815561630769253,18.899700502352943,0.007177609999999998,0.007478731538461534,0.00766352558823529
145,0.00734247,1544212800,0.00748357,0.0072339,0.00729309,5926.63113458,43.50230538,0.00734014,70.59369445333333,33.885699373076946,20.039518933235296,0.007212693333333332,0.007447768461538457,0.007649921470588231
146,0.00735502,1544220000,0.00740544,0.007265,0.00734504,1995.7776569,14.64356089,0.00733727,42.07332228,33.899160912307714,20.125497230882356,0.007330193333333332,0.007417649999999996,0.007635656764705878
147,0.00762357,1544227200,0.0076501,0.00731691,0.00733884,3265.12535211,24.53860633,0.00751536,27.56149086666667,32.35035653000002,20.601390007058825,0.0074403533333333325,0.007417426153846149,0.007628114705882349
148,0.00757001,1544234400,0.0076784,0.00752039,0.00762999,2127.40843728,16.19227284,0.00761126,18.45814668666667,30.564421126153867,21.008568724411766,0.0075162,0.007417811538461534,0.007619654117647055
149,0.00738778,1544241600,0.00758,0.00733475,0.00757665,1287.2509937,9.56344694,0.00742935,16.76477537,29.655563171538482,21.197130084705883,0.007527119999999999,0.007407731538461534,0.0076059999999999964
150,0.00738399,1544248800,0.00753083,0.00728931,0.00738619,4663.5065771,34.77560198,0.00745696,20.17710725333333,30.911410006153865,22.09668118764706,0.00744726,0.007390346153846148,0.0075921467647058795
151,0.00721386,1544256000,0.00739025,0.00715102,0.007384,2993.57461146,21.77983134,0.00727552,22.039626753333327,32.24575404923079,22.51032335264706,0.007328543333333333,0.007359489230769225,0.007572030294117645
152,0.00718107,1544263200,0.00734788,0.007135,0.00721383,2273.41984052,16.42873315,0.00722644,24.328055489999993,32.41157708923079,22.620731095588237,0.00725964,0.0073364869230769176,0.0075532323529411746
153,0.00695676,1544270400,0.007194,0.00695531,0.00718107,5452.4647477,38.49125314,0.00705942,25.56660587666666,33.55437544000002,22.85712005235294,0.0071172299999999996,0.007300181538461533,0.007527840294117645
154,0.00717658,1544277600,0.00723173,0.00690245,0.00695676,6200.08874906,43.9750353,0.00709264,32.96500719666666,35.030586646923105,24.04068966676471,0.007104803333333334,0.007286456923076918,0.007508474999999998
155,0.00719999,1544284800,0.00724984,0.00713,0.00717441,4419.21251958,31.78775339,0.00719308,38.08468060999999,35.68901374307695,24.910525122352944,0.00711111,0.007283593076923072,0.007490386470588232
156,0.00712499,1544292000,0.00728421,0.00711458,0.00720398,2733.00979307,19.59045877,0.00716808,31.784415819999992,29.487920001538484,25.41065480794118,0.007167186666666668,0.0072930138461538415,0.007471268529411762
157,0.00707356,1544299200,0.00712649,0.00699839,0.00712094,3981.99487347,28.08314328,0.00705253,26.487118479999992,26.411692517692334,26.12307394852942,0.007132846666666667,0.007276126923076919,0.007449461176470586
158,0.007115,1544306400,0.0071411,0.00705412,0.00708499,5617.37536088,39.90225074,0.00710336,29.19195092999999,26.13476523769233,27.07538509352942,0.007104516666666667,0.007258629230769226,0.007432255294117644
159,0.00714501,1544313600,0.00719181,0.00711478,0.00711478,796.3815227,5.69971387,0.00715701,24.56170262999999,25.44677700538464,26.461813387352947,0.00711119,0.007242474615384611,0.007415196470588233
160,0.00719001,1544320800,0.0072875,0.00712366,0.00716102,1957.52103148,14.14299105,0.00722494,19.914985219999988,24.647114291538482,26.738070680000003,0.007150006666666667,0.007209123846153841,0.007398517941176469
161,0.00722235,1544328000,0.00725118,0.00717396,0.00719001,693.0443971,4.99998913,0.00721452,8.280898016666654,23.786169390769256,26.126032165882357,0.00718579,0.0071823807692307645,0.007383724705882351
162,0.00732944,1544335200,0.0074,0.00722235,0.00722465,1063.38929364,7.77704654,0.00731345,8.973342239999988,23.64875397538464,26.194977335000004,0.007247266666666666,0.007177893076923073,0.007373561176470587
163,0.00734278,1544342400,0.00737901,0.007235,0.00732944,3894.92655074,28.46528774,0.00730829,13.747441136666653,23.163345187692336,26.46416113264706,0.0072981899999999995,0.007174723076923073,0.007366584117647059
164,0.00735501,1544349600,0.007374,0.007255,0.007345,4124.39267965,30.15833184,0.00731218,22.13355537333332,23.807845226153876,26.418715249705883,0.00734241,0.007185580769230765,0.007358054999999999
165,0.00742414,1544356800,0.00746794,0.007355,0.00737398,3215.48503876,23.86355599,0.00742144,27.495725189999984,24.37975467538465,26.822455024411767,0.007373976666666666,0.0072042784615384565,0.007351085294117647
166,0.00730999,1544364000,0.00746658,0.0073058,0.00743,1972.69937242,14.58732269,0.00739459,22.869736839999984,22.54099079461542,26.763537611470586,0.007363046666666665,0.007231449999999995,0.007338291176470588
167,0.00729105,1544371200,0.00732,0.00726848,0.00730479,2280.40343956,16.63875759,0.0072964,18.36321208999998,20.4382002015385,26.827366926470585,0.007341726666666666,0.0072402553846153805,0.007324893823529412
168,0.00725833,1544378400,0.00730893,0.00720346,0.00729,965.00996042,6.99138407,0.00724488,12.739154783333314,18.530787176923113,25.71908224323529,0.0072864566666666665,0.007244743076923072,0.007314065882352941
169,0.007145,1544385600,0.007269,0.0071343,0.00726073,1569.37636957,11.32092152,0.00721364,11.650354393333314,17.894668926923114,24.892949549999997,0.007231460000000001,0.007246282307692303,0.007301712941176471
170,0.00716019,1544392800,0.00720299,0.00714525,0.00715499,889.91207574,6.37701579,0.00716589,8.229773793333313,16.224966812307727,24.45172647470588,0.007187840000000001,0.007252946153846149,0.0072911650000000005
171,0.00707247,1544400000,0.00717887,0.00707246,0.00716,7254.85628294,51.57920823,0.00710961,23.09238184666665,17.123194311538498,25.426126918823524,0.007125886666666668,0.007249674615384611,0.0072753552941176485
172,0.007075,1544407200,0.00709499,0.00703,0.007075,1053.16781996,7.43271194,0.00705748,21.79631198666665,17.25650185538465,25.514343188235287,0.007102553333333335,0.007244289230769226,0.007259472941176471
173,0.00709499,1544414400,0.00709499,0.00704,0.00706573,232.43988732,1.64091575,0.00705952,20.21761197333332,16.29480375538465,25.142810309411757,0.0070808200000000016,0.007236979999999995,0.0072481461764705895
174,0.00708322,1544421600,0.00715,0.00706,0.00709499,2047.39162815,14.57775579,0.00712015,7.883794493333319,17.031555036923113,24.87642446264705,0.007084403333333335,0.0072262776923076874,0.00723798411764706
175,0.00708785,1544428800,0.00708785,0.007,0.00708441,1555.20325994,10.92047379,0.00702189,9.046381776666653,17.27335713307696,24.46866517382352,0.0070886866666666675,0.007207693846153842,0.007230126764705884
176,0.007089,1544436000,0.007115,0.0070462,0.00708499,2145.62610966,15.20054543,0.00708443,13.566258336666655,16.252992340000034,24.232557652941168,0.0070866900000000005,0.007188172307692303,0.007225767352941178
177,0.007085,1544443200,0.00709,0.00701,0.00708999,1365.0288673,9.61402732,0.00704309,11.911682179999987,14.67266122307696,21.568126767941166,0.007087283333333334,0.007167402307692302,0.007228193235294119
178,0.00701824,1544450400,0.00709,0.00692554,0.007085,3929.4362649,27.48582276,0.00699485,17.433465169999987,14.951297128461572,20.37435389117646,0.00706408,0.007136179230769225,0.007220109411764708
179,0.00705996,1544457600,0.00709,0.00698886,0.00701999,2936.25329177,20.67624718,0.00704171,19.258699086666656,15.419675935384648,19.702999238235282,0.0070544,0.007116946153846148,0.007211800294117649
180,0.00705222,1544464800,0.00708599,0.00702901,0.00705996,730.43613521,5.15640153,0.00705934,17.772823823333322,14.536417776923109,19.423965139411756,0.007043473333333332,0.0070985746153846094,0.007202894411764708
181,0.00711591,1544472000,0.00711591,0.00704822,0.00705223,1029.48705102,7.30382758,0.00709462,11.045492096666655,14.560451893076955,18.917059882058812,0.00707603,0.007087619230769225,0.00718796323529412
182,0.00703421,1544479200,0.00712199,0.0070342,0.00711591,1941.36750502,13.73783327,0.00707636,8.732687459999985,14.746368181538493,18.844870482941165,0.007067446666666665,0.007079096923076917,0.007172204411764709
183,0.00704885,1544486400,0.00712068,0.00702774,0.00703421,884.97007844,6.27191283,0.00708714,9.104524559999986,14.738283338461569,18.748060656176463,0.0070663233333333325,0.007070532307692301,0.0071622358823529445
184,0.00708532,1544493600,0.00709354,0.00703401,0.00704884,660.5635358,4.66202019,0.00705764,8.223922096666653,11.129268873846183,17.86236707411764,0.007056126666666666,0.007071520769230764,0.007153451470588238
185,0.00709707,1544500800,0.00714303,0.00708361,0.00708361,2210.37129135,15.72901049,0.007116,8.887647836666654,11.767445685384645,17.68440175499999,0.0070770799999999995,0.007073218461538456,0.007150016470588238
186,0.007065,1544508000,0.007101,0.00704165,0.00709731,2033.51325552,14.35322271,0.00705833,11.581417796666654,12.745315451538492,17.62335733029411,0.007082463333333334,0.007070911538461533,0.007146602647058827
187,0.007075,1544515200,0.00709499,0.00704301,0.00706395,1016.51006898,7.17780107,0.00706121,12.420011423333321,12.176088165384645,16.70237344588234,0.007079023333333334,0.007070279230769225,0.00715008029411765
188,0.007025,1544522400,0.00715154,0.00698553,0.0070718,6273.94813727,44.40747617,0.00707807,21.979499983333323,14.752011425384646,16.71509229499999,0.007055000000000001,0.00706544461538461,0.007145622058823533
189,0.00693499,1544529600,0.00702714,0.00692556,0.00702714,1363.66262621,9.49265462,0.00696114,20.359310619999988,14.312942901538491,16.059354095882345,0.0070116633333333345,0.007053597692307688,0.007137827941176475
190,0.006935,1544536800,0.00695519,0.00686754,0.00692557,3075.34056657,21.26728872,0.00691542,25.05580650333332,15.209347624615416,16.10867262382352,0.006964996666666667,0.0070420592307692265,0.007132240000000004
191,0.006925,1544544000,0.00695,0.00689676,0.00693101,1594.84388261,11.03848113,0.00692135,13.93280815666665,13.944167499230803,15.607359031176463,0.006931663333333334,0.007034886923076919,0.007127870588235297
192,0.00692096,1544551200,0.00694397,0.00690421,0.006925,983.41372459,6.80218719,0.00691691,13.035985679999982,12.87693211538465,14.633827750294111,0.006926986666666667,0.007024194615384611,0.007122163529411768
193,0.0069508,1544558400,0.00696807,0.00692012,0.006925,352.97222936,2.44933619,0.00693917,6.7633348366666475,12.668696320000034,14.5382284067647,0.006932253333333333,0.007016393076923074,0.007116451470588238
194,0.006925,1544565600,0.006955,0.00691262,0.006955,553.83327755,3.83610185,0.00692645,4.362541743333314,12.40194818692311,14.2350846067647,0.006932253333333333,0.007001707692307689,0.007108657058823532
195,0.0069362,1544572800,0.0069362,0.00689941,0.006925,2859.18816311,19.76894258,0.00691418,8.684793539999982,12.865879672307726,14.669465590588228,0.0069373333333333335,0.006994168461538459,0.007100240882352944
196,0.00699,1544580000,0.00701707,0.00693621,0.00693621,1703.45564723,11.88141963,0.00697489,11.828821353333316,13.29738019538465,14.790182446176463,0.0069504,0.006989641538461535,0.00709025735294118
197,0.00699999,1544587200,0.00700539,0.0069571,0.006985,811.43029623,5.67015212,0.00698784,12.440171443333314,13.374928805384652,14.119737280882346,0.006975396666666667,0.0069830776923076885,0.0070801752941176506
198,0.007075,1544594400,0.00710218,0.00695,0.007,7201.50144544,50.74116895,0.00704591,22.764246899999986,16.068171763846188,14.725114842941167,0.007021663333333334,0.006981379999999996,0.007071939705882357
199,0.00706902,1544601600,0.00710932,0.007035,0.007075,1102.80654361,7.78596939,0.00706014,21.399096819999986,15.562998431538496,14.25224464882352,0.007048003333333334,0.006981689230769227,0.0070614950000000044
200,0.007105,1544608800,0.00713571,0.00706625,0.00706625,4637.89215109,32.95156796,0.00710485,30.492902099999984,17.54559588461542,14.792369509705871,0.0070830066666666665,0.006983996923076919,0.007055465882352945
201,0.00709786,1544616000,0.00712,0.00704818,0.007105,775.47103199,5.4940784,0.00708482,15.41053858333332,14.552257594615421,14.464584827647046,0.007090626666666666,0.006989601538461534,0.007049783823529417
202,0.00710146,1544623200,0.00714396,0.00703657,0.00709785,1842.06341437,13.06848764,0.00709448,17.171377999999986,14.827321673076959,14.643323167941166,0.0071014400000000005,0.007002406923076919,0.007045170000000005
203,0.00714587,1544630400,0.00718353,0.00710175,0.00710175,1501.41867108,10.73446898,0.00714955,9.765678339999988,14.017104770000035,14.626074563823517,0.007115063333333334,0.007018627692307688,0.007045195588235299
204,0.00714898,1544637600,0.00718207,0.00712287,0.00714587,851.15540754,6.09009791,0.00715509,9.964351509999988,13.636459906923111,14.617635802647047,0.007132103333333333,0.007035856923076919,0.007044865882352945
205,0.00711482,1544644800,0.00714818,0.00708417,0.00714554,1094.3855847,7.79387026,0.00712168,8.206145716666654,13.712743220000034,13.32983174470587,0.007136556666666666,0.007050769230769226,0.007046111470588239
206,0.00700281,1544652000,0.00712645,0.00700007,0.0071154,1165.73247037,8.23470174,0.00706397,7.372889969999986,14.157771339230804,13.353419679999988,0.00708887,0.007054769999999994,0.007043988235294122
207,0.00699,1544659200,0.007038,0.00697501,0.00700281,2086.07780778,14.63200317,0.00701412,10.220191723333318,14.98822528692311,13.735510486470577,0.007035876666666666,0.007059769999999994,0.007040900294117651
208,0.0069971,1544666400,0.00701249,0.00697695,0.006985,1820.02719667,12.7210231,0.00698946,11.862576003333318,14.446077634615419,13.680900701470577,0.006996636666666666,0.00706445461538461,0.007038367352941181
209,0.00699,1544673600,0.00700531,0.00698069,0.00700528,690.05929674,4.82914763,0.00699816,10.727391299999987,13.903595173076955,13.501744049705872,0.006992366666666666,0.00706445461538461,0.00703548941176471
210,0.00697,1544680800,0.00701999,0.00696999,0.006985,1866.76991053,13.03761493,0.00698405,10.195928553333319,14.470323081538492,13.438128446764697,0.0069857,0.007062147692307687,0.00703198941176471
211,0.00701728,1544688000,0.00703458,0.00696999,0.00697,3338.06688575,23.38987661,0.00700701,13.752213056666653,12.366377516923109,13.843300484705873,0.006992426666666667,0.007057707692307688,0.007029997647058826
212,0.0069901,1544695200,0.00703961,0.00697902,0.00701499,679.9880436,4.77481922,0.00702191,13.73410358666665,12.134750580769264,13.175329792352931,0.00699246,0.007051636923076919,0.007029170000000003
213,0.00703579,1544702400,0.007045,0.0069885,0.0069935,1584.68895642,11.12175019,0.00701825,13.095482006666652,10.455533829230802,12.894315174999988,0.00701439,0.007046313076923072,0.007028459117647061
214,0.00704119,1544709600,0.00707,0.00703066,0.00703999,856.43872173,6.03654988,0.00704843,7.311039763333319,10.497262404615416,12.920201891176461,0.007022359999999999,0.0070419538461538415,0.007028134705882355
215,0.007075,1544716800,0.00708,0.007,0.007045,2471.53442371,17.35999193,0.00702397,11.50609733333332,10.827378119230803,13.215971430882341,0.00705066,0.007039918461538457,0.007026931470588238
216,0.00705,1544724000,0.00707997,0.00704001,0.00707003,1094.00538107,7.72215555,0.0070586,10.372899119999985,10.595661701538493,13.039039733235283,0.007055396666666667,0.007032543846153842,0.007027395882352943
217,0.007035,1544731200,0.00706615,0.00700461,0.00704752,2202.88545591,15.48397954,0.00702895,13.522042339999985,11.318267980769264,13.309982871764694,0.007053333333333334,0.007023776153846149,0.007026988529411767
218,0.006995,1544738400,0.00705439,0.00698728,0.007035,901.40151794,6.31626964,0.00700716,9.840801576666651,11.204606394615418,13.358637267352929,0.007026666666666667,0.007014559230769227,0.007024332058823531
219,0.00700756,1544745600,0.007015,0.0069,0.00699,2114.72145646,14.71360825,0.0069577,12.171285809999986,11.702983818461572,13.328772495588222,0.00701252,0.007014924615384611,0.007021699411764707
220,0.00702214,1544752800,0.0070223,0.0069806,0.00700756,348.67362945,2.44336182,0.00700758,7.824413236666653,10.765396022307726,12.978482469411752,0.007008233333333333,0.007017396923076919,0.0070204388235294134
221,0.007125,1544760000,0.00714483,0.00701501,0.00702,812.76428094,5.76514099,0.00709325,7.640703686666652,10.230328167692342,12.9369336435294,0.007051566666666666,0.00702723538461538,0.007021909411764707
222,0.00716303,1544767200,0.00716596,0.00708687,0.00712,1848.13310665,13.15157708,0.00711614,7.120026629999987,10.870515048461574,12.017642493823516,0.00710339,0.007040545384615381,0.00702596911764706
223,0.0071217,1544774400,0.007166,0.00707423,0.00716591,849.76024525,6.05368937,0.00712399,8.323469146666653,10.33329000538465,11.91649645705881,0.007136576666666666,0.007052214615384611,0.007031460588235295
224,0.00707539,1544781600,0.00713478,0.00707539,0.00712,1026.26598279,7.29820153,0.00711141,8.834489326666654,9.095468845384652,11.505640951470575,0.00712004,0.007056684615384611,0.007035589705882354
225,0.00709819,1544788800,0.00712997,0.00707501,0.00707501,525.19172775,3.7294518,0.00710112,5.693780899999987,9.015055966923113,11.290669500588223,0.007098426666666667,0.007064999230769226,0.007040683529411766
226,0.00704014,1544796000,0.00711582,0.00703001,0.0071,2381.402944,16.81271883,0.00706,9.280124053333319,9.452822785384653,11.585096901764693,0.0070712399999999995,0.007065333846153842,0.007044188823529413
227,0.00708998,1544803200,0.00710121,0.00702276,0.0070401,1774.92820436,12.5523793,0.00707204,11.031516643333319,9.954040433076962,11.8822452285294,0.0070761033333333325,0.007069086923076918,0.0070482823529411775
228,0.00708324,1544810400,0.007135,0.00707856,0.00708997,1111.04261747,7.89778177,0.00710844,12.420959966666652,9.22617811307696,12.001706402647047,0.007071119999999999,0.007069720769230765,0.007052936470588237
229,0.00715,1544817600,0.00717206,0.00708,0.00708325,1173.85610542,8.3511605,0.00711429,9.600440523333319,9.274563109230806,11.665889282647047,0.007107739999999999,0.007077413076923073,0.007059224705882354
230,0.00723717,1544824800,0.0072444,0.00714,0.00716,2203.25404906,15.85516789,0.00719625,10.70137005333332,9.303116059230804,11.782764231470578,0.007156803333333333,0.0070929646153846115,0.007066494411764706
231,0.007235,1544832000,0.0072444,0.00716888,0.0072444,1299.80508786,9.3772713,0.00721436,11.194533229999989,9.53857772538465,11.8917971485294,0.00720739,0.00711142615384615,0.007073406470588235
232,0.00734501,1544839200,0.00741439,0.00718499,0.00723572,5085.60739762,37.25926259,0.00732641,20.830567259999988,11.272858828461573,11.495270490882342,0.0072723933333333326,0.007137383846153843,0.007081347941176471
233,0.00738999,1544846400,0.00739,0.00733705,0.00734501,1520.87931826,11.19224398,0.00735906,19.276259289999988,11.945849763846187,11.59545503764705,0.007323333333333332,0.007165679999999997,0.007090788235294118
234,0.007351,1544853600,0.007395,0.0073228,0.00739309,1052.2365053,7.72785532,0.00734421,18.726453963333324,12.096827789230804,10.853581136470579,0.007361999999999998,0.007183064615384612,0.0070980235294117655
235,0.00731,1544860800,0.00737,0.00729103,0.00735102,4865.46310868,35.65014611,0.00732718,18.190081803333324,13.827486945384651,11.740524304411755,0.007350329999999999,0.007194369999999996,0.007104262941176471
236,0.00733081,1544868000,0.00734694,0.00727567,0.00731306,1635.90117444,11.95469898,0.00730771,18.44423346999999,14.281410761538496,11.707765814411756,0.007330603333333332,0.007210455384615381,0.007111008529411765
237,0.00735298,1544875200,0.007365,0.00731586,0.0073313,511.82572256,3.75919089,0.00734466,17.121345326666656,14.009179173846189,11.50261057647058,0.007331263333333332,0.007231808461538458,0.0071171
238,0.00732872,1544882400,0.0073649,0.00732872,0.00735811,684.12648025,5.03151762,0.00735465,6.91513582999999,14.109338083076958,11.471475862058815,0.007337503333333332,0.007249541538461534,0.007122386470588236
239,0.00734,1544889600,0.00735052,0.0073072,0.00732904,781.01304941,5.71688144,0.00731982,4.835863316666657,13.255812130000036,11.410387955588227,0.007340566666666665,0.007272607692307688,0.007129009411764707
240,0.007322,1544896800,0.007355,0.00731,0.00734635,332.07836786,2.43876038,0.00734393,4.395719813333325,12.477841443846188,11.239919092058816,0.007330239999999997,0.007290455384615381,0.0071383973529411775
241,0.007365,1544904000,0.007375,0.00732,0.007322,451.02169439,3.31503239,0.00735005,3.8235580699999914,12.125322260769265,10.90706701029411,0.00734233333333333,0.0073121292307692255,0.007149426764705883
242,0.00734998,1544911200,0.00738,0.00734583,0.00736573,665.96901379,4.90617867,0.00736697,3.5533238133333245,11.860323658461574,10.677218644705873,0.007345659999999997,0.007327512307692303,0.007159805588235294
243,0.00736601,1544918400,0.00737077,0.00734021,0.00734681,406.50799269,2.99103817,0.00735788,3.737416409999991,10.870775218461574,10.623156601764697,0.007360329999999996,0.007337423076923073,0.007170864705882353
244,0.007995,1544925600,0.00815498,0.00736575,0.00736575,19627.93988338,155.48726735,0.00792173,54.46149472999999,22.110005683846186,14.812852261176461,0.007570329999999997,0.007395884615384611,0.007201011764705882
245,0.00785001,1544932800,0.00801,0.00780722,0.00799579,4384.18814942,34.68642912,0.00791171,64.38824487999999,21.912095416923112,15.145103805588224,0.007737006666666664,0.007434730769230765,0.007225503823529412
246,0.00785834,1544940000,0.00794174,0.00782107,0.00785001,1564.47509445,12.32649917,0.00787899,67.50006521333333,21.999345816153877,15.367212039411754,0.007901116666666664,0.007470757692307688,0.007251040294117646
247,0.00796373,1544947200,0.008018,0.00785834,0.00785885,4710.79799541,37.45323676,0.0079505,28.15538835,24.2859136192308,16.141667526764696,0.00789069333333333,0.007517890769230766,0.007278332647058823
248,0.008035,1544954400,0.00805,0.00793167,0.0079671,2512.03022905,20.10252404,0.0080025,23.294086656666664,23.089942690769263,16.555372649117636,0.007952356666666665,0.007573659999999997,0.007307562352941176
249,0.00803,1544961600,0.00818489,0.00793485,0.00803346,4959.49255374,39.99276402,0.00806388,32.51617493999999,25.246716924615416,17.221042416470578,0.008009576666666665,0.0076274438461538425,0.007335650588235295
250,0.00803124,1544968800,0.00808498,0.00789398,0.00803501,3691.94860061,29.45463236,0.00797807,29.849973473333325,27.223289345384647,17.860232910882342,0.008032079999999999,0.007679617692307688,0.007364510588235294
251,0.00810027,1544976000,0.00811832,0.00803124,0.00803124,1416.68277398,11.44138203,0.00807617,26.962926136666663,27.71635583846157,17.741332984117637,0.008053836666666666,0.007738967692307689,0.00739584205882353
