,close,date,high,low,open,quoteVolume,volume,weightedAverage,avg_vol_3,avg_vol_13,avg_vol_34,avg_close_3,avg_close_13,avg_close_34
0,2.78e-05,1553040817,2.78e-05,2.78e-05,2.78e-05,0.0,0.0,2.78e-05,-99999.0,-99999.0,-99999.0,-99999.0,-99999.0,-99999.0
1,2.792e-05,1553047200,2.797e-05,2.771e-05,2.778e-05,189859.16517444,5.28841502,2.785e-05,-99999.0,-99999.0,-99999.0,-99999.0,-99999.0,-99999.0
2,2.773e-05,1553054400,2.792e-05,2.769e-05,2.789e-05,460080.32715842,12.77237854,2.776e-05,6.0202645200000005,-99999.0,-99999.0,2.7816666666666664e-05,-99999.0,-99999.0
3,2.776e-05,1553061600,2.78e-05,2.767e-05,2.775e-05,226287.80496041,6.27611541,2.773e-05,8.11230299,-99999.0,-99999.0,2.780333333333333e-05,-99999.0,-99999.0
4,2.803e-05,1553068800,2.81e-05,2.776e-05,2.776e-05,293241.01666179,8.18964204,2.792e-05,9.079378663333332,-99999.0,-99999.0,2.7839999999999994e-05,-99999.0,-99999.0
5,2.774e-05,1553076000,2.8e-05,2.764e-05,2.8e-05,828705.41401111,23.03499767,2.779e-05,12.500251706666667,-99999.0,-99999.0,2.7843333333333328e-05,-99999.0,-99999.0
6,2.736e-05,1553083200,2.78e-05,2.723e-05,2.777e-05,897488.03229369,24.63363146,2.744e-05,18.61942372333333,-99999.0,-99999.0,2.770999999999999e-05,-99999.0,-99999.0
7,2.732e-05,1553090400,2.735e-05,2.723e-05,2.732e-05,357344.95787179,9.75053056,2.728e-05,19.139719896666666,-99999.0,-99999.0,2.7473333333333323e-05,-99999.0,-99999.0
8,2.739e-05,1553097600,2.747e-05,2.727e-05,2.732e-05,276875.3860593,7.57067031,2.734e-05,13.98494411,-99999.0,-99999.0,2.7356666666666658e-05,-99999.0,-99999.0
9,2.716e-05,1553104800,2.741e-05,2.716e-05,2.74e-05,156104.06417648,4.25549184,2.726e-05,7.192230903333333,-99999.0,-99999.0,2.7289999999999995e-05,-99999.0,-99999.0
10,2.709e-05,1553112000,2.724e-05,2.707e-05,2.717e-05,424622.07206977,11.53827312,2.717e-05,7.78814509,-99999.0,-99999.0,2.721333333333333e-05,-99999.0,-99999.0
11,2.698e-05,1553119200,2.716e-05,2.692e-05,2.709e-05,876089.32205749,23.68072715,2.703e-05,13.158164036666667,-99999.0,-99999.0,2.707666666666666e-05,-99999.0,-99999.0
12,2.706e-05,1553126400,2.71e-05,2.686e-05,2.696e-05,216732.00461786,5.84276027,2.695e-05,13.687253513333333,10.987202568461539,-99999.0,2.7043333333333326e-05,2.7487692307692307e-05,-99999.0
13,2.715e-05,1553133600,2.715e-05,2.705e-05,2.707e-05,83543.59194005,2.26398829,2.709e-05,10.595825236666668,11.161355513846154,-99999.0,2.7063333333333326e-05,2.7437692307692302e-05,-99999.0
14,2.714e-05,1553140800,2.719e-05,2.71e-05,2.712e-05,196590.12577657,5.32993369,2.711e-05,4.4788940833333335,11.164549257692308,-99999.0,2.7116666666666657e-05,2.7377692307692303e-05,-99999.0
15,2.712e-05,1553148000,2.715e-05,2.705e-05,2.712e-05,133802.59605099,3.62623514,2.71e-05,3.740052373333333,10.460999765384615,-99999.0,2.7136666666666657e-05,2.7330769230769225e-05,-99999.0
16,2.694e-05,1553155200,2.716e-05,2.692e-05,2.708e-05,159936.63008337,4.32226992,2.702e-05,4.4261462499999995,10.310703958461538,-99999.0,2.7066666666666656e-05,2.72676923076923e-05,-99999.0
17,2.702e-05,1553162400,2.712e-05,2.686e-05,2.699e-05,131594.4509611,3.55387265,2.7e-05,3.8341259033333324,9.954106313076922,-99999.0,2.7026666666666653e-05,2.7189999999999992e-05,-99999.0
18,2.67e-05,1553169600,2.71e-05,2.645e-05,2.707e-05,951422.77764481,25.3846624,2.668e-05,11.086934990000001,10.134849753846153,-99999.0,2.6886666666666654e-05,2.710999999999999e-05,-99999.0
19,2.625e-05,1553176800,2.67e-05,2.55e-05,2.667e-05,3003799.4309616,78.24278098,2.604e-05,35.727105343333335,14.258630486153846,-99999.0,2.6656666666666655e-05,2.7024615384615377e-05,-99999.0
20,2.639e-05,1553184000,2.642e-05,2.6e-05,2.625e-05,632692.00552974,16.61076425,2.625e-05,40.07940254333334,14.78634077,-99999.0,2.6446666666666655e-05,2.6953076923076915e-05,-99999.0
21,2.645e-05,1553191200,2.653e-05,2.63e-05,2.639e-05,261895.33372358,6.91616753,2.64e-05,33.923237586666666,14.735994402307693,-99999.0,2.6363333333333325e-05,2.6880769230769224e-05,-99999.0
22,2.625e-05,1553198400,2.649e-05,2.62e-05,2.649e-05,358791.56525937,9.43880208,2.63e-05,10.988577953333333,15.134710574615385,-99999.0,2.6363333333333325e-05,2.6810769230769227e-05,-99999.0
23,2.648e-05,1553205600,2.651e-05,2.618e-05,2.62e-05,297375.75718644,7.85728553,2.642e-05,8.070751713333333,14.851557683076923,-99999.0,2.6393333333333327e-05,2.676384615384615e-05,-99999.0
24,2.639e-05,1553212800,2.647e-05,2.629e-05,2.644e-05,124707.6740024,3.29055401,2.638e-05,6.862213873333334,13.283082826153846,-99999.0,2.637333333333333e-05,2.6718461538461533e-05,-99999.0
25,2.635e-05,1553220000,2.651e-05,2.633e-05,2.639e-05,178539.91790448,4.72071391,2.644e-05,5.289517816666668,13.196771567692307,-99999.0,2.6406666666666662e-05,2.666384615384615e-05,-99999.0
26,2.63e-05,1553227200,2.644e-05,2.624e-05,2.635e-05,583178.54579989,15.36458323,2.634e-05,7.791950383333334,14.20450964,-99999.0,2.6346666666666663e-05,2.6598461538461534e-05,-99999.0
27,2.635e-05,1553234400,2.635e-05,2.622e-05,2.63e-05,108732.63280292,2.86199468,2.632e-05,7.649097273333333,14.01466817769231,-99999.0,2.633333333333333e-05,2.6537692307692307e-05,-99999.0
28,2.66e-05,1553241600,2.689e-05,2.626e-05,2.634e-05,1749550.5342908,46.69339613,2.668e-05,21.639991346666665,17.327526715384614,-99999.0,2.6416666666666664e-05,2.6497692307692308e-05,-99999.0
29,2.656e-05,1553248800,2.672e-05,2.644e-05,2.661e-05,434998.77847846,11.56670023,2.659e-05,20.374030346666665,17.884790585384618,-99999.0,2.650333333333333e-05,2.646846153846154e-05,-99999.0
30,2.7e-05,1553256000,2.7e-05,2.657e-05,2.657e-05,1264905.5495918,33.83589799,2.674e-05,30.69866478333333,20.214177149999998,-99999.0,2.671999999999999e-05,2.646692307692308e-05,-99999.0
31,2.715e-05,1553263200,2.74e-05,2.692e-05,2.699e-05,1330579.4929966,36.07955438,2.711e-05,27.160717533333337,21.036861148461533,-99999.0,2.6903333333333327e-05,2.6501538461538462e-05,-99999.0
32,2.717e-05,1553270400,2.737e-05,2.699e-05,2.722e-05,390738.84989318,10.62782444,2.719e-05,26.84775893666667,15.835710645384609,-99999.0,2.710666666666666e-05,2.6572307692307694e-05,-99999.0
33,2.712e-05,1553277600,2.73e-05,2.706e-05,2.715e-05,159676.92021453,4.33529209,2.715e-05,17.014223636666667,14.89144355615384,13.992850204117644,2.714666666666666e-05,2.662846153846154e-05,2.7006470588235292e-05
34,2.73e-05,1553284800,2.733e-05,2.708e-05,2.71e-05,272364.24837284,7.4096528,2.72e-05,7.457589776666668,14.929403961538457,14.210781168823527,2.719666666666666e-05,2.6693846153846155e-05,2.699176470588235e-05
35,2.717e-05,1553292000,2.733e-05,2.711e-05,2.731e-05,142429.95440215,3.86870089,2.716e-05,5.204548593333334,14.500934639230765,14.169024870882351,2.719666666666666e-05,2.6764615384615387e-05,2.6969705882352938e-05
36,2.697e-05,1553299200,2.715e-05,2.691e-05,2.71e-05,99069.3351329,2.67828205,2.703e-05,4.6522119133333355,14.102549756153842,13.872139679999998,2.714666666666666e-05,2.6802307692307697e-05,2.6947352941176466e-05
37,2.72e-05,1553306400,2.731e-05,2.685e-05,2.701e-05,426458.07183344,11.57892031,2.715e-05,6.041967750000002,14.74011639461538,14.028104529999998,2.7113333333333327e-05,2.686461538461539e-05,2.693088235294117e-05
38,2.706e-05,1553313600,2.727e-05,2.698e-05,2.723e-05,139364.56451006,3.78062837,2.712e-05,6.012610243333335,14.667802122307688,13.89842765735294,2.707666666666666e-05,2.6919230769230772e-05,2.6902352941176465e-05
39,2.688e-05,1553320800,2.705e-05,2.678e-05,2.705e-05,230428.68174474,6.19616626,2.688e-05,7.185238313333336,13.962539278461536,13.403167909999997,2.7046666666666656e-05,2.6963846153846157e-05,2.6877058823529408e-05
40,2.677e-05,1553328000,2.688e-05,2.671e-05,2.688e-05,99053.53038885,2.65330282,2.678e-05,4.210032483333336,13.946486058461534,12.75668765588235,2.6903333333333327e-05,2.699615384615385e-05,2.6859705882352934e-05
41,2.667e-05,1553335200,2.685e-05,2.661e-05,2.68e-05,112859.95093802,3.01037771,2.667e-05,3.9532822633333358,10.586253872307688,12.558447866176468,2.6773333333333327e-05,2.7001538461538468e-05,2.6840588235294113e-05
42,2.657e-05,1553342400,2.684e-05,2.657e-05,2.664e-05,207082.49586104,5.53260689,2.671e-05,3.73209580666667,10.122092846153842,12.498504824411762,2.666999999999999e-05,2.70023076923077e-05,2.681647058823529e-05
43,2.667e-05,1553349600,2.673e-05,2.655e-05,2.664e-05,68357.42429957,1.82144971,2.664e-05,3.45481143666667,7.659442978461533,12.426915349999998,2.663666666666666e-05,2.6976923076923082e-05,2.6802058823529406e-05
44,2.673e-05,1553356800,2.681e-05,2.667e-05,2.673e-05,54160.92146811,1.44918369,2.675e-05,2.934413430000003,4.995568309999995,12.130177425588233,2.6656666666666655e-05,2.6944615384615388e-05,2.679147058823529e-05
45,2.683e-05,1553364000,2.707e-05,2.667e-05,2.673e-05,361889.99625965,9.73657011,2.69e-05,4.335734503333335,4.927010284615379,11.72005515970588,2.6743333333333322e-05,2.6918461538461545e-05,2.6787058823529407e-05
46,2.682e-05,1553371200,2.703e-05,2.682e-05,2.687e-05,131445.47230582,3.54212845,2.694e-05,4.909294083333336,4.865997696923071,11.652389517941176,2.6793333333333323e-05,2.689538461538462e-05,2.6779999999999994e-05
47,2.669e-05,1553378400,2.688e-05,2.667e-05,2.682e-05,60700.52338572,1.62630046,2.679e-05,4.968333006666669,4.4211244399999945,11.633633993529411,2.6779999999999994e-05,2.6848461538461544e-05,2.676647058823529e-05
48,2.666e-05,1553385600,2.669e-05,2.657e-05,2.668e-05,103793.0930225,2.76176297,2.66e-05,2.643397293333336,4.335975369230764,11.558099560588234,2.6723333333333325e-05,2.6809230769230775e-05,2.6752352941176465e-05
49,2.647e-05,1553392800,2.673e-05,2.646e-05,2.662e-05,144396.22562231,3.83510361,2.655e-05,2.7410556800000023,4.424961643076918,11.56424275088235,2.6606666666666654e-05,2.6770769230769234e-05,2.6733235294117638e-05
50,2.65e-05,1553400000,2.657e-05,2.645e-05,2.647e-05,73278.63053509,1.94491062,2.654e-05,2.8472590666666693,3.683883974615379,11.494320418529409,2.6543333333333324e-05,2.6716923076923078e-05,2.672029411764705e-05
51,2.643e-05,1553407200,2.659e-05,2.639e-05,2.65e-05,20848.00106536,0.55233546,2.649e-05,2.1107832300000027,3.435553750769225,11.406039912941173,2.646666666666666e-05,2.6668461538461542e-05,2.6702941176470584e-05
52,2.62e-05,1553414400,2.646e-05,2.612e-05,2.639e-05,199951.66177286,5.25458328,2.627e-05,2.583943120000003,3.363124290769225,10.813978762352937,2.637666666666666e-05,2.6616153846153845e-05,2.668823529411764e-05
53,2.626e-05,1553421600,2.635e-05,2.618e-05,2.621e-05,123219.17356396,3.23671047,2.626e-05,3.0145430700000024,3.4080018023076866,8.607917864999996,2.6296666666666658e-05,2.6576923076923076e-05,2.6688529411764698e-05
54,2.627e-05,1553428800,2.636e-05,2.615e-05,2.625e-05,194605.56232188,5.10941106,2.625e-05,4.533568270000003,3.56946590615384,8.269642771176466,2.6243333333333323e-05,2.6546153846153844e-05,2.6684999999999993e-05
55,2.641e-05,1553436000,2.647e-05,2.628e-05,2.631e-05,93787.34537214,2.4714916,2.635e-05,3.6058710433333356,3.3339954992307637,8.138917008529408,2.6313333333333324e-05,2.653384615384615e-05,2.6683823529411757e-05
56,2.634e-05,1553443200,2.646e-05,2.625e-05,2.646e-05,155739.03888663,4.10123034,2.633e-05,3.894044333333335,3.509363239999994,7.981929604411759,2.6339999999999992e-05,2.6508461538461537e-05,2.6686470588235285e-05
57,2.629e-05,1553450400,2.64e-05,2.627e-05,2.634e-05,33774.99372641,0.88955244,2.633e-05,2.487424793333335,3.466314682307687,7.776996278235288,2.634666666666666e-05,2.6474615384615384e-05,2.668088235294117e-05
58,2.612e-05,1553457600,2.63e-05,2.591e-05,2.63e-05,306460.07594897,7.99720821,2.609e-05,4.329330330000001,3.3325176130769174,7.915427284117641,2.624999999999999e-05,2.642e-05,2.6672941176470582e-05
59,2.613e-05,1553464800,2.621e-05,2.606e-05,2.612e-05,193089.61543087,5.04340064,2.611e-05,4.643387096666667,3.448000089230764,7.924918070294113,2.6179999999999993e-05,2.636692307692308e-05,2.666647058823529e-05
60,2.608e-05,1553472000,2.615e-05,2.603e-05,2.613e-05,31845.60579797,0.83059334,2.608e-05,4.623734063333334,3.3867918492307636,7.49744777941176,2.6109999999999996e-05,2.6320000000000002e-05,2.6659999999999992e-05
61,2.588e-05,1553479200,2.61e-05,2.588e-05,2.602e-05,56966.11712657,1.48236923,2.602e-05,2.4521210700000005,3.288376946153841,7.456870560294114,2.6029999999999996e-05,2.6260000000000003e-05,2.6646176470588233e-05
62,2.563e-05,1553486400,2.591e-05,2.558e-05,2.587e-05,786946.1476086,20.22930632,2.57e-05,7.514089630000001,4.5494694623076875,6.678514977647054,2.586333333333333e-05,2.6195384615384618e-05,2.6617647058823527e-05
63,2.571e-05,1553493600,2.63e-05,2.564e-05,2.564e-05,728792.49394683,18.9532477,2.6e-05,13.554974416666667,5.857803083846149,6.895766373823524,2.5739999999999998e-05,2.6134615384615388e-05,2.6592647058823523e-05
64,2.605e-05,1553500800,2.605e-05,2.551e-05,2.57e-05,888019.43294587,22.9027206,2.579e-05,20.695091539999996,7.577063479230764,6.574202332941171,2.5796666666666663e-05,2.610538461538462e-05,2.6564705882352937e-05
65,2.587e-05,1553508000,2.605e-05,2.583e-05,2.604e-05,185867.38152201,4.82320652,2.594e-05,15.559724939999997,7.543880651538457,5.6548979841176426,2.5876666666666662e-05,2.6080000000000008e-05,2.6527058823529407e-05
66,2.568e-05,1553515200,2.592e-05,2.564e-05,2.586e-05,221682.2581508,5.70128408,2.571e-05,11.142403733333332,7.733463236923071,5.5099997382352885,2.5866666666666664e-05,2.603538461538462e-05,2.6483235294117646e-05
67,2.555e-05,1553522400,2.574e-05,2.555e-05,2.567e-05,339549.47655159,8.72197124,2.568e-05,6.41548728,8.011352481538456,5.639019713235289,2.5699999999999998e-05,2.5980000000000005e-05,2.643705882352941e-05
68,2.559e-05,1553529600,2.576e-05,2.556e-05,2.562e-05,227316.86034381,5.84870078,2.572e-05,6.757318699999999,8.271137803076918,5.593109359705877,2.5606666666666663e-05,2.591692307692308e-05,2.638676470588235e-05
69,2.559e-05,1553536800,2.559e-05,2.559e-05,2.559e-05,0.0,0.0,2.559e-05,4.856890673333332,7.955658546153841,5.479324039411758,2.5576666666666665e-05,2.585923076923077e-05,2.6340294117647062e-05
70,2.559e-05,1553544000,2.559e-05,2.559e-05,2.559e-05,0.0,0.0,2.559e-05,1.9495669266666653,7.88723143538461,5.40055103794117,2.559e-05,2.5805384615384613e-05,2.6299705882352946e-05
71,2.55e-05,1553551200,2.574e-05,2.544e-05,2.574e-05,92346.7920706,2.36492519,2.56e-05,0.7883083966666652,7.453978895384609,5.129551181470582,2.5559999999999996e-05,2.575769230769231e-05,2.6249705882352945e-05
72,2.555e-05,1553558400,2.555e-05,2.542e-05,2.545e-05,37521.22544987,0.95667461,2.549e-05,1.1071999333333318,7.139615354615378,5.04649371794117,2.554666666666666e-05,2.5713076923076923e-05,2.6205294117647064e-05
73,2.553e-05,1553565600,2.568e-05,2.549e-05,2.554e-05,77797.98229137,1.99106743,2.559e-05,1.7708890766666652,7.228882592307686,4.9228143405882285,2.5526666666666657e-05,2.5670769230769234e-05,2.6165588235294124e-05
74,2.545e-05,1553572800,2.562e-05,2.538e-05,2.554e-05,46482.40305309,1.18243698,2.543e-05,1.3767263399999985,7.205810880769225,4.8795535805882295,2.550999999999999e-05,2.563769230769231e-05,2.612676470588236e-05
75,2.536e-05,1553580000,2.55e-05,2.531e-05,2.545e-05,169754.97614383,4.31037546,2.539e-05,2.494626623333332,5.981277737692301,4.917788808529405,2.5446666666666658e-05,2.561692307692308e-05,2.6088235294117654e-05
76,2.533e-05,1553587200,2.546e-05,2.528e-05,2.542e-05,217683.64518513,5.51936449,2.535e-05,3.6707256433333324,4.9479021061538395,4.917399326176463,2.5379999999999994e-05,2.5587692307692308e-05,2.605176470588236e-05
77,2.535e-05,1553594400,2.547e-05,2.53e-05,2.533e-05,338634.83150638,8.59945531,2.539e-05,6.143065086666667,3.8476509299999937,5.116752432058816,2.5346666666666662e-05,2.5533846153846152e-05,2.6012941176470595e-05
78,2.502e-05,1553601600,2.544e-05,2.502e-05,2.535e-05,824214.84506794,20.78686512,2.522e-05,11.635228306666667,5.075624668461533,5.685507768235287,2.5233333333333328e-05,2.5468461538461537e-05,2.5962647058823534e-05
79,2.495e-05,1553608800,2.522e-05,2.494e-05,2.502e-05,1191956.7846699,29.90631169,2.509e-05,19.764210706666663,6.9375498692307636,6.278735461764699,2.5106666666666658e-05,2.541230769230769e-05,2.5907352941176476e-05
80,2.584e-05,1553616000,2.604e-05,2.497e-05,2.501e-05,1112458.8642672,28.51999957,2.563e-05,26.404392126666664,8.460475125384608,7.013378729999992,2.526999999999999e-05,2.5434615384615384e-05,2.587852941176471e-05
81,2.635e-05,1553623200,2.635e-05,2.564e-05,2.571e-05,1296354.4525832,33.75213797,2.603e-05,30.726149743333334,10.606893370769225,7.958256303823522,2.5713333333333323e-05,2.5493076923076925e-05,2.586852941176471e-05
82,2.597e-05,1553630400,2.643e-05,2.58e-05,2.633e-05,358382.1922056,9.37463033,2.615e-05,23.88225595666667,11.328018780769224,8.152752402647051,2.6053333333333323e-05,2.5522307692307696e-05,2.5848235294117652e-05
83,2.599e-05,1553637600,2.604e-05,2.59e-05,2.603e-05,326908.28588563,8.47841778,2.593e-05,17.201728693333337,11.980204763846148,8.289320466470581,2.6103333333333325e-05,2.5553076923076928e-05,2.583411764705883e-05
84,2.624e-05,1553644800,2.632e-05,2.589e-05,2.603e-05,145041.83608352,3.80019904,2.62e-05,7.2177490500000046,12.090610444615377,8.34388777294117,2.6066666666666655e-05,2.5610000000000004e-05,2.5826470588235297e-05
85,2.628e-05,1553652000,2.65e-05,2.62e-05,2.624e-05,211245.84801515,5.56565441,2.634e-05,5.948090410000003,12.445147352307686,8.491338330294111,2.6169999999999988e-05,2.566615384615385e-05,2.5822058823529416e-05
86,2.66e-05,1553659200,2.662e-05,2.625e-05,2.625e-05,375402.14860559,9.95096115,2.65e-05,6.438938200000003,13.057446869230764,8.629467091176464,2.637333333333332e-05,2.574846153846154e-05,2.583382352941177e-05
87,2.636e-05,1553666400,2.66e-05,2.634e-05,2.66e-05,199209.04220363,5.2661049,2.643e-05,6.92757348666667,13.371575170769225,8.689155162647053,2.6413333333333316e-05,2.5818461538461542e-05,2.583676470588236e-05
88,2.628e-05,1553673600,2.636e-05,2.613e-05,2.636e-05,139035.90002889,3.6511027,2.626e-05,6.289389583333336,13.320861881538455,8.646263740294112,2.6413333333333316e-05,2.5889230769230774e-05,2.583705882352942e-05
89,2.636e-05,1553680800,2.646e-05,2.628e-05,2.628e-05,222225.33314926,5.86461193,2.639e-05,4.927273176666669,13.347419376923073,8.746061397058819,2.6333333333333317e-05,2.5968461538461545e-05,2.5835588235294126e-05
90,2.625e-05,1553688000,2.641e-05,2.618e-05,2.635e-05,661649.88112153,17.37353238,2.625e-05,8.963082336666668,14.022348382307687,9.136423221764701,2.629666666666665e-05,2.6037692307692316e-05,2.5832941176470597e-05
91,2.642e-05,1553695200,2.659e-05,2.625e-05,2.625e-05,2323580.4677831,61.0431552,2.627e-05,28.093766503333338,17.118986080769226,10.905646832352938,2.634333333333332e-05,2.614538461538462e-05,2.583676470588236e-05
92,2.644e-05,1553702400,2.647e-05,2.636e-05,2.636e-05,118947.69337417,3.14222653,2.641e-05,27.186304703333338,15.060210299230764,10.762853253529409,2.6369999999999983e-05,2.626000000000001e-05,2.584617647058824e-05
93,2.65e-05,1553709600,2.654e-05,2.639e-05,2.641e-05,525240.45445271,13.88796556,2.644e-05,26.02444909666667,13.934669221538456,11.022987515882349,2.645333333333332e-05,2.6310769230769238e-05,2.5857058823529418e-05
94,2.664e-05,1553716800,2.664e-05,2.647e-05,2.651e-05,662306.15528738,17.61138036,2.659e-05,11.54719081666667,12.693072482307686,11.516540075294115,2.6526666666666654e-05,2.6333076923076927e-05,2.5873529411764713e-05
95,2.664e-05,1553724000,2.664e-05,2.644e-05,2.664e-05,1456950.9317661,38.81132538,2.663e-05,23.436890433333335,14.957433639999994,12.614450550294112,2.6593333333333325e-05,2.6384615384615387e-05,2.589588235294118e-05
96,2.649e-05,1553731200,2.664e-05,2.642e-05,2.664e-05,271604.72204287,7.21789816,2.657e-05,21.21353463333334,14.860470592307687,12.231762074999995,2.658999999999999e-05,2.6423076923076928e-05,2.592117647058824e-05
97,2.664e-05,1553738400,2.664e-05,2.648e-05,2.658e-05,77935.11226277,2.07066914,2.656e-05,16.03329756000001,14.727429830769227,11.7352156467647,2.658999999999999e-05,2.6453846153846154e-05,2.5948529411764708e-05
98,2.645e-05,1553745600,2.664e-05,2.644e-05,2.658e-05,161903.48662863,4.3100622,2.662e-05,4.5328765000000075,14.63084581461538,11.188372752647055,2.6526666666666654e-05,2.646692307692308e-05,2.5960294117647062e-05
99,2.634e-05,1553752800,2.654e-05,2.627e-05,2.654e-05,171625.77542376,4.5249515,2.636e-05,3.6352276133333405,14.21346045692307,11.179600546176466,2.6476666666666653e-05,2.6446923076923082e-05,2.597411764705883e-05
100,2.602e-05,1553760000,2.634e-05,2.557e-05,2.634e-05,561124.45872443,14.5311769,2.589e-05,7.788730200000008,14.926158303076916,11.439303276176465,2.6269999999999987e-05,2.6420769230769235e-05,2.5984117647058827e-05
101,2.606e-05,1553767200,2.663e-05,2.59e-05,2.598e-05,1252018.378437,32.74929906,2.615e-05,17.26847582000001,17.164481099999993,12.145989388529406,2.613999999999999e-05,2.640384615384616e-05,2.5999117647058822e-05
102,2.602e-05,1553774400,2.615e-05,2.588e-05,2.606e-05,281456.22545834,7.30443463,2.595e-05,18.194970196666677,17.275236692307686,12.188805089999995,2.6033333333333324e-05,2.6377692307692316e-05,2.601176470588235e-05
103,2.632e-05,1553781600,2.635e-05,2.601e-05,2.603e-05,206097.95406864,5.3906733,2.615e-05,15.148135663333342,16.353478301538455,12.347354304705878,2.6133333333333326e-05,2.638307692307693e-05,2.6033235294117645e-05
104,2.624e-05,1553788800,2.633e-05,2.614e-05,2.633e-05,205609.34984839,5.39310866,2.622e-05,6.02940553000001,12.072705490769225,12.505975147647053,2.6193333333333322e-05,2.6369230769230776e-05,2.6052352941176465e-05
105,2.633e-05,1553796000,2.644e-05,2.62e-05,2.624e-05,3946584.4765192,104.26107091,2.641e-05,38.34828429000001,19.851078135384608,15.502920609999997,2.6296666666666658e-05,2.6360769230769233e-05,2.6076764705882346e-05
106,2.638e-05,1553803200,2.639e-05,2.622e-05,2.633e-05,176787.9034546,4.65155107,2.631e-05,38.10191021333334,19.140584713076915,15.611593447058818,2.6316666666666655e-05,2.6351538461538465e-05,2.6101176470588227e-05
107,2.639e-05,1553810400,2.645e-05,2.636e-05,2.638e-05,48631.34722285,1.28474864,2.641e-05,36.73245687333334,17.884689965384606,15.590819364999993,2.6366666666666656e-05,2.6332307692307696e-05,2.612647058823529e-05
108,2.653e-05,1553817600,2.659e-05,2.643e-05,2.643e-05,168636.56146112,4.47184163,2.651e-05,3.469380446666676,15.243191215384607,15.687566560588225,2.6433333333333326e-05,2.632384615384616e-05,2.615823529411764e-05
109,2.639e-05,1553824800,2.656e-05,2.635e-05,2.653e-05,122429.65062135,3.23935196,2.645e-05,2.9986474100000096,14.937149199999991,15.656065869411755,2.6436666666666657e-05,2.631615384615385e-05,2.6188529411764702e-05
110,2.641e-05,1553832000,2.643e-05,2.63e-05,2.636e-05,74409.35839152,1.96195795,2.636e-05,3.2243838466666763,14.92878680076922,15.551436265294107,2.6443333333333325e-05,2.6298461538461544e-05,2.622029411764706e-05
111,2.61e-05,1553839200,2.641e-05,2.61e-05,2.641e-05,167712.79556471,4.39540154,2.62e-05,3.1989038166666766,14.935351365384605,15.427787624999988,2.629999999999999e-05,2.6271538461538466e-05,2.624235294117647e-05
112,2.62e-05,1553846400,2.634e-05,2.613e-05,2.616e-05,163200.8027597,4.28064783,2.622e-05,3.5460024400000094,14.916558775384605,14.94231064588234,2.6236666666666655e-05,2.626076923076923e-05,2.6277058823529414e-05
113,2.59e-05,1553853600,2.624e-05,2.59e-05,2.62e-05,198374.43648576,5.17439651,2.608e-05,4.616815293333343,14.196806437692299,14.21490137588234,2.6066666666666655e-05,2.625153846153846e-05,2.6305e-05
114,2.603e-05,1553860800,2.615e-05,2.593e-05,2.593e-05,588627.84793511,15.33189528,2.604e-05,8.262313206666676,12.857006146923068,13.827015955588223,2.6043333333333325e-05,2.6249230769230767e-05,2.631058823529412e-05
115,2.601e-05,1553868000,2.621e-05,2.597e-05,2.607e-05,749592.27424645,19.57458484,2.611e-05,13.36029221000001,13.800863855384607,13.410029098823518,2.5979999999999992e-05,2.6248461538461533e-05,2.6300588235294122e-05
116,2.615e-05,1553875200,2.62e-05,2.601e-05,2.606e-05,143704.728243,3.75394973,2.612e-05,12.886809950000009,13.674962042307682,13.2447149635294,2.6063333333333328e-05,2.6235384615384614e-05,2.630588235294118e-05
117,2.641e-05,1553882400,2.651e-05,2.614e-05,2.614e-05,433279.6858774,11.42132388,2.636e-05,11.583286150000012,14.138670905384604,13.331271025294106,2.618999999999999e-05,2.6248461538461533e-05,2.631823529411765e-05
118,2.63e-05,1553889600,2.653e-05,2.625e-05,2.637e-05,180845.70836015,4.77687001,2.641e-05,6.65071454000001,6.486040066923067,13.359996642058812,2.6286666666666657e-05,2.6246153846153843e-05,2.6320000000000006e-05
119,2.623e-05,1553896800,2.635e-05,2.613e-05,2.629e-05,117215.82336078,3.07929823,2.627e-05,6.425830706666677,6.365097540769222,13.286868519117636,2.6313333333333324e-05,2.6234615384615383e-05,2.631852941176471e-05
120,2.601e-05,1553904000,2.622e-05,2.601e-05,2.621e-05,66570.55864884,1.73431014,2.605e-05,3.1968261266666773,6.399679194615375,13.045202312941164,2.6179999999999993e-05,2.6205384615384613e-05,2.630117647058824e-05
121,2.583e-05,1553911200,2.601e-05,2.573e-05,2.6e-05,939241.49403917,24.30240078,2.587e-05,9.705336383333345,7.925106821538453,13.60509336823528,2.6023333333333325e-05,2.615153846153846e-05,2.6285588235294123e-05
122,2.585e-05,1553918400,2.598e-05,2.576e-05,2.582e-05,347790.02702971,8.988865,2.584e-05,11.675191973333346,8.367377055384607,13.762086377058809,2.5896666666666662e-05,2.611e-05,2.6272941176470593e-05
123,2.604e-05,1553925600,2.613e-05,2.584e-05,2.585e-05,145389.40999371,3.78377484,2.602e-05,12.358346873333346,8.507516816153839,13.700885286176455,2.590666666666666e-05,2.6081538461538463e-05,2.626352941176471e-05
124,2.591e-05,1553932800,2.608e-05,2.582e-05,2.604e-05,216277.45443768,5.60881002,2.593e-05,6.127149953333347,8.600855929999993,13.354864040294103,2.5933333333333328e-05,2.6066923076923083e-05,2.625352941176471e-05
125,2.582e-05,1553940000,2.599e-05,2.58e-05,2.592e-05,103827.32564754,2.69173833,2.592e-05,4.028107730000013,8.478632122307685,11.63864589705881,2.5923333333333326e-05,2.6037692307692316e-05,2.6235882352941178e-05
126,2.601e-05,1553947200,2.624e-05,2.582e-05,2.582e-05,858129.506031,22.35635292,2.605e-05,10.218967090000014,9.80032107692307,12.203767261470574,2.5913333333333328e-05,2.6046153846153855e-05,2.622323529411765e-05
127,2.612e-05,1553954400,2.628e-05,2.599e-05,2.601e-05,147480.28074549,3.83952549,2.603e-05,9.629205580000013,8.916292631538456,11.908224906470576,2.598333333333333e-05,2.605307692307693e-05,2.6212058823529417e-05
128,2.599e-05,1553961600,2.626e-05,2.588e-05,2.621e-05,197915.64875266,5.1665774,2.61e-05,10.454151936666682,7.807984366923071,11.542201289999987,2.6039999999999998e-05,2.605153846153847e-05,2.6192941176470594e-05
129,2.592e-05,1553968800,2.608e-05,2.591e-05,2.602e-05,12241.25055834,0.31788381,2.596e-05,3.107995566666682,7.543671603846148,10.410041243823517,2.6009999999999993e-05,2.6033846153846164e-05,2.617176470588236e-05
130,2.595e-05,1553976000,2.604e-05,2.591e-05,2.601e-05,58606.96294605,1.52408603,2.6e-05,2.3361824133333484,6.782345615384609,10.242576181176458,2.595333333333333e-05,2.599846153846155e-05,2.6155882352941182e-05
131,2.609e-05,1553983200,2.62e-05,2.595e-05,2.598e-05,70931.64165768,1.84852943,2.606e-05,1.2301664233333478,6.557088647692302,10.236042660294103,2.5986666666666663e-05,2.5982307692307705e-05,2.6139705882352947e-05
132,2.616e-05,1553990400,2.616e-05,2.607e-05,2.608e-05,235007.80321647,6.13222624,2.609e-05,3.1682805666666813,6.791929263846147,10.289635720294104,2.606666666666667e-05,2.597692307692309e-05,2.6131176470588242e-05
133,2.596e-05,1553997600,2.615e-05,2.596e-05,2.615e-05,32886.71962038,0.85551123,2.601e-05,2.945422300000015,6.724329347692301,10.181711006470575,2.607e-05,2.5973076923076934e-05,2.6120000000000004e-05
134,2.607e-05,1554004800,2.626e-05,2.591e-05,2.596e-05,367377.98556676,9.57970402,2.607e-05,5.522480496666681,5.5918142123076855,10.036079451176459,2.606333333333333e-05,2.5991538461538472e-05,2.61214705882353e-05
135,2.615e-05,1554012000,2.62e-05,2.6e-05,2.608e-05,386530.22797818,10.07433981,2.606e-05,6.8365183533333465,5.6753122746153775,9.369168884999988,2.6059999999999994e-05,2.6014615384615396e-05,2.612411764705883e-05
136,2.621e-05,1554019200,2.631e-05,2.614e-05,2.614e-05,197583.0799913,5.1895499,2.626e-05,8.281197910000012,5.7834488176923,9.306966392941163,2.614333333333333e-05,2.6027692307692317e-05,2.612970588235295e-05
137,2.611e-05,1554026400,2.631e-05,2.611e-05,2.623e-05,168647.04541513,4.4280321,2.625e-05,6.56397393666668,5.69261974692307,9.278653416470576,2.6156666666666666e-05,2.6043076923076932e-05,2.6123529411764712e-05
138,2.605e-05,1554033600,2.621e-05,2.605e-05,2.611e-05,142672.68647413,3.72859823,2.613e-05,4.448726743333347,5.772378200769223,9.22969722735293,2.612333333333333e-05,2.606076923076924e-05,2.6117941176470595e-05
139,2.613e-05,1554040800,2.614e-05,2.604e-05,2.608e-05,21892.95630236,0.57149025,2.61e-05,2.909373526666679,4.0966195338461455,6.180003678529399,2.609666666666666e-05,2.6070000000000013e-05,2.6112058823529418e-05
140,2.614e-05,1554048000,2.626e-05,2.61e-05,2.613e-05,71510.28216178,1.86927356,2.613e-05,2.056454013333346,3.9450616930769153,6.098171987058811,2.6106666666666665e-05,2.6071538461538478e-05,2.610500000000001e-05
141,2.617e-05,1554055200,2.627e-05,2.612e-05,2.619e-05,403319.80039564,10.56759743,2.62e-05,4.336120413333346,4.360524772307684,6.3711969514705755,2.6146666666666668e-05,2.608538461538463e-05,2.609852941176471e-05
142,2.624e-05,1554062400,2.633e-05,2.617e-05,2.623e-05,100874.83688183,2.65037204,2.627e-05,5.029081010000013,4.539946943846146,6.317624316470576,2.6183333333333337e-05,2.6110000000000016e-05,2.6090000000000006e-05
143,2.639e-05,1554069600,2.639e-05,2.614e-05,2.615e-05,27455.03226936,0.72216074,2.63e-05,4.646710070000013,4.478260383076916,6.243589280588223,2.6266666666666667e-05,2.614384615384617e-05,2.6090000000000006e-05
144,2.644e-05,1554076800,2.644e-05,2.619e-05,2.639e-05,21348.93858779,0.56239826,2.634e-05,1.311643680000013,4.379327216153839,6.202425760294106,2.6356666666666668e-05,2.617076923076925e-05,2.609088235294118e-05
145,2.67e-05,1554084000,2.67e-05,2.644e-05,2.644e-05,1486827.5318555,39.57730628,2.661e-05,13.620621760000013,6.952025680769224,7.237187664411754,2.651e-05,2.621230769230771e-05,2.6108529411764706e-05
146,2.661e-05,1554091200,2.673e-05,2.656e-05,2.666e-05,824519.32505334,22.01530461,2.67e-05,20.718336383333348,8.579702094615378,7.758795216764694,2.6583333333333333e-05,2.626230769230771e-05,2.612058823529412e-05
147,2.65e-05,1554098400,2.673e-05,2.638e-05,2.661e-05,739832.32014262,19.66112812,2.657e-05,27.084579670000014,9.35519625615384,8.184875558235282,2.6603333333333337e-05,2.629538461538463e-05,2.6138235294117648e-05
148,2.641e-05,1554105600,2.653e-05,2.638e-05,2.65e-05,131133.42047756,3.46401291,2.641e-05,15.046815213333346,8.846709571538456,7.8358201944117525,2.650666666666667e-05,2.631538461538463e-05,2.6149411764705886e-05
149,2.651e-05,1554112800,2.653e-05,2.64e-05,2.641e-05,175098.51655689,4.63428911,2.646e-05,9.253143380000012,8.803997203076916,7.396399731764694,2.6473333333333336e-05,2.6338461538461554e-05,2.6164117647058825e-05
150,2.663e-05,1554120000,2.664e-05,2.637e-05,2.651e-05,428725.87765841,11.33197553,2.643e-05,6.476759183333345,9.335069774615379,7.6192828435294,2.651666666666667e-05,2.6378461538461553e-05,2.617823529411765e-05
151,2.672e-05,1554127200,2.673e-05,2.654e-05,2.664e-05,387497.15495275,10.32831563,2.665e-05,8.764860090000012,9.842740343846147,7.587135542058813,2.6620000000000003e-05,2.6430000000000013e-05,2.6187352941176473e-05
152,2.67e-05,1554134400,2.673e-05,2.654e-05,2.672e-05,1292826.9767513,34.47320969,2.666e-05,18.71116695000001,12.450564916153837,8.460557297352931,2.6683333333333336e-05,2.6473846153846164e-05,2.6199117647058824e-05
153,2.657e-05,1554141600,2.67e-05,2.653e-05,2.67e-05,287472.50625142,7.64890916,2.66e-05,17.48347816000001,12.89515226999999,8.59495761882352,2.6663333333333333e-05,2.650692307692309e-05,2.6209117647058822e-05
154,2.663e-05,1554148800,2.663e-05,2.651e-05,2.657e-05,74315.67406861,1.97412539,2.656e-05,14.69874808000001,12.23411595923076,8.602011008529402,2.6633333333333335e-05,2.6542307692307703e-05,2.622735294117647e-05
155,2.659e-05,1554156000,2.671e-05,2.656e-05,2.663e-05,37882.02486168,1.00896861,2.663e-05,3.544001053333344,12.107854156923066,7.9169100623529305,2.659666666666667e-05,2.6569230769230777e-05,2.624970588235294e-05
156,2.646e-05,1554163200,2.661e-05,2.646e-05,2.658e-05,41138.30751113,1.09218006,2.654e-05,1.3584246866666776,12.136317181538452,7.684654622941165,2.6560000000000003e-05,2.6574615384615394e-05,2.626764705882353e-05
157,2.64e-05,1554170400,2.658e-05,2.64e-05,2.647e-05,47313.41132259,1.25356559,2.649e-05,1.1182380866666775,12.189483899230758,7.610236703823519,2.6483333333333334e-05,2.6571538461538467e-05,2.6278235294117647e-05
158,2.457e-05,1554177600,2.646e-05,2.355e-05,2.64e-05,5190128.8092963,127.13882303,2.449e-05,43.16152289333334,18.924985187692297,11.18464885117646,2.5810000000000002e-05,2.6407692307692317e-05,2.6238823529411767e-05
159,2.492e-05,1554184800,2.533e-05,2.453e-05,2.455e-05,1098565.3575107,27.29441623,2.484e-05,51.895601616666674,19.331070696923067,11.908257024705872,2.5296666666666668e-05,2.6277692307692317e-05,2.6212352941176474e-05
160,2.468e-05,1554192000,2.6e-05,2.455e-05,2.492e-05,2023959.454371,50.69365654,2.504e-05,68.37563193333334,21.718188267692298,12.74170713117646,2.4723333333333334e-05,2.6137692307692318e-05,2.617323529411765e-05
161,2.457e-05,1554199200,2.485e-05,2.444e-05,2.468e-05,319595.57509402,7.87506172,2.464e-05,28.621044830000006,22.05749971461538,12.860399373235284,2.4723333333333334e-05,2.5996153846153857e-05,2.612764705882353e-05
162,2.496e-05,1554206400,2.504e-05,2.447e-05,2.452e-05,855444.13677281,21.27500529,2.487e-05,26.614574516666675,23.33755480538461,13.334176664117637,2.473666666666667e-05,2.587692307692309e-05,2.609735294117647e-05
163,2.466e-05,1554213600,2.501e-05,2.46e-05,2.496e-05,415574.01062024,10.29962698,2.478e-05,13.149897996666674,23.258143378461533,13.627757345588225,2.4730000000000002e-05,2.572538461538463e-05,2.6060294117647058e-05
164,2.495e-05,1554220800,2.496e-05,2.46e-05,2.46e-05,899992.83035589,22.33622615,2.481e-05,17.97028614000001,24.181828803076918,14.239879113823521,2.4856666666666665e-05,2.5589230769230783e-05,2.603088235294118e-05
165,2.514e-05,1554228000,2.525e-05,2.49e-05,2.495e-05,1424411.5560002,35.61021442,2.499e-05,22.74868918333334,24.26929070538461,15.23286984882352,2.4916666666666668e-05,2.5469230769230784e-05,2.600294117647059e-05
166,2.49e-05,1554235200,2.526e-05,2.484e-05,2.522e-05,237402.51733325,5.92988148,2.497e-05,21.29210735000001,24.13705780692307,15.226918532352931,2.4996666666666667e-05,2.5340769230769246e-05,2.596588235294118e-05
167,2.5e-05,1554242400,2.511e-05,2.487e-05,2.493e-05,643393.9500023,16.08635722,2.5e-05,19.208817706666675,25.222614101538458,15.67488459088234,2.5013333333333333e-05,2.521538461538463e-05,2.593764705882353e-05
168,2.56e-05,1554249600,2.577e-05,2.485e-05,2.5e-05,1873447.000629,47.77469457,2.55e-05,23.263644423333336,28.819977636923074,16.798266665882338,2.5166666666666664e-05,2.513923076923079e-05,2.5923823529411764e-05
169,2.574e-05,1554256800,2.577e-05,2.508e-05,2.565e-05,1287220.7359797,32.90465318,2.556e-05,32.25523499,31.267090953846154,17.46974647088234,2.5446666666666668e-05,2.5083846153846172e-05,2.5911764705882353e-05
170,2.508e-05,1554264000,2.576e-05,2.47e-05,2.574e-05,1401163.1526136,35.179906,2.51e-05,38.61975125000001,33.876809446923076,18.35181576794116,2.5473333333333336e-05,2.4982307692307714e-05,2.5878529411764707e-05
171,2.51e-05,1554271200,2.521e-05,2.5e-05,2.509e-05,341951.99127225,8.58698176,2.511e-05,25.557180313333344,24.757437041538466,18.47413781676469,2.530666666666667e-05,2.5023076923076945e-05,2.5848823529411765e-05
172,2.507e-05,1554278400,2.512e-05,2.475e-05,2.509e-05,410597.91793171,10.22274399,2.489e-05,17.996543916666678,23.44423148461539,18.665142103823513,2.5083333333333338e-05,2.50346153846154e-05,2.582e-05
173,2.511e-05,1554285600,2.531e-05,2.496e-05,2.503e-05,276548.93386134,6.94554493,2.511e-05,8.585090226666674,20.078992130000003,18.852614300294103,2.5093333333333336e-05,2.5067692307692326e-05,2.5790000000000002e-05
174,2.549e-05,1554292800,2.549e-05,2.511e-05,2.512e-05,495503.69330739,12.56332914,2.535e-05,9.910539353333341,20.43962808538462,19.167145346764688,2.5223333333333336e-05,2.513846153846156e-05,2.5770882352941175e-05
175,2.538e-05,1554300000,2.553e-05,2.528e-05,2.549e-05,2254041.0582441,57.46651122,2.549e-05,25.65846176333334,23.223590080000005,20.546525164117632,2.5326666666666673e-05,2.517076923076925e-05,2.574764705882353e-05
176,2.516e-05,1554307200,2.548e-05,2.503e-05,2.535e-05,593627.60564114,15.00089589,2.526e-05,28.343578750000006,23.585226150000004,20.90977586558822,2.534333333333334e-05,2.5209230769230784e-05,2.5715882352941176e-05
177,2.568e-05,1554314400,2.574e-05,2.513e-05,2.516e-05,663672.71910996,16.91495713,2.548e-05,29.79412141333334,23.16820545615385,21.38603458294116,2.5406666666666672e-05,2.5265384615384632e-05,2.5695e-05
178,2.497e-05,1554321600,2.574e-05,2.475e-05,2.568e-05,1156858.0338303,29.08420447,2.514e-05,20.333352496666674,22.666204690769234,22.224911236176453,2.5270000000000004e-05,2.525230769230771e-05,2.5651764705882356e-05
179,2.438e-05,1554328800,2.5e-05,2.407e-05,2.5e-05,1745201.5927974,42.74637831,2.449e-05,29.581846636666672,25.498242908461542,22.318119237058806,2.5010000000000003e-05,2.521230769230771e-05,2.5583529411764704e-05
180,2.463e-05,1554336000,2.489e-05,2.41e-05,2.442e-05,313679.12913286,7.64479344,2.437e-05,26.49179207333334,24.84889184846154,21.895457143823506,2.466e-05,2.518384615384617e-05,2.5525294117647057e-05
181,2.411e-05,1554343200,2.471e-05,2.407e-05,2.461e-05,254308.91037662,6.19301546,2.435e-05,18.86139573666667,21.65030114769231,21.499336183235272,2.4373333333333336e-05,2.506923076923078e-05,2.5454999999999996e-05
182,2.452e-05,1554350400,2.465e-05,2.405e-05,2.422e-05,257224.99195657,6.28250425,2.442e-05,6.706771050000005,19.60244353769231,21.58223298735292,2.4420000000000003e-05,2.4975384615384626e-05,2.5399411764705878e-05
183,2.439e-05,1554357600,2.475e-05,2.439e-05,2.45e-05,409733.36319348,10.07070314,2.457e-05,7.515407616666671,17.670966394615387,21.742127517647038,2.4340000000000004e-05,2.49223076923077e-05,2.533705882352941e-05
184,2.457e-05,1554364800,2.479e-05,2.433e-05,2.439e-05,783875.90902116,19.32871937,2.465e-05,11.893975586666672,18.497253903076924,21.97732586588233,2.449333333333334e-05,2.488153846153847e-05,2.527647058823529e-05
185,2.426e-05,1554372000,2.457e-05,2.417e-05,2.45e-05,499582.87472796,12.18545234,2.439e-05,13.861624950000005,18.64823146846154,22.03194753382351,2.4406666666666675e-05,2.4819230769230782e-05,2.5204117647058817e-05
186,2.415e-05,1554379200,2.442e-05,2.401e-05,2.426e-05,197046.82497055,4.76514017,2.418e-05,12.093103960000006,18.480508025384616,21.158180783235274,2.4326666666666675e-05,2.474538461538463e-05,2.512911764705882e-05
187,2.411e-05,1554386400,2.423e-05,2.401e-05,2.416e-05,56071.90106355,1.35354213,2.413e-05,6.101378213333338,17.618216716923076,20.973022929411744,2.4173333333333338e-05,2.4639230769230784e-05,2.505676470588235e-05
188,2.4e-05,1554393600,2.443e-05,2.39e-05,2.411e-05,383766.08808869,9.24477226,2.408e-05,5.121151520000004,13.90885218153846,21.186865484411744,2.408666666666667e-05,2.4533076923076938e-05,2.4979411764705878e-05
189,2.401e-05,1554400800,2.406e-05,2.381e-05,2.405e-05,229406.41217114,5.48900746,2.392e-05,5.362440616666671,13.177168456153844,21.318631332941155,2.4040000000000004e-05,2.44446153846154e-05,2.49035294117647e-05
190,2.4e-05,1554408000,2.41e-05,2.383e-05,2.398e-05,152337.58540512,3.64800904,2.394e-05,6.127262920000004,12.156633987692306,21.39380277352939,2.4003333333333338e-05,2.4315384615384633e-05,2.483117647058823e-05
191,2.396e-05,1554415200,2.417e-05,2.39e-05,2.401e-05,125830.35229695,3.02181132,2.401e-05,4.052942606666671,10.151834514615384,21.445810000882332,2.3990000000000006e-05,2.4237692307692323e-05,2.4759411764705877e-05
192,2.427e-05,1554422400,2.429e-05,2.396e-05,2.397e-05,97326.05220424,2.35174786,2.416e-05,3.007189406666672,7.0445552492307675,17.775601907647037,2.4076666666666673e-05,2.4229230769230783e-05,2.475058823529411e-05
193,2.438e-05,1554429600,2.438e-05,2.411e-05,2.421e-05,170892.12272356,4.1420288,2.423e-05,3.1718626600000053,6.775111815384614,17.09464933617645,2.4203333333333336e-05,2.4210000000000017e-05,2.4734705882352933e-05
194,2.559e-05,1554436800,2.57e-05,2.434e-05,2.434e-05,862594.72738809,21.81303218,2.528e-05,9.435602946666672,7.9766515630769215,16.245219207941158,2.4746666666666675e-05,2.432384615384617e-05,2.4761470588235286e-05
195,2.542e-05,1554444000,2.578e-05,2.521e-05,2.568e-05,1209980.3829133,31.0867412,2.569e-05,19.01393406,9.88466979,16.927915663235275,2.513000000000001e-05,2.439307692307694e-05,2.4786470588235286e-05
196,2.529e-05,1554451200,2.56e-05,2.525e-05,2.542e-05,213764.50575192,5.44071884,2.545e-05,19.446830740000003,9.528517151538459,16.46220135588234,2.5433333333333336e-05,2.4462307692307713e-05,2.4796176470588225e-05
197,2.534e-05,1554458400,2.549e-05,2.525e-05,2.529e-05,44987.95007123,1.13993202,2.533e-05,12.555797353333338,8.129379663076922,16.19279856294116,2.5350000000000003e-05,2.4521538461538478e-05,2.4816176470588225e-05
198,2.53e-05,1554465600,2.543e-05,2.519e-05,2.529e-05,129026.04856978,3.27315322,2.536e-05,3.2846013600000035,7.44381819230769,15.632119947352926,2.531e-05,2.460153846153848e-05,2.4826470588235283e-05
199,2.523e-05,1554472800,2.537e-05,2.514e-05,2.53e-05,1277212.7260326,32.27554598,2.527e-05,12.229543740000002,9.560003254615383,15.534041463823511,2.529e-05,2.46846153846154e-05,2.4829117647058815e-05
200,2.541e-05,1554480000,2.545e-05,2.524e-05,2.526e-05,148595.28196139,3.75762183,2.528e-05,13.10210701,9.744932462307691,15.470151474117628,2.5313333333333337e-05,2.4784615384615402e-05,2.4844117647058814e-05
201,2.577e-05,1554487200,2.59e-05,2.541e-05,2.541e-05,332089.40915586,8.52960968,2.568e-05,14.854259163333333,9.689919956153844,15.247894193529396,2.5470000000000002e-05,2.492076923076925e-05,2.4866764705882346e-05
202,2.537e-05,1554494400,2.605e-05,2.537e-05,2.573e-05,409813.82575898,10.55736743,2.576e-05,7.6148663133333345,10.079793799999997,14.153266924705866,2.551666666666667e-05,2.5025384615384634e-05,2.4859999999999996e-05
203,2.541e-05,1554501600,2.551e-05,2.533e-05,2.542e-05,85026.35879393,2.16042266,2.54e-05,7.082466590000002,9.965364078461535,13.249024850588217,2.551666666666667e-05,2.5133846153846176e-05,2.4850294117647054e-05
204,2.521e-05,1554508800,2.546e-05,2.513e-05,2.541e-05,129233.94344207,3.2643235,2.525e-05,5.327371196666668,9.984018861538457,12.31033124764704,2.5330000000000003e-05,2.523000000000002e-05,2.485411764705882e-05
205,2.505e-05,1554516000,2.519e-05,2.505e-05,2.519e-05,187170.49634359,4.69774045,2.509e-05,3.3741622033333356,10.164479829999996,12.195941797352923,2.5223333333333336e-05,2.529000000000002e-05,2.4852647058823523e-05
206,2.528e-05,1554523200,2.53e-05,2.505e-05,2.509e-05,176118.48942952,4.44064292,2.521e-05,4.1342356233333355,10.187450146923073,12.025880001176452,2.5180000000000003e-05,2.5359230769230787e-05,2.485882352941176e-05
207,2.511e-05,1554530400,2.529e-05,2.507e-05,2.52e-05,82456.59729762,2.07307326,2.514e-05,3.7371522100000027,8.668991768461535,11.882572010882335,2.514666666666667e-05,2.532230769230771e-05,2.485882352941176e-05
208,2.475e-05,1554537600,2.512e-05,2.473e-05,2.507e-05,190847.81316848,4.74909875,2.488e-05,3.754271643333336,6.643019272307688,11.6527417052941,2.504666666666667e-05,2.5270769230769248e-05,2.4837058823529407e-05
209,2.495e-05,1554544800,2.497e-05,2.471e-05,2.475e-05,198695.7431437,4.91876178,2.475e-05,3.9136445966666695,6.602868729230765,10.107219662941157,2.4936666666666665e-05,2.5244615384615398e-05,2.482441176470588e-05
210,2.503e-05,1554552000,2.512e-05,2.485e-05,2.495e-05,88626.81122253,2.21986898,2.504e-05,3.9625765033333358,6.685940803076918,9.731307106764687,2.491e-05,2.5220769230769244e-05,2.4820588235294116e-05
211,2.488e-05,1554559200,2.512e-05,2.488e-05,2.494e-05,165897.96511397,4.14289886,2.497e-05,3.7605098733333353,6.75284431384615,9.355658334117628,2.4953333333333334e-05,2.5188461538461553e-05,2.479705882352941e-05
212,2.475e-05,1554566400,2.489e-05,2.429e-05,2.489e-05,771170.92210037,18.92716122,2.454e-05,8.429976353333334,5.726045486153842,9.056921767941159,2.488666666666667e-05,2.5151538461538473e-05,2.4790588235294118e-05
213,2.484e-05,1554573600,2.484e-05,2.471e-05,2.477e-05,53477.50489396,1.32526471,2.478e-05,8.13177493,5.538941092307687,7.838653720882335,2.4823333333333337e-05,2.5107692307692316e-05,2.4804117647058824e-05
214,2.471e-05,1554580800,2.505e-05,2.456e-05,2.482e-05,346299.96094679,8.59398465,2.481e-05,9.615470193333334,5.543893013076917,7.866571109411746,2.476666666666667e-05,2.5026153846153855e-05,2.4806470588235293e-05
215,2.482e-05,1554588000,2.485e-05,2.466e-05,2.471e-05,143433.11798073,3.5511973,2.475e-05,4.490148886666668,5.004956849230764,7.788870575294099,2.479e-05,2.4983846153846166e-05,2.4827352941176472e-05
216,2.454e-05,1554595200,2.479e-05,2.448e-05,2.472e-05,129521.33661049,3.18739267,2.46e-05,5.110858206666669,5.083954542307686,7.697837881764688,2.4690000000000006e-05,2.4916923076923085e-05,2.482794117647059e-05
217,2.457e-05,1554602400,2.497e-05,2.448e-05,2.455e-05,199893.44305112,4.95852107,2.48e-05,3.8990370133333356,5.214277432307687,7.547479585588218,2.464333333333334e-05,2.4867692307692318e-05,2.4833235294117646e-05
218,2.477e-05,1554609600,2.478e-05,2.448e-05,2.449e-05,31627.56307875,0.78084968,2.468e-05,2.9755878066666686,4.912978142307687,7.001954006470572,2.4626666666666673e-05,2.4846153846153857e-05,2.4839117647058823e-05
219,2.533e-05,1554616800,2.533e-05,2.463e-05,2.478e-05,438283.99858931,10.99988246,2.509e-05,5.579751070000001,5.4175350299999945,6.9670843041176305,2.4890000000000004e-05,2.4850000000000014e-05,2.4870588235294117e-05
220,2.508e-05,1554624000,2.557e-05,2.503e-05,2.533e-05,535209.93490061,13.57923304,2.537e-05,8.453321726666669,6.302624243846148,7.226322329705866,2.5060000000000004e-05,2.4847692307692322e-05,2.4897941176470586e-05
221,2.527e-05,1554631200,2.529e-05,2.508e-05,2.512e-05,84748.66780355,2.13468585,2.518e-05,8.904600450000002,6.101515559230763,7.249297144999984,2.522666666666667e-05,2.488769230769232e-05,2.493205882352941e-05
222,2.527e-05,1554638400,2.542e-05,2.522e-05,2.525e-05,91155.51081161,2.30461117,2.528e-05,6.00617668666667,5.900427050769225,7.045174759999984,2.520666666666667e-05,2.4912307692307707e-05,2.4969411764705877e-05
223,2.491e-05,1554645600,2.537e-05,2.479e-05,2.527e-05,358996.23205581,8.96472362,2.497e-05,4.4680068800000035,6.419262023076917,7.147401705882337,2.5150000000000005e-05,2.490307692307694e-05,2.499588235294117e-05
224,2.505e-05,1554652800,2.507e-05,2.484e-05,2.491e-05,203247.13209797,5.07929664,2.499e-05,5.449543810000004,6.491292621538455,7.189498399999984,2.5076666666666673e-05,2.4916153846153858e-05,2.5026764705882344e-05
225,2.536e-05,1554660000,2.541e-05,2.501e-05,2.501e-05,409905.48455363,10.36092829,2.527e-05,8.134982850000004,5.832351626923071,7.405354781470571,2.5106666666666678e-05,2.4963076923076935e-05,2.5067941176470583e-05
226,2.575e-05,1554667200,2.575e-05,2.524e-05,2.53e-05,316857.77003099,8.07417866,2.548e-05,7.838134530000002,6.351498853846148,7.573661569705865,2.5386666666666675e-05,2.503307692307694e-05,2.5111470588235288e-05
227,2.558e-05,1554674400,2.586e-05,2.52e-05,2.574e-05,917687.27113937,23.48101924,2.558e-05,13.972042063333335,7.496655360769225,8.142455406176454,2.5563333333333343e-05,2.5100000000000014e-05,2.5146764705882346e-05
228,2.568e-05,1554681600,2.592e-05,2.528e-05,2.558e-05,694317.95974224,17.76619883,2.558e-05,16.440465576666668,8.59011701692307,8.023430895882337,2.5670000000000007e-05,2.516615384615386e-05,2.514941176470588e-05
229,2.52e-05,1554688800,2.574e-05,2.515e-05,2.567e-05,237523.31317711,6.02885641,2.538e-05,15.758691493333336,8.808691150769224,7.286434284411748,2.5486666666666674e-05,2.5216923076923092e-05,2.514294117647058e-05
230,2.536e-05,1554696000,2.558e-05,2.513e-05,2.514e-05,224640.79232547,5.68664647,2.531e-05,9.827233903333335,8.86470079692307,7.293667449999984,2.5413333333333343e-05,2.5277692307692323e-05,2.5144999999999994e-05
231,2.509e-05,1554703200,2.549e-05,2.507e-05,2.534e-05,265760.69100292,6.68844062,2.516e-05,6.134647833333335,9.319130869230763,7.456858879411748,2.521666666666668e-05,2.5302307692307705e-05,2.5137647058823524e-05
232,2.47e-05,1554710400,2.518e-05,2.464e-05,2.51e-05,241521.88794347,5.99209803,2.48e-05,6.122395040000002,8.933916682307686,7.536827844411749,2.5050000000000013e-05,2.525384615384617e-05,2.5119999999999993e-05
233,2.442e-05,1554717600,2.477e-05,2.428e-05,2.475e-05,383726.36009874,9.38995799,2.447e-05,7.356832213333335,8.611664755384608,6.863722315294101,2.473666666666668e-05,2.5203076923076933e-05,2.509617647058823e-05
234,2.462e-05,1554724800,2.487e-05,2.438e-05,2.442e-05,140597.65225886,3.47291884,2.47e-05,6.284991620000002,8.714605754615379,6.85534869794116,2.4580000000000012e-05,2.5153076923076935e-05,2.5072941176470584e-05
235,2.515e-05,1554732000,2.517e-05,2.461e-05,2.461e-05,203179.40841781,5.07865104,2.499e-05,5.980509290000001,8.927993436923071,6.753849914411749,2.4730000000000012e-05,2.5143846153846164e-05,2.5054705882352937e-05
236,2.502e-05,1554739200,2.519e-05,2.479e-05,2.513e-05,207331.73466311,5.18168789,2.499e-05,4.577752590000002,8.636990688461532,6.595741692647043,2.493000000000001e-05,2.5152307692307704e-05,2.5044411764705875e-05
237,2.491e-05,1554746400,2.509e-05,2.489e-05,2.489e-05,312268.43873535,7.79786239,2.497e-05,6.019400440000001,8.846111130769225,6.761548743529396,2.502666666666668e-05,2.5141538461538475e-05,2.5029705882352933e-05
238,2.494e-05,1554753600,2.499e-05,2.483e-05,2.491e-05,134790.30523468,3.35967949,2.492e-05,5.446409923333334,8.307553530769225,6.764353331470573,2.4956666666666678e-05,2.510923076923078e-05,2.5021764705882343e-05
239,2.477e-05,1554760800,2.504e-05,2.475e-05,2.493e-05,353888.83437895,8.79613314,2.485e-05,6.651225006666668,8.363088490769226,6.884894292941161,2.487333333333334e-05,2.5033846153846167e-05,2.5013529411764697e-05
240,2.445e-05,1554768000,2.478e-05,2.437e-05,2.476e-05,387109.56226458,9.51196344,2.457e-05,7.222592023333337,7.288545736923071,7.034050778823514,2.4720000000000007e-05,2.4946923076923093e-05,2.4989117647058813e-05
241,2.432e-05,1554775200,2.492e-05,2.43e-05,2.446e-05,335792.85237223,8.26149876,2.46e-05,8.856531780000003,6.557414962307687,7.216063293529396,2.4513333333333338e-05,2.484230769230771e-05,2.496588235294117e-05
242,2.423e-05,1554782400,2.431e-05,2.406e-05,2.43e-05,173847.25424122,4.20971641,2.421e-05,7.327726203333337,6.417481116153841,7.200199107058808,2.4333333333333343e-05,2.4767692307692323e-05,2.4950588235294106e-05
243,2.434e-05,1554789600,2.439e-05,2.419e-05,2.419e-05,179126.18374727,4.35367457,2.43e-05,5.608296580000004,6.31494481615384,7.183578894999984,2.4296666666666677e-05,2.468923076923079e-05,2.4932647058823515e-05
244,2.428e-05,1554796800,2.44e-05,2.428e-05,2.432e-05,96536.07989864,2.35293909,2.437e-05,3.6387766900000034,5.981444698461534,7.1874927217646905,2.4283333333333345e-05,2.4626923076923093e-05,2.4910588235294107e-05
245,2.448e-05,1554804000,2.448e-05,2.422e-05,2.431e-05,101905.84468962,2.4824963,2.436e-05,3.063036653333336,5.71147533461538,7.138657352352926,2.4366666666666675e-05,2.4610000000000017e-05,2.4898823529411753e-05
246,2.47e-05,1554811200,2.474e-05,2.448e-05,2.448e-05,153146.03855201,3.76940362,2.461e-05,2.8682796700000033,5.279124998461534,6.692840952352926,2.4486666666666677e-05,2.4631538461538482e-05,2.4897352941176457e-05
247,2.432e-05,1554818400,2.47e-05,2.429e-05,2.467e-05,165987.26128963,4.0629139,2.447e-05,3.4382712733333367,5.324509233846149,6.773360046176456,2.450000000000001e-05,2.4608461538461555e-05,2.4882058823529398e-05
248,2.422e-05,1554825600,2.447e-05,2.413e-05,2.433e-05,765721.33691459,18.59355334,2.428e-05,8.808623620000004,6.364117103076918,7.067465007647043,2.4413333333333342e-05,2.4536923076923096e-05,2.4867647058823515e-05
249,2.409e-05,1554832800,2.43e-05,2.407e-05,2.422e-05,306827.44953554,7.41010946,2.415e-05,10.022192233333337,6.535534146923071,7.180962424117631,2.4210000000000004e-05,2.4465384615384633e-05,2.484617647058822e-05
250,2.414e-05,1554840000,2.418e-05,2.404e-05,2.408e-05,59744.92885191,1.4395613,2.409e-05,9.147741366666672,6.046434063076917,7.129555619117632,2.4150000000000004e-05,2.4406153846153864e-05,2.4834411764705865e-05
251,2.409e-05,1554847200,2.42e-05,2.407e-05,2.414e-05,89590.51066171,2.16100315,2.412e-05,3.670224636666672,5.954228190769224,7.047275680294102,2.4106666666666674e-05,2.434076923076925e-05,2.4820294117647042e-05
252,2.412e-05,1554854400,2.413e-05,2.41e-05,2.41e-05,112.9443472,0.00272367,2.411e-05,1.201096040000005,5.277812077692301,7.024389621176455,2.4116666666666676e-05,2.4290769230769247e-05,2.480117647058822e-05
