,close,date,high,low,open,quoteVolume,volume,weightedAverage,avg_vol_3,avg_vol_13,avg_vol_34,avg_close_3,avg_close_13,avg_close_34
0,1.689e-05,1552914661,1.689e-05,1.689e-05,1.689e-05,0.0,0.0,1.689e-05,-99999.0,-99999.0,-99999.0,-99999.0,-99999.0,-99999.0
1,1.687e-05,1552917600,1.699e-05,1.681e-05,1.688e-05,15459.64907752,0.2610487,1.688e-05,-99999.0,-99999.0,-99999.0,-99999.0,-99999.0,-99999.0
2,1.692e-05,1552924800,1.692e-05,1.681e-05,1.681e-05,18372.71446033,0.30936219,1.683e-05,0.19013696333333333,-99999.0,-99999.0,1.6893333333333333e-05,-99999.0,-99999.0
3,1.685e-05,1552932000,1.695e-05,1.677e-05,1.681e-05,27794.61316845,0.46844959,1.685e-05,0.3462868266666667,-99999.0,-99999.0,1.688e-05,-99999.0,-99999.0
4,1.703e-05,1552939200,1.703e-05,1.68e-05,1.698e-05,2215.47591071,0.03744061,1.689e-05,0.2717507966666667,-99999.0,-99999.0,1.6933333333333336e-05,-99999.0,-99999.0
5,1.698e-05,1552946400,1.698e-05,1.686e-05,1.694e-05,5180.12162775,0.08783862,1.695e-05,0.19790960666666668,-99999.0,-99999.0,1.6953333333333336e-05,-99999.0,-99999.0
6,1.689e-05,1552953600,1.703e-05,1.689e-05,1.703e-05,3247.1554516,0.05484713,1.689e-05,0.06004212,-99999.0,-99999.0,1.6966666666666668e-05,-99999.0,-99999.0
7,1.707e-05,1552960800,1.736e-05,1.686e-05,1.689e-05,164100.0250968,2.79678786,1.704e-05,0.9798245366666666,-99999.0,-99999.0,1.698e-05,-99999.0,-99999.0
8,1.7e-05,1552968000,1.707e-05,1.697e-05,1.707e-05,8899.64273862,0.15145788,1.701e-05,1.0010309566666666,-99999.0,-99999.0,1.6986666666666668e-05,-99999.0,-99999.0
9,1.691e-05,1552975200,1.698e-05,1.687e-05,1.696e-05,3464.9764664,0.0585727,1.69e-05,1.0022728133333334,-99999.0,-99999.0,1.6993333333333336e-05,-99999.0,-99999.0
10,1.706e-05,1552982400,1.706e-05,1.705e-05,1.706e-05,863.62558307,0.01473265,1.705e-05,0.07492107666666674,-99999.0,-99999.0,1.699e-05,-99999.0,-99999.0
11,1.689e-05,1552989600,1.707e-05,1.689e-05,1.707e-05,4581.48678254,0.07800068,1.702e-05,0.0504353433333334,-99999.0,-99999.0,1.6953333333333336e-05,-99999.0,-99999.0
12,1.71e-05,1552996800,1.732e-05,1.706e-05,1.706e-05,3223.31415246,0.05533288,1.716e-05,0.0493554033333334,0.336451653076923,-99999.0,1.701666666666667e-05,1.6958461538461542e-05,-99999.0
13,1.715e-05,1553004000,1.715e-05,1.701e-05,1.704e-05,7925.82049174,0.13511626,1.704e-05,0.08948327333333339,0.3468452115384615,-99999.0,1.7046666666666667e-05,1.697846153846154e-05,-99999.0
14,1.697e-05,1553011200,1.707e-05,1.697e-05,1.707e-05,799.73782917,0.01359637,1.7e-05,0.06801517000000007,0.3278104169230769,-99999.0,1.7073333333333335e-05,1.698615384615385e-05,-99999.0
15,1.713e-05,1553018400,1.714e-05,1.7e-05,1.706e-05,6609.91974042,0.11265189,1.704e-05,0.08712150666666674,0.3126788553846154,-99999.0,1.7083333333333336e-05,1.7002307692307696e-05,-99999.0
16,1.696e-05,1553025600,1.7e-05,1.69e-05,1.7e-05,10417.84921041,0.17660264,1.695e-05,0.10095030000000009,0.29022908999999997,-99999.0,1.7020000000000006e-05,1.7010769230769232e-05,-99999.0
17,1.706e-05,1553032800,1.706e-05,1.689e-05,1.689e-05,2561.48260479,0.04369736,1.705e-05,0.11098396333333342,0.2907103784615384,-99999.0,1.7050000000000008e-05,1.701307692307693e-05,-99999.0
18,1.7e-05,1553040000,1.711e-05,1.691e-05,1.711e-05,5532.26783482,0.09363795,1.692e-05,0.10464598333333341,0.29115648076923073,-99999.0,1.7006666666666678e-05,1.701461538461539e-05,-99999.0
19,1.681e-05,1553047200,1.694e-05,1.677e-05,1.689e-05,4594.86418294,0.07770118,1.691e-05,0.07167883000000007,0.2929144846153846,-99999.0,1.6956666666666677e-05,1.7008461538461543e-05,-99999.0
20,1.687e-05,1553054400,1.688e-05,1.674e-05,1.678e-05,41788.51419772,0.70056529,1.676e-05,0.29063480666666675,0.13166659461538457,-99999.0,1.689333333333334e-05,1.699307692307693e-05,-99999.0
21,1.677e-05,1553061600,1.68e-05,1.672e-05,1.673e-05,1913.41298051,0.03199318,1.672e-05,0.2700865500000001,0.12247700230769228,-99999.0,1.6816666666666674e-05,1.6975384615384618e-05,-99999.0
22,1.673e-05,1553068800,1.686e-05,1.673e-05,1.674e-05,1134.75549924,0.0190986,1.683e-05,0.2505523566666667,0.11944053307692304,-99999.0,1.679000000000001e-05,1.6961538461538465e-05,-99999.0
23,1.685e-05,1553076000,1.685e-05,1.673e-05,1.684e-05,16185.81931897,0.27254701,1.683e-05,0.10787959666666669,0.13927240692307688,-99999.0,1.6783333333333346e-05,1.694538461538462e-05,-99999.0
24,1.711e-05,1553083200,1.761e-05,1.685e-05,1.685e-05,75568.49780235,1.31023025,1.733e-05,0.53395862,0.2340592969230769,-99999.0,1.6896666666666677e-05,1.6962307692307696e-05,-99999.0
25,1.715e-05,1553090400,1.729e-05,1.715e-05,1.715e-05,10349.00019829,0.17785187,1.718e-05,0.5868763766666667,0.2434838346153846,-99999.0,1.7036666666666676e-05,1.696615384615385e-05,-99999.0
26,1.714e-05,1553097600,1.72e-05,1.71e-05,1.715e-05,41669.13426789,0.71543013,1.716e-05,0.7345040833333334,0.2881233630769231,-99999.0,1.7133333333333344e-05,1.6965384615384616e-05,-99999.0
27,1.731e-05,1553104800,1.731e-05,1.724e-05,1.724e-05,2524.64861308,0.04369958,1.73e-05,0.3123271933333334,0.29043899461538464,-99999.0,1.7200000000000008e-05,1.6991538461538463e-05,-99999.0
28,1.767e-05,1553112000,1.777e-05,1.727e-05,1.727e-05,48815.73586773,0.85710248,1.755e-05,0.5387440633333335,0.3477044246153846,-99999.0,1.7373333333333342e-05,1.7033076923076925e-05,-99999.0
29,1.733e-05,1553119200,1.767e-05,1.733e-05,1.767e-05,34608.73802043,0.60683293,1.753e-05,0.5025449966666667,0.38079906230769234,-99999.0,1.7436666666666672e-05,1.7061538461538464e-05,-99999.0
30,1.75e-05,1553126400,1.784e-05,1.75e-05,1.753e-05,9471.28976813,0.16802613,1.774e-05,0.54398718,0.3903628138461539,-99999.0,1.7500000000000005e-05,1.7095384615384617e-05,-99999.0
31,1.758e-05,1553133600,1.773e-05,1.75e-05,1.758e-05,5946.51428628,0.10432214,1.754e-05,0.29306040000000005,0.39118467461538464,-99999.0,1.7470000000000007e-05,1.7140000000000002e-05,-99999.0
32,1.763e-05,1553140800,1.78e-05,1.754e-05,1.76e-05,6238.19749344,0.11054633,1.772e-05,0.12763153333333335,0.39371122461538466,-99999.0,1.757000000000001e-05,1.7203076923076925e-05,-99999.0
33,1.815e-05,1553148000,1.845e-05,1.758e-05,1.762e-05,40620.6917991,0.73321919,1.805e-05,0.31602922,0.3962230630769231,0.3199511838235294,1.778666666666668e-05,1.7301538461538466e-05,1.7097941176470593e-05
34,1.767e-05,1553155200,1.823e-05,1.767e-05,1.823e-05,54332.85707754,0.97240647,1.789e-05,0.6053906633333334,0.468562546923077,0.34855137411764703,1.7816666666666675e-05,1.7370769230769236e-05,1.7120882352941182e-05
35,1.812e-05,1553162400,1.846e-05,1.776e-05,1.776e-05,46638.39966482,0.84952291,1.821e-05,0.85171619,0.53244134,0.365859439117647,1.7980000000000007e-05,1.747769230769231e-05,1.7157647058823536e-05
36,1.764e-05,1553169600,1.889e-05,1.733e-05,1.806e-05,101255.53608507,1.84731329,1.824e-05,1.22308089,0.6535772076923076,0.41109329499999997,1.7810000000000004e-05,1.753846153846154e-05,1.717882352941177e-05
37,1.741e-05,1553176800,1.763e-05,1.721e-05,1.763e-05,76922.5195464,1.34957491,1.754e-05,1.3488037033333333,0.6566037199999999,0.4370087455882352,1.772333333333334e-05,1.756153846153846e-05,1.7195294117647064e-05
38,1.783e-05,1553184000,1.813e-05,1.75e-05,1.75e-05,55186.92962027,0.9828285,1.78e-05,1.3932389,0.7185249992307692,0.4648142717647058,1.7626666666666675e-05,1.7613846153846154e-05,1.7218823529411772e-05
39,1.794e-05,1553191200,1.804e-05,1.776e-05,1.778e-05,8433.79421585,0.15126059,1.793e-05,0.8278880000000001,0.6751273423076923,0.46667962382352934,1.7726666666666678e-05,1.7675384615384615e-05,1.724705882352942e-05
40,1.782e-05,1553198400,1.806e-05,1.782e-05,1.794e-05,21484.95020266,0.38720466,1.802e-05,0.5070979166666667,0.70155081,0.4764548452941175,1.7863333333333346e-05,1.7714615384615384e-05,1.727441176470589e-05
41,1.789e-05,1553205600,1.794e-05,1.774e-05,1.792e-05,4142.35024686,0.07377041,1.78e-05,0.20407855333333338,0.6412944969230769,0.3963660967647058,1.788333333333335e-05,1.773153846153846e-05,1.7298529411764715e-05
42,1.75e-05,1553212800,1.791e-05,1.747e-05,1.791e-05,6237.00405141,0.11044658,1.77e-05,0.19047388333333337,0.6031109315384614,0.3951598820588234,1.7736666666666683e-05,1.774461538461538e-05,1.7313235294117657e-05
43,1.747e-05,1553220000,1.756e-05,1.747e-05,1.756e-05,2055.8889854,0.03594133,1.748e-05,0.07338610666666671,0.5929505623076922,0.3944942535294117,1.7620000000000014e-05,1.774230769230769e-05,1.7329705882352952e-05
44,1.762e-05,1553227200,1.771e-05,1.75e-05,1.75e-05,7116.81053193,0.12541439,1.762e-05,0.09060076666666671,0.5945730430769229,0.39774959882352934,1.7530000000000013e-05,1.774538461538461e-05,1.7346176470588247e-05
45,1.74e-05,1553234400,1.763e-05,1.737e-05,1.755e-05,10152.93399913,0.17762267,1.749e-05,0.11299279666666671,0.5997327615384613,0.4006796573529411,1.749666666666668e-05,1.7727692307692302e-05,1.736117647058825e-05
46,1.75e-05,1553241600,1.758e-05,1.743e-05,1.743e-05,6177.60861831,0.10817183,1.751e-05,0.13706963000000005,0.5516521953846152,0.40223374411764695,1.750666666666668e-05,1.76776923076923e-05,1.73729411764706e-05
47,1.739e-05,1553248800,1.743e-05,1.73e-05,1.743e-05,2554.81411647,0.04436467,1.736e-05,0.11005305666666672,0.48026436461538446,0.3995645797058823,1.7430000000000014e-05,1.765615384615384e-05,1.7380000000000017e-05
48,1.754e-05,1553256000,1.754e-05,1.735e-05,1.741e-05,581.01213712,0.01014442,1.745e-05,0.05422697333333338,0.4156967884615383,0.39946305176470576,1.747666666666668e-05,1.7611538461538458e-05,1.7396764705882368e-05
49,1.79e-05,1553263200,1.794e-05,1.754e-05,1.758e-05,2729.59946145,0.04840809,1.773e-05,0.03430572666666671,0.2773194653846152,0.397573528235294,1.7610000000000013e-05,1.7631538461538457e-05,1.7419411764705896e-05
50,1.778e-05,1553270400,1.805e-05,1.774e-05,1.8e-05,2750.47173103,0.04910486,1.785e-05,0.03588579000000005,0.17728330769230746,0.39382359352941165,1.7740000000000013e-05,1.7659999999999994e-05,1.744352941176472e-05
51,1.774e-05,1553277600,1.779e-05,1.774e-05,1.778e-05,1294.10694975,0.02300028,1.777e-05,0.040171076666666715,0.10345036769230748,0.39321485588235283,1.780666666666668e-05,1.7653076923076916e-05,1.7463529411764724e-05
52,1.781e-05,1553284800,1.781e-05,1.77e-05,1.781e-05,1170.78419754,0.02076402,1.773e-05,0.03095638666666672,0.09341216999999981,0.3910715049999999,1.777666666666668e-05,1.7643076923076917e-05,1.748735294117649e-05
53,1.774e-05,1553292000,1.774e-05,1.774e-05,1.774e-05,182.51604264,0.00323783,1.774e-05,0.01566737666666672,0.06387625999999981,0.3888814064705881,1.7763333333333347e-05,1.7636923076923074e-05,1.751470588235296e-05
54,1.773e-05,1553299200,1.773e-05,1.773e-05,1.773e-05,5.74553828,0.00010186,1.773e-05,0.008034570000000052,0.05820944846153827,0.3682795408823528,1.776000000000001e-05,1.762461538461538e-05,1.754000000000002e-05
55,1.768e-05,1553306400,1.774e-05,1.768e-05,1.774e-05,1851.34612262,0.03274818,1.768e-05,0.012029290000000052,0.05223264846153827,0.36830174676470573,1.771666666666668e-05,1.7638461538461532e-05,1.7566764705882368e-05
56,1.768e-05,1553313600,1.768e-05,1.768e-05,1.768e-05,0.0,0.0,1.768e-05,0.010950013333333385,0.04946793076923058,0.367740023235294,1.769666666666668e-05,1.765461538461538e-05,1.7594705882352957e-05
57,1.789e-05,1553320800,1.792e-05,1.76e-05,1.764e-05,25557.36147165,0.45673377,1.787e-05,0.16316065000000005,0.07495403692307673,0.3731572808823528,1.7750000000000008e-05,1.767538461538461e-05,1.7625294117647075e-05
58,1.759e-05,1553328000,1.782e-05,1.759e-05,1.778e-05,4968.66810233,0.08820712,1.775e-05,0.18164696333333338,0.0680759176923075,0.3372154241176469,1.7720000000000007e-05,1.7689999999999995e-05,1.76394117647059e-05
59,1.763e-05,1553335200,1.777e-05,1.763e-05,1.777e-05,311.217,0.00549603,1.765e-05,0.18347897333333338,0.06017777923076905,0.3321461347058822,1.770333333333334e-05,1.7699999999999993e-05,1.7653529411764727e-05
60,1.753e-05,1553342400,1.765e-05,1.752e-05,1.762e-05,12168.43245563,0.21363715,1.755e-05,0.10244676666666673,0.07319873923076906,0.3173875176470587,1.758333333333334e-05,1.7710769230769222e-05,1.7665000000000018e-05
61,1.757e-05,1553349600,1.771e-05,1.755e-05,1.771e-05,4798.19863313,0.08426471,1.756e-05,0.10113263000000006,0.07890029999999983,0.3185806097058822,1.7576666666666674e-05,1.7713076923076915e-05,1.7672647058823548e-05
62,1.769e-05,1553356800,1.769e-05,1.752e-05,1.755e-05,3402.07513177,0.05964227,1.753e-05,0.11918137666666673,0.07976446769230751,0.29512589764705865,1.7596666666666674e-05,1.7696923076923066e-05,1.7673235294117664e-05
63,1.756e-05,1553364000,1.764e-05,1.756e-05,1.764e-05,554.15180735,0.00977337,1.763e-05,0.051226783333333394,0.07673896846153828,0.277565322352941,1.7606666666666675e-05,1.767999999999999e-05,1.768000000000002e-05
64,1.751e-05,1553371200,1.773e-05,1.751e-05,1.757e-05,2206.26073702,0.03895106,1.765e-05,0.0361222333333334,0.07796595153846135,0.27376899676470573,1.7586666666666676e-05,1.7662307692307683e-05,1.7680294117647077e-05
65,1.752e-05,1553378400,1.768e-05,1.751e-05,1.752e-05,1436.84342844,0.02525076,1.757e-05,0.02465839666666673,0.07831108538461519,0.2714433679411763,1.7530000000000013e-05,1.763999999999999e-05,1.7678529411764725e-05
66,1.752e-05,1553385600,1.752e-05,1.752e-05,1.752e-05,457.96817922,0.0080236,1.752e-05,0.024075140000000064,0.07867922153846135,0.2684279935294116,1.751666666666668e-05,1.762307692307691e-05,1.7675294117647076e-05
67,1.747e-05,1553392800,1.751e-05,1.746e-05,1.751e-05,1384.99639399,0.02420083,1.747e-05,0.019158396666666726,0.08053298846153828,0.247574512352941,1.7503333333333346e-05,1.760307692307691e-05,1.765529411764708e-05
68,1.741e-05,1553400000,1.744e-05,1.741e-05,1.744e-05,1038.96,0.01809242,1.741e-05,0.016772283333333398,0.07940562230769213,0.21950645205882338,1.7466666666666677e-05,1.758230769230768e-05,1.764764705882355e-05
69,1.751e-05,1553407200,1.754e-05,1.74e-05,1.751e-05,4088.23056537,0.07163287,1.752e-05,0.037975373333333395,0.08491584307692289,0.19662733323529397,1.7463333333333346e-05,1.7569230769230755e-05,1.762970588235296e-05
70,1.753e-05,1553414400,1.753e-05,1.734e-05,1.745e-05,2225.91696023,0.03865568,1.736e-05,0.04279365666666673,0.052755989999999815,0.14343152117647043,1.7483333333333346e-05,1.7541538461538443e-05,1.7626470588235314e-05
71,1.744e-05,1553421600,1.748e-05,1.729e-05,1.748e-05,9978.58173416,0.17288685,1.732e-05,0.09439180000000007,0.059269815384615204,0.10882304882352925,1.7493333333333348e-05,1.7529999999999983e-05,1.7627352941176487e-05
72,1.809e-05,1553428800,1.855e-05,1.744e-05,1.744e-05,84397.63110481,1.52041172,1.801e-05,0.5773180833333335,0.17580179153846134,0.12463431999999985,1.7686666666666678e-05,1.75653846153846e-05,1.7635000000000017e-05
73,1.799e-05,1553436000,1.829e-05,1.799e-05,1.81e-05,15035.17336852,0.27289831,1.815e-05,0.6553989600000001,0.18036034230769213,0.12821189999999985,1.784000000000001e-05,1.7600769230769215e-05,1.763647058823531e-05
74,1.81e-05,1553443200,1.823e-05,1.799e-05,1.799e-05,15807.80334606,0.28667129,1.813e-05,0.6933271066666667,0.19593007923076908,0.12525503617647044,1.806000000000001e-05,1.7641538461538442e-05,1.7644705882352955e-05
75,1.831e-05,1553450400,1.831e-05,1.807e-05,1.81e-05,33164.61128526,0.60285325,1.817e-05,0.3874742833333334,0.23771553923076907,0.14081629617647043,1.8133333333333345e-05,1.768923076923075e-05,1.7657058823529425e-05
76,1.801e-05,1553457600,1.831e-05,1.8e-05,1.815e-05,763.51761511,0.01384384,1.813e-05,0.3011227933333334,0.23802865230769216,0.1379750391176469,1.8140000000000013e-05,1.7723846153846134e-05,1.767205882352942e-05
77,1.832e-05,1553464800,1.832e-05,1.8e-05,1.806e-05,9427.73876944,0.17158945,1.82e-05,0.26276218000000007,0.24823160538461522,0.1419646897058822,1.8213333333333348e-05,1.7786153846153826e-05,1.7697058823529418e-05
78,1.824e-05,1553472000,1.838e-05,1.814e-05,1.829e-05,10727.65954885,0.19595723,1.826e-05,0.1271301733333334,0.2613628723076921,0.14403947911764692,1.8190000000000017e-05,1.784153846153844e-05,1.7715294117647066e-05
79,1.821e-05,1553479200,1.821e-05,1.801e-05,1.819e-05,14213.10572167,0.25621307,1.802e-05,0.20791991666666668,0.2804543699999998,0.14635096147058813,1.825666666666668e-05,1.789461538461536e-05,1.773911764705883e-05
80,1.809e-05,1553486400,1.824e-05,1.809e-05,1.819e-05,10546.93074494,0.19164491,1.817e-05,0.21460506999999998,0.29333468384615363,0.1488060520588234,1.8180000000000016e-05,1.7942307692307667e-05,1.77564705882353e-05
81,1.807e-05,1553493600,1.807e-05,1.789e-05,1.804e-05,15834.9084593,0.28469913,1.797e-05,0.24418570333333334,0.31384289230769213,0.1558747126470587,1.812333333333335e-05,1.79930769230769e-05,1.7776470588235298e-05
82,1.807e-05,1553500800,1.807e-05,1.807e-05,1.807e-05,21.92202086,0.00039613,1.807e-05,0.15891339000000002,0.3083631430769229,0.155587998235294,1.8076666666666686e-05,1.8036153846153822e-05,1.7792058823529416e-05
83,1.892e-05,1553508000,1.959e-05,1.808e-05,1.814e-05,151630.51171705,2.86101871,1.886e-05,1.048704656666667,0.5254679915384615,0.23831183999999989,1.8353333333333353e-05,1.8143076923076902e-05,1.7822058823529414e-05
84,1.862e-05,1553515200,1.897e-05,1.824e-05,1.897e-05,179723.3172941,3.34526739,1.861e-05,2.0688940766666666,0.7694972638461538,0.33525779676470574,1.853666666666669e-05,1.823384615384613e-05,1.7846764705882355e-05
85,1.92e-05,1553522400,2.081e-05,1.825e-05,1.864e-05,846692.92794089,16.83373673,1.988e-05,7.68000761,1.9474453415384616,0.8296912217647057,1.8913333333333354e-05,1.8319230769230746e-05,1.7889705882352943e-05
86,1.873e-05,1553529600,1.921e-05,1.809e-05,1.921e-05,277418.41045073,5.14920732,1.856e-05,8.442737146666667,2.322546034615385,0.9805277894117644,1.885000000000002e-05,1.8376153846153822e-05,1.7916764705882353e-05
87,1.873e-05,1553536800,1.873e-05,1.873e-05,1.873e-05,0.0,0.0,1.873e-05,7.327648016666667,2.300494396923077,0.9804325591176467,1.8886666666666683e-05,1.842461538461536e-05,1.7945882352941178e-05
88,1.873e-05,1553544000,1.873e-05,1.873e-05,1.873e-05,0.0,0.0,1.873e-05,1.7164024400000006,2.2541210700000005,0.9804295632352937,1.8730000000000015e-05,1.8456923076923052e-05,1.797529411764706e-05
89,1.918e-05,1553551200,1.92e-05,1.876e-05,1.876e-05,15725.76749583,0.29960474,1.905e-05,0.09986824666666738,2.276102677692308,0.9882782855882349,1.8880000000000016e-05,1.8546923076923053e-05,1.8019411764705887e-05
90,1.878e-05,1553558400,1.917e-05,1.874e-05,1.917e-05,5960.42936294,0.11343807,1.903e-05,0.1376809366666674,2.271629494615385,0.9916146994117644,1.889666666666668e-05,1.8582307692307667e-05,1.8051764705882357e-05
91,1.866e-05,1553565600,1.879e-05,1.865e-05,1.879e-05,7943.23024291,0.14918389,1.878e-05,0.18740890000000074,2.268031545384616,0.9825691147058822,1.8873333333333348e-05,1.8614615384615358e-05,1.8074411764705886e-05
92,1.865e-05,1553572800,1.872e-05,1.864e-05,1.869e-05,34856.04074521,0.65010041,1.865e-05,0.30424079000000076,2.298330571538462,0.9990953879411762,1.869666666666668e-05,1.864846153846151e-05,1.8105588235294127e-05
93,1.869e-05,1553580000,1.872e-05,1.864e-05,1.865e-05,5743.6773024,0.10715416,1.865e-05,0.30214615333333406,2.2918312830769234,1.002085332941176,1.866666666666668e-05,1.8694615384615357e-05,1.813676470588236e-05
94,1.884e-05,1553587200,1.943e-05,1.855e-05,1.868e-05,180462.80315918,3.41930312,1.894e-05,1.3921858966666676,2.5329546669230774,1.0963696261764704,1.8726666666666678e-05,1.875384615384613e-05,1.8175294117647068e-05
95,1.91e-05,1553594400,1.91e-05,1.88e-05,1.892e-05,19377.49127349,0.366643,1.892e-05,1.2977000933333342,2.561127503076924,1.10467487,1.887666666666668e-05,1.8833076923076897e-05,1.822029411764707e-05
96,1.901e-05,1553601600,1.92e-05,1.9e-05,1.908e-05,15660.64569651,0.29939367,1.911e-05,1.3617799300000009,2.364079423076924,1.111726381764706,1.898333333333335e-05,1.8839999999999972e-05,1.8259117647058832e-05
97,1.885e-05,1553608800,1.915e-05,1.885e-05,1.911e-05,14780.29549272,0.28132115,1.903e-05,0.31578594000000093,2.1283912507692317,1.1197130811764706,1.898666666666668e-05,1.885769230769228e-05,1.8297058823529423e-05
98,1.918e-05,1553616000,1.918e-05,1.882e-05,1.885e-05,14053.75891018,0.26622793,1.894e-05,0.2823142500000009,0.8539674969230778,1.1263976949999999,1.9013333333333347e-05,1.885615384615382e-05,1.8346176470588248e-05
99,1.905e-05,1553623200,1.92e-05,1.905e-05,1.919e-05,10754.74564589,0.20647268,1.919e-05,0.2513405866666676,0.47375714000000085,1.1317277514705881,1.9026666666666682e-05,1.8880769230769203e-05,1.8391176470588245e-05
100,1.905e-05,1553630400,1.922e-05,1.9e-05,1.916e-05,4280.01054325,0.0820771,1.917e-05,0.18492590333333425,0.4800707630769239,1.1339057955882352,1.909333333333335e-05,1.8905384615384588e-05,1.843617647058824e-05
101,1.905e-05,1553637600,1.915e-05,1.905e-05,1.905e-05,28125.29918732,0.53624332,1.906e-05,0.27493103333333424,0.52132024923077,1.1489658688235291,1.9050000000000016e-05,1.8929999999999973e-05,1.8482647058823535e-05
102,1.899e-05,1553644800,1.916e-05,1.899e-05,1.905e-05,20963.63583529,0.39875165,1.902e-05,0.3390240233333342,0.5289469346153854,1.1601617285294115,1.9030000000000013e-05,1.8915384615384586e-05,1.8529117647058828e-05
103,1.93e-05,1553652000,1.93e-05,1.92e-05,1.92e-05,9332.60440243,0.18006797,1.929e-05,0.3716876466666676,0.5340723115384624,1.1633509961764705,1.911333333333335e-05,1.895538461538459e-05,1.8581764705882354e-05
104,1.928e-05,1553659200,1.94e-05,1.914e-05,1.93e-05,17478.38060611,0.33651062,1.925e-05,0.3051100800000009,0.5484820600000009,1.1721114355882352,1.919000000000001e-05,1.9003076923076894e-05,1.863323529411765e-05
105,1.949e-05,1553666400,1.96e-05,1.922e-05,1.929e-05,137556.44676982,2.66503508,1.937e-05,1.0605378900000009,0.7034770346153855,1.2454099129411764,1.935666666666668e-05,1.906769230769228e-05,1.869352941176471e-05
106,1.966e-05,1553673600,1.986e-05,1.949e-05,1.949e-05,35168.43239057,0.69212619,1.968e-05,1.2312239633333342,0.7484748830769239,1.2210485738235295,1.947666666666668e-05,1.914230769230767e-05,1.8739705882352947e-05
107,1.992e-05,1553680800,1.992e-05,1.971e-05,1.973e-05,28485.78779747,0.56398081,1.979e-05,1.3070473600000008,0.5288347053846162,1.2296098238235293,1.9690000000000013e-05,1.9225384615384588e-05,1.87964705882353e-05
108,1.999e-05,1553688000,2.186e-05,1.981e-05,1.992e-05,340617.57611141,7.02337191,2.061e-05,2.759826303333334,1.0408907753846162,1.4277480773529412,1.9856666666666676e-05,1.929384615384613e-05,1.885205882352942e-05
109,2.035e-05,1553695200,2.111e-05,1.999e-05,2e-05,95480.63716591,1.95358473,2.046e-05,3.1803124833333336,1.1681362415384622,1.4674754738235294,2.008666666666668e-05,1.939692307692305e-05,1.891205882352942e-05
110,2.037e-05,1553702400,2.052e-05,2.017e-05,2.032e-05,5918.66023977,0.12065859,2.038e-05,3.0325384100000004,1.1557775830769237,1.470617084117647,2.023666666666668e-05,1.951384615384613e-05,1.8981470588235304e-05
111,2.015e-05,1553709600,2.045e-05,2.015e-05,2.045e-05,78877.58745043,1.59810095,2.026e-05,1.2241147566666672,1.2582293538461544,1.5125733047058825,2.029000000000001e-05,1.958846153846151e-05,1.903529411764707e-05
112,2.03e-05,1553716800,2.03e-05,2.009e-05,2.011e-05,20618.86158353,0.41503224,2.012e-05,0.7112639266666673,1.2742723969230774,1.5190166873529414,2.0273333333333345e-05,1.968461538461536e-05,1.9095882352941186e-05
113,1.998e-05,1553724000,2.034e-05,1.989e-05,2.026e-05,30790.29897689,0.6159493,2e-05,0.8763608300000006,1.3153394892307697,1.5295971647058824,2.0143333333333348e-05,1.975615384615382e-05,1.91479411764706e-05
114,1.973e-05,1553731200,2.063e-05,1.961e-05,1.991e-05,211187.26048627,4.26559383,2.019e-05,1.765525123333334,1.602212605384616,1.6494191917647059,2.000333333333335e-05,1.980846153846151e-05,1.9196176470588248e-05
115,1.97e-05,1553738400,1.982e-05,1.969e-05,1.975e-05,2642.86014954,0.05211455,1.971e-05,1.6445525600000004,1.5755482130769234,1.6425784688235294,1.980333333333335e-05,1.9863076923076896e-05,1.9244117647058833e-05
116,1.946e-05,1553745600,1.982e-05,1.946e-05,1.982e-05,15935.29083364,0.31355666,1.967e-05,1.5437550133333335,1.5858165738461543,1.651789072647059,1.9630000000000017e-05,1.987538461538459e-05,1.928500000000001e-05
117,1.945e-05,1553752800,1.962e-05,1.941e-05,1.948e-05,9184.32982581,0.17922736,1.951e-05,0.18163285666666665,1.573717861538462,1.5729128564705883,1.9536666666666682e-05,1.9888461538461515e-05,1.9300588235294128e-05
118,1.947e-05,1553760000,1.974e-05,1.941e-05,1.96e-05,10167.49303079,0.19889233,1.956e-05,0.23055878333333335,1.3840145730769235,1.4803724135294118,1.9460000000000017e-05,1.9886923076923054e-05,1.9325588235294125e-05
119,1.977e-05,1553767200,1.979e-05,1.957e-05,1.961e-05,3341.63785071,0.06598228,1.974e-05,0.14803399000000003,1.3358496569230773,0.9872031650000002,1.9563333333333346e-05,1.9895384615384594e-05,1.9342352941176477e-05
120,1.967e-05,1553774400,1.978e-05,1.966e-05,1.974e-05,53425.25493847,1.05076152,1.966e-05,0.4385453766666667,1.373294326923077,0.8666606414705884,1.963666666666668e-05,1.9876153846153825e-05,1.9370000000000006e-05
121,1.999e-05,1553781600,2.001e-05,1.975e-05,1.977e-05,20207.22384879,0.40068899,1.982e-05,0.50581093,0.8638571792307694,0.878445611764706,1.9810000000000015e-05,1.9876153846153825e-05,1.9407058823529417e-05
122,2.015e-05,1553788800,2.023e-05,1.984e-05,1.988e-05,17993.71794415,0.36221243,2.012e-05,0.6045543133333333,0.7414439253846156,0.8890989185294119,1.9936666666666685e-05,1.986076923076921e-05,1.9448823529411773e-05
123,2.036e-05,1553796000,2.036e-05,2.001e-05,2.011e-05,44614.20699101,0.89991964,2.017e-05,0.5542736866666665,0.8013870830769233,0.9067552391176472,2.0166666666666685e-05,1.9859999999999976e-05,1.948352941176471e-05
124,2.032e-05,1553803200,2.046e-05,2.025e-05,2.033e-05,17608.8243144,0.35880013,2.037e-05,0.5403107333333333,0.706056250769231,0.9139717702941177,2.0276666666666685e-05,1.98730769230769e-05,1.952882352941177e-05
125,2.009e-05,1553810400,2.024e-05,2.009e-05,2.024e-05,541.59077692,0.01092814,2.017e-05,0.42321597,0.6749713200000003,0.9099054247058824,2.0256666666666686e-05,1.9856923076923052e-05,1.9570882352941177e-05
126,2.002e-05,1553817600,2.014e-05,2.002e-05,2.007e-05,4834.99151363,0.09691349,2.004e-05,0.1555472533333333,0.6350454884615387,0.8936352211764707,2.014333333333335e-05,1.9859999999999976e-05,1.9611176470588236e-05
127,2.002e-05,1553824800,2.008e-05,2.002e-05,2.008e-05,5026.58811617,0.10086088,2.006e-05,0.06956750333333332,0.3146814153846157,0.8934501247058824,2.0043333333333355e-05,1.988230769230767e-05,1.965029411764706e-05
128,2.023e-05,1553832000,2.023e-05,2.012e-05,2.012e-05,1415.63396082,0.02862179,2.021e-05,0.07546538666666665,0.3128742800000003,0.7937242032352941,2.0090000000000023e-05,1.99230769230769e-05,1.9691176470588236e-05
129,2.018e-05,1553839200,2.018e-05,2e-05,2.013e-05,17797.56518326,0.3580135,2.011e-05,0.16249872333333332,0.3162940369230772,0.7934703944117647,2.014333333333335e-05,1.9978461538461513e-05,1.972294117647059e-05
130,2.002e-05,1553846400,2.009e-05,1.993e-05,2.001e-05,3125.29292319,0.06250852,2e-05,0.14971460333333333,0.3073156646153849,0.7865031841176471,2.014333333333335e-05,2.0022307692307667e-05,1.9752647058823534e-05
131,2.02e-05,1553853600,2.068e-05,2.002e-05,2.002e-05,36142.50304903,0.73557649,2.035e-05,0.38536616999999995,0.3485990615384619,0.7998636352941176,2.0133333333333353e-05,2.0078461538461512e-05,1.979235294117647e-05
132,1.991e-05,1553860800,2.006e-05,1.958e-05,2.005e-05,36477.76947532,0.72210989,1.979e-05,0.5067316333333333,0.3990704161538465,0.8132719282352942,2.0043333333333355e-05,2.008923076923074e-05,1.9813823529411766e-05
133,1.981e-05,1553868000,1.991e-05,1.975e-05,1.975e-05,4352.20847068,0.08655347,1.988e-05,0.5147466166666667,0.3249005661538465,0.8097448926470587,1.9973333333333354e-05,2.009999999999997e-05,1.983617647058824e-05
134,1.984e-05,1553875200,2.003e-05,1.973e-05,1.992e-05,8731.15945656,0.17382394,1.99e-05,0.32749576666666663,0.3074494084615388,0.8124433291176469,1.9853333333333352e-05,2.0088461538461507e-05,1.9859411764705887e-05
135,1.967e-05,1553882400,1.99e-05,1.966e-05,1.983e-05,18036.91074093,0.35624699,1.975e-05,0.20554146666666662,0.3069905284615388,0.8071493194117645,1.9773333333333353e-05,2.0051538461538434e-05,1.9877647058823534e-05
136,1.976e-05,1553889600,1.985e-05,1.975e-05,1.985e-05,5119.62120643,0.10122435,1.977e-05,0.21043175999999994,0.24555242923076956,0.798398516470588,1.9756666666666687e-05,2.0005384615384587e-05,1.9900294117647062e-05
137,1.97e-05,1553896800,1.985e-05,1.97e-05,1.975e-05,2735.4181123,0.05421428,1.981e-05,0.17056187333333325,0.2221227484615388,0.794696937352941,1.9710000000000023e-05,1.995769230769228e-05,1.9912058823529416e-05
138,1.929e-05,1553904000,1.971e-05,1.91e-05,1.971e-05,55846.36432752,1.08233091,1.938e-05,0.4125898466666666,0.3045383461538465,0.8166328282352939,1.9583333333333356e-05,1.9896153846153814e-05,1.9912352941176476e-05
139,1.871e-05,1553911200,1.934e-05,1.871e-05,1.931e-05,65059.56380338,1.22861394,1.888e-05,0.7883863766666667,0.3915922269230772,0.7743851476470587,1.9233333333333355e-05,1.9795384615384588e-05,1.9889411764705888e-05
140,1.871e-05,1553918400,1.885e-05,1.868e-05,1.868e-05,12071.25137128,0.22630739,1.874e-05,0.8457507466666666,0.4012419584615387,0.7606845947058821,1.8903333333333353e-05,1.9694615384615358e-05,1.98614705882353e-05
141,1.892e-05,1553925600,1.893e-05,1.877e-05,1.88e-05,16000.21642012,0.30192074,1.886e-05,0.5856140233333332,0.4222649546153849,0.752976945588235,1.878000000000002e-05,1.9593846153846128e-05,1.9832058823529417e-05
142,1.898e-05,1553932800,1.902e-05,1.892e-05,1.892e-05,18927.60165642,0.35942991,1.898e-05,0.2958860133333332,0.4223739092307695,0.556978651470588,1.8870000000000018e-05,1.9501538461538434e-05,1.9802352941176476e-05
143,1.916e-05,1553940000,1.964e-05,1.895e-05,1.903e-05,131246.04047295,2.52112293,1.92e-05,1.0608245266666665,0.611498094615385,0.5736709514705881,1.9020000000000018e-05,1.9435384615384588e-05,1.9767352941176474e-05
144,1.923e-05,1553947200,1.928e-05,1.913e-05,1.916e-05,12345.78282265,0.23678728,1.917e-05,1.0391133733333333,0.5731296938461542,0.5770865011764704,1.912333333333335e-05,1.9360769230769205e-05,1.9733823529411764e-05
145,1.938e-05,1553954400,1.938e-05,1.923e-05,1.929e-05,1133.81751182,0.02187417,1.929e-05,0.9265947933333333,0.519265407692308,0.5307268899999998,1.9256666666666685e-05,1.9319999999999974e-05,1.9711176470588235e-05
146,1.924e-05,1553961600,1.938e-05,1.924e-05,1.938e-05,699.12545279,0.01351275,1.932e-05,0.09072473333333313,0.5136468907692311,0.518917493235294,1.928333333333335e-05,1.9276153846153824e-05,1.968e-05
147,1.938e-05,1553968800,1.949e-05,1.936e-05,1.936e-05,5133.74186876,0.09948812,1.937e-05,0.04495834666666646,0.5079287507692312,0.5037274585294117,1.9333333333333347e-05,1.9240769230769206e-05,1.9662352941176474e-05
148,1.948e-05,1553976000,1.948e-05,1.928e-05,1.948e-05,5990.40280474,0.11602622,1.936e-05,0.07634236333333314,0.4894502300000004,0.38168135235294104,1.936666666666668e-05,1.922615384615382e-05,1.9655000000000004e-05
149,1.948e-05,1553983200,1.948e-05,1.928e-05,1.928e-05,12580.00320375,0.24458324,1.944e-05,0.1533658599999998,0.5004778369230773,0.3873421961764705,1.944666666666668e-05,1.9204615384615357e-05,1.964852941176471e-05
150,1.949e-05,1553990400,1.949e-05,1.934e-05,1.935e-05,3193.47508678,0.06179012,1.934e-05,0.1407998599999998,0.5010605938461542,0.3799372979411763,1.9483333333333347e-05,1.9188461538461512e-05,1.9649411764705887e-05
151,1.947e-05,1553997600,1.948e-05,1.947e-05,1.948e-05,893.23700232,0.01739999,1.947e-05,0.10792444999999978,0.41914283076923115,0.37517766941176456,1.9480000000000013e-05,1.9202307692307665e-05,1.9650000000000003e-05
152,1.957e-05,1554004800,1.957e-05,1.939e-05,1.939e-05,5319.18878611,0.10399143,1.955e-05,0.061060513333333115,0.3326334069230773,0.3723864664705881,1.9510000000000018e-05,1.926846153846151e-05,1.9652941176470592e-05
153,1.943e-05,1554012000,1.971e-05,1.942e-05,1.955e-05,13928.91433535,0.27270544,1.957e-05,0.1313656199999998,0.3362024876923081,0.37846655941176455,1.9490000000000015e-05,1.9323846153846125e-05,1.964294117647059e-05
154,1.971e-05,1554019200,1.971e-05,1.953e-05,1.957e-05,6973.64512833,0.13727318,1.968e-05,0.1713233499999998,0.3235372907692312,0.35159925529411745,1.9570000000000014e-05,1.9384615384615356e-05,1.9644117647058826e-05
155,1.983e-05,1554026400,2.096e-05,1.957e-05,1.961e-05,104539.79156496,2.12614335,2.033e-05,0.8453739899999997,0.4594383246153851,0.4023479129411762,1.965666666666668e-05,1.944999999999997e-05,1.9639411764705885e-05
156,1.982e-05,1554033600,2.011e-05,1.982e-05,1.984e-05,9132.33457207,0.18167975,1.989e-05,0.8150320933333329,0.27948115692307735,0.39703812823529394,1.978666666666668e-05,1.95007692307692e-05,1.9629705882352944e-05
157,1.982e-05,1554040800,1.982e-05,1.982e-05,1.982e-05,31.19072419,0.0006182,1.982e-05,0.7694804333333328,0.261314304615385,0.37058808588235276,1.9823333333333347e-05,1.9546153846153813e-05,1.961382352941177e-05
158,1.994e-05,1554048000,1.999e-05,1.981e-05,1.986e-05,34417.98248589,0.68664555,1.995e-05,0.2896478333333328,0.312450564615385,0.38023059823529387,1.9860000000000013e-05,1.9589230769230736e-05,1.9602647058823534e-05
159,2.018e-05,1554055200,2.018e-05,1.98e-05,1.991e-05,172990.3476296,3.4416365,1.989e-05,1.3763000833333328,0.5761523915384619,0.48113378529411743,1.9980000000000012e-05,1.9661538461538426e-05,1.9605294117647063e-05
160,1.991e-05,1554062400,2.022e-05,1.989e-05,2.012e-05,11478.51494765,0.22880872,1.993e-05,1.4523635899999994,0.5861001300000003,0.48501305676470574,2.0010000000000017e-05,1.9702307692307657e-05,1.9602058823529418e-05
161,2e-05,1554069600,2.009e-05,1.982e-05,1.991e-05,33165.59918214,0.66138096,1.994e-05,1.4439420599999995,0.628050494615385,0.501498941470588,2.0030000000000013e-05,1.9742307692307656e-05,1.9601470588235298e-05
162,2.002e-05,1554076800,2.036e-05,1.989e-05,2.003e-05,22314.33844798,0.45023396,2.017e-05,0.44680787999999955,0.6438697807692311,0.5138992994117645,1.997666666666668e-05,1.9783846153846118e-05,1.9595294117647065e-05
163,1.994e-05,1554084000,1.996e-05,1.979e-05,1.993e-05,2963.34406249,0.0589147,1.988e-05,0.3901765399999996,0.643648594615385,0.5051022758823528,1.998666666666668e-05,1.98184615384615e-05,1.9588235294117655e-05
164,1.996e-05,1554091200,1.996e-05,1.995e-05,1.995e-05,1830.12683367,0.03651145,1.995e-05,0.18188670333333298,0.6451187069230774,0.5043376561764703,1.9973333333333344e-05,1.985615384615381e-05,1.95864705882353e-05
165,1.97e-05,1554098400,1.987e-05,1.968e-05,1.987e-05,9807.07436764,0.19380262,1.976e-05,0.09640958999999966,0.6520272600000004,0.48840313058823503,1.986666666666668e-05,1.986615384615381e-05,1.957176470588236e-05
166,1.995e-05,1554105600,1.995e-05,1.951e-05,1.965e-05,28367.40991714,0.55462684,1.955e-05,0.26164696999999965,0.673713521538462,0.4834771585294116,1.987000000000001e-05,1.990615384615381e-05,1.9572941176470593e-05
167,1.995e-05,1554112800,1.995e-05,1.99e-05,1.995e-05,12315.34264843,0.24538445,1.992e-05,0.33127130333333304,0.6820297730769235,0.48814865794117634,1.9866666666666677e-05,1.992461538461535e-05,1.9577058823529417e-05
168,1.995e-05,1554120000,1.995e-05,1.99e-05,1.991e-05,5492.43628422,0.10952809,1.994e-05,0.30317979333333306,0.5269055223076927,0.4862576035294117,1.995000000000001e-05,1.9933846153846125e-05,1.9580294117647066e-05
169,1.986e-05,1554127200,1.99e-05,1.981e-05,1.99e-05,3097.90556591,0.06150459,1.985e-05,0.13880570999999972,0.5176612792307697,0.4775887094117646,1.9920000000000013e-05,1.9936923076923048e-05,1.9585882352941186e-05
170,1.985e-05,1554134400,1.995e-05,1.985e-05,1.994e-05,11769.3383433,0.23463011,1.993e-05,0.1352209299999997,0.5356621953846159,0.4815124082352941,1.9886666666666677e-05,1.9939230769230744e-05,1.9588529411764715e-05
171,1.988e-05,1554141600,1.995e-05,1.972e-05,1.985e-05,34192.00423894,0.67661094,1.978e-05,0.3242485466666664,0.5348903023076927,0.49981819235294117,1.9863333333333347e-05,1.9934615384615362e-05,1.9593823529411775e-05
172,1.962e-05,1554148800,1.987e-05,1.962e-05,1.987e-05,19366.45015812,0.38061869,1.965e-05,0.43061991333333305,0.29942739384615435,0.47917959764705875,1.9783333333333348e-05,1.9891538461538436e-05,1.9603529411764714e-05
173,1.983e-05,1554156000,1.983e-05,1.966e-05,1.977e-05,35323.87730487,0.69544699,1.968e-05,0.5842255399999997,0.3353226453846159,0.4634982167647058,1.9776666666666683e-05,1.988538461538459e-05,1.9636470588235304e-05
174,1.991e-05,1554163200,1.993e-05,1.985e-05,1.985e-05,3330.97176825,0.06635875,1.992e-05,0.380808143333333,0.28955170615384673,0.4587938449999999,1.978666666666668e-05,1.987846153846151e-05,1.9671764705882362e-05
175,1.98e-05,1554170400,1.98e-05,1.98e-05,1.98e-05,10.5,0.0002079,1.98e-05,0.25400454666666633,0.2549343169230775,0.44991993794117635,1.9846666666666684e-05,1.9861538461538434e-05,1.969764705882354e-05
176,1.775e-05,1554177600,1.973e-05,1.699e-05,1.969e-05,239969.93730524,4.34858824,1.812e-05,1.4717182966666664,0.5849092046153852,0.5672481241176469,1.915333333333335e-05,1.96930769230769e-05,1.9661470588235304e-05
177,1.821e-05,1554184800,1.821e-05,1.763e-05,1.769e-05,25788.24251204,0.46512193,1.803e-05,1.6046393566666663,0.617879241538462,0.5067775064705881,1.8586666666666683e-05,1.9558461538461514e-05,1.9633529411764715e-05
178,1.831e-05,1554192000,1.847e-05,1.809e-05,1.811e-05,37523.60920549,0.68423096,1.823e-05,1.8326470433333328,0.655604498461539,0.5199376147058822,1.8090000000000018e-05,1.945153846153844e-05,1.9606470588235306e-05
179,1.832e-05,1554199200,1.839e-05,1.822e-05,1.829e-05,8803.80728333,0.16102298,1.829e-05,0.43679195666666626,0.6253272784615391,0.5240302267647056,1.828000000000002e-05,1.932615384615382e-05,1.9575294117647068e-05
180,1.814e-05,1554206400,1.867e-05,1.812e-05,1.839e-05,70615.70469087,1.30214253,1.843e-05,0.715798823333333,0.7066163615384622,0.5619311026470586,1.8256666666666688e-05,1.918692307692305e-05,1.95429411764706e-05
181,1.813e-05,1554213600,1.823e-05,1.794e-05,1.81e-05,20787.93339733,0.37622872,1.809e-05,0.6131314099999996,0.7271317946153852,0.5700705320588233,1.819666666666669e-05,1.9046923076923048e-05,1.9506176470588247e-05
182,1.818e-05,1554220800,1.819e-05,1.797e-05,1.797e-05,8562.11610436,0.1554704,1.815e-05,0.6112805499999996,0.7343599338461545,0.5712306549999998,1.815000000000002e-05,1.891769230769228e-05,1.94679411764706e-05
183,1.817e-05,1554228000,1.829e-05,1.807e-05,1.807e-05,785.89079026,0.01432346,1.822e-05,0.18200752666666623,0.7174132684615392,0.5644583085294115,1.816000000000002e-05,1.878846153846151e-05,1.9429411764705892e-05
184,1.802e-05,1554235200,1.829e-05,1.802e-05,1.829e-05,20138.66021723,0.36475404,1.811e-05,0.17818263333333287,0.6934242761538468,0.5733690120588233,1.812333333333335e-05,1.8645384615384587e-05,1.9386176470588244e-05
185,1.785e-05,1554242400,1.812e-05,1.785e-05,1.811e-05,5597.65513411,0.10061139,1.797e-05,0.1598962966666662,0.6718852530769237,0.5758164061764703,1.801333333333335e-05,1.8509230769230736e-05,1.9338529411764712e-05
186,1.748e-05,1554249600,1.794e-05,1.748e-05,1.785e-05,35826.87215233,0.63578545,1.774e-05,0.3670502933333329,0.6672959038461544,0.5914574067647056,1.778333333333335e-05,1.8328461538461503e-05,1.9277058823529417e-05
187,1.763e-05,1554256800,1.781e-05,1.751e-05,1.77e-05,14886.79482491,0.26329822,1.768e-05,0.33323168666666625,0.6824450938461545,0.5911807238235292,1.7653333333333353e-05,1.815307692307689e-05,1.922411764705883e-05
188,1.777e-05,1554264000,1.787e-05,1.762e-05,1.779e-05,1579.62341857,0.02811254,1.779e-05,0.30906540333333293,0.6845916046153853,0.5879701167647056,1.7626666666666682e-05,1.7996923076923046e-05,1.9167058823529416e-05
189,1.788e-05,1554271200,1.802e-05,1.776e-05,1.778e-05,32701.69649565,0.58526238,1.789e-05,0.29222437999999956,0.39510500000000065,0.5426500882352938,1.7760000000000016e-05,1.8006923076923045e-05,1.9109705882352945e-05
190,1.798e-05,1554278400,1.798e-05,1.791e-05,1.791e-05,3597.37043936,0.06467365,1.797e-05,0.2260161899999996,0.3643012861538467,0.5392087323529408,1.787666666666668e-05,1.7989230769230737e-05,1.9055588235294123e-05
191,1.807e-05,1554285600,1.807e-05,1.792e-05,1.798e-05,22627.34449496,0.40688601,1.798e-05,0.3522740133333329,0.3429670592307698,0.5511577855882349,1.7976666666666684e-05,1.79707692307692e-05,1.9004117647058826e-05
192,1.845e-05,1554292800,1.878e-05,1.802e-05,1.807e-05,23267.69935015,0.427548,1.837e-05,0.29970255333333295,0.3634689838461544,0.5435372694117643,1.8166666666666684e-05,1.7980769230769198e-05,1.8960294117647065e-05
193,1.858e-05,1554300000,1.864e-05,1.817e-05,1.842e-05,31970.01637771,0.59039808,1.846e-05,0.47494402999999963,0.3087194107692313,0.45967731588235256,1.8366666666666685e-05,1.8014615384615357e-05,1.8913235294117655e-05
194,1.839e-05,1554307200,1.882e-05,1.836e-05,1.858e-05,22596.48855537,0.41899822,1.854e-05,0.47898143333333293,0.3120093723076928,0.465271124705882,1.8473333333333352e-05,1.8034615384615357e-05,1.886852941176471e-05
195,1.836e-05,1554314400,1.843e-05,1.836e-05,1.843e-05,1239.83676715,0.0227641,1.836e-05,0.3440534666666663,0.30180119538461586,0.4464882758823525,1.844333333333335e-05,1.804846153846151e-05,1.8820294117647063e-05
196,1.755e-05,1554321600,1.833e-05,1.751e-05,1.831e-05,42613.16366351,0.75384908,1.769e-05,0.39853713333333296,0.35868778153846204,0.45541813235294076,1.8100000000000016e-05,1.8000769230769204e-05,1.8747647058823533e-05
197,1.741e-05,1554328800,1.761e-05,1.731e-05,1.76e-05,71319.30791774,1.24810082,1.75e-05,0.6749046666666665,0.4266375338461543,0.49039419470588197,1.777333333333335e-05,1.7953846153846127e-05,1.867323529411765e-05
198,1.761e-05,1554336000,1.761e-05,1.733e-05,1.756e-05,11145.13766619,0.19458903,1.745e-05,0.7321796433333332,0.4338665830769236,0.49504353529411727,1.7523333333333346e-05,1.793538461538459e-05,1.860411764705883e-05
199,1.743e-05,1554343200,1.762e-05,1.731e-05,1.762e-05,3932.02920131,0.06827292,1.736e-05,0.5036542566666665,0.39021177307692356,0.4913514852941172,1.748333333333335e-05,1.7931538461538434e-05,1.8537352941176477e-05
200,1.771e-05,1554350400,1.777e-05,1.737e-05,1.742e-05,61502.90974369,1.08586053,1.765e-05,0.44957415999999983,0.4534857969230774,0.5069760055882349,1.758333333333335e-05,1.7937692307692278e-05,1.84714705882353e-05
201,1.874e-05,1554357600,1.88e-05,1.755e-05,1.755e-05,75655.40163919,1.3837123,1.828e-05,0.8459485833333331,0.557762701538462,0.5404562364705878,1.7960000000000014e-05,1.801230769230766e-05,1.8435882352941185e-05
202,1.808e-05,1554364800,1.873e-05,1.806e-05,1.866e-05,37686.44802874,0.69520332,1.844e-05,1.0549253833333332,0.5662196969230774,0.5576819785294114,1.8176666666666682e-05,1.8027692307692275e-05,1.8380882352941183e-05
203,1.758e-05,1554372000,1.807e-05,1.749e-05,1.802e-05,44591.55053542,0.78673492,1.764e-05,0.9552168466666666,0.621762871538462,0.5790122823529408,1.813333333333335e-05,1.7996923076923046e-05,1.831382352941177e-05
204,1.775e-05,1554379200,1.775e-05,1.755e-05,1.758e-05,11161.51445509,0.1968745,1.763e-05,0.5596042466666665,0.6056081400000004,0.5779018232352937,1.780333333333335e-05,1.797230769230766e-05,1.825205882352942e-05
205,1.783e-05,1554386400,1.794e-05,1.761e-05,1.765e-05,33467.01098803,0.59817419,1.787e-05,0.5272612033333332,0.618733231538462,0.5755948599999997,1.7720000000000013e-05,1.7924615384615356e-05,1.819176470588236e-05
206,1.785e-05,1554393600,1.785e-05,1.751e-05,1.769e-05,44303.06193122,0.78574043,1.773e-05,0.5269297066666666,0.6337595661538468,0.5875102052941173,1.781000000000001e-05,1.7868461538461508e-05,1.8139705882352946e-05
207,1.78e-05,1554400800,1.782e-05,1.766e-05,1.782e-05,4290.61554449,0.07592755,1.769e-05,0.4866140566666666,0.6073695146153851,0.5692890452941173,1.782666666666668e-05,1.7823076923076892e-05,1.8080000000000006e-05
208,1.778e-05,1554408000,1.786e-05,1.778e-05,1.786e-05,46.46921236,0.00082873,1.783e-05,0.2874989033333332,0.605682178461539,0.5673616917647055,1.781000000000001e-05,1.7778461538461504e-05,1.8017352941176475e-05
209,1.787e-05,1554415200,1.787e-05,1.778e-05,1.784e-05,9030.64232252,0.16117049,1.784e-05,0.07930892333333324,0.5600915176923084,0.572095885588235,1.781666666666668e-05,1.780307692307689e-05,1.7960588235294124e-05
210,1.792e-05,1554422400,1.8e-05,1.769e-05,1.783e-05,33305.34979757,0.59678536,1.791e-05,0.2529281933333333,0.5099903284615391,0.46174874205882316,1.785666666666668e-05,1.7842307692307657e-05,1.7965588235294125e-05
211,1.808e-05,1554429600,1.808e-05,1.778e-05,1.78e-05,2525.53322813,0.04520072,1.789e-05,0.26771885666666656,0.4984989200000006,0.44939811823529374,1.7956666666666684e-05,1.7878461538461506e-05,1.796176470588236e-05
212,1.776e-05,1554436800,1.808e-05,1.776e-05,1.802e-05,8214.24625608,0.14664767,1.785e-05,0.2628779166666666,0.5045277469230776,0.4335868449999996,1.7920000000000015e-05,1.7903846153846122e-05,1.7945588235294125e-05
213,1.772e-05,1554444000,1.788e-05,1.768e-05,1.781e-05,1933.68996582,0.03452246,1.785e-05,0.07545694999999993,0.4236555876923083,0.42986624147058783,1.7853333333333344e-05,1.7904615384615353e-05,1.79279411764706e-05
214,1.774e-05,1554451200,1.792e-05,1.773e-05,1.773e-05,8042.14491972,0.14376364,1.787e-05,0.10831125666666659,0.3282749215384622,0.3957962741176467,1.7740000000000013e-05,1.7827692307692277e-05,1.7916176470588247e-05
215,1.799e-05,1554458400,1.799e-05,1.785e-05,1.785e-05,111783.07074461,2.00865775,1.796e-05,0.7289812833333332,0.42930987769230833,0.4438088926470584,1.781666666666668e-05,1.78207692307692e-05,1.7912058823529422e-05
216,1.792e-05,1554465600,1.799e-05,1.782e-05,1.799e-05,1983.39939594,0.03544678,1.787e-05,0.7292893899999999,0.37151848230769297,0.44027878617647015,1.7883333333333342e-05,1.7846923076923046e-05,1.7904411764705893e-05
217,1.794e-05,1554472800,1.799e-05,1.768e-05,1.794e-05,3771.30173445,0.0674562,1.788e-05,0.7038535766666666,0.3615632284615391,0.441841513823529,1.7950000000000013e-05,1.786153846153843e-05,1.7897647058823543e-05
218,1.769e-05,1554480000,1.794e-05,1.769e-05,1.794e-05,1294.13390753,0.02293218,1.772e-05,0.041945053333333426,0.3173138430769237,0.4317879297058819,1.7850000000000014e-05,1.7850769230769197e-05,1.78879411764706e-05
219,1.763e-05,1554487200,1.781e-05,1.763e-05,1.781e-05,10080.91925258,0.17841139,1.769e-05,0.08959992333333343,0.2705962246153852,0.4340761649999996,1.7753333333333342e-05,1.783384615384612e-05,1.7881470588235308e-05
220,1.777e-05,1554494400,1.78e-05,1.777e-05,1.778e-05,2489.74916974,0.04431198,1.779e-05,0.08188518333333342,0.2681642576923083,0.41667988647058785,1.7696666666666676e-05,1.7831538461538428e-05,1.7890000000000013e-05
221,1.763e-05,1554501600,1.763e-05,1.763e-05,1.763e-05,82.36179243,0.00145203,1.763e-05,0.07472513333333342,0.2682122038461544,0.40897852794117606,1.7676666666666676e-05,1.7819999999999965e-05,1.7890000000000013e-05
222,1.779e-05,1554508800,1.779e-05,1.762e-05,1.762e-05,865.15036323,0.01535668,1.775e-05,0.020373563333333417,0.2569957569230775,0.4086033555882349,1.773000000000001e-05,1.7813846153846118e-05,1.789058823529413e-05
223,1.787e-05,1554516000,1.787e-05,1.762e-05,1.779e-05,5076.04232682,0.08983573,1.769e-05,0.03554814666666675,0.2179996315384621,0.3940319835294114,1.7763333333333343e-05,1.7809999999999963e-05,1.7890294117647073e-05
224,1.782e-05,1554523200,1.787e-05,1.782e-05,1.787e-05,4546.62624267,0.08124431,1.786e-05,0.062145573333333426,0.22077221538461597,0.3945193558823526,1.7826666666666677e-05,1.7789999999999964e-05,1.7885588235294132e-05
225,1.792e-05,1554530400,1.808e-05,1.784e-05,1.79e-05,20327.84432971,0.36484634,1.794e-05,0.17864212666666676,0.23755672846153905,0.39328289499999963,1.7870000000000007e-05,1.7802307692307658e-05,1.788117647058825e-05
226,1.777e-05,1554537600,1.792e-05,1.777e-05,1.792e-05,3565.55035343,0.06345066,1.779e-05,0.16984710333333342,0.23978197461538522,0.382574149705882,1.7836666666666675e-05,1.7806153846153812e-05,1.7861176470588248e-05
227,1.771e-05,1554544800,1.776e-05,1.771e-05,1.776e-05,356.46860742,0.00631341,1.771e-05,0.14487013666666673,0.22920888000000061,0.3653951888235291,1.780000000000001e-05,1.780384615384612e-05,1.7835588235294128e-05
228,1.767e-05,1554552000,1.771e-05,1.767e-05,1.771e-05,6018.93147777,0.10648718,1.769e-05,0.05875041666666675,0.08288806692307754,0.3562036876470585,1.7716666666666673e-05,1.7779230769230734e-05,1.7814411764705895e-05
229,1.754e-05,1554559200,1.774e-05,1.754e-05,1.767e-05,110080.51181707,1.93715208,1.759e-05,0.6833175566666667,0.22917309000000063,0.4125092164705879,1.7640000000000004e-05,1.7749999999999967e-05,1.779029411764707e-05
230,1.728e-05,1554566400,1.802e-05,1.71e-05,1.772e-05,50324.6589231,0.8857645,1.76e-05,0.97646792,0.2921198823076929,0.41638908176470557,1.7496666666666668e-05,1.7699230769230735e-05,1.7782352941176485e-05
231,1.762e-05,1554573600,1.778e-05,1.731e-05,1.731e-05,8530.49698629,0.14971092,1.755e-05,0.9908758333333334,0.3018720930769237,0.384083496470588,1.7480000000000002e-05,1.769384615384612e-05,1.778852941176472e-05
232,1.745e-05,1554580800,1.773e-05,1.745e-05,1.764e-05,22153.05542124,0.38907441,1.756e-05,0.47484994333333347,0.3180769407692314,0.3898036547058821,1.7450000000000004e-05,1.7679999999999966e-05,1.7783823529411777e-05
233,1.758e-05,1554588000,1.758e-05,1.749e-05,1.754e-05,1227.36270893,0.02150781,1.752e-05,0.1867643800000001,0.3163227738461545,0.38842821029411734,1.7550000000000006e-05,1.766538461538458e-05,1.778823529411766e-05
234,1.771e-05,1554595200,1.771e-05,1.758e-05,1.758e-05,28308.44638403,0.50008208,1.766e-05,0.30355476666666675,0.3546789315384622,0.3711994323529409,1.7580000000000008e-05,1.7671538461538426e-05,1.778823529411766e-05
235,1.73e-05,1554602400,1.763e-05,1.73e-05,1.755e-05,4760.41300231,0.0831569,1.746e-05,0.20158226333333343,0.3598943330769237,0.33294780294117615,1.7530000000000007e-05,1.763384615384612e-05,1.774588235294119e-05
236,1.723e-05,1554609600,1.75e-05,1.723e-05,1.741e-05,11232.40602771,0.19590321,1.744e-05,0.2597140633333334,0.36805337000000066,0.31826250558823505,1.7413333333333338e-05,1.7584615384615353e-05,1.7720882352941193e-05
237,1.742e-05,1554616800,1.742e-05,1.722e-05,1.736e-05,675.07252282,0.01167701,1.729e-05,0.09691237333333343,0.3627020392307699,0.29546668470588205,1.7316666666666666e-05,1.755384615384612e-05,1.7716176470588252e-05
238,1.755e-05,1554624000,1.76e-05,1.742e-05,1.749e-05,5193.52566697,0.09090457,1.75e-05,0.09949493000000009,0.34162959538461607,0.29234992205882326,1.7400000000000003e-05,1.7525384615384584e-05,1.7710294117647075e-05
239,1.735e-05,1554631200,1.762e-05,1.735e-05,1.75e-05,79012.04188401,1.38221115,1.749e-05,0.4949309100000001,0.44307271000000065,0.3154098326470585,1.7440000000000006e-05,1.7493076923076893e-05,1.769617647058825e-05
240,1.747e-05,1554638400,1.751e-05,1.733e-05,1.741e-05,3234.07390232,0.05632064,1.741e-05,0.5098121200000001,0.4469194200000007,0.29395630941176437,1.7456666666666675e-05,1.7474615384615355e-05,1.768500000000001e-05
241,1.734e-05,1554645600,1.734e-05,1.734e-05,1.734e-05,10.56984679,0.00018328,1.734e-05,0.47957169000000005,0.4387421969230776,0.29172853676470556,1.7386666666666674e-05,1.7449230769230743e-05,1.7671470588235308e-05
242,1.749e-05,1554652800,1.749e-05,1.746e-05,1.748e-05,1611.08017359,0.02814807,1.747e-05,0.02821733000000008,0.2918957346153853,0.29253204676470557,1.743333333333334e-05,1.7445384615384588e-05,1.7662941176470602e-05
243,1.741e-05,1554660000,1.741e-05,1.741e-05,1.741e-05,308.8,0.0053762,1.741e-05,0.011235850000000077,0.2241735576923084,0.2879498617647056,1.741333333333334e-05,1.745538461538459e-05,1.7649411764705896e-05
244,1.753e-05,1554667200,1.753e-05,1.742e-05,1.751e-05,3135.74495464,0.05496389,1.752e-05,0.029496053333333414,0.2168853246153853,0.2720139361764703,1.747666666666667e-05,1.744846153846151e-05,1.76379411764706e-05
245,1.732e-05,1554674400,1.751e-05,1.731e-05,1.751e-05,845.72364669,0.01465425,1.732e-05,0.024998113333333415,0.18808377384615452,0.27111551058823496,1.7420000000000006e-05,1.743846153846151e-05,1.761558823529413e-05
246,1.705e-05,1554681600,1.736e-05,1.698e-05,1.736e-05,58323.72418297,0.99431617,1.704e-05,0.3546447700000001,0.26291518615384685,0.2960469370588232,1.730000000000001e-05,1.739769230769228e-05,1.7594705882352954e-05
247,1.693e-05,1554688800,1.712e-05,1.686e-05,1.706e-05,15238.26536166,0.25848463,1.696e-05,0.42248501666666677,0.24433076692307762,0.302634059705882,1.710000000000001e-05,1.733769230769228e-05,1.7571470588235306e-05
248,1.691e-05,1554696000,1.698e-05,1.682e-05,1.692e-05,4041.12369651,0.06812067,1.685e-05,0.4403071566666668,0.24317413384615452,0.3004092664705879,1.696333333333334e-05,1.730769230769228e-05,1.754705882352942e-05
249,1.681e-05,1554703200,1.696e-05,1.681e-05,1.692e-05,143.19431833,0.00241335,1.685e-05,0.10967288333333351,0.22829029846153912,0.2414020782352938,1.6883333333333338e-05,1.7275384615384585e-05,1.7512352941176482e-05
250,1.693e-05,1554710400,1.694e-05,1.693e-05,1.694e-05,506.58724576,0.00858146,1.693e-05,0.026371826666666837,0.22805217923076987,0.24061192176470558,1.6883333333333338e-05,1.7237692307692278e-05,1.7483235294117654e-05
251,1.667e-05,1554717600,1.685e-05,1.667e-05,1.68e-05,59150.83098527,0.99071022,1.674e-05,0.33390167666666687,0.29726799846153906,0.2677664517647056,1.680333333333334e-05,1.716999999999997e-05,1.7445882352941183e-05
252,1.666e-05,1554724800,1.676e-05,1.666e-05,1.667e-05,20223.81054746,0.33753168,1.668e-05,0.44560778666666684,0.21690803923076984,0.2770193782352938,1.675333333333334e-05,1.7116923076923045e-05,1.7415588235294125e-05
