,close,date,high,low,open,quoteVolume,volume,weightedAverage,avg_vol_3,avg_vol_13,avg_vol_34,avg_close_3,avg_close_13,avg_close_34
0,0.00019156,1549155674,0.00019156,0.00019156,0.00019156,0.0,0.0,0.00019156,-99999.0,-99999.0,-99999.0,-99999.0,-99999.0,-99999.0
1,0.00019453,1549159200,0.00019453,0.00019163,0.00019163,108.66807865,0.02086783,0.00019203,-99999.0,-99999.0,-99999.0,-99999.0,-99999.0,-99999.0
2,0.0001917,1549166400,0.00019171,0.0001917,0.00019171,1.07566731,0.00020621,0.0001917,0.007024679999999999,-99999.0,-99999.0,0.00019259666666666662,-99999.0,-99999.0
3,0.00019451,1549173600,0.00019451,0.00019171,0.00019171,101.22250527,0.01968536,0.00019447,0.013586466666666666,-99999.0,-99999.0,0.00019357999999999995,-99999.0,-99999.0
4,0.00019204,1549180800,0.000195,0.00019204,0.00019451,4938.97402582,0.96287175,0.00019495,0.3275877733333333,-99999.0,-99999.0,0.00019274999999999991,-99999.0,-99999.0
5,0.00019204,1549188000,0.00019204,0.00019204,0.00019204,0.0,0.0,0.00019204,0.32751903666666665,-99999.0,-99999.0,0.00019286333333333323,-99999.0,-99999.0
6,0.000195,1549195200,0.000195,0.00019203,0.00019203,1194.17969652,0.2328031,0.00019494,0.39855828333333326,-99999.0,-99999.0,0.00019302666666666654,-99999.0,-99999.0
7,0.00019499,1549202400,0.000195,0.00019197,0.00019197,97.28017722,0.0189303,0.00019459,0.08391113333333329,-99999.0,-99999.0,0.00019400999999999989,-99999.0,-99999.0
8,0.000195,1549209600,0.000195,0.00019499,0.00019499,221.45889762,0.04318436,0.00019499,0.09830591999999995,-99999.0,-99999.0,0.00019499666666666655,-99999.0,-99999.0
9,0.00019013,1549216800,0.000195,0.00019013,0.00019188,55.90355237,0.01065616,0.00019061,0.02425693999999996,-99999.0,-99999.0,0.0001933733333333332,-99999.0,-99999.0
10,0.00019401,1549224000,0.00019401,0.00019115,0.00019115,35.49081789,0.00678651,0.00019121,0.020209009999999958,-99999.0,-99999.0,0.00019304666666666653,-99999.0,-99999.0
11,0.00019497,1549231200,0.00019497,0.00019497,0.00019497,20.0,0.0038994,0.00019497,0.007114023333333291,-99999.0,-99999.0,0.00019303666666666656,-99999.0,-99999.0
12,0.00019496,1549238400,0.00019496,0.00019401,0.00019401,30.28375542,0.00590224,0.00019489,0.00552938333333329,0.10198409384615383,-99999.0,0.00019464666666666654,0.00019349538461538462,-99999.0
13,0.00018972,1549245600,0.00019401,0.00018972,0.00019401,307.67629068,0.0585196,0.00019019,0.022773746666666622,0.10648560153846151,-99999.0,0.00019321666666666652,0.00019335384615384616,-99999.0
14,0.00018976,1549252800,0.0001901,0.00018976,0.00018989,65.92606829,0.01252518,0.00018998,0.025649006666666623,0.1058438592307692,-99999.0,0.00019147999999999984,0.00019298692307692308,-99999.0
15,0.00018397,1549260000,0.00018991,0.00018397,0.00018991,851.0,0.15743044,0.00018499,0.07615840666666662,0.11793803076923073,-99999.0,0.0001878166666666665,0.0001923923076923077,-99999.0
16,0.00018911,1549267200,0.00018911,0.00018539,0.00018539,104.72512816,0.01978877,0.00018895,0.06324812999999996,0.11794598538461534,-99999.0,0.00018761333333333318,0.00019197692307692306,-99999.0
17,0.00018972,1549274400,0.00018972,0.00018616,0.0001865,884.46067973,0.16733456,0.00018919,0.11485125666666662,0.05675081692307688,-99999.0,0.00018759999999999987,0.00019179846153846152,-99999.0
18,0.00018638,1549281600,0.00018638,0.00018638,0.00018638,17.07,0.0031815,0.00018638,0.06343494333333329,0.05699554769230764,-99999.0,0.0001884033333333332,0.0001913630769230769,-99999.0
19,0.00018638,1549288800,0.00018638,0.00018638,0.00018638,0.0,0.0,0.00018638,0.05683868666666662,0.03908761692307687,-99999.0,0.0001874933333333332,0.00019069999999999997,-99999.0
20,0.00018956,1549296000,0.00018956,0.00018956,0.00018956,0.53278472,0.00010099,0.00018956,0.0010941633333332867,0.037639208461538405,-99999.0,0.00018743999999999985,0.00019028230769230767,-99999.0
21,0.00018956,1549303200,0.00018956,0.00018956,0.00018956,0.0,0.0,0.00018956,3.3663333333286794e-05,0.03431733461538456,-99999.0,0.00018849999999999984,0.00018986384615384615,-99999.0
22,0.00018972,1549310400,0.00018972,0.00018969,0.0001897,167.52663066,0.03178091,0.0001897,0.010627299999999956,0.03594231538461533,-99999.0,0.00018961333333333317,0.0001898323076923077,-99999.0
23,0.00018614,1549317600,0.00018614,0.00018614,0.00018614,9.81669859,0.00182728,0.00018614,0.011202729999999954,0.035560836153846094,-99999.0,0.00018847333333333317,0.00018922692307692305,-99999.0
24,0.00018678,1549324800,0.00019083,0.00018678,0.00019076,274.20431499,0.05126082,0.00018694,0.02828966999999995,0.03920402230769225,-99999.0,0.00018754666666666653,0.00018859692307692308,-99999.0
25,0.0001803,1549332000,0.00018613,0.0001803,0.00018613,81.15938997,0.01499602,0.00018477,0.02269470666666662,0.03990354384615379,-99999.0,0.00018440666666666653,0.00018746923076923074,-99999.0
26,0.00018401,1549339200,0.00018678,0.00018039,0.00018039,256.1119144,0.04731835,0.00018475,0.03785839666666662,0.039041909230769174,-99999.0,0.00018369666666666652,0.00018702999999999998,-99999.0
27,0.00018627,1549346400,0.00018627,0.00018401,0.00018401,58.08591976,0.01079817,0.0001859,0.024370846666666623,0.03890906230769225,-99999.0,0.0001835266666666665,0.00018676153846153846,-99999.0
28,0.00019,1549353600,0.00019,0.00018626,0.00018626,145.14120778,0.02713763,0.00018697,0.028418049999999955,0.028886538461538405,-99999.0,0.00018675999999999987,0.0001872253846153846,-99999.0
29,0.0001917,1549360800,0.00019401,0.0001917,0.00019401,9.63385937,0.00186772,0.00019387,0.013267839999999954,0.0275079961538461,-99999.0,0.0001893233333333332,0.00018742461538461536,-99999.0
30,0.0001917,1549368000,0.00019499,0.0001917,0.00019288,261.10007181,0.05090746,0.00019497,0.026637603333333287,0.018552065384615332,-99999.0,0.0001911333333333332,0.00018757692307692307,-99999.0
31,0.0001917,1549375200,0.00019499,0.0001917,0.0001917,80.32968361,0.01564484,0.00019475,0.022806673333333288,0.019510783846153793,-99999.0,0.00019169999999999986,0.00018798615384615382,-99999.0
32,0.00018433,1549382400,0.00018442,0.00018432,0.00018442,1976.19332882,0.3642706,0.00018432,0.1436076333333333,0.04753159923076918,-99999.0,0.0001892433333333332,0.00018782846153846152,-99999.0
33,0.00018433,1549389600,0.00018433,0.00017649,0.00018432,1855.60972409,0.33747541,0.00018186,0.23913028333333328,0.07348347769230765,0.0794105726470588,0.00018678666666666652,0.0001874261538461538,0.0001898994117647059
34,0.00018433,1549396800,0.00018433,0.00018432,0.00018432,3443.36240438,0.63471424,0.00018432,0.44548674999999993,0.12230764999999993,0.09807863852941175,0.00018432999999999983,0.0001870238461538461,0.00018968676470588236
35,0.0001832,1549404000,0.00018433,0.00018125,0.00018125,1102.63719279,0.20283529,0.00018395,0.39167497999999995,0.13546567923076916,0.10343062264705881,0.00018395333333333318,0.00018652230769230767,0.0001893535294117647
36,0.00018682,1549411200,0.00018682,0.00017901,0.00017901,14.2539319,0.00263406,0.00018479,0.2800611966666667,0.13552773923076916,0.10350202999999998,0.00018478333333333315,0.00018657461538461534,0.00018920999999999999
37,0.00018459,1549418400,0.00018459,0.00018459,0.00018459,0.59033534,0.00010897,0.00018459,0.0685261066666667,0.1315929815384615,0.10292625382352939,0.00018486999999999982,0.0001864061538461538,0.00018891823529411763
38,0.00017521,1549425600,0.00018275,0.000175,0.00018275,1544.0970804,0.27318631,0.00017692,0.0919764466666667,0.151453773076923,0.08264138794117644,0.00018220666666666648,0.00018601461538461533,0.00018842323529411764
39,0.00017514,1549432800,0.00017567,0.00017514,0.0001752,415.72897035,0.0729169,0.00017539,0.11540406000000003,0.15342289230769224,0.0847860026470588,0.00017831333333333317,0.00018533230769230763,0.0001879261764705882
40,0.00017479,1549440000,0.00017513,0.00017479,0.00017513,225.76011213,0.03946502,0.0001748,0.12852274333333338,0.15562803461538455,0.07909958852941175,0.0001750466666666665,0.0001844492307692307,0.00018733176470588236
41,0.00017919,1549447200,0.00018441,0.00017513,0.00017513,962.97082979,0.17230129,0.00017892,0.09489440333333338,0.16679446999999994,0.08361049999999998,0.00017637333333333314,0.00018361769230769225,0.00018686705882352942
42,0.00018313,1549454400,0.00018313,0.00018313,0.00018313,13.4781849,0.00246826,0.00018313,0.07141152333333338,0.16684066538461534,0.0824129676470588,0.0001790366666666665,0.0001829584615384615,0.00018651794117647058
43,0.00017978,1549461600,0.00018134,0.00017435,0.00017964,375.10408722,0.06683917,0.00017818,0.08053624000000004,0.1680661815384615,0.08406540911764704,0.00018069999999999987,0.0001820415384615384,0.0001862135294117647
44,0.0001785,1549468800,0.00017851,0.00017725,0.00017725,141.54041015,0.02514293,0.00017763,0.031483453333333376,0.16879680384615378,0.08460530382352939,0.00018046999999999988,0.0001810261538461538,0.00018575735294117646
45,0.00017876,1549476000,0.00017876,0.00017876,0.00017876,7.60751045,0.00135991,0.00017876,0.031114003333333376,0.1408805969230769,0.08453061294117646,0.00017901333333333324,0.00018059769230769227,0.00018528058823529412
46,0.00018445,1549483200,0.00018445,0.00017345,0.00017884,1038.87351425,0.18699589,0.00017999,0.07116624333333338,0.1293052492307692,0.08985689676470587,0.0001805699999999999,0.00018060692307692304,0.0001849714705882353
47,0.00018208,1549490400,0.00018445,0.00018208,0.00018217,25.7775026,0.00472491,0.00018329,0.06436023666666671,0.08084453153846151,0.0882747,0.00018176333333333323,0.00018043384615384613,0.00018474676470588237
48,0.00018208,1549497600,0.00018208,0.00018208,0.00018208,0.0,0.0,0.00018208,0.06390693333333337,0.06524181692307689,0.08790631235294118,0.0001828699999999999,0.00018034769230769224,0.0001845208823529412
49,0.00017998,1549504800,0.000183,0.00017854,0.000183,364.3158122,0.06557567,0.00017999,0.023433526666666704,0.0700834792307692,0.08520470147058823,0.00018137999999999987,0.00017982153846153842,0.00018440352941176473
50,0.00018087,1549512000,0.00018098,0.00017751,0.00017934,322.68145383,0.05830919,0.0001807,0.04129495333333338,0.0745604192307692,0.086337655,0.00018097666666666654,0.00017953538461538458,0.00018416117647058824
51,0.00018172,1549519200,0.00018172,0.00018018,0.00018018,1.38664986,0.00025078,0.00018085,0.04137854666666671,0.05356537846153843,0.08142342617647058,0.00018085666666666652,0.00018003615384615382,0.00018392588235294116
52,0.00018112,1549526400,0.00018112,0.00017847,0.00018022,392.51242839,0.07059203,0.00017984,0.04305066666666671,0.05338654230769228,0.0834060888235294,0.00018123666666666652,0.0001804961538461538,0.00018377117647058822
53,0.0001844,1549533600,0.0001844,0.00018281,0.00018281,42.26439588,0.00772765,0.00018284,0.02619015333333338,0.05094520615384612,0.0836333726470588,0.00018241333333333322,0.00018123538461538457,0.0001837129411764706
54,0.00017927,1549540800,0.00017967,0.00017927,0.00017967,57.54747304,0.0103392,0.00017966,0.029552960000000045,0.03848658384615382,0.08393449647058823,0.00018159666666666655,0.0001812415384615384,0.00018341029411764705
55,0.00017983,1549548000,0.00018445,0.00017928,0.00017928,190.93644693,0.03452936,0.00018084,0.01753207000000005,0.040952822307692274,0.08495006588235293,0.00018116666666666653,0.00018098769230769226,0.0001831241176470588
56,0.00018103,1549555200,0.000185,0.00018103,0.00018446,2.90653873,0.00053438,0.00018385,0.01513431333333338,0.03585245384615381,0.08403105029411763,0.0001800433333333332,0.0001810838461538461,0.0001828685294117647
57,0.00018744,1549562400,0.00018744,0.00018103,0.00018103,126.7749166,0.02338052,0.00018442,0.019481420000000048,0.03571688384615381,0.08466496911764704,0.0001827666666666665,0.0001817715384615384,0.00018290676470588234
58,0.00018133,1549569600,0.00018203,0.00017771,0.00018203,439.74864411,0.078287,0.00017802,0.03406730000000004,0.041634352307692274,0.08545985676470587,0.00018326666666666652,0.00018196923076923072,0.0001827464705882353
59,0.00018133,1549576800,0.00018133,0.00018133,0.00018133,0.64628694,0.00011719,0.00018133,0.03392823666666671,0.02725906769230766,0.08502224411764704,0.00018336666666666652,0.0001817292307692307,0.00018277676470588236
60,0.00018176,1549584000,0.00018176,0.000181,0.00018133,242.25373269,0.04402668,0.00018173,0.04081029000000004,0.030282280769230733,0.08492543029411764,0.0001814733333333332,0.00018170461538461534,0.0001827105882352941
61,0.0001802,1549591200,0.00018176,0.0001802,0.00018163,209.8307994,0.03813421,0.00018173,0.027426026666666714,0.0332156815384615,0.08572943147058822,0.00018109666666666656,0.00018156,0.00018253205882352941
62,0.00018418,1549598400,0.00018419,0.00018326,0.00018328,396.92063956,0.07299006,0.00018389,0.05171698333333338,0.033786019230769196,0.08707803235294116,0.00018204666666666656,0.00018188307692307688,0.00018236088235294118
63,0.00018172,1549605600,0.00018332,0.00018172,0.00018332,59.09192863,0.01082514,0.00018319,0.04064980333333339,0.03013339999999997,0.08734148588235294,0.00018203333333333322,0.00018194846153846147,0.00018206735294117645
64,0.00017056,1549612800,0.00017991,0.00017003,0.00017991,2949.85565278,0.50643513,0.00017168,0.19675011000000006,0.06907065769230766,0.10073935852941175,0.0001788199999999999,0.00018108999999999996,0.0001814455882352941
65,0.00017254,1549620000,0.00017723,0.00017104,0.00017104,1419.0011154,0.24939645,0.00017575,0.25555224000000004,0.0828248438461538,0.10761440588235292,0.00017493999999999987,0.00018042999999999998,0.00018088205882352937
66,0.0001777,1549627200,0.0001777,0.00017225,0.00017267,1106.06394752,0.19519678,0.00017647,0.31700945333333336,0.0972455461538461,0.10264164647058822,0.00017359999999999988,0.00017991461538461538,0.00018068705882352937
67,0.00017654,1549634400,0.00017655,0.00017494,0.00017566,128.45014063,0.02256914,0.0001757,0.15572079000000005,0.09818631076923073,0.09337969735294116,0.00017559333333333322,0.00017970461538461538,0.00018045794117647055
68,0.00017738,1549641600,0.0001777,0.00017223,0.00017658,487.41492214,0.08584488,0.00017612,0.10120360000000006,0.10213365846153842,0.07723648088235291,0.00017720666666666657,0.00017951615384615381,0.00018025352941176468
69,0.00017505,1549648800,0.00017725,0.00017499,0.00017499,533.79130463,0.09345601,0.00017507,0.06729001000000008,0.1092814761538461,0.0740194432352941,0.00017632333333333322,0.0001790561538461538,0.00018001382352941176
70,0.0001777,1549656000,0.0001777,0.00017507,0.00017507,227.45109801,0.04018227,0.00017666,0.0731610533333334,0.11057391846153843,0.07512380235294114,0.00017670999999999993,0.00017830692307692304,0.00017974558823529414
71,0.00017769,1549663200,0.00017769,0.00017656,0.00017656,20.31251453,0.00360862,0.00017765,0.045748966666666745,0.10482942769230766,0.0752267332352941,0.00017681333333333324,0.00017802692307692302,0.00017954264705882355
72,0.00017765,1549670400,0.0001777,0.00017765,0.00017769,27.18206839,0.00483001,0.00017769,0.01620696666666674,0.10519195230769228,0.06733390088235292,0.00017767999999999994,0.0001777438461538461,0.0001796144117647059
73,0.00017426,1549677600,0.00017765,0.00017426,0.00017765,626.59829148,0.11121494,0.00017749,0.039884523333333415,0.11036027999999996,0.06846031382352939,0.00017653333333333325,0.00017716692307692304,0.0001795885294117647
74,0.00017631,1549684800,0.00017631,0.00017492,0.00017514,31.85409245,0.00558333,0.00017527,0.04054276000000007,0.10785636615384614,0.06746379352941173,0.00017607333333333325,0.00017686769230769222,0.00017963323529411764
75,0.00017629,1549692000,0.0001763,0.00017629,0.0001763,11.22023408,0.00197806,0.00017629,0.039592110000000076,0.10239390461538458,0.062454286764705845,0.00017561999999999992,0.00017626076923076917,0.0001795479411764706
76,0.00017625,1549699200,0.00017625,0.00017223,0.00017406,57.3838745,0.01009646,0.00017594,0.00588595000000008,0.1023378523076923,0.06267864558823526,0.00017628333333333325,0.00017583999999999997,0.0001793455882352941
77,0.0001763,1549706400,0.0001763,0.00017625,0.00017625,57.89527737,0.01020536,0.00017627,0.007426626666666746,0.06416633153846153,0.06101294529411761,0.00017627999999999993,0.0001762815384615384,0.00017924323529411765
78,0.0001777,1549713600,0.0001777,0.00017488,0.00017488,269.35495589,0.04784449,0.00017762,0.022715436666666745,0.048662334615384606,0.061680638235294086,0.00017674999999999996,0.00017667846153846147,0.00017921970588235294
79,0.00017859,1549720800,0.0001786,0.0001777,0.0001777,226.68470934,0.04028643,0.00017772,0.03277876000000008,0.03674615384615384,0.06282553588235291,0.00017752999999999996,0.000176746923076923,0.00017921470588235294
80,0.00017694,1549728000,0.00017703,0.00017694,0.00017697,207.54454668,0.03672882,0.00017696,0.04161991333333342,0.03783535999999999,0.05840591617647056,0.0001777433333333333,0.00017677769230769224,0.00017899382352941175
81,0.00017696,1549735200,0.00017696,0.00017696,0.00017696,4.52079582,0.0008,0.00017696,0.025938416666666745,0.03129344615384615,0.058290477647058796,0.0001774966666666666,0.00017674538461538453,0.00017884323529411764
82,0.00017504,1549742400,0.00017695,0.00017504,0.00017695,39.31105493,0.00690726,0.0001757,0.014812026666666747,0.024635849999999997,0.058493632352941145,0.00017631333333333328,0.0001767446153846153,0.0001786361764705882
83,0.00017504,1549749600,0.00017504,0.00017504,0.00017504,0.0,0.0,0.00017504,0.0025690866666667456,0.02154490615384615,0.05656493617647056,0.00017567999999999997,0.00017653999999999993,0.00017849088235294118
84,0.00017687,1549756800,0.00017687,0.00017687,0.00017687,8.40984417,0.00148744,0.00017687,0.002798233333333412,0.021381738461538458,0.05489370823529409,0.00017564999999999996,0.000176476923076923,0.00017837323529411764
85,0.00017504,1549764000,0.00017504,0.00017504,0.00017504,4.88382696,0.00085486,0.00017504,0.0007807666666667454,0.02107595769230769,0.05491147529411761,0.00017564999999999996,0.00017627615384615378,0.00017817676470588238
86,0.00017504,1549771200,0.00017504,0.00017504,0.00017504,1.69837232,0.00029728,0.00017504,0.0008798600000000787,0.012543829999999999,0.05284398264705879,0.00017564999999999996,0.00017633615384615378,0.0001779979411764706
87,0.00017593,1549778400,0.00017593,0.00017592,0.00017593,78.08438114,0.01373688,0.00017592,0.004963006666666745,0.013171026153846153,0.053020724705882316,0.00017533666666666664,0.00017630692307692302,0.00017774882352941177
88,0.00017619,1549785600,0.00017692,0.00017619,0.00017692,22.45808924,0.00396616,0.0001766,0.006000106666666745,0.013323956923076922,0.052833282352941144,0.00017571999999999998,0.00017629923076923072,0.00017765823529411766
89,0.00017818,1549792800,0.00017824,0.0001759,0.00017592,540.53064183,0.09559939,0.00017686,0.03776747666666675,0.019901105384615387,0.05462945970588232,0.00017676666666666664,0.00017644769230769225,0.00017760970588235296
90,0.00017782,1549800000,0.00017787,0.00017782,0.00017787,39.55722672,0.00703506,0.00017784,0.03553353666666675,0.019657236153846156,0.054820656176470556,0.00017739666666666663,0.00017656461538461535,0.0001775152941176471
91,0.0001758,1549807200,0.0001758,0.0001758,0.0001758,0.57427498,0.00010095,0.0001758,0.034245133333333413,0.01598465615384615,0.054135962941176445,0.00017726666666666665,0.0001764184615384615,0.00017717294117647063
92,0.0001758,1549814400,0.0001758,0.0001758,0.0001758,0.0,0.0,0.0001758,0.002378670000000078,0.0128857,0.05183340411764703,0.00017647333333333328,0.0001762038461538461,0.0001770102941176471
93,0.0001758,1549821600,0.0001758,0.0001758,0.0001758,0.0,0.0,0.0001758,3.3650000000078006e-05,0.010060406153846154,0.051829957352941144,0.00017579999999999996,0.00017611615384615376,0.00017684764705882356
94,0.00017603,1549828800,0.00017603,0.00017602,0.00017602,53.96194262,0.00949842,0.00017602,0.003166140000000078,0.010729515384615387,0.05081442029411761,0.0001758766666666666,0.00017604461538461532,0.00017667911764705888
95,0.00017487,1549836000,0.00017598,0.00017487,0.00017598,53.9590499,0.00945219,0.00017517,0.0063168700000000785,0.010925279230769231,0.0499708314705882,0.00017556666666666666,0.00017603153846153843,0.0001765223529411765
96,0.00017604,1549843200,0.00017795,0.0001748,0.00017485,90.58271318,0.0158675,0.00017517,0.011606036666666745,0.012145856153846156,0.04829075617647055,0.00017564666666666667,0.0001761084615384615,0.0001762829411764706
97,0.00017606,1549850400,0.00017606,0.000176,0.000176,1.82994363,0.0003221,0.00017602,0.00854726333333341,0.012056214615384616,0.047981843235294086,0.0001756566666666667,0.00017604615384615382,0.0001761164705882353
98,0.000176,1549857600,0.000176,0.000176,0.000176,50.47933806,0.00888436,0.000176,0.008357986666666746,0.012673868461538462,0.03334799705882349,0.00017603333333333332,0.00017611999999999996,0.0001762764705882353
99,0.00017598,1549864800,0.00017598,0.00017598,0.00017598,13.29693141,0.00233999,0.00017598,0.0038488166666667454,0.012830999999999999,0.02608163058823526,0.0001760133333333333,0.00017619230769230765,0.00017637764705882354
100,0.00017529,1549872000,0.00017626,0.00017529,0.00017618,30.14036053,0.00530559,0.00017602,0.005509980000000078,0.012182439230769228,0.020496595588235262,0.00017575666666666664,0.00017614307692307687,0.00017630676470588237
101,0.00017486,1549879200,0.00017765,0.00017486,0.00017765,38.9171457,0.00687141,0.00017656,0.004838996666666746,0.012405919999999997,0.02003489764705879,0.00017537666666666662,0.00017604076923076917,0.00017625735294117648
102,0.00017765,1549886400,0.00017765,0.00017677,0.00017678,282.52694995,0.05001905,0.00017704,0.020732016666666745,0.008899739999999998,0.01898119676470585,0.00017593333333333332,0.00017599999999999994,0.00017626529411764703
103,0.00017606,1549893600,0.00017606,0.00017576,0.00017576,4.99252277,0.00087782,0.00017582,0.019256093333333415,0.008426106153846152,0.01625830882352938,0.00017618999999999998,0.00017586461538461533,0.00017629499999999995
104,0.0001755,1549900800,0.00017792,0.0001755,0.00017792,133.76484711,0.02347757,0.00017551,0.024791480000000084,0.01022430769230769,0.015766994117647024,0.0001764033333333333,0.00017584153846153842,0.000176230294117647
105,0.00017548,1549908000,0.00017548,0.00017483,0.00017483,925.71,0.16244197,0.00017547,0.062265786666666746,0.022719843846153845,0.020438563235294083,0.00017567999999999997,0.00017581692307692303,0.000176165294117647
106,0.00017547,1549915200,0.00017547,0.00017547,0.00017547,1.0,0.00017547,0.00017547,0.06203167000000009,0.022733341538461536,0.020301664999999962,0.0001754833333333333,0.00017579153846153844,0.00017610117647058818
107,0.00017548,1549922400,0.00017548,0.00017547,0.00017547,716.56918407,0.12574307,0.00017547,0.09612017000000007,0.03167523769230769,0.020728962941176432,0.00017547666666666665,0.00017574923076923074,0.0001761370588235294
108,0.00017547,1549929600,0.00017547,0.00017547,0.00017547,1.34556813,0.0002361,0.00017547,0.04205154666666675,0.03096630769230769,0.020571691470588196,0.00017547333333333329,0.00017579538461538456,0.00017611235294117644
109,0.00016801,1549936800,0.00017524,0.00016801,0.00017524,608.02657494,0.10409068,0.00017119,0.07668995000000008,0.037752706153846155,0.02357500382352937,0.00017298666666666664,0.00017517769230769226,0.00017586882352941171
110,0.00016935,1549944000,0.0001736,0.00016935,0.0001736,219.03736035,0.03755182,0.00017144,0.047292866666666745,0.04061653076923077,0.02438251441176467,0.0001709433333333333,0.0001746615384615384,0.00017566588235294112
111,0.00017276,1549951200,0.00017458,0.00016995,0.00017458,974.50341391,0.1677175,0.0001721,0.10312000000000009,0.05283446461538461,0.029015224411764663,0.00017004,0.00017441230769230765,0.00017556176470588232
112,0.00017543,1549958400,0.00017543,0.0001683,0.00016959,1626.4092337,0.27859691,0.00017129,0.1612887433333334,0.07408499692307692,0.03580206029411761,0.0001725133333333333,0.00017436999999999994,0.00017549499999999996
113,0.00017543,1549965600,0.00017543,0.00017543,0.00017543,0.0,0.0,0.00017543,0.14877147000000004,0.07367687461538461,0.034617165294117604,0.00017453999999999997,0.0001743807692307692,0.00017540205882352937
114,0.0001745,1549972800,0.00017464,0.00017084,0.00017182,53.43315926,0.00917054,0.00017162,0.09592248333333338,0.07385373076923075,0.03380662764705878,0.00017512,0.0001743530769230769,0.000175330294117647
115,0.0001745,1549980000,0.0001745,0.0001745,0.0001745,0.0,0.0,0.0001745,0.0030568466666667238,0.07000611153846154,0.03378309823529407,0.00017481000000000004,0.00017411076923076922,0.00017525794117647053
116,0.00017347,1549987200,0.00017347,0.00017329,0.00017329,26.09277667,0.00452261,0.00017332,0.00456438333333339,0.07028647999999998,0.03371296147058819,0.0001741566666666667,0.00017391153846153844,0.0001752117647058823
117,0.0001709,1549994400,0.0001737,0.0001709,0.0001737,11.7681071,0.00203176,0.00017265,0.0021847900000000575,0.0686368023076923,0.03377271911764702,0.00017295666666666668,0.00017355769230769229,0.00017508999999999992
118,0.00017201,1550001600,0.00017301,0.00017201,0.00017301,47.6314828,0.00820132,0.00017218,0.00491856333333339,0.05677213692307692,0.033970186176470546,0.0001721266666666667,0.0001732907692307692,0.00017494705882352936
119,0.00017281,1550008800,0.00017281,0.00017245,0.00017245,213.40385274,0.03683341,0.00017259,0.015688830000000056,0.05959197846153846,0.03502837882352937,0.0001719066666666667,0.0001730861538461538,0.00017488147058823526
120,0.00017306,1550016000,0.00017306,0.00017306,0.00017306,52.50543788,0.00908659,0.00017306,0.018040440000000057,0.05061840307692307,0.035286887941176424,0.00017262666666666672,0.00017289999999999997,0.00017482323529411758
121,0.00017306,1550023200,0.00017306,0.00017306,0.00017306,1.0,0.00017306,0.00017306,0.015364353333333391,0.05061355384615384,0.03488795205882349,0.0001729766666666667,0.00017271461538461536,0.0001747388235294117
122,0.00017306,1550030400,0.00017306,0.00017306,0.00017306,0.0,0.0,0.00017306,0.003086550000000058,0.04260657846153845,0.0347713002941176,0.00017306000000000005,0.00017310307692307688,0.00017464676470588228
123,0.00017112,1550037600,0.00017301,0.00017112,0.00017203,294.48323025,0.05084913,0.00017267,0.017007396666666726,0.043629448461538455,0.03345511617647054,0.0001724133333333334,0.00017323923076923074,0.00017443911764705876
124,0.000173,1550044800,0.000173,0.00017112,0.00017112,3.41623585,0.00059051,0.00017285,0.017146546666666724,0.03077352615384615,0.03326557058823525,0.00017239333333333336,0.00017325769230769225,0.0001742973529411764
125,0.00016945,1550052000,0.00017112,0.00016945,0.00017112,61.82218711,0.01054292,0.00017053,0.020660853333333392,0.01015398846153846,0.03357268735294113,0.00017119000000000002,0.00017279769230769225,0.00017411058823529405
126,0.00016982,1550059200,0.00016982,0.00016982,0.00016982,1.70939537,0.00029028,0.00016982,0.00380790333333339,0.010176317692307691,0.03358122499999996,0.0001707566666666667,0.00017236615384615383,0.0001739347058823529
127,0.00017265,1550066400,0.00017265,0.00017265,0.00017265,1.70836974,0.00029495,0.00017265,0.00370938333333339,0.009493579999999998,0.03358989999999996,0.00017064000000000003,0.0001722238461538461,0.00017384205882352933
128,0.00016944,1550073600,0.00017265,0.00016944,0.00017265,31.79,0.00539697,0.00016976,0.001994066666666723,0.009908731538461536,0.03346926911764702,0.0001706366666666667,0.0001718346153846153,0.00017364823529411757
129,0.00016944,1550080800,0.00016944,0.00016944,0.00016944,0.0,0.0,0.00016944,0.0018973066666667232,0.009560838461538459,0.03319126352941173,0.00017051000000000002,0.00017152461538461527,0.00017348852941176463
130,0.00017307,1550088000,0.00017307,0.00017223,0.00017229,413.9582245,0.07144976,0.0001726,0.025615576666666723,0.014900684615384612,0.034826035882352904,0.00017065000000000003,0.00017169153846153837,0.00017340117647058817
131,0.00017307,1550095200,0.00017307,0.00017307,0.00017307,0.0,0.0,0.00017307,0.023816586666666723,0.014269813846153842,0.03481656235294114,0.00017186000000000002,0.0001717730769230768,0.0001733132352941176
132,0.00017307,1550102400,0.00017307,0.00017307,0.00017307,0.0,0.0,0.00017307,0.023816586666666723,0.01143647461538461,0.03455525764705879,0.00017307000000000002,0.00017179307692307682,0.00017322705882352935
133,0.00017086,1550109600,0.0001714,0.00017086,0.0001714,3.17333385,0.00054297,0.0001711,0.00018099000000005674,0.010779273076923073,0.03450240411764702,0.00017233333333333337,0.00017162384615384605,0.00017307647058823524
134,0.00017078,1550116800,0.00017133,0.00017078,0.00017133,273.83598012,0.04679619,0.00017089,0.015779720000000056,0.014365667692307686,0.0357227158823529,0.00017157,0.00017144846153846146,0.0001729438235294117
135,0.00016996,1550124000,0.00016996,0.00016996,0.00016996,2.991,0.00050835,0.00016996,0.015949170000000058,0.014404771538461533,0.03553556705882349,0.00017053333333333335,0.0001712099999999999,0.0001727997058823529
136,0.00017242,1550131200,0.00017242,0.00016974,0.00016974,10.99364323,0.00187072,0.00017016,0.01639175333333339,0.010637201538461531,0.03411943970588232,0.00017105333333333335,0.0001713099999999999,0.00017264588235294117
137,0.00017144,1550138400,0.00017226,0.00016501,0.00016977,2127.26094864,0.35920614,0.00016885,0.12052840333333338,0.03822301923076922,0.044658507941176435,0.00017127333333333337,0.0001711899999999999,0.00017251000000000001
138,0.00017143,1550145600,0.00017143,0.00016799,0.00017143,58.18600329,0.00979047,0.00016826,0.12362244333333339,0.038165138461538455,0.04425594617647055,0.00017176333333333336,0.00017134230769230764,0.00017239029411764706
139,0.00016859,1550152800,0.00017143,0.00016859,0.00016859,6.57996958,0.00111958,0.00017015,0.12337206333333339,0.038228930769230764,0.039511169999999964,0.0001704866666666667,0.00017124769230769226,0.0001721876470588235
140,0.00016859,1550160000,0.00016859,0.00016859,0.00016859,1.1727315,0.00019771,0.00016859,0.0037025866666667295,0.038221450769230766,0.03951182411764702,0.0001695366666666667,0.0001709353846153846,0.00017198529411764705
141,0.00017133,1550167200,0.00017133,0.00017,0.00017,11.29758461,0.00192849,0.0001707,0.0010819266666667292,0.03795464461538461,0.03587021882352937,0.00016950333333333337,0.0001710807692307692,0.00017186323529411762
142,0.00017113,1550174400,0.00017547,0.00016999,0.00017,2153.6117878,0.36978304,0.0001717,0.12396974666666673,0.06639949384615385,0.04673924647058819,0.00017035000000000002,0.00017121076923076918,0.00017173558823529411
143,0.00017112,1550181600,0.00017112,0.00017112,0.00017112,1.39577785,0.00023884,0.00017112,0.12398345666666673,0.06092173076923076,0.04368478058823525,0.00017119333333333333,0.00017106076923076918,0.00017182705882352943
144,0.00016999,1550188800,0.00017104,0.00016999,0.00017104,24.07226127,0.00411264,0.00017084,0.12471150666666674,0.06123808769230769,0.0427012752941176,0.00017074666666666666,0.00017082384615384611,0.00017184588235294118
145,0.0001692,1550196000,0.00016999,0.0001692,0.00016999,4.11596719,0.00069824,0.00016964,0.0016832400000000673,0.061291798461538455,0.037788944117647015,0.0001701033333333333,0.0001705261538461538,0.00017174117647058825
146,0.00016949,1550203200,0.00016949,0.00016949,0.00016949,39.34243908,0.00666814,0.00016949,0.003826340000000067,0.06176296538461538,0.02979103911764701,0.00016956,0.00017042076923076918,0.00017156647058823532
147,0.0001692,1550210400,0.00016949,0.0001692,0.00016949,11.0996418,0.00187823,0.00016921,0.0030815366666667337,0.05830773769230768,0.02984628117647054,0.00016929666666666665,0.00017029923076923071,0.00017138323529411768
148,0.00016329,1550217600,0.0001695,0.00016329,0.00016949,524.32410968,0.08612936,0.00016426,0.031558576666666734,0.06489396923076922,0.03210977588235289,0.00016732666666666664,0.00016978615384615378,0.00017105352941176473
149,0.00016889,1550224800,0.00016982,0.00016162,0.00016461,2124.86455149,0.35258561,0.00016593,0.14686440000000006,0.09187203769230767,0.04247994088235289,0.00016712666666666664,0.00016951461538461534,0.00017088852941176473
150,0.00016936,1550232000,0.00016936,0.00016935,0.00016935,154.51112832,0.02616796,0.00016935,0.15496097666666672,0.06625371615384613,0.043116568823529364,0.00016717999999999998,0.00016935461538461531,0.00017076764705882354
151,0.00016621,1550239200,0.00016971,0.00016595,0.00016969,668.15698512,0.1116459,0.00016709,0.16346649000000008,0.07408874923076922,0.04634051411764701,0.00016815333333333333,0.00016895307692307686,0.00017062970588235297
152,0.00016955,1550246400,0.00016955,0.00016888,0.00016888,148.18282919,0.02505817,0.0001691,0.05429067666666676,0.07593017923076921,0.04683630382352937,0.00016837333333333333,0.000169026923076923,0.0001705573529411765
153,0.00016453,1550253600,0.00016781,0.00016453,0.00016781,338.90603898,0.05603915,0.00016535,0.0642477400000001,0.0802256746153846,0.04740117852941172,0.0001667633333333333,0.0001687146153846153,0.0001703138235294118
154,0.00016445,1550260800,0.00016514,0.00016001,0.00016514,2310.01016292,0.37549213,0.00016254,0.1521964833333334,0.10896133923076921,0.05817781205882349,0.00016617666666666664,0.00016818538461538452,0.00017006058823529414
155,0.00016444,1550268000,0.00016444,0.00016444,0.00016444,72.51839109,0.01192492,0.00016444,0.14781873333333342,0.08143379153846153,0.05852345499999995,0.00016447333333333332,0.00016767076923076917,0.00016980705882352944
156,0.0001635,1550275200,0.00016445,0.0001635,0.00016444,152.29330164,0.02504038,0.00016442,0.1374858100000001,0.0833416023076923,0.05925993676470583,0.00016413,0.00016708461538461532,0.0001695258823529412
157,0.0001646,1550282400,0.0001646,0.00016305,0.00016444,1463.07749524,0.24058829,0.00016443,0.09251786333333344,0.10153203692307693,0.06484050029411759,0.00016418,0.00016666999999999995,0.00016933411764705883
158,0.00016422,1550289600,0.00016603,0.00016415,0.00016415,3.47690296,0.00057405,0.0001651,0.08873424000000009,0.10152248384615385,0.06484001617647053,0.00016410666666666666,0.00016628692307692303,0.00016907588235294118
159,0.00016371,1550296800,0.00016447,0.00016371,0.00016447,26.09941108,0.0042732,0.00016372,0.08181184666666676,0.10133825769230771,0.06465561264705878,0.00016417666666666665,0.00016584230769230764,0.00016890705882352942
160,0.0001637,1550304000,0.0001637,0.0001637,0.0001637,3.33084938,0.00054526,0.0001637,0.001797503333333413,0.10123572153846155,0.06466311205882348,0.00016387666666666664,0.00016541923076923072,0.0001687270588235294
161,0.00015855,1550311200,0.00016447,0.00015835,0.00016372,1301.30132812,0.20811557,0.00015992,0.07097801000000008,0.11061927615384617,0.07077548323529408,0.00016198666666666667,0.00016505461538461535,0.00016831235294117647
162,0.00015808,1550318400,0.00015886,0.00015808,0.00015856,647.01179694,0.10265141,0.00015865,0.10377074666666675,0.09139356846153848,0.07363590794117643,0.00016011,0.0001642230769230769,0.00016797823529411766
163,0.00015402,1550325600,0.00015906,0.00015402,0.00015906,630.31215962,0.09750969,0.0001547,0.1360922233333334,0.09688139384615388,0.07650383999999995,0.00015688333333333337,0.00016304307692307688,0.00016752470588235295
164,0.00015886,1550332800,0.00015886,0.00015402,0.00015402,1147.36499852,0.17890947,0.00015593,0.12635685666666674,0.10205551461538463,0.0796644197058823,0.00015698666666666669,0.00016247769230769225,0.00016710676470588237
165,0.00015886,1550340000,0.00015886,0.00015819,0.00015819,143.4717269,0.02274058,0.0001585,0.09971991333333341,0.10187723846153848,0.08033326029411758,0.00015724666666666671,0.00016165538461538454,0.0001666888235294118
166,0.00016457,1550347200,0.00016935,0.00015996,0.00015996,1473.39224809,0.23914377,0.0001623,0.14693127333333342,0.11596220923076926,0.08736690058823524,0.0001607633333333334,0.0001616584615384615,0.0001664388235294118
167,0.00016297,1550354400,0.00016851,0.00015525,0.00016851,176.28927045,0.02787033,0.00015809,0.09658489333333342,0.0892220707692308,0.08817064647058816,0.00016213333333333336,0.00016154461538461535,0.0001662067647058824
168,0.00016159,1550361600,0.00016228,0.00016113,0.00016228,23.16033514,0.00374172,0.00016155,0.09025194000000009,0.08859259384615388,0.08690433852941169,0.00016304333333333335,0.00016132538461538458,0.00016593647058823534
169,0.00016159,1550368800,0.00016159,0.00016159,0.00016159,0.0,0.0,0.00016159,0.010537350000000084,0.08666641076923079,0.08688938705882346,0.00016205,0.0001611784615384615,0.0001656902941176471
170,0.0001601,1550376000,0.00016011,0.0001601,0.00016011,4.95092208,0.00079268,0.0001601,0.0015114666666667502,0.06822059461538464,0.08685767999999994,0.00016109333333333333,0.00016083230769230764,0.00016532794117647058
171,0.00016116,1550383200,0.00016117,0.00016116,0.00016117,4.87148879,0.00078509,0.00016116,0.000525923333333417,0.06823682846153849,0.07631588441176464,0.00016095,0.00016059692307692302,0.0001650255882352941
172,0.00016086,1550390400,0.00016086,0.00016011,0.00016011,13.21658585,0.00212076,0.00016046,0.001232843333333417,0.06807125615384618,0.07609030470588228,0.00016070666666666668,0.00016037769230769225,0.00016471470588235292
173,0.00016459,1550397600,0.00017019,0.0001601,0.00016019,540.4410406,0.08771441,0.0001623,0.03020675333333342,0.07477657538461542,0.07863721147058815,0.00016220333333333333,0.0001604461538461538,0.0001645970588235294
174,0.00016458,1550404800,0.00016458,0.00016458,0.00016458,30.3481378,0.00499469,0.00016458,0.03160995333333342,0.05915189230769234,0.07877829911764699,0.00016334333333333333,0.00016090999999999995,0.00016447911764705882
175,0.00016448,1550412000,0.00016448,0.00016082,0.00016434,817.92233281,0.13226662,0.00016171,0.07499190666666676,0.061429985384615415,0.08261177352941168,0.00016455000000000004,0.0001614023076923076,0.0001642776470588235
176,0.00016562,1550419200,0.0001659,0.00016362,0.00016362,567.51060158,0.09395932,0.00016556,0.07707354333333342,0.06115688000000003,0.0744993111764705,0.0001648933333333334,0.0001622946153846153,0.0001641155882352941
177,0.00016675,1550426400,0.00016677,0.00016527,0.00016677,171.21922656,0.02851455,0.00016653,0.08491349666666675,0.04958804000000003,0.07533094970588226,0.00016561666666666672,0.0001629015384615384,0.0001639870588235294
178,0.00016513,1550433600,0.00016676,0.00016513,0.0001666,186.38842966,0.03101631,0.0001664,0.05116339333333342,0.05022463461538465,0.07612223411764697,0.00016583333333333337,0.0001633838461538461,0.0001638441176470588
179,0.00016986,1550440800,0.00016986,0.0001679,0.0001679,93.21478077,0.01575477,0.00016901,0.025095210000000086,0.03304086538461542,0.07656507323529403,0.00016724666666666669,0.00016379076923076915,0.00016386352941176468
180,0.00016613,1550448000,0.000168,0.00016613,0.000168,14.62666189,0.00243355,0.00016637,0.01640154333333342,0.031084190000000036,0.07644052647058816,0.00016704000000000003,0.00016403384615384608,0.00016376470588235295
181,0.00016035,1550455200,0.00016799,0.00015175,0.00016799,1787.49481126,0.28212363,0.00015783,0.10010398333333342,0.05249818307692312,0.08468303823529404,0.0001654466666666667,0.00016393846153846145,0.0001635044117647059
182,0.00016174,1550462400,0.00016194,0.00016,0.00016008,23.44853052,0.00378821,0.00016155,0.09611513000000009,0.052789583846153884,0.08226123970588228,0.00016274000000000006,0.00016394999999999992,0.00016345882352941177
183,0.00016138,1550469600,0.00016451,0.00016019,0.00016136,660.69793032,0.10809487,0.0001636,0.1313355700000001,0.0610435984615385,0.07507033558823523,0.00016115666666666672,0.00016404846153846147,0.0001632379411764706
184,0.00016206,1550476800,0.00016445,0.00016206,0.00016444,45.52843224,0.00746965,0.00016406,0.03978424333333341,0.061557795384615414,0.07452038529411757,0.00016172666666666673,0.0001641176923076922,0.00016302323529411767
185,0.00016323,1550484000,0.00016444,0.00016323,0.00016444,59.05510478,0.00970781,0.00016438,0.04175744333333342,0.062141414615384645,0.07152220617647052,0.0001622233333333334,0.0001642999999999999,0.00016293558823529414
186,0.00016286,1550491200,0.00016488,0.00016286,0.00016368,341.77392842,0.05590879,0.00016358,0.02436208333333342,0.05969482846153849,0.07242957735294112,0.0001627166666666667,0.00016416692307692296,0.0001627388235294118
187,0.00016265,1550498400,0.0001653,0.00016204,0.00016279,190.38600381,0.03112247,0.00016347,0.03224635666666675,0.06170465769230772,0.07169673382352935,0.00016291333333333336,0.0001640184615384614,0.00016268352941176473
188,0.00016307,1550505600,0.00016307,0.00016273,0.00016273,30.63,0.00499172,0.00016296,0.030674326666666755,0.051914280769230804,0.060799662941176405,0.00016286000000000002,0.00016390999999999989,0.00016264294117647061
189,0.00016307,1550512800,0.00016307,0.00016304,0.00016307,109.46873538,0.01784964,0.00016305,0.017987943333333423,0.046059690000000035,0.06097391941176465,0.00016293000000000001,0.00016371384615384603,0.00016260264705882357
190,0.00015959,1550520000,0.00016524,0.00015958,0.00016524,1780.4328529,0.2843332,0.00015969,0.10239152000000008,0.06573804769230772,0.06860017882352935,0.00016191000000000003,0.00016316307692307682,0.0001624876470588236
191,0.00016148,1550527200,0.00016148,0.00015877,0.00015959,479.24017422,0.07648193,0.00015958,0.12622159000000008,0.06923540307692311,0.06377352117647053,0.00016138000000000003,0.00016288230769230758,0.00016239588235294125
192,0.00016124,1550534400,0.00016124,0.00015619,0.00015795,866.67149711,0.13590948,0.00015681,0.16557487000000007,0.0784780730769231,0.06775397499999994,0.00016077000000000005,0.00016221923076923064,0.00016230823529411772
193,0.00016124,1550541600,0.00016124,0.00016124,0.00016124,0.0,0.0,0.00016124,0.07079713666666675,0.07829087692307696,0.06762829264705876,0.00016132000000000003,0.0001618430769230768,0.00016223558823529418
194,0.00015305,1550548800,0.0001591,0.00015305,0.00015901,603.4449922,0.09401059,0.00015578,0.0766400233333334,0.0638206430769231,0.0703772729411764,0.00015851000000000005,0.00016128153846153834,0.00016192235294117655
195,0.00015787,1550556000,0.00015791,0.00015305,0.00015305,455.96713847,0.07077148,0.00015521,0.05492735666666675,0.06897320230769234,0.06633774088235288,0.0001573866666666667,0.00016098384615384603,0.00016190235294117654
196,0.00015804,1550563200,0.00015804,0.00015699,0.00015765,350.53837764,0.05521404,0.00015751,0.07333203666666675,0.06490544615384618,0.064942524117647,0.00015632000000000005,0.00016072692307692296,0.0001619011764705883
197,0.00015599,1550570400,0.00015804,0.00015599,0.00015804,12.35258082,0.00193319,0.0001565,0.04263957000000008,0.06447956461538465,0.062131450588235236,0.00015730000000000006,0.00016025999999999988,0.00016195911764705888
198,0.00015801,1550577600,0.00015803,0.00015315,0.00015803,363.52702444,0.05655627,0.00015557,0.03790116666666674,0.06808329230769233,0.058532827058823476,0.00015734666666666674,0.00015985846153846142,0.00016193411764705887
199,0.00015573,1550584800,0.00015659,0.00015354,0.00015656,675.99964727,0.10525286,0.00015569,0.054580773333333416,0.07187899000000003,0.06095965882352936,0.00015657666666666674,0.0001593099999999999,0.00016184205882352945
200,0.00015495,1550592000,0.00015495,0.00015392,0.00015392,186.70947319,0.02892952,0.00015494,0.06357955000000008,0.07171030153846157,0.05477688676470584,0.0001562300000000001,0.00015871769230769224,0.00016155911764705887
201,0.00015714,1550599200,0.00015804,0.00015493,0.00015493,479.81501912,0.07545323,0.00015725,0.06987853666666675,0.07713041769230772,0.05617638382352936,0.0001559400000000001,0.0001582615384615384,0.00016138764705882357
202,0.00015513,1550606400,0.00015924,0.00015513,0.00015741,68.07182218,0.01060101,0.00015573,0.03832792000000009,0.0765728307692308,0.056378127647058775,0.0001557400000000001,0.00015765076923076915,0.00016119764705882356
203,0.00015529,1550613600,0.00015529,0.00015529,0.00015529,67.26175208,0.01044507,0.00015529,0.032166436666666756,0.0555045130769231,0.05668533558823524,0.00015585333333333342,0.00015731999999999996,0.0001610123529411765
204,0.00015645,1550620800,0.00015645,0.00015645,0.00015645,5.11345481,0.0008,0.00015645,0.007282026666666756,0.04968282615384618,0.056685550882352886,0.00015562333333333343,0.00015693307692307687,0.00016090500000000003
205,0.00015501,1550628000,0.00015501,0.00015501,0.00015501,1.28100722,0.00019856,0.00015501,0.003814543333333423,0.039243524615384634,0.05666829999999995,0.00015558333333333342,0.00015645384615384613,0.00016072411764705887
206,0.0001537,1550635200,0.00015501,0.00015369,0.00015501,359.4664129,0.05566714,0.00015486,0.018888566666666756,0.04352561230769232,0.058243193529411715,0.00015505333333333342,0.00015587384615384613,0.00016051352941176477
207,0.00015521,1550642400,0.00015707,0.0001534,0.00015367,113.68274882,0.0177437,0.00015608,0.024536466666666756,0.037658928461538475,0.05618523147058819,0.00015464000000000008,0.00015603999999999995,0.00016023764705882357
208,0.00015521,1550649600,0.00015521,0.00015521,0.00015521,0.0,0.0,0.00015521,0.02447028000000009,0.03221496846153848,0.05603832882352937,0.00015470666666666676,0.00015583538461538455,0.00015996205882352947
209,0.00015521,1550656800,0.00015521,0.00015521,0.00015521,0.0,0.0,0.00015521,0.005914566666666757,0.02796773461538463,0.052148134117647016,0.0001552100000000001,0.00015561769230769222,0.00015968941176470596
210,0.00015615,1550664000,0.00015615,0.00015474,0.00015474,6.91537831,0.0010773,0.00015578,0.00035910000000009015,0.027901896923076937,0.049416309999999956,0.00015552333333333342,0.00015562999999999992,0.00015941088235294125
211,0.00015738,1550671200,0.00015738,0.00015704,0.00015704,92.01648529,0.01445182,0.00015705,0.005176373333333424,0.02466309307692309,0.0490027002941176,0.00015624666666666674,0.00015558153846153836,0.00015913529411764712
212,0.00015807,1550678400,0.00015807,0.00015583,0.00015583,6.07071841,0.00094755,0.00015608,0.0054922233333334234,0.01663960769230771,0.048118324999999955,0.00015720000000000005,0.00015576153846153835,0.00015892764705882357
213,0.00015839,1550685600,0.00015839,0.00015809,0.00015809,250.64252656,0.03967346,0.00015828,0.01835761000000009,0.017466064615384632,0.04882181588235289,0.00015794666666666673,0.00015602615384615375,0.0001585902941176471
214,0.00015878,1550692800,0.00015878,0.000156,0.000156,8.72626897,0.0013759,0.00015767,0.013998970000000088,0.011767808461538477,0.04879070852941172,0.0001584133333333334,0.00015615230769230756,0.00015837411764705884
215,0.00015878,1550700000,0.00015878,0.00015878,0.00015878,0.0,0.0,0.00015878,0.013683120000000088,0.01095234615384617,0.0404929547058823,0.00015865000000000006,0.0001564330769230768,0.0001583279411764706
216,0.00015842,1550707200,0.00015842,0.00015544,0.00015544,37.83674321,0.00588698,0.00015558,0.002420960000000088,0.010601723846153864,0.04055468323529407,0.00015866000000000006,0.00015667384615384601,0.0001582302941176471
217,0.00015572,1550714400,0.00015572,0.00015571,0.00015571,15.95524032,0.00248449,0.00015571,0.0027904900000000877,0.010731300000000018,0.03744849558823525,0.0001576400000000001,0.00015661769230769217,0.0001580638235294118
218,0.00015568,1550721600,0.0001557,0.00015334,0.0001557,19.34511564,0.00299522,0.00015483,0.0037888966666667543,0.010946427692307711,0.037316894705882314,0.00015660666666666675,0.00015666923076923062,0.00015787617647058827
219,0.00015568,1550728800,0.00015568,0.00015568,0.00015568,0.0,0.0,0.00015568,0.0018265700000000874,0.006664340000000019,0.0370313708823529,0.0001556933333333334,0.00015682153846153832,0.00015765411764705883
220,0.0001553,1550736000,0.0001557,0.0001553,0.00015559,173.75790198,0.02704138,0.00015562,0.010012200000000089,0.007379546153846173,0.03618232941176466,0.00015555333333333338,0.00015682846153846142,0.00015743176470588236
221,0.00015757,1550743200,0.00015757,0.00015368,0.0001553,4.8837949,0.00076267,0.00015616,0.009268016666666755,0.0074382130769230954,0.035289394117647026,0.00015618333333333338,0.0001570099999999999,0.00015728235294117646
222,0.0001537,1550750400,0.00015761,0.0001537,0.00015761,32.94672387,0.00507135,0.00015392,0.010958466666666757,0.007828316923076941,0.03529173617647055,0.0001555233333333334,0.00015689384615384606,0.00015700676470588234
223,0.0001537,1550757600,0.0001537,0.0001537,0.0001537,0.0,0.0,0.0001537,0.0019446733333334232,0.00774544769230771,0.03476674676470585,0.00015499000000000006,0.00015670538461538456,0.00015673117647058818
224,0.00015503,1550764800,0.00015503,0.00015375,0.00015375,9.95,0.00153413,0.00015418,0.0022018266666667566,0.006751779230769249,0.02644912705882349,0.0001541433333333334,0.00015652461538461532,0.00015659705882352935
225,0.00015503,1550772000,0.00015503,0.00015503,0.00015503,0.0,0.0,0.00015503,0.0005113766666667565,0.0066788907692307865,0.024199658529411725,0.00015458666666666674,0.00015629076923076915,0.0001564073529411764
226,0.0001572,1550779200,0.0001572,0.00015606,0.00015606,127.46044914,0.02003102,0.00015715,0.007188383333333423,0.0051679338461538635,0.020791468529411727,0.0001557533333333334,0.0001561992307692307,0.00015628852941176462
227,0.0001572,1550786400,0.0001572,0.0001572,0.0001572,0.0,0.0,0.0001572,0.006677006666666756,0.005062095384615402,0.020791468529411727,0.00015647666666666676,0.00015607769230769226,0.00015616970588235284
228,0.00015619,1550793600,0.00015619,0.00015606,0.00015607,31.19458141,0.00486913,0.00015608,0.008300050000000088,0.005436643846153864,0.018169660882352903,0.00015686333333333343,0.0001558784615384615,0.0001562620588235293
229,0.00015501,1550800800,0.00015619,0.000155,0.00015619,5.7409532,0.00088986,0.000155,0.001919663333333422,0.005052250000000018,0.01611431911764702,0.00015613333333333343,0.00015561615384615386,0.00015617794117647046
230,0.000155,1550808000,0.00015501,0.000155,0.00015501,1.61359788,0.0002501,0.000155,0.0020030300000000883,0.0048803738461538635,0.014497732647058786,0.0001554000000000001,0.00015556076923076926,0.0001560885294117646
231,0.000155,1550815200,0.000155,0.000155,0.000155,47.3222,0.00733494,0.000155,0.0028249666666667547,0.005214198461538479,0.014656607647058785,0.00015500333333333342,0.00015550846153846159,0.00015605941176470575
232,0.00015596,1550822400,0.00015596,0.000155,0.00015531,109.85078969,0.01708163,0.00015549,0.008222223333333422,0.006528170000000018,0.013495588823529373,0.00015532000000000005,0.00015553000000000005,0.0001559991176470587
233,0.000155,1550829600,0.000155,0.000155,0.000155,208.49336189,0.03231647,0.000155,0.01891101333333342,0.006933946153846172,0.011350400882352903,0.00015532000000000005,0.00015550692307692314,0.0001559776470588234
234,0.000156,1550836800,0.000156,0.000155,0.000155,1097.88365385,0.1712627,0.00015599,0.07355360000000008,0.02004933307692309,0.015536670882352902,0.0001556533333333334,0.00015538615384615387,0.00015600852941176458
235,0.00015491,1550844000,0.00015552,0.00015491,0.00015552,58.23798863,0.00902315,0.00015493,0.07086744000000007,0.020353317692307707,0.01358284499999996,0.00015530333333333338,0.00015547923076923077,0.00015594294117647045
236,0.00015527,1550851200,0.00016,0.0001537,0.00015491,1379.43801647,0.21638677,0.00015686,0.13222420666666676,0.03699845384615386,0.019635367352941135,0.00015539333333333338,0.0001556,0.00015594705882352928
237,0.00015758,1550858400,0.00015758,0.00015528,0.00015528,268.90778196,0.04235834,0.00015751,0.08925608666666675,0.040138777692307705,0.020573992941176428,0.00015592000000000004,0.00015579615384615384,0.00015601441176470577
238,0.00015587,1550865600,0.00015587,0.00015587,0.00015587,19.61511971,0.0030574,0.00015587,0.08726750333333343,0.040373962307692315,0.020640387058823487,0.00015624000000000006,0.00015586076923076924,0.00015599735294117634
239,0.00015587,1550872800,0.00015587,0.00015587,0.00015587,0.0,0.0,0.00015587,0.015138580000000087,0.03883311461538463,0.020634547058823487,0.00015644000000000007,0.00015575846153846156,0.00015602264705882342
240,0.00015587,1550880000,0.00015587,0.00015587,0.00015587,0.0,0.0,0.00015587,0.0010191333333334194,0.03883311461538463,0.01899727823529408,0.00015587000000000006,0.00015565615384615386,0.00015608647058823518
241,0.00015587,1550887200,0.00015587,0.00015587,0.00015587,0.0,0.0,0.00015587,8.615793264018141e-17,0.038458566153846165,0.018475404705882312,0.0001558700000000001,0.0001556315384615385,0.00015610588235294106
242,0.00015587,1550894400,0.00015587,0.00015587,0.00015587,0.0,0.0,0.00015587,8.615793264018141e-17,0.03839011538461539,0.018475404705882312,0.0001558700000000001,0.00015569769230769234,0.00015612529411764692
243,0.00015526,1550901600,0.00015527,0.00015526,0.00015527,212.61,0.03301098,0.00015526,0.011003660000000087,0.04091018307692308,0.0194463158823529,0.00015566666666666672,0.00015571769230769233,0.0001561267647058822
244,0.00015526,1550908800,0.00015526,0.00015526,0.00015526,0.0,0.0,0.00015526,0.011003660000000087,0.04034595692307693,0.019414630588235254,0.00015546333333333337,0.00015573769230769232,0.00015610058823529397
245,0.00015664,1550916000,0.00015664,0.00015634,0.00015634,77.87277887,0.0121895,0.00015653,0.015066826666666753,0.03996963923076924,0.01934809176470584,0.00015572000000000003,0.00015579,0.00015607882352941158
246,0.00015895,1550923200,0.00016119,0.00015101,0.0001562,1252.46127055,0.19454549,0.00015533,0.06891166333333341,0.05244879461538462,0.02504214882352937,0.00015695000000000002,0.00015609384615384615,0.00015610470588235277
247,0.00015612,1550930400,0.00015613,0.00015612,0.00015613,122.87360506,0.01918418,0.00015612,0.07530639000000008,0.04075044692307693,0.02443952294117643,0.00015723666666666666,0.00015610307692307692,0.0001560379411764704
248,0.00015693,1550937600,0.00015693,0.00015692,0.00015692,5.69165281,0.00089314,0.00015692,0.07154093666666675,0.04012506153846154,0.024425324117647015,0.00015733333333333333,0.00015625846153846155,0.0001559835294117645
249,0.00015689,1550944800,0.00015692,0.00015689,0.00015692,94.74227848,0.01486634,0.00015691,0.011647886666666754,0.02462349,0.02486256941176466,0.00015664666666666667,0.00015638307692307694,0.0001559279411764704
250,0.00015689,1550952000,0.00015689,0.00015689,0.00015689,0.0,0.0,0.00015689,0.005253160000000089,0.021365156153846154,0.024689422941176428,0.00015690333333333333,0.00015633,0.00015588294117647037
251,0.00015662,1550959200,0.00015662,0.00015662,0.00015662,19.1546418,0.00299999,0.00015662,0.005955443333333422,0.021360740000000003,0.02470458470588231,0.0001568,0.00015638769230769229,0.00015590941176470567
252,0.00015683,1550966400,0.00015683,0.00015683,0.00015683,6.9125805,0.00108409,0.00015683,0.0013613600000000885,0.021444131538461537,0.02464837499999996,0.00015677999999999995,0.00015646153846153848,0.00015594323529411744
