,close,date,high,low,open,quoteVolume,volume,weightedAverage,avg_vol_3,avg_vol_13,avg_vol_34,avg_close_3,avg_close_13,avg_close_34
0,3.84e-06,1553218424,3.84e-06,3.84e-06,3.84e-06,0.0,0.0,3.84e-06,-99999.0,-99999.0,-99999.0,-99999.0,-99999.0,-99999.0
1,3.9e-06,1553220000,3.95e-06,3.87e-06,3.87e-06,17408.83376832,0.06867291,3.94e-06,-99999.0,-99999.0,-99999.0,-99999.0,-99999.0,-99999.0
2,3.9e-06,1553227200,3.9e-06,3.9e-06,3.9e-06,58.6032844,0.00022855,3.9e-06,0.022967153333333334,-99999.0,-99999.0,3.88e-06,-99999.0,-99999.0
3,3.9e-06,1553234400,3.9e-06,3.9e-06,3.9e-06,0.0,0.0,3.9e-06,0.022967153333333334,-99999.0,-99999.0,3.9e-06,-99999.0,-99999.0
4,3.87e-06,1553241600,3.9e-06,3.87e-06,3.9e-06,550.0,0.00214131,3.89e-06,0.0007899533333333292,-99999.0,-99999.0,3.890000000000001e-06,-99999.0,-99999.0
5,3.86e-06,1553248800,3.88e-06,3.86e-06,3.88e-06,788.2177709,0.00305757,3.87e-06,0.0017329599999999958,-99999.0,-99999.0,3.876666666666667e-06,-99999.0,-99999.0
6,3.86e-06,1553256000,3.87e-06,3.86e-06,3.87e-06,1100.61542199,0.00425737,3.86e-06,0.0031520833333333292,-99999.0,-99999.0,3.863333333333334e-06,-99999.0,-99999.0
7,3.86e-06,1553263200,3.89e-06,3.86e-06,3.89e-06,280.79994508,0.00109076,3.88e-06,0.0028018999999999956,-99999.0,-99999.0,3.860000000000001e-06,-99999.0,-99999.0
8,4.03e-06,1553270400,4.08e-06,3.89e-06,3.89e-06,30637.8111545,0.12363525,4.03e-06,0.04299445999999999,-99999.0,-99999.0,3.916666666666667e-06,-99999.0,-99999.0
9,4.06e-06,1553277600,4.06e-06,4.03e-06,4.03e-06,6546.94033119,0.02657909,4.05e-06,0.05043503333333332,-99999.0,-99999.0,3.983333333333333e-06,-99999.0,-99999.0
10,4.02e-06,1553284800,4.08e-06,4.02e-06,4.08e-06,19968.75679211,0.08107489,4.06e-06,0.07709640999999999,-99999.0,-99999.0,4.0366666666666656e-06,-99999.0,-99999.0
11,4.01e-06,1553292000,4.02e-06,4.01e-06,4.02e-06,2000.0,0.00802001,4.01e-06,0.03855799666666666,-99999.0,-99999.0,4.0299999999999995e-06,-99999.0,-99999.0
12,4.01e-06,1553299200,4.01e-06,4.01e-06,4.01e-06,0.0,0.0,4.01e-06,0.029698299999999993,0.024519823846153845,-99999.0,4.013333333333333e-06,3.9323076923076915e-06,-99999.0
13,3.98e-06,1553306400,4e-06,3.98e-06,4e-06,779.0416663,0.00310762,3.98e-06,0.0037092099999999953,0.024758871538461534,-99999.0,4e-06,3.943076923076922e-06,-99999.0
14,3.97e-06,1553313600,3.97e-06,3.97e-06,3.97e-06,50.34476302,0.00019986,3.97e-06,0.0011024933333333286,0.01949171384615384,-99999.0,3.986666666666667e-06,3.948461538461538e-06,-99999.0
15,3.95e-06,1553320800,3.98e-06,3.95e-06,3.98e-06,394.39071837,0.00156409,3.96e-06,0.0016238566666666619,0.019594447692307688,-99999.0,3.966666666666667e-06,3.952307692307692e-06,-99999.0
16,4e-06,1553328000,4.1e-06,3.96e-06,3.96e-06,37436.93273806,0.15311149,4.08e-06,0.051625146666666656,0.031372254615384614,-99999.0,3.973333333333334e-06,3.959999999999999e-06,-99999.0
17,4.05e-06,1553335200,4.05e-06,4e-06,4e-06,4810.37928315,0.01948082,4.04e-06,0.05805213333333333,0.03270606307692307,-99999.0,4e-06,3.973846153846153e-06,-99999.0
18,4.07e-06,1553342400,4.07e-06,4.03e-06,4.03e-06,4570.28653508,0.01852238,4.05e-06,0.06370489666666666,0.03389566384615384,-99999.0,4.0399999999999994e-06,3.989999999999999e-06,-99999.0
19,4.05e-06,1553349600,4.11e-06,4.05e-06,4.08e-06,23431.80128317,0.09625596,4.1e-06,0.04475305333333334,0.04097247846153846,-99999.0,4.056666666666667e-06,4.004615384615384e-06,-99999.0
20,4.05e-06,1553356800,4.05e-06,4.05e-06,4.05e-06,0.0,0.0,4.05e-06,0.038259446666666676,0.040888573846153846,-99999.0,4.056666666666667e-06,4.019230769230769e-06,-99999.0
21,4.06e-06,1553364000,4.06e-06,4.03e-06,4.05e-06,418.79439861,0.00169218,4.04e-06,0.032649380000000006,0.031508337692307695,-99999.0,4.053333333333333e-06,4.0215384615384606e-06,-99999.0
22,3.98e-06,1553371200,4.03e-06,3.95e-06,4.03e-06,90513.2048425,0.36018151,3.97e-06,0.12062456333333334,0.05717006230769231,-99999.0,4.0299999999999995e-06,4.015384615384614e-06,-99999.0
23,3.92e-06,1553378400,3.95e-06,3.92e-06,3.95e-06,9047.38695486,0.03557692,3.93e-06,0.13248353666666668,0.05367021846153846,-99999.0,3.986666666666666e-06,4.007692307692306e-06,-99999.0
24,3.91e-06,1553385600,3.92e-06,3.91e-06,3.92e-06,1876.75650757,0.00733964,3.91e-06,0.13436602333333333,0.05361788230769231,-99999.0,3.936666666666665e-06,3.999999999999999e-06,-99999.0
25,3.91e-06,1553392800,3.91e-06,3.91e-06,3.91e-06,0.0,0.0,3.91e-06,0.014305520000000016,0.05361788230769231,-99999.0,3.913333333333332e-06,3.992307692307692e-06,-99999.0
26,3.91e-06,1553400000,3.91e-06,3.9e-06,3.91e-06,10183.65864544,0.03981754,3.9e-06,0.015719060000000017,0.056441722307692316,-99999.0,3.909999999999998e-06,3.986923076923076e-06,-99999.0
27,3.91e-06,1553407200,3.91e-06,3.91e-06,3.91e-06,59.87398425,0.0002341,3.91e-06,0.013350546666666683,0.05644435615384616,-99999.0,3.909999999999997e-06,3.982307692307693e-06,-99999.0
28,3.91e-06,1553414400,3.91e-06,3.91e-06,3.91e-06,9587.7084399,0.03748794,3.91e-06,0.025846526666666685,0.05920772923076923,-99999.0,3.909999999999997e-06,3.979230769230769e-06,-99999.0
29,3.91e-06,1553421600,3.91e-06,3.91e-06,3.91e-06,26.93861893,0.00010533,3.91e-06,0.012609123333333352,0.047438024615384614,-99999.0,3.909999999999997e-06,3.972307692307692e-06,-99999.0
30,3.95e-06,1553428800,3.95e-06,3.91e-06,3.91e-06,4766.55822548,0.01868631,3.92e-06,0.018759860000000017,0.04737690846153846,-99999.0,3.923333333333331e-06,3.964615384615385e-06,-99999.0
31,3.9e-06,1553436000,3.93e-06,3.9e-06,3.93e-06,5681.95631314,0.0222941,3.92e-06,0.013695246666666683,0.04766704076923078,-99999.0,3.919999999999997e-06,3.951538461538461e-06,-99999.0
32,3.9e-06,1553443200,3.97e-06,3.9e-06,3.9e-06,12010.33208756,0.04711057,3.92e-06,0.029363660000000017,0.043886626153846156,-99999.0,3.916666666666663e-06,3.94e-06,-99999.0
33,3.93e-06,1553450400,3.96e-06,3.93e-06,3.94e-06,1233.60186556,0.00487266,3.94e-06,0.024759110000000018,0.044261446153846154,0.034894080294117655,3.909999999999996e-06,3.9307692307692305e-06,3.951176470588234e-06
34,3.92e-06,1553457600,3.96e-06,3.9e-06,3.96e-06,31382.05924169,0.12301812,3.92e-06,0.05833378333333334,0.053594210769230766,0.03851226029411765,3.9166666666666625e-06,3.92e-06,3.953529411764705e-06
35,3.89e-06,1553464800,3.9e-06,3.89e-06,3.9e-06,17824.36098701,0.06934324,3.89e-06,0.06574467333333335,0.031222036153846153,0.03853197588235295,3.913333333333329e-06,3.913076923076923e-06,3.953235294117646e-06
36,3.87e-06,1553472000,3.89e-06,3.87e-06,3.89e-06,6053.13443356,0.02345623,3.87e-06,0.07193919666666668,0.030289675384615387,0.03921514294117648,3.89333333333333e-06,3.90923076923077e-06,3.95235294117647e-06
37,3.87e-06,1553479200,3.87e-06,3.87e-06,3.87e-06,0.0,0.0,3.87e-06,0.03093315666666668,0.029725087692307695,0.03921514294117648,3.876666666666663e-06,3.906153846153846e-06,3.951470588235294e-06
38,3.9e-06,1553486400,3.9e-06,3.9e-06,3.9e-06,83.60025391,0.00032604,3.9e-06,0.007927423333333345,0.029750167692307698,0.03916175264705883,3.879999999999996e-06,3.905384615384615e-06,3.95235294117647e-06
39,3.88e-06,1553493600,3.88e-06,3.88e-06,3.88e-06,51.59793814,0.00020019,3.88e-06,0.00017541000000001125,0.026702679230769237,0.03907771205882354,3.883333333333329e-06,3.903076923076923e-06,3.952941176470587e-06
40,3.88e-06,1553500800,3.88e-06,3.88e-06,3.88e-06,26.26191436,0.00010189,3.88e-06,0.00020937333333334457,0.026692509230769233,0.03895549205882354,3.886666666666663e-06,3.900769230769231e-06,3.953529411764704e-06
41,3.88e-06,1553508000,3.88e-06,3.85e-06,3.88e-06,18102.04815514,0.06999081,3.86e-06,0.023430963333333346,0.029192730000000004,0.04098196411764706,3.879999999999997e-06,3.898461538461539e-06,3.9541176470588215e-06
42,3.85e-06,1553515200,3.85e-06,3.85e-06,3.85e-06,216.45832888,0.00083336,3.85e-06,0.023642020000000014,0.029248732307692312,0.03737014382352941,3.869999999999996e-06,3.893846153846154e-06,3.948823529411763e-06
43,3.88e-06,1553522400,3.88e-06,3.88e-06,3.88e-06,63.18917453,0.00024517,3.88e-06,0.023689780000000018,0.027830183076923084,0.03659561676470588,3.869999999999996e-06,3.888461538461538e-06,3.943529411764704e-06
44,3.85e-06,1553529600,3.88e-06,3.85e-06,3.88e-06,2534.92976718,0.00981387,3.87e-06,0.0036308000000000173,0.026870165384615393,0.0344997044117647,3.859999999999997e-06,3.884615384615384e-06,3.9385294117647044e-06
45,3.85e-06,1553536800,3.85e-06,3.85e-06,3.85e-06,0.0,0.0,3.85e-06,0.0033530133333333507,0.023246275384615392,0.034263821764705875,3.859999999999998e-06,3.88076923076923e-06,3.933823529411763e-06
46,3.85e-06,1553544000,3.85e-06,3.85e-06,3.85e-06,0.0,0.0,3.85e-06,0.0032712900000000174,0.022871455384615394,0.034263821764705875,3.849999999999998e-06,3.874615384615384e-06,3.929117647058822e-06
47,3.85e-06,1553551200,3.85e-06,3.84e-06,3.84e-06,1721.93453479,0.00661248,3.84e-06,0.002204160000000017,0.01391717538461539,0.03436690588235294,3.849999999999998e-06,3.8692307692307685e-06,3.925294117647058e-06
48,3.85e-06,1553558400,3.85e-06,3.85e-06,3.85e-06,394.8025974,0.00151998,3.85e-06,0.002710820000000017,0.008700001538461545,0.03440573294117647,3.849999999999998e-06,3.866153846153846e-06,3.921764705882352e-06
49,3.83e-06,1553565600,3.84e-06,3.83e-06,3.84e-06,932.934,0.00358213,3.83e-06,0.0039048633333333507,0.007171224615384621,0.03446508705882353,3.843333333333332e-06,3.863076923076922e-06,3.9182352941176465e-06
50,3.83e-06,1553572800,3.84e-06,3.83e-06,3.84e-06,1018.50202573,0.00390198,3.83e-06,0.0030013633333333505,0.007471376923076928,0.030076572058823532,3.836666666666665e-06,3.8599999999999995e-06,3.9132352941176465e-06
51,3.83e-06,1553580000,3.83e-06,3.83e-06,3.83e-06,0.0,0.0,3.83e-06,0.0024947033333333505,0.007446296923076929,0.029503606764705884,3.829999999999998e-06,3.854615384615384e-06,3.906764705882352e-06
52,3.83e-06,1553587200,3.83e-06,3.83e-06,3.83e-06,141.55280369,0.00054214,3.83e-06,0.00148137333333335,0.007472600769230774,0.028974776176470592,3.829999999999999e-06,3.8507692307692305e-06,3.89970588235294e-06
53,3.82e-06,1553594400,3.83e-06,3.76e-06,3.82e-06,14137.44213972,0.05333642,3.77e-06,0.017959520000000017,0.011567564615384622,0.02771243676470589,3.826666666666666e-06,3.846153846153846e-06,3.892941176470588e-06
54,3.79e-06,1553601600,3.82e-06,3.79e-06,3.82e-06,2065.1327513,0.00786503,3.8e-06,0.020581196666666687,0.0067886584615384675,0.027943761176470596,3.813333333333333e-06,3.83923076923077e-06,3.885294117647058e-06
55,3.84e-06,1553608800,3.84e-06,3.84e-06,3.84e-06,695.71732802,0.00267155,3.84e-06,0.021291000000000018,0.006930057692307697,0.027972566176470592,3.816666666666667e-06,3.838461538461539e-06,3.878823529411764e-06
56,3.84e-06,1553616000,3.84e-06,3.84e-06,3.84e-06,4.31913031,1.658e-05,3.84e-06,0.003517720000000018,0.0069124738461538516,0.017379480000000006,3.823333333333334e-06,3.835384615384615e-06,3.8747058823529395e-06
57,3.85e-06,1553623200,3.85e-06,3.85e-06,3.85e-06,61.94717817,0.00023849,3.85e-06,0.0009755400000000178,0.006175906153846158,0.016340114411764712,3.843333333333334e-06,3.835384615384615e-06,3.872647058823528e-06
58,3.84e-06,1553630400,3.85e-06,3.79e-06,3.85e-06,6870.15100947,0.02632991,3.83e-06,0.00886166000000002,0.00820128384615385,0.016898651764705886,3.843333333333334e-06,3.834615384615384e-06,3.870588235294116e-06
59,3.84e-06,1553637600,3.84e-06,3.84e-06,3.84e-06,0.0,0.0,3.84e-06,0.008856133333333353,0.00820128384615385,0.016898651764705886,3.843333333333334e-06,3.833846153846153e-06,3.868529411764703e-06
60,3.82e-06,1553644800,3.86e-06,3.78e-06,3.86e-06,7015.74726332,0.02670024,3.8e-06,0.017676716666666686,0.009746496153846158,0.016512848823529415,3.8333333333333345e-06,3.8315384615384615e-06,3.865882352941174e-06
61,3.82e-06,1553652000,3.82e-06,3.79e-06,3.82e-06,105.7644918,0.00040241,3.8e-06,0.009034216666666687,0.009660529230769235,0.016517799117647062,3.826666666666668e-06,3.82923076923077e-06,3.8632352941176445e-06
62,3.82e-06,1553659200,3.82e-06,3.82e-06,3.82e-06,235.71204187,0.00090041,3.82e-06,0.009334353333333352,0.009454243076923078,0.015441695294117649,3.820000000000001e-06,3.828461538461539e-06,3.860588235294115e-06
63,3.82e-06,1553666400,3.82e-06,3.82e-06,3.82e-06,26.25654451,0.0001003,3.82e-06,0.00046770666666668656,0.009161806153846156,0.01544154735294118,3.820000000000001e-06,3.827692307692308e-06,3.8579411764705855e-06
64,3.82e-06,1553673600,3.82e-06,3.82e-06,3.82e-06,26.20418848,0.00010009,3.82e-06,0.0003669333333333532,0.009169505384615386,0.014894893823529416,3.820000000000001e-06,3.826923076923077e-06,3.854117647058821e-06
65,3.79e-06,1553680800,3.83e-06,3.79e-06,3.82e-06,1936.79243205,0.00741009,3.82e-06,0.0025368266666666865,0.009697809230769232,0.014457128823529416,3.8100000000000004e-06,3.8238461538461535e-06,3.850882352941174e-06
66,3.79e-06,1553688000,3.79e-06,3.79e-06,3.79e-06,73.92954778,0.00028019,3.79e-06,0.00259679000000002,0.0056165607692307724,0.013079764705882358,3.7999999999999996e-06,3.821538461538462e-06,3.8476470588235266e-06
67,3.82e-06,1553695200,3.83e-06,3.79e-06,3.82e-06,7336.3716968,0.02807557,3.82e-06,0.011921950000000021,0.007171217692307695,0.013762203235294123,3.7999999999999996e-06,3.8238461538461535e-06,3.84441176470588e-06
68,3.82e-06,1553702400,3.82e-06,3.82e-06,3.82e-06,75.27071239,0.00028753,3.82e-06,0.009547763333333355,0.006987831538461541,0.010152480000000005,3.8100000000000004e-06,3.8223076923076925e-06,3.841470588235291e-06
69,3.82e-06,1553709600,3.82e-06,3.79e-06,3.79e-06,1413.16954096,0.00536262,3.79e-06,0.011241906666666688,0.007399065384615387,0.008270697058823535,3.820000000000001e-06,3.820769230769231e-06,3.83941176470588e-06
70,3.82e-06,1553716800,3.82e-06,3.82e-06,3.82e-06,29508.31947201,0.11272178,3.82e-06,0.03945731000000002,0.016051626153846154,0.01089615441176471,3.820000000000001e-06,3.818461538461539e-06,3.837941176470586e-06
71,3.82e-06,1553724000,3.82e-06,3.79e-06,3.79e-06,28455.88481676,0.10864148,3.81e-06,0.07557529333333336,0.022383285384615384,0.014091492058823533,3.820000000000001e-06,3.816923076923078e-06,3.836470588235292e-06
72,3.83e-06,1553731200,3.83e-06,3.82e-06,3.82e-06,4880.09767044,0.01864503,3.82e-06,0.08000276333333335,0.02381751846153846,0.014630285882352946,3.823333333333334e-06,3.816153846153847e-06,3.83441176470588e-06
73,3.86e-06,1553738400,3.9e-06,3.84e-06,3.84e-06,4670.30986972,0.01803963,3.86e-06,0.048442046666666704,0.023151317692307695,0.01515497529411765,3.836666666666667e-06,3.819230769230771e-06,3.833823529411763e-06
74,3.82e-06,1553745600,3.86e-06,3.82e-06,3.86e-06,5128.6395001,0.01963489,3.82e-06,0.018773183333333363,0.024630739230769232,0.015729475294117647,3.836666666666667e-06,3.819230769230771e-06,3.83205882352941e-06
75,3.82e-06,1553752800,3.82e-06,3.82e-06,3.82e-06,263.55323732,0.00100677,3.82e-06,0.012893763333333363,0.024638920769230768,0.013700532941176471,3.833333333333334e-06,3.819230769230771e-06,3.830294117647057e-06
76,3.82e-06,1553760000,3.82e-06,3.82e-06,3.82e-06,800.0,0.003056,3.82e-06,0.007899220000000031,0.02486628230769231,0.013765904705882355,3.820000000000001e-06,3.819230769230771e-06,3.829411764705881e-06
77,3.82e-06,1553767200,3.86e-06,3.82e-06,3.82e-06,23965.19689121,0.09155899,3.82e-06,0.031873920000000035,0.03190158230769231,0.016451605294117648,3.820000000000001e-06,3.819230769230771e-06,3.827647058823528e-06
78,3.82e-06,1553774400,3.82e-06,3.82e-06,3.82e-06,0.0,0.0,3.82e-06,0.03153833000000003,0.03133157538461539,0.016162962058823532,3.820000000000001e-06,3.8215384615384625e-06,3.8267647058823505e-06
79,3.82e-06,1553781600,3.82e-06,3.82e-06,3.82e-06,0.0,0.0,3.82e-06,0.030519663333333363,0.03131002230769231,0.016162962058823532,3.820000000000001e-06,3.823846153846154e-06,3.825882352941174e-06
80,3.91e-06,1553788800,3.91e-06,3.86e-06,3.86e-06,4035.94824646,0.01560946,3.86e-06,0.005203153333333363,0.030351090769230774,0.01662206382352941,3.850000000000001e-06,3.8307692307692315e-06,3.827647058823527e-06
81,3.96e-06,1553796000,4e-06,3.93e-06,3.93e-06,20224.45573163,0.08039136,3.97e-06,0.032000273333333364,0.03651292384615385,0.018792030882352942,3.896666666666667e-06,3.841538461538462e-06,3.830882352941174e-06
82,3.88e-06,1553803200,3.96e-06,3.81e-06,3.96e-06,39524.636364,0.1517166,3.83e-06,0.08257247333333335,0.047770922307692316,0.023209578529411766,3.916666666666667e-06,3.846153846153847e-06,3.83176470588235e-06
83,3.87e-06,1553810400,3.88e-06,3.87e-06,3.88e-06,77.44561732,0.00029997,3.87e-06,0.07746931000000003,0.03912309076923078,0.02311304441176471,3.903333333333335e-06,3.85e-06,3.832941176470586e-06
84,3.89e-06,1553817600,3.89e-06,3.88e-06,3.88e-06,1052.60928142,0.0040848,3.88e-06,0.05203379000000003,0.031080269230769245,0.02311842147058824,3.880000000000001e-06,3.855384615384616e-06,3.834705882352938e-06
85,3.89e-06,1553824800,3.89e-06,3.89e-06,3.89e-06,14.15319704,5.505e-05,3.89e-06,0.0014799400000000313,0.029650270769230783,0.023120040588235295,3.883333333333334e-06,3.86e-06,3.836470588235291e-06
86,3.89e-06,1553832000,3.89e-06,3.89e-06,3.89e-06,0.0,0.0,3.89e-06,0.0013799500000000315,0.028262606923076933,0.02310409529411765,3.890000000000001e-06,3.862307692307692e-06,3.838235294117644e-06
87,3.89e-06,1553839200,3.89e-06,3.89e-06,3.89e-06,0.0,0.0,3.89e-06,1.8350000000031248e-05,0.026752230769230778,0.02153537705882353,3.890000000000001e-06,3.8676923076923075e-06,3.840294117647055e-06
88,3.88e-06,1553846400,3.88e-06,3.88e-06,3.88e-06,850.0,0.003298,3.88e-06,0.0010993333333333647,0.026928479230769242,0.021401052647058823,3.886666666666669e-06,3.872307692307692e-06,3.842941176470585e-06
89,3.88e-06,1553853600,3.88e-06,3.88e-06,3.88e-06,311.18580207,0.0012074,3.88e-06,0.0015018000000000312,0.026786279230769244,0.021357989411764706,3.883333333333335e-06,3.8769230769230766e-06,3.844117647058821e-06
90,3.91e-06,1553860800,3.93e-06,3.87e-06,3.91e-06,4255.47904029,0.01658158,3.89e-06,0.007028993333333364,0.021018786153846166,0.021845195294117645,3.890000000000001e-06,3.883846153846153e-06,3.846176470588233e-06
91,4.09e-06,1553868000,4.11e-06,3.87e-06,3.91e-06,57895.05123309,0.23246602,4.01e-06,0.08341833333333336,0.03890078769230771,0.02867541676470588,3.960000000000002e-06,3.9046153846153844e-06,3.853235294117644e-06
92,4.03e-06,1553875200,4.11e-06,4.03e-06,4.09e-06,17814.71656704,0.07302636,4.09e-06,0.10735798666666668,0.044518200000000015,0.030048841764705875,4.010000000000001e-06,3.920769230769231e-06,3.858823529411762e-06
93,4.04e-06,1553882400,4.04e-06,4.04e-06,4.04e-06,50.24610923,0.00020299,4.04e-06,0.10189845666666669,0.04333308692307694,0.030054812058823523,4.053333333333336e-06,3.9307692307692305e-06,3.864705882352939e-06
94,3.94e-06,1553889600,4.03e-06,3.86e-06,4.03e-06,29903.24482618,0.11670966,3.9e-06,0.06331300333333335,0.046126802307692324,0.032702147941176464,4.003333333333336e-06,3.929230769230769e-06,3.868235294117644e-06
95,3.94e-06,1553896800,3.94e-06,3.94e-06,3.94e-06,0.0,0.0,3.94e-06,0.03897088333333336,0.03445629461538464,0.03269031235294117,3.973333333333336e-06,3.933846153846153e-06,3.87176470588235e-06
96,3.94e-06,1553904000,3.98e-06,3.94e-06,3.96e-06,9925.71494188,0.03945547,3.97e-06,0.05205504333333336,0.03746825615384618,0.03382428470588234,3.940000000000002e-06,3.939230769230768e-06,3.875294117647056e-06
97,3.99e-06,1553911200,3.99e-06,3.97e-06,3.97e-06,8536.55827857,0.03397501,3.97e-06,0.024476826666666698,0.0397675030769231,0.034820599705882346,3.956666666666669e-06,3.946923076923076e-06,3.880294117647056e-06
98,4.03e-06,1553918400,4.03e-06,4e-06,4.01e-06,4350.6021321,0.01745633,4.01e-06,0.030295603333333365,0.041106063076923105,0.035331077352941165,3.9866666666666694e-06,3.957692307692307e-06,3.886470588235291e-06
99,4.01e-06,1553925600,4.04e-06,3.99e-06,4.04e-06,1412.52276257,0.00565227,4e-06,0.019027870000000034,0.04154085307692311,0.03527937676470587,4.010000000000003e-06,3.966923076923076e-06,3.892941176470585e-06
100,4.01e-06,1553932800,4.01e-06,4.01e-06,4.01e-06,0.0,0.0,4.01e-06,0.007702866666666699,0.04154085307692311,0.03527113588235292,4.016666666666669e-06,3.9761538461538455e-06,3.89941176470588e-06
101,3.95e-06,1553940000,4.01e-06,3.95e-06,4.01e-06,1400.80987488,0.00555815,3.96e-06,0.0037368066666666998,0.0417147107692308,0.0346088588235294,3.990000000000003e-06,3.981538461538461e-06,3.903235294117645e-06
102,4.22e-06,1553947200,4.3e-06,3.95e-06,3.95e-06,69007.28598575,0.28931755,4.19e-06,0.09829190000000003,0.06387703000000003,0.04310974176470587,4.060000000000003e-06,4.007692307692307e-06,3.914999999999998e-06
103,4.06e-06,1553954400,4.22e-06,4.06e-06,4.22e-06,3416.76304315,0.01396569,4.08e-06,0.10294713000000001,0.06367580769230773,0.0433627732352941,4.0766666666666686e-06,4.019230769230769e-06,3.9220588235294095e-06
104,4.06e-06,1553961600,4.06e-06,4.06e-06,4.06e-06,324.03755562,0.00131559,4.06e-06,0.10153294333333335,0.045895005384615425,0.040086120588235276,4.113333333333336e-06,4.016923076923076e-06,3.929117647058822e-06
105,4.07e-06,1553968800,4.07e-06,4.04e-06,4.05e-06,1504.15311988,0.00610619,4.05e-06,0.007129156666666692,0.04074730000000004,0.03707037676470586,4.063333333333336e-06,4.019999999999999e-06,3.936470588235293e-06
106,4.28e-06,1553976000,4.32e-06,4.04e-06,4.04e-06,69763.85424392,0.29837016,4.27e-06,0.1019306466666667,0.06368323615384619,0.04529758647058821,4.136666666666669e-06,4.038461538461537e-06,3.9497058823529404e-06
107,4.15e-06,1553983200,4.26e-06,4.07e-06,4.26e-06,3331.79516299,0.01379943,4.14e-06,0.10609192666666671,0.055767064615384644,0.04517287470588233,4.166666666666669e-06,4.054615384615383e-06,3.958235294117645e-06
108,4.23e-06,1553990400,4.23e-06,4.14e-06,4.14e-06,831.25884737,0.00347132,4.17e-06,0.10521363666666671,0.05603408923076925,0.044697475588235266,4.220000000000003e-06,4.0769230769230755e-06,3.9702941176470574e-06
109,4.18e-06,1553997600,4.25e-06,4.17e-06,4.23e-06,1013.04675014,0.00426328,4.2e-06,0.007178010000000031,0.05332699769230771,0.044793255294117616,4.186666666666669e-06,4.0953846153846135e-06,3.980882352941175e-06
110,4.12e-06,1554004800,4.16e-06,4.12e-06,4.16e-06,3425.0,0.01412143,4.12e-06,0.007285343333333365,0.051799799230769245,0.04511870911764703,4.17666666666667e-06,4.105384615384613e-06,3.98970588235294e-06
111,4.19e-06,1554012000,4.19e-06,4.17e-06,4.17e-06,350.78571627,0.00146618,4.17e-06,0.006616963333333365,0.0505697876923077,0.042468920588235266,4.163333333333336e-06,4.117692307692306e-06,4.000588235294116e-06
112,4.19e-06,1554019200,4.19e-06,4.19e-06,4.19e-06,0.0,0.0,4.19e-06,0.005195870000000032,0.050134997692307705,0.042468920588235266,4.166666666666669e-06,4.1315384615384595e-06,4.011470588235293e-06
113,4.19e-06,1554026400,4.2e-06,4.19e-06,4.19e-06,1222.95848634,0.0051255,4.19e-06,0.002197226666666699,0.05052926692307694,0.042619670588235264,4.190000000000002e-06,4.145384615384614e-06,4.022352941176469e-06
114,4.19e-06,1554033600,4.19e-06,4.19e-06,4.19e-06,48.53641885,0.00020336,4.19e-06,0.0017762866666666986,0.05011736000000001,0.04216654999999997,4.190000000000002e-06,4.163846153846152e-06,4.030588235294116e-06
115,4.22e-06,1554040800,4.22e-06,4.18e-06,4.19e-06,1247.60066858,0.00522391,4.18e-06,0.0035175900000000322,0.028264003076923085,0.03995574264705879,4.200000000000003e-06,4.163846153846153e-06,4.038235294117645e-06
116,4.18e-06,1554048000,4.18e-06,4.18e-06,4.18e-06,380.23285827,0.00158937,4.18e-06,0.0023388800000000323,0.02731197846153847,0.03554023588235291,4.19666666666667e-06,4.173076923076922e-06,4.047058823529411e-06
117,4.22e-06,1554055200,4.22e-06,4.22e-06,4.22e-06,203.55450236,0.00085899,4.22e-06,0.0025574233333333658,0.027276855384615398,0.03555667764705879,4.206666666666671e-06,4.185384615384614e-06,4.05735294117647e-06
118,4.31e-06,1554062400,4.4e-06,4.22e-06,4.22e-06,22706.27851627,0.09836494,4.33e-06,0.033604433333333364,0.03437368230769232,0.038329622941176436,4.2366666666666704e-06,4.203846153846153e-06,4.06970588235294e-06
119,4.31e-06,1554069600,4.31e-06,4.31e-06,4.31e-06,0.0,0.0,4.31e-06,0.03307464333333336,0.011422131538461552,0.038328003823529376,4.280000000000004e-06,4.206153846153845e-06,4.0820588235294105e-06
120,4.29e-06,1554076800,4.29e-06,4.24e-06,4.28e-06,401.56783384,0.00171494,4.27e-06,0.03335996000000003,0.010492555384615397,0.03837844323529409,4.303333333333338e-06,4.216923076923076e-06,4.093823529411764e-06
121,4.29e-06,1554084000,4.29e-06,4.27e-06,4.27e-06,130.79307115,0.00055969,4.27e-06,0.0007582100000000277,0.010268583846153858,0.03839490470588232,4.29666666666667e-06,4.22153846153846e-06,4.105588235294117e-06
122,4.26e-06,1554091200,4.28e-06,4.26e-06,4.28e-06,118.68918144,0.00050701,4.27e-06,0.000927213333333361,0.009979640000000012,0.03831281676470585,4.280000000000003e-06,4.2276923076923075e-06,4.116764705882352e-06
123,4.29e-06,1554098400,4.29e-06,4.29e-06,4.29e-06,69.7848198,0.00029937,4.29e-06,0.0004553566666666942,0.008916404615384626,0.03828610999999997,4.280000000000002e-06,4.24076923076923e-06,4.128823529411764e-06
124,4.28e-06,1554105600,4.31e-06,4.28e-06,4.31e-06,844.9549279,0.00361856,4.28e-06,0.0014749800000000276,0.00908197230769232,0.037904844705882325,4.276666666666668e-06,4.247692307692307e-06,4.13970588235294e-06
125,4.22e-06,1554112800,4.27e-06,4.07e-06,4.27e-06,30480.08252602,0.12631717,4.14e-06,0.043411700000000025,0.018798677692307704,0.034782819705882324,4.263333333333336e-06,4.25e-06,4.143529411764706e-06
126,4.22e-06,1554120000,4.22e-06,4.22e-06,4.22e-06,0.0,0.0,4.22e-06,0.04331191000000003,0.018404408461538475,0.032634985588235264,4.240000000000003e-06,4.252307692307693e-06,4.149117647058824e-06
127,4.22e-06,1554127200,4.22e-06,4.18e-06,4.18e-06,1234.57439322,0.00516152,4.18e-06,0.04382623000000003,0.018785805384615398,0.032780824705882325,4.220000000000004e-06,4.2546153846153845e-06,4.154411764705883e-06
128,4.19e-06,1554134400,4.22e-06,4.18e-06,4.22e-06,1121.03898171,0.00469955,4.19e-06,0.003287023333333361,0.01874547000000001,0.029486409705882323,4.210000000000003e-06,4.252307692307693e-06,4.161764705882353e-06
129,4.18e-06,1554141600,4.19e-06,4.18e-06,4.19e-06,799.28783298,0.00334152,4.18e-06,0.004400863333333361,0.01888025076923078,0.029584689705882322,4.19666666666667e-06,4.252307692307693e-06,4.1688235294117655e-06
130,4.19e-06,1554148800,4.19e-06,4.19e-06,4.19e-06,290.31097495,0.0012164,4.19e-06,0.003085823333333361,0.018907743846153856,0.028460011176470554,4.186666666666669e-06,4.25e-06,4.176176470588237e-06
131,4.17e-06,1554156000,4.19e-06,4.17e-06,4.19e-06,77.37801276,0.00032323,4.17e-06,0.001627050000000028,0.011366073846153858,0.027470252941176436,4.180000000000003e-06,4.23923076923077e-06,4.181470588235296e-06
132,4.19e-06,1554163200,4.19e-06,4.19e-06,4.19e-06,883.50678353,0.00370189,4.19e-06,0.001747173333333361,0.01165083461538463,0.02706571058823526,4.183333333333335e-06,4.23e-06,4.186176470588237e-06
133,4.17e-06,1554170400,4.17e-06,4.17e-06,4.17e-06,500.0,0.002085,4.17e-06,0.002036706666666694,0.011679300769230783,0.026960790882352904,4.176666666666669e-06,4.220769230769231e-06,4.1908823529411784e-06
134,4.04e-06,1554177600,4.17e-06,3.92e-06,4.17e-06,26270.11302799,0.10575097,4.02e-06,0.03717928666666669,0.019770937692307703,0.030071113529411726,4.133333333333336e-06,4.201538461538462e-06,4.191764705882354e-06
135,3.93e-06,1554184800,4.04e-06,3.83e-06,4.04e-06,64157.28763416,0.24795887,3.86e-06,0.11859828000000004,0.03880569615384617,0.037200546470588194,4.04666666666667e-06,4.176153846153847e-06,4.191176470588237e-06
136,3.97e-06,1554192000,3.97e-06,3.92e-06,3.93e-06,5252.57837804,0.02072545,3.94e-06,0.12481176333333337,0.0403769330769231,0.029300778823529373,3.980000000000003e-06,4.151538461538462e-06,4.183823529411766e-06
137,3.97e-06,1554199200,3.97e-06,3.97e-06,3.97e-06,0.0,0.0,3.97e-06,0.08956144000000003,0.040098582307692324,0.028890023235294077,3.9566666666666706e-06,4.1276923076923084e-06,4.181176470588237e-06
138,4e-06,1554206400,4e-06,3.99e-06,3.99e-06,251.59027053,0.00100484,3.99e-06,0.0072434300000000324,0.030459172307692326,0.028880883529411726,3.980000000000004e-06,4.110769230769231e-06,4.179411764705883e-06
139,4.01e-06,1554213600,4.01e-06,4e-06,4e-06,233.35736952,0.00093456,4e-06,0.0006464666666666993,0.030531061538461555,0.02872877676470584,3.993333333333337e-06,4.094615384615385e-06,4.17764705882353e-06
140,4.12e-06,1554220800,4.14e-06,4.01e-06,4.01e-06,14888.39851561,0.06076956,4.08e-06,0.020902986666666696,0.03480860307692309,0.02174052382352937,4.043333333333337e-06,4.086923076923077e-06,4.172941176470588e-06
141,4.11e-06,1554228000,4.14e-06,4.11e-06,4.14e-06,3216.51612535,0.01327923,4.12e-06,0.02499445000000003,0.035468578461538475,0.02172522382352937,4.080000000000004e-06,4.080769230769231e-06,4.171764705882354e-06
142,4.01e-06,1554235200,4.11e-06,4.01e-06,4.11e-06,8901.21903305,0.03614238,4.06e-06,0.03673039000000003,0.03799172153846156,0.022686137352941137,4.080000000000004e-06,4.067692307692308e-06,4.16529411764706e-06
143,4.08e-06,1554242400,4.08e-06,4.01e-06,4.01e-06,1321.53464645,0.00534187,4.04e-06,0.01825449333333336,0.038309065384615405,0.02271786058823525,4.06666666666667e-06,4.059230769230769e-06,4.162352941176472e-06
144,4.08e-06,1554249600,4.08e-06,4.08e-06,4.08e-06,0.0,0.0,4.08e-06,0.01382808333333336,0.03828420153846156,0.022302524411764665,4.056666666666671e-06,4.052307692307693e-06,4.161176470588236e-06
145,4.07e-06,1554256800,4.08e-06,4.07e-06,4.08e-06,127.7074314,0.0005205,4.07e-06,0.001954123333333361,0.03803947923076925,0.02227471029411761,4.076666666666671e-06,4.043076923076924e-06,4.15764705882353e-06
146,4.05e-06,1554264000,4.07e-06,4.05e-06,4.07e-06,1871.59045403,0.00759042,4.05e-06,0.0027036400000000275,0.0384629730769231,0.02249795794117643,4.066666666666671e-06,4.033846153846154e-06,4.153529411764707e-06
147,4.08e-06,1554271200,4.08e-06,4.08e-06,4.08e-06,1501.92109948,0.00612783,4.08e-06,0.004746250000000027,0.030799654615384628,0.022527438235294076,4.066666666666671e-06,4.036923076923077e-06,4.15029411764706e-06
148,4.03e-06,1554278400,4.1e-06,4e-06,4.1e-06,4020.34256935,0.01622031,4.03e-06,0.009979520000000028,0.012973611538461553,0.02299852499999996,4.0533333333333374e-06,4.044615384615385e-06,4.145588235294119e-06
149,4.03e-06,1554285600,4.03e-06,4.03e-06,4.03e-06,0.0,0.0,4.03e-06,0.007449380000000027,0.011379346153846169,0.022844880588235254,4.0466666666666706e-06,4.049230769230769e-06,4.140000000000001e-06
150,4.14e-06,1554292800,4.17e-06,4.03e-06,4.03e-06,14856.57848406,0.06091143,4.09e-06,0.025710580000000028,0.016064840769230784,0.024589647058823487,4.066666666666671e-06,4.062307692307693e-06,4.138823529411765e-06
151,4.08e-06,1554300000,4.14e-06,4e-06,4.14e-06,16013.80612404,0.06465528,4.03e-06,0.04185557000000003,0.020961028461538474,0.026466008529411722,4.083333333333338e-06,4.068461538461539e-06,4.134705882352941e-06
152,4.02e-06,1554307200,4.05e-06,4e-06,4.05e-06,2182.43748824,0.00880176,4.03e-06,0.04478949000000002,0.021566197692307706,0.023831797352941136,4.080000000000004e-06,4.06923076923077e-06,4.126176470588236e-06
153,4.05e-06,1554314400,4.05e-06,4e-06,4e-06,9401.87176895,0.0376187,4e-06,0.03702524666666669,0.019785362307692324,0.02493822970588231,4.0500000000000036e-06,4.063846153846154e-06,4.118529411764707e-06
154,4.06e-06,1554321600,4.06e-06,4.02e-06,4.02e-06,828.52427294,0.00335061,4.04e-06,0.016590356666666695,0.01902162230769232,0.024986337647058782,4.043333333333337e-06,4.06e-06,4.111764705882354e-06
155,4.07e-06,1554328800,4.07e-06,4.07e-06,4.07e-06,104.30636247,0.00042452,4.07e-06,0.013797943333333361,0.016274094615384628,0.02498236205882349,4.060000000000003e-06,4.064615384615385e-06,4.10529411764706e-06
156,4.07e-06,1554336000,4.07e-06,4.07e-06,4.07e-06,3253.29894395,0.01324092,4.07e-06,0.005672016666666693,0.01688171384615386,0.02535688882352937,4.0666666666666695e-06,4.063846153846154e-06,4.099705882352943e-06
157,4.07e-06,1554343200,4.07e-06,4.06e-06,4.07e-06,341.30296805,0.00138859,4.06e-06,0.005018010000000027,0.016988528461538473,0.02538892470588231,4.0700000000000025e-06,4.063076923076923e-06,4.093235294117649e-06
158,4.08e-06,1554350400,4.08e-06,4.07e-06,4.07e-06,49.64329702,0.00020229,4.07e-06,0.00494393333333336,0.01696405076923078,0.02528844617647055,4.073333333333336e-06,4.063846153846154e-06,4.087352941176472e-06
159,4.09e-06,1554357600,4.09e-06,4.08e-06,4.08e-06,2984.19410048,0.01218666,4.08e-06,0.00459251333333336,0.017317607692307703,0.021931666470588196,4.0800000000000024e-06,4.066923076923077e-06,4.083529411764707e-06
160,4.09e-06,1554364800,4.09e-06,4.09e-06,4.09e-06,1300.0,0.005317,4.09e-06,0.0059019833333333604,0.017255236153846165,0.022088048823529372,4.086666666666669e-06,4.067692307692307e-06,4.079705882352942e-06
161,4.1e-06,1554372000,4.13e-06,4.09e-06,4.1e-06,8827.91983034,0.03645002,4.12e-06,0.017984560000000028,0.0188113676923077,0.02300829882352937,4.093333333333335e-06,4.073076923076923e-06,4.076176470588236e-06
162,4.16e-06,1554379200,4.16e-06,4.1e-06,4.1e-06,15419.96156895,0.0636951,4.13e-06,0.03515404000000003,0.023710990769230778,0.02474346205882349,4.116666666666668e-06,4.083076923076923e-06,4.075294117647059e-06
163,4.13e-06,1554386400,4.16e-06,4.13e-06,4.16e-06,693.61344778,0.00287312,4.14e-06,0.03433941333333336,0.019246505384615396,0.024729685588235253,4.130000000000002e-06,4.082307692307693e-06,4.073823529411765e-06
164,4.13e-06,1554393600,4.13e-06,4.13e-06,4.13e-06,0.0,0.0,4.13e-06,0.022189406666666692,0.01427302230769232,0.024693909117647017,4.140000000000002e-06,4.086153846153846e-06,4.072058823529412e-06
165,4.08e-06,1554400800,4.11e-06,4.08e-06,4.11e-06,537.12844498,0.00219874,4.09e-06,0.001690620000000027,0.013765097692307705,0.024749071176470544,4.113333333333334e-06,4.090769230769231e-06,4.069411764705882e-06
166,4.02e-06,1554408000,4.08e-06,3.96e-06,4.08e-06,18568.03775745,0.07437506,4e-06,0.025524600000000026,0.01659251000000001,0.02682769382352937,4.076666666666668e-06,4.088461538461539e-06,4.064411764705883e-06
167,4.02e-06,1554415200,4.03e-06,4.02e-06,4.03e-06,1599.08781117,0.00644388,4.02e-06,0.027672560000000027,0.01683045384615386,0.026955896176470547,4.040000000000001e-06,4.085384615384616e-06,4.06e-06
168,4.05e-06,1554422400,4.05e-06,4.04e-06,4.04e-06,206.41691713,0.00083571,4.04e-06,0.027218216666666694,0.01686208384615386,0.023870153235294077,4.030000000000001e-06,4.083846153846154e-06,4.060294117647058e-06
169,4.02e-06,1554429600,4.02e-06,4.02e-06,4.02e-06,51.41806859,0.0002067,4.02e-06,0.0024954300000000255,0.015859451538461553,0.016583324705882314,4.030000000000001e-06,4.08e-06,4.062941176470589e-06
170,4.02e-06,1554436800,4.02e-06,3.99e-06,4.02e-06,1962.11061211,0.00785826,4e-06,0.0029668900000000254,0.016357118461538474,0.01620487794117643,4.030000000000001e-06,4.076153846153846e-06,4.064411764705883e-06
171,4.02e-06,1554444000,4.02e-06,3.99e-06,3.99e-06,79.59670434,0.00031842,4e-06,0.002794460000000025,0.016366051538461553,0.01621424323529408,4.020000000000001e-06,4.071538461538461e-06,4.065882352941176e-06
172,3.96e-06,1554451200,3.99e-06,3.92e-06,3.99e-06,6381.58100646,0.02522569,3.95e-06,0.011134123333333358,0.01736905384615386,0.01692662117647055,4.0000000000000015e-06,4.061538461538461e-06,4.064705882352942e-06
173,3.94e-06,1554458400,3.99e-06,3.94e-06,3.97e-06,3923.77277395,0.01552674,3.95e-06,0.01369028333333336,0.01815441846153848,0.01735580294117643,3.973333333333335e-06,4.049999999999999e-06,4.06264705882353e-06
174,3.97e-06,1554465600,3.97e-06,3.97e-06,3.97e-06,522.11723747,0.0020728,3.97e-06,0.014275076666666693,0.015510016923076943,0.015629427647058783,3.956666666666669e-06,4.0399999999999994e-06,4.058235294117647e-06
175,4.27e-06,1554472800,4.27e-06,3.98e-06,3.98e-06,43665.98267242,0.17989295,4.11e-06,0.06583083000000002,0.024448313076923096,0.020529831176470545,4.060000000000002e-06,4.0484615384615376e-06,4.0629411764705894e-06
176,4.28e-06,1554480000,4.35e-06,4.24e-06,4.27e-06,11830.95320741,0.05094885,4.3e-06,0.07763820000000002,0.02814644615384617,0.02096531558823525,4.1733333333333354e-06,4.059999999999999e-06,4.070882352941177e-06
177,4.22e-06,1554487200,4.35e-06,4.19e-06,4.27e-06,6714.89166356,0.02849426,4.24e-06,0.08644535333333336,0.030338312307692326,0.021646268235294076,4.2566666666666685e-06,4.066923076923076e-06,4.075000000000001e-06
178,4.22e-06,1554494400,4.23e-06,4.19e-06,4.21e-06,2511.40836342,0.01058,4.21e-06,0.030007703333333358,0.030983024615384634,0.021957444705882314,4.240000000000002e-06,4.077692307692306e-06,4.0791176470588245e-06
179,4.19e-06,1554501600,4.2e-06,4.16e-06,4.2e-06,741.36206325,0.00309965,4.18e-06,0.014057970000000024,0.025500300769230787,0.02203330205882349,4.210000000000002e-06,4.090769230769229e-06,4.08264705882353e-06
180,4.16e-06,1554508800,4.19e-06,4.16e-06,4.19e-06,1311.64498144,0.00545828,4.16e-06,0.006379310000000024,0.0254244853846154,0.02197059205882349,4.190000000000002e-06,4.101538461538461e-06,4.085882352941178e-06
181,4.19e-06,1554516000,4.19e-06,4.16e-06,4.19e-06,293.38554778,0.00122781,4.18e-06,0.0032619133333333574,0.02545464692307694,0.021826473823529376,4.1800000000000015e-06,4.112307692307691e-06,4.0891176470588244e-06
182,4.19e-06,1554523200,4.19e-06,4.19e-06,4.19e-06,274.67694937,0.00115089,4.19e-06,0.002612326666666691,0.02552727692307694,0.021383255588235256,4.1800000000000015e-06,4.125384615384614e-06,4.093823529411765e-06
183,4.15e-06,1554530400,4.19e-06,4.15e-06,4.19e-06,217.46749401,0.00090542,4.16e-06,0.0010947066666666912,0.024992443076923092,0.02140988558823526,4.176666666666668e-06,4.135384615384614e-06,4.097352941176471e-06
184,4.13e-06,1554537600,4.19e-06,4.05e-06,4.15e-06,20277.56042466,0.08317399,4.1e-06,0.028410100000000025,0.03136594846153848,0.022064666764705847,4.156666666666668e-06,4.143846153846153e-06,4.097058823529413e-06
185,4.13e-06,1554544800,4.14e-06,4.13e-06,4.14e-06,1165.89513828,0.00482085,4.13e-06,0.029633420000000025,0.029796345384615397,0.020304830588235262,4.136666666666668e-06,4.1569230769230756e-06,4.098529411764706e-06
186,4.09e-06,1554552000,4.14e-06,4.08e-06,4.14e-06,3022.19455204,0.01238418,4.09e-06,0.033459673333333356,0.029554610000000016,0.020410195882352905,4.116666666666668e-06,4.168461538461537e-06,4.100588235294118e-06
187,3.94e-06,1554559200,4.09e-06,3.82e-06,4.09e-06,41523.29594096,0.16230084,3.9e-06,0.059835290000000034,0.04187984384615387,0.02407731764705879,4.053333333333335e-06,4.1661538461538454e-06,4.097352941176471e-06
188,3.94e-06,1554566400,3.96e-06,3.86e-06,3.96e-06,5454.15021822,0.02132844,3.91e-06,0.06533782000000003,0.029682573846153866,0.024606077352941142,3.990000000000002e-06,4.14076923076923e-06,4.0938235294117645e-06
189,3.99e-06,1554573600,3.99e-06,3.94e-06,3.95e-06,3934.1967502,0.01565359,3.97e-06,0.06642762333333337,0.026967553846153867,0.02505399117647055,3.956666666666669e-06,4.118461538461538e-06,4.091470588235294e-06
190,3.99e-06,1554580800,4e-06,3.94e-06,4e-06,11114.0584333,0.04400889,3.95e-06,0.02699697333333337,0.028160986923076947,0.025958931470588198,3.973333333333336e-06,4.10076923076923e-06,4.089117647058823e-06
191,3.99e-06,1554588000,3.99e-06,3.94e-06,3.99e-06,2704.26377008,0.01067482,3.94e-06,0.0234457666666667,0.028168280769230794,0.026232055882352903,3.990000000000003e-06,4.083076923076922e-06,4.0867647058823514e-06
192,3.99e-06,1554595200,3.99e-06,3.94e-06,3.94e-06,15951.31501598,0.06285265,3.94e-06,0.03917878666666671,0.03276466538461541,0.028074713529411724,3.990000000000003e-06,4.0676923076923065e-06,4.084117647058822e-06
193,3.99e-06,1554602400,3.99e-06,3.99e-06,3.99e-06,32.16997718,0.00012835,3.99e-06,0.02455194000000004,0.03235467076923079,0.027720057352941134,3.990000000000003e-06,4.054615384615384e-06,4.081176470588234e-06
194,3.95e-06,1554609600,3.96e-06,3.95e-06,3.96e-06,1459.62212455,0.00576583,3.95e-06,0.02291561000000004,0.032703749230769255,0.027733258235294073,3.9766666666666695e-06,4.036153846153846e-06,4.07705882352941e-06
195,3.98e-06,1554616800,3.99e-06,3.95e-06,3.99e-06,1918.212883,0.00758735,3.95e-06,0.004493843333333372,0.03319886153846156,0.026884356176470545,3.973333333333336e-06,4.02e-06,4.073529411764705e-06
196,3.99e-06,1554624000,3.99e-06,3.98e-06,3.98e-06,50.181972,0.0002002,3.98e-06,0.004517793333333372,0.033144613846153866,0.025016859117647016,3.973333333333336e-06,4.007692307692307e-06,4.068529411764705e-06
197,3.99e-06,1554631200,3.99e-06,3.99e-06,3.99e-06,25.0877193,0.0001001,3.99e-06,0.002629216666666706,0.026754314615384637,0.024935299705882312,3.9866666666666694e-06,3.996923076923076e-06,4.064411764705881e-06
198,4e-06,1554638400,4e-06,3.96e-06,3.99e-06,2037.24976559,0.00812089,3.98e-06,0.0028070633333333733,0.027008163846153867,0.025174149411764667,3.9933333333333355e-06,3.986923076923076e-06,4.060588235294116e-06
199,3.98e-06,1554645600,4.01e-06,3.98e-06,4e-06,412.53241817,0.00164657,3.99e-06,0.003289186666666707,0.02618219384615387,0.02515790911764702,3.990000000000002e-06,3.978461538461537e-06,4.057647058823527e-06
200,3.98e-06,1554652800,4.01e-06,3.98e-06,4.01e-06,6766.55294838,0.02713126,4e-06,0.012299573333333374,0.015784533846153866,0.023768385588235255,3.986666666666668e-06,3.98153846153846e-06,4.056470588235292e-06
201,3.99e-06,1554660000,3.99e-06,3.96e-06,3.98e-06,1075.66211863,0.00426074,3.96e-06,0.011012856666666708,0.014471633846153869,0.023704175588235257,3.9833333333333356e-06,3.9853846153846146e-06,4.055588235294115e-06
202,3.98e-06,1554667200,3.98e-06,3.95e-06,3.96e-06,1937.54124416,0.00765593,3.95e-06,0.013015976666666706,0.013856429230769253,0.023904770294117608,3.9833333333333356e-06,3.984615384615384e-06,4.053529411764703e-06
203,3.98e-06,1554674400,3.98e-06,3.98e-06,3.98e-06,0.0,0.0,3.98e-06,0.003972223333333373,0.010471130000000023,0.0238986908823529,3.9833333333333356e-06,3.983846153846153e-06,4.052352941176468e-06
204,3.95e-06,1554681600,3.95e-06,3.95e-06,3.95e-06,51.12058793,0.00020192,3.95e-06,0.0026192833333333727,0.00966552230769233,0.023673504411764662,3.970000000000002e-06,3.980769230769229e-06,4.050294117647056e-06
205,3.98e-06,1554688800,3.98e-06,3.98e-06,3.98e-06,1766.83407315,0.00703199,3.98e-06,0.0024113033333333727,0.005371625384615406,0.023870962352941134,3.970000000000002e-06,3.979999999999998e-06,4.049117647058821e-06
206,3.98e-06,1554696000,3.98e-06,3.98e-06,3.98e-06,2017.90007814,0.00803124,3.98e-06,0.005088383333333372,0.005979540000000021,0.023365243235294073,3.970000000000002e-06,3.9792307692307674e-06,4.049705882352938e-06
207,3.98e-06,1554703200,3.98e-06,3.98e-06,3.98e-06,94.17121788,0.0003748,3.98e-06,0.005146010000000039,0.005564845384615406,0.02291959794117643,3.980000000000002e-06,3.98153846153846e-06,4.050882352941173e-06
208,3.94e-06,1554710400,3.98e-06,3.94e-06,3.98e-06,2540.46348821,0.01007868,3.96e-06,0.006161573333333371,0.005756486153846176,0.023155064999999957,3.966666666666668e-06,3.9784615384615365e-06,4.049999999999997e-06
209,3.91e-06,1554717600,3.98e-06,3.9e-06,3.94e-06,6549.39304827,0.02582358,3.94e-06,0.01209235333333337,0.007727515384615407,0.018623612941176426,3.943333333333336e-06,3.972307692307691e-06,4.039411764705879e-06
210,3.94e-06,1554724800,3.94e-06,3.94e-06,3.94e-06,110.88480135,0.00043688,3.94e-06,0.012113046666666703,0.00775342153846156,0.017137966764705834,3.930000000000002e-06,3.968461538461537e-06,4.029411764705878e-06
211,3.94e-06,1554732000,3.94e-06,3.9e-06,3.91e-06,77.10960428,0.000302,3.91e-06,0.00885415333333337,0.007151968461538483,0.01630878264705878,3.930000000000002e-06,3.963846153846152e-06,4.021176470588231e-06
212,3.68e-06,1554739200,3.94e-06,3.65e-06,3.94e-06,28325.05983588,0.10644229,3.75e-06,0.03572705666666671,0.015213177692307712,0.019128261764705834,3.853333333333335e-06,3.940769230769229e-06,4.005294117647054e-06
213,3.74e-06,1554746400,3.75e-06,3.37e-06,3.7e-06,123195.67001471,0.43573931,3.53e-06,0.18082786666666673,0.04664456615384617,0.031852957647058776,3.786666666666669e-06,3.922307692307691e-06,3.992058823529406e-06
214,3.75e-06,1554753600,3.75e-06,3.64e-06,3.74e-06,5229.20892238,0.01949816,3.72e-06,0.18722658666666672,0.04781667538461541,0.032265895294117594,3.7233333333333355e-06,3.903846153846153e-06,3.979999999999995e-06
215,3.76e-06,1554760800,3.76e-06,3.75e-06,3.75e-06,79.94754747,0.0003003,3.75e-06,0.1518459233333334,0.04725085769230772,0.03223861558823524,3.750000000000002e-06,3.886923076923076e-06,3.9673529411764655e-06
216,3.75e-06,1554768000,3.75e-06,3.72e-06,3.73e-06,4072.82454218,0.01515277,3.72e-06,0.011650410000000075,0.04841645538461541,0.032650435588235244,3.7533333333333352e-06,3.869230769230768e-06,3.954411764705878e-06
217,3.75e-06,1554775200,3.75e-06,3.75e-06,3.75e-06,26.93333333,0.00010099,3.75e-06,0.005184686666666741,0.04840869153846157,0.03262677588235289,3.7533333333333352e-06,3.853846153846152e-06,3.942647058823526e-06
218,3.72e-06,1554782400,3.72e-06,3.72e-06,3.72e-06,817.20892818,0.00304001,3.72e-06,0.006097923333333408,0.048101616153846186,0.03026989411764701,3.740000000000002e-06,3.8338461538461525e-06,3.9305882352941134e-06
219,3.71e-06,1554789600,3.72e-06,3.71e-06,3.72e-06,49013.83483619,0.18233115,3.71e-06,0.06182405000000007,0.06150930153846157,0.035490785294117595,3.726666666666669e-06,3.8130769230769222e-06,3.918235294117643e-06
220,3.73e-06,1554796800,3.73e-06,3.66e-06,3.71e-06,900.56927679,0.00332968,3.69e-06,0.06290028000000007,0.06173660000000003,0.035224476470588184,3.720000000000002e-06,3.793846153846153e-06,3.907647058823525e-06
221,3.69e-06,1554804000,3.72e-06,3.69e-06,3.72e-06,64.01272569,0.0002372,3.7e-06,0.061966010000000064,0.06097956307692311,0.030457898823529367,3.710000000000002e-06,3.774615384615384e-06,3.900294117647055e-06
222,3.69e-06,1554811200,3.69e-06,3.68e-06,3.69e-06,5188.65853966,0.01909814,3.68e-06,0.007555006666666734,0.06046222153846158,0.030392301764705837,3.7033333333333357e-06,3.757692307692307e-06,3.8929411764705834e-06
223,3.69e-06,1554818400,3.69e-06,3.69e-06,3.69e-06,1222.09756096,0.00450953,3.69e-06,0.007948290000000068,0.060775502307692346,0.030064535294117598,3.6900000000000024e-06,3.7384615384615376e-06,3.884117647058819e-06
224,3.69e-06,1554825600,3.69e-06,3.67e-06,3.69e-06,1645.71957219,0.00607208,3.68e-06,0.009893250000000069,0.06121935461538465,0.028948746764705838,3.6900000000000024e-06,3.7192307692307682e-06,3.875294117647054e-06
225,3.67e-06,1554832800,3.69e-06,3.62e-06,3.67e-06,1374.83731783,0.00499709,3.63e-06,0.00519290000000007,0.053415877692307726,0.02878175470588231,3.683333333333336e-06,3.7184615384615373e-06,3.865882352941171e-06
226,3.7e-06,1554840000,3.72e-06,3.67e-06,3.67e-06,2930.59192822,0.0108136,3.68e-06,0.0072942566666667355,0.02072928461538465,0.027251194411764663,3.6866666666666693e-06,3.7153846153846146e-06,3.857352941176467e-06
227,3.73e-06,1554847200,3.73e-06,3.69e-06,3.69e-06,263.95628498,0.00097982,3.71e-06,0.005596836666666736,0.01930479692307696,0.02727623764705878,3.7000000000000023e-06,3.713846153846153e-06,3.849705882352937e-06
228,3.74e-06,1554854400,3.74e-06,3.73e-06,3.73e-06,2823.10838475,0.01055588,3.73e-06,0.007449766666666736,0.020093687692307734,0.027417121470588193,3.7233333333333355e-06,3.7123076923076915e-06,3.843529411764702e-06
229,3.75e-06,1554861600,3.75e-06,3.75e-06,3.75e-06,26.69333333,0.00010009,3.75e-06,0.003878596666666736,0.01893578923076927,0.027196907941176428,3.740000000000002e-06,3.7123076923076915e-06,3.836764705882349e-06
230,3.75e-06,1554868800,3.75e-06,3.75e-06,3.75e-06,0.0,0.0,3.75e-06,0.0035519900000000695,0.01892802076923081,0.027191019705882308,3.7466666666666688e-06,3.7123076923076915e-06,3.829705882352937e-06
231,3.72e-06,1554876000,3.75e-06,3.72e-06,3.75e-06,86.69127034,0.00032409,3.73e-06,0.0001413933333334032,0.018719103846153887,0.02719760764705878,3.740000000000002e-06,3.7123076923076915e-06,3.82176470588235e-06
232,3.72e-06,1554883200,3.73e-06,3.72e-06,3.73e-06,1272.13453104,0.00473456,3.72e-06,0.0016862166666667365,0.005057827692307732,0.027098009705882307,3.730000000000002e-06,3.713076923076922e-06,3.8135294117647027e-06
233,3.57e-06,1554890400,3.72e-06,3.41e-06,3.72e-06,12122.02050991,0.04313213,3.55e-06,0.016063593333333404,0.008119554615384654,0.028318173235294074,3.670000000000002e-06,3.7007692307692298e-06,3.801470588235291e-06
234,3.56e-06,1554897600,3.6e-06,3.41e-06,3.57e-06,3150.26480855,0.01102102,3.49e-06,0.019629236666666737,0.008949079230769269,0.027844342647058783,3.6166666666666687e-06,3.6907692307692294e-06,3.78911764705882e-06
235,3.7e-06,1554904800,3.74e-06,3.55e-06,3.55e-06,4194.86538028,0.01527766,3.64e-06,0.023143603333333405,0.008655196153846193,0.02816836970588231,3.6100000000000023e-06,3.6915384615384603e-06,3.780588235294115e-06
236,3.76e-06,1554912000,3.76e-06,3.67e-06,3.7e-06,1856.27764834,0.00690752,3.72e-06,0.011068733333333407,0.008839656923076962,0.02814635764705878,3.6733333333333356e-06,3.6969230769230757e-06,3.7741176470588207e-06
237,3.72e-06,1554919200,3.75e-06,3.72e-06,3.75e-06,297.26619381,0.00110926,3.73e-06,0.0077648133333334075,0.008457901538461578,0.028178982941176427,3.726666666666669e-06,3.699230769230768e-06,3.7664705882352912e-06
238,3.67e-06,1554926400,3.7e-06,3.63e-06,3.7e-06,1374.21845156,0.00502858,3.65e-06,0.004348453333333407,0.008460323846153887,0.02832094352941172,3.716666666666669e-06,3.699230769230768e-06,3.7582352941176446e-06
239,3.67e-06,1554933600,3.67e-06,3.67e-06,3.67e-06,0.0,0.0,3.67e-06,0.002045946666666741,0.007628508461538502,0.028114120294117605,3.6866666666666693e-06,3.6969230769230753e-06,3.749117647058821e-06
240,3.65e-06,1554940800,3.65e-06,3.65e-06,3.65e-06,27.67123288,0.000101,3.65e-06,0.0017098600000000743,0.007560906923076963,0.027880877941176427,3.663333333333336e-06,3.690769230769229e-06,3.73941176470588e-06
241,3.67e-06,1554948000,3.67e-06,3.67e-06,3.67e-06,27.27520436,0.0001001,3.67e-06,6.703333333340736e-05,0.006756616153846194,0.027872798529411724,3.663333333333336e-06,3.685384615384613e-06,3.7302941176470563e-06
242,3.64e-06,1554955200,3.64e-06,3.64e-06,3.64e-06,35.30435684,0.0001285,3.64e-06,0.00010986666666674071,0.006758801538461579,0.027580146176470546,3.6533333333333358e-06,3.6769230769230747e-06,3.7214705882352925e-06
243,3.6e-06,1554962400,3.64e-06,3.6e-06,3.64e-06,305.19877676,0.0011053,3.62e-06,0.0004446333333334074,0.0068438246153846565,0.026853137941176428,3.6366666666666686e-06,3.6653846153846125e-06,3.712352941176469e-06
244,3.56e-06,1554969600,3.6e-06,3.56e-06,3.6e-06,938.63835461,0.00335371,3.57e-06,0.0015291700000000742,0.007076872307692348,0.026938927058823486,3.6000000000000015e-06,3.6530769230769204e-06,3.7011764705882337e-06
245,3.75e-06,1554976800,3.78e-06,3.58e-06,3.58e-06,10950.16697366,0.04084508,3.73e-06,0.015101363333333409,0.009854604615384656,0.02813137058823525,3.6366666666666686e-06,3.655384615384613e-06,3.6955882352941165e-06
246,3.72e-06,1554984000,3.73e-06,3.72e-06,3.73e-06,164.30865404,0.00061179,3.72e-06,0.014936860000000074,0.006583809230769271,0.025018708823529367,3.6766666666666686e-06,3.6669230769230743e-06,3.696764705882352e-06
247,3.7e-06,1554991200,3.73e-06,3.7e-06,3.73e-06,1069.87800731,0.00396998,3.71e-06,0.015142283333333407,0.006041421538461578,0.012319610882352897,3.7233333333333355e-06,3.6776923076923055e-06,3.6955882352941174e-06
248,3.7e-06,1554998400,3.72e-06,3.7e-06,3.72e-06,258.02421171,0.00095783,3.71e-06,0.001846533333333407,0.0049398961538461945,0.011774307058823485,3.706666666666669e-06,3.6776923076923055e-06,3.694117647058823e-06
249,3.7e-06,1555005600,3.7e-06,3.7e-06,3.7e-06,0.0,0.0,3.7e-06,0.001642603333333407,0.004408548461538502,0.011765474705882309,3.7000000000000023e-06,3.673076923076921e-06,3.6923529411764703e-06
250,3.64e-06,1555012800,3.7e-06,3.64e-06,3.7e-06,1550.55394365,0.00569412,3.67e-06,0.00221731666666674,0.004761230000000041,0.011487279117647017,3.6800000000000025e-06,3.666923076923075e-06,3.6891176470588236e-06
251,3.67e-06,1555020000,3.67e-06,3.67e-06,3.67e-06,579.64801107,0.0021273,3.67e-06,0.0026071400000000737,0.004538054615384656,0.011546876470588193,3.6700000000000026e-06,3.666923076923075e-06,3.6867647058823523e-06
252,3.67e-06,1555027200,3.7e-06,3.67e-06,3.68e-06,300.05876804,0.00110487,3.68e-06,0.002975430000000074,0.004623044615384656,0.011489960588235251,3.6600000000000027e-06,3.666923076923075e-06,3.6852941176470585e-06
