,close,date,high,low,open,quoteVolume,volume,weightedAverage,avg_vol_3,avg_vol_13,avg_vol_34,avg_close_3,avg_close_13,avg_close_34
0,4.818e-05,1553218424,4.818e-05,4.818e-05,4.818e-05,0.0,0.0,4.818e-05,-99999.0,-99999.0,-99999.0,-99999.0,-99999.0,-99999.0
1,4.854e-05,1553220000,4.86e-05,4.815e-05,4.815e-05,3280.01474667,0.15907157,4.849e-05,-99999.0,-99999.0,-99999.0,-99999.0,-99999.0,-99999.0
2,4.904e-05,1553227200,4.92e-05,4.854e-05,4.854e-05,16991.09967771,0.83150001,4.893e-05,0.33019052666666665,-99999.0,-99999.0,4.8586666666666674e-05,-99999.0,-99999.0
3,4.887e-05,1553234400,4.93e-05,4.887e-05,4.92e-05,46097.78049891,2.26701393,4.917e-05,1.0858618366666668,-99999.0,-99999.0,4.881666666666667e-05,-99999.0,-99999.0
4,4.899e-05,1553241600,4.9e-05,4.897e-05,4.9e-05,7.38983978,0.000362,4.898e-05,1.0329586466666667,-99999.0,-99999.0,4.896666666666667e-05,-99999.0,-99999.0
5,4.923e-05,1553248800,4.932e-05,4.914e-05,4.916e-05,7839.24427879,0.38629679,4.927e-05,0.8845575733333333,-99999.0,-99999.0,4.903000000000001e-05,-99999.0,-99999.0
6,4.931e-05,1553256000,4.933e-05,4.899e-05,4.904e-05,86254.67572601,4.249491,4.926e-05,1.5453832633333333,-99999.0,-99999.0,4.917666666666668e-05,-99999.0,-99999.0
7,4.915e-05,1553263200,4.92e-05,4.896e-05,4.912e-05,12946.4216203,0.63563777,4.909e-05,1.7571418533333334,-99999.0,-99999.0,4.9230000000000015e-05,-99999.0,-99999.0
8,4.935e-05,1553270400,4.95e-05,4.915e-05,4.927e-05,293112.19865454,14.45932745,4.933e-05,6.4481520733333335,-99999.0,-99999.0,4.927000000000002e-05,-99999.0,-99999.0
9,4.957e-05,1553277600,4.967e-05,4.946e-05,4.952e-05,6708.72714451,0.33271932,4.959e-05,5.142561513333334,-99999.0,-99999.0,4.935666666666669e-05,-99999.0,-99999.0
10,4.979e-05,1553284800,4.99e-05,4.964e-05,4.964e-05,14459.24524689,0.71848373,4.969e-05,5.1701768333333336,-99999.0,-99999.0,4.957000000000002e-05,-99999.0,-99999.0
11,4.935e-05,1553292000,4.986e-05,4.935e-05,4.977e-05,8681.63917931,0.43145615,4.969e-05,0.4942197333333335,-99999.0,-99999.0,4.957000000000002e-05,-99999.0,-99999.0
12,4.942e-05,1553299200,4.956e-05,4.929e-05,4.956e-05,406.4131048,0.02008741,4.942e-05,0.3900090966666668,1.8839574715384613,-99999.0,4.952000000000002e-05,4.9137692307692294e-05,-99999.0
13,4.937e-05,1553306400,4.954e-05,4.93e-05,4.93e-05,7968.35508476,0.39426656,4.947e-05,0.28193670666666676,1.9142856684615381,-99999.0,4.938000000000002e-05,4.922923076923076e-05,-99999.0
14,4.96e-05,1553313600,4.977e-05,4.915e-05,4.925e-05,32830.08755739,1.6334053,4.975e-05,0.6825864233333334,2.027695955384615,-99999.0,4.946333333333335e-05,4.931076923076922e-05,-99999.0
15,4.962e-05,1553320800,4.97e-05,4.939e-05,4.953e-05,16101.91022449,0.79613708,4.944e-05,0.9412696466666669,2.02497573,-99999.0,4.953000000000002e-05,4.93553846153846e-05,-99999.0
16,4.95e-05,1553328000,4.971e-05,4.939e-05,4.939e-05,197.6506147,0.00977663,4.946e-05,0.8131063366666669,1.8513420915384615,-99999.0,4.957333333333335e-05,4.940384615384614e-05,-99999.0
17,5.048e-05,1553335200,5.05e-05,4.958e-05,4.972e-05,16453.97292399,0.82580661,5.018e-05,0.5439067733333335,1.9148378307692309,-99999.0,4.986666666666669e-05,4.9518461538461525e-05,-99999.0
18,5e-05,1553342400,5.047e-05,5e-05,5.047e-05,23890.15456904,1.19917486,5.019e-05,0.6782527000000002,1.9773669130769231,-99999.0,4.999333333333335e-05,4.95776923076923e-05,-99999.0
19,5.031e-05,1553349600,5.031e-05,5.018e-05,5.023e-05,1339.492426,0.06735444,5.028e-05,0.6974453033333333,1.6556641007692308,-99999.0,5.0263333333333344e-05,4.965461538461537e-05,-99999.0
20,5.029e-05,1553356800,5.031e-05,5.008e-05,5.011e-05,23428.47109515,1.17736618,5.025e-05,0.8146318266666667,1.697335516923077,-99999.0,5.020000000000002e-05,4.974230769230769e-05,-99999.0
21,5.02e-05,1553364000,5.05e-05,5.019e-05,5.019e-05,10319.24902368,0.51850795,5.024e-05,0.5877428566666667,0.6249647861538463,-99999.0,5.0266666666666685e-05,4.9807692307692306e-05,-99999.0
22,4.998e-05,1553371200,5.024e-05,4.995e-05,5.02e-05,1008.35080204,0.05054202,5.012e-05,0.5821387166666667,0.6032588400000002,-99999.0,5.015666666666669e-05,4.983923076923077e-05,-99999.0
23,5.019e-05,1553378400,5.019e-05,4.998e-05,4.998e-05,964.56450029,0.04833959,5.011e-05,0.20579652000000012,0.5517092907692309,-99999.0,5.0123333333333355e-05,4.987e-05,-99999.0
24,5.054e-05,1553385600,5.055e-05,5.005e-05,5.019e-05,12149.62843568,0.6126711,5.042e-05,0.23718423666666677,0.5656489023076925,-99999.0,5.0236666666666687e-05,4.9961538461538465e-05,-99999.0
25,5.151e-05,1553392800,5.165e-05,5.027e-05,5.05e-05,23052.91382058,1.17051731,5.077e-05,0.6105093333333335,0.6541435100000002,-99999.0,5.074666666666668e-05,5.012230769230769e-05,-99999.0
26,5.206e-05,1553400000,5.29e-05,5.154e-05,5.154e-05,71781.69341673,3.75024102,5.224e-05,1.8444764766666666,0.9122953915384616,-99999.0,5.137000000000001e-05,5.032923076923077e-05,-99999.0
27,5.163e-05,1553407200,5.229e-05,5.155e-05,5.203e-05,12603.83951607,0.6531305,5.181e-05,1.8579629433333331,0.8368896376923077,-99999.0,5.173333333333334e-05,5.0485384615384614e-05,-99999.0
28,5.335e-05,1553414400,5.335e-05,5.189e-05,5.189e-05,43733.57083321,2.30346329,5.267e-05,2.235611603333333,0.9528378076923077,-99999.0,5.234666666666668e-05,5.077230769230769e-05,-99999.0
29,5.365e-05,1553421600,5.49e-05,5.316e-05,5.335e-05,244078.25773681,13.15853461,5.391e-05,5.371709466666666,1.9642807292307691,-99999.0,5.287666666666668e-05,5.109153846153846e-05,-99999.0
30,5.369e-05,1553428800,5.418e-05,5.327e-05,5.341e-05,18760.1014095,1.00996299,5.383e-05,5.490653630000001,1.9784466046153848,-99999.0,5.3563333333333356e-05,5.1338461538461545e-05,-99999.0
31,5.468e-05,1553436000,5.468e-05,5.391e-05,5.402e-05,47643.39478669,2.58649212,5.428e-05,5.584996573333334,2.0851633169230768,-99999.0,5.4006666666666686e-05,5.169846153846154e-05,-99999.0
32,5.293e-05,1553443200,5.525e-05,5.27e-05,5.469e-05,81988.66042362,4.41053205,5.379e-05,2.6689957200000003,2.4192539023076924,-99999.0,5.376666666666668e-05,5.19e-05,-99999.0
33,5.292e-05,1553450400,5.311e-05,5.238e-05,5.31e-05,62212.93969312,3.29783871,5.3e-05,3.4316209600000005,2.582367173846154,1.887220825,5.3510000000000015e-05,5.210230769230769e-05,5.044970588235293e-05
34,5.216e-05,1553457600,5.361e-05,5.216e-05,5.312e-05,26876.47006311,1.41994949,5.283e-05,3.0427734166666673,2.651708830769231,1.9289840452941174,5.2670000000000016e-05,5.225307692307692e-05,5.056676470588235e-05
35,5.246e-05,1553464800,5.276e-05,5.206e-05,5.216e-05,2490.64486598,0.13092146,5.256e-05,1.6162365533333338,2.657891864615385,1.9281561008823527,5.2513333333333344e-05,5.244384615384615e-05,5.068205882352941e-05
36,5.204e-05,1553472000,5.231e-05,5.171e-05,5.231e-05,40309.21945115,2.09127967,5.188e-05,1.214050206666667,2.815041101538462,1.9652084438235295,5.222000000000001e-05,5.258615384615385e-05,5.0770294117647057e-05
37,5.195e-05,1553479200,5.241e-05,5.191e-05,5.21e-05,2308.92766681,0.12075051,5.229e-05,0.7809838800000004,2.7772010561538467,1.9020830491176468,5.2150000000000014e-05,5.269461538461539e-05,5.086088235294118e-05
38,5.141e-05,1553486400,5.19e-05,5.141e-05,5.19e-05,8220.02195034,0.42452297,5.164e-05,0.8788510500000003,2.7198168761538466,1.9145583717647057,5.180000000000001e-05,5.268692307692308e-05,5.093205882352941e-05
39,5.183e-05,1553493600,5.183e-05,5.149e-05,5.149e-05,2252.73298462,0.11659704,5.175e-05,0.22062350666666694,2.4403058007692313,1.9066260261764703,5.1730000000000015e-05,5.266923076923077e-05,5.10085294117647e-05
40,5.07e-05,1553500800,5.193e-05,5.07e-05,5.184e-05,38175.97991314,1.94129473,5.085e-05,0.8274715800000002,2.539395356923077,1.838737900588235,5.131333333333334e-05,5.2597692307692305e-05,5.104941176470588e-05
41,5.077e-05,1553508000,5.086e-05,5.047e-05,5.08e-05,6658.63914435,0.33746632,5.068e-05,0.7984526966666669,2.3881648207692305,1.8299681520588231,5.1100000000000016e-05,5.239923076923077e-05,5.10970588235294e-05
42,5.07e-05,1553515200,5.1e-05,5.067e-05,5.078e-05,15036.28302336,0.76468094,5.085e-05,1.0144806633333336,1.4347914615384616,1.42718443117647,5.072333333333334e-05,5.217230769230769e-05,5.113676470588235e-05
43,5.101e-05,1553522400,5.125e-05,5.067e-05,5.068e-05,9663.06131413,0.49341601,5.106e-05,0.5318544233333334,1.3950570784615386,1.431910804411764,5.082666666666668e-05,5.1966153846153844e-05,5.1179117647058815e-05
44,5.1e-05,1553529600,5.1e-05,5.069e-05,5.096e-05,5108.72933412,0.25958088,5.081e-05,0.5058926100000002,1.2160639061538465,1.4184136617647052,5.090333333333334e-05,5.1683076923076923e-05,5.121470588235293e-05
45,5.09e-05,1553536800,5.09e-05,5.09e-05,5.09e-05,500.0,0.02545,5.09e-05,0.2594822966666669,0.8787499023076926,1.406472304411764,5.097000000000001e-05,5.152692307692308e-05,5.126029411764705e-05
46,5.09e-05,1553544000,5.09e-05,5.09e-05,5.09e-05,0.0,0.0,5.09e-05,0.09501029333333355,0.6250700015384617,1.4058814982352934,5.093333333333334e-05,5.137153846153846e-05,5.130382352941176e-05
47,5.157e-05,1553551200,5.178e-05,5.092e-05,5.092e-05,18998.81322508,0.97748633,5.144e-05,0.3343121100000002,0.591034373846154,1.4230350208823521,5.1123333333333346e-05,5.132615384615385e-05,5.136852941176469e-05
48,5.197e-05,1553558400,5.277e-05,5.16e-05,5.16e-05,12639.70056571,0.66187341,5.236e-05,0.546453246666667,0.6318768315384617,1.394460553529411,5.1480000000000015e-05,5.1288461538461544e-05,5.1438235294117636e-05
49,5.242e-05,1553565600,5.242e-05,5.199e-05,5.199e-05,4999.82821549,0.26032072,5.206e-05,0.6332268200000003,0.4910338353846155,1.3787012488235286,5.198666666666669e-05,5.1317692307692304e-05,5.152058823529411e-05
50,5.249e-05,1553572800,5.272e-05,5.209e-05,5.239e-05,5642.64597493,0.29609161,5.247e-05,0.4060952466666669,0.5045216123076924,1.387122277647058,5.2293333333333363e-05,5.135923076923076e-05,5.1608529411764696e-05
51,5.351e-05,1553580000,5.497e-05,5.245e-05,5.247e-05,42976.17188492,2.30533581,5.364e-05,0.9539160466666669,0.6491995230769233,1.4306378423529404,5.280666666666669e-05,5.152076923076922e-05,5.1697647058823524e-05
52,5.382e-05,1553587200,5.411e-05,5.309e-05,5.356e-05,101344.80451694,5.45248559,5.38e-05,2.6846376700000008,1.0596524884615386,1.5557352167647052,5.327333333333336e-05,5.1673846153846146e-05,5.1809999999999994e-05
53,5.407e-05,1553594400,5.481e-05,5.35e-05,5.364e-05,28426.46449917,1.54675078,5.441e-05,3.101524060000001,1.029302953846154,1.5992468738235288,5.380000000000003e-05,5.1933076923076916e-05,5.192058823529411e-05
54,5.237e-05,1553601600,5.409e-05,5.237e-05,5.381e-05,12499.37886908,0.66287383,5.303e-05,2.5540367333333345,1.054334300769231,1.5841147458823523,5.342000000000002e-05,5.2056153846153845e-05,5.1981764705882346e-05
55,5.378e-05,1553608800,5.488e-05,5.191e-05,5.229e-05,77850.71063978,4.18387702,5.374e-05,2.131167210000001,1.3173493838461536,1.691919718529411,5.3406666666666685e-05,5.229307692307692e-05,5.2087058823529406e-05
56,5.407e-05,1553616000,5.526e-05,5.282e-05,5.364e-05,148922.61749308,8.07066683,5.419e-05,4.305805893333335,1.9002148315384615,1.9278057423529404,5.3406666666666685e-05,5.252846153846154e-05,5.2207352941176464e-05
57,5.497e-05,1553623200,5.524e-05,5.32e-05,5.4e-05,70473.02372208,3.81423496,5.412e-05,5.356259603333335,2.1736497607692304,2.038567370882352,5.427333333333335e-05,5.2833846153846155e-05,5.2347941176470586e-05
58,5.55e-05,1553630400,5.55e-05,5.432e-05,5.525e-05,93963.30529234,5.17132964,5.503e-05,5.685410476666668,2.569486656153846,2.1726455632352932,5.4846666666666685e-05,5.3187692307692305e-05,5.249382352941176e-05
59,5.449e-05,1553637600,5.596e-05,5.432e-05,5.55e-05,50311.77130697,2.7782692,5.522e-05,3.9212779333333345,2.783199671538461,2.219932383529411,5.498666666666668e-05,5.3463846153846154e-05,5.258147058823529e-05
60,5.388e-05,1553644800,5.452e-05,5.364e-05,5.45e-05,31664.75648509,1.70888427,5.396e-05,3.2194943700000014,2.839461051538461,2.159892479117646,5.462333333333335e-05,5.3641538461538456e-05,5.263499999999999e-05
61,5.367e-05,1553652000,5.392e-05,5.347e-05,5.364e-05,1833.1216729,0.09853572,5.375e-05,1.5285630633333345,2.7961273830769224,2.1435808679411754,5.401333333333335e-05,5.377230769230769e-05,5.2694999999999996e-05
62,5.42e-05,1553659200,5.42e-05,5.345e-05,5.347e-05,2671.65299138,0.14434151,5.402e-05,0.6505871666666679,2.7872059053846145,2.08007728617647,5.391666666666668e-05,5.3909230769230766e-05,5.271999999999999e-05
63,5.353e-05,1553666400,5.395e-05,5.353e-05,5.378e-05,6169.45591024,0.33158541,5.374e-05,0.19148754666666803,2.789936197692307,1.702814074411764,5.3800000000000013e-05,5.398923076923077e-05,5.2716470588235285e-05
64,5.427e-05,1553673600,5.427e-05,5.337e-05,5.373e-05,1585.33143291,0.08531698,5.381e-05,0.18708130000000137,2.619165518461538,1.675618603529411,5.400000000000002e-05,5.404769230769231e-05,5.27335294117647e-05
65,5.418e-05,1553680800,5.471e-05,5.407e-05,5.407e-05,35966.38991843,1.95321018,5.43e-05,0.7900375233333348,2.349990486923076,1.6569926641176462,5.399333333333335e-05,5.407538461538462e-05,5.271882352941176e-05
66,5.45e-05,1553688000,5.45e-05,5.409e-05,5.412e-05,3644.36523802,0.19855246,5.448e-05,0.745693206666668,2.246282923846153,1.5331109114705874,5.4316666666666675e-05,5.410846153846154e-05,5.2764999999999994e-05
67,5.44e-05,1553695200,5.47e-05,5.434e-05,5.434e-05,12309.71574361,0.6715195,5.455e-05,0.9410940466666681,2.2469479753846144,1.4558662288235287,5.436000000000001e-05,5.4264615384615384e-05,5.28085294117647e-05
68,5.512e-05,1553702400,5.525e-05,5.441e-05,5.441e-05,16039.69647734,0.88479788,5.516e-05,0.5849566133333347,1.9931726569230759,1.4401264755882346,5.467333333333334e-05,5.4367692307692303e-05,5.2895588235294114e-05
69,5.513e-05,1553709600,5.537e-05,5.487e-05,5.5e-05,13564.04017424,0.74793317,5.514e-05,0.7680835166666681,1.4298854523076914,1.4582738788235285,5.488333333333334e-05,5.4449230769230764e-05,5.297411764705882e-05
70,5.582e-05,1553716800,5.64e-05,5.484e-05,5.512e-05,40126.44158964,2.24174726,5.586e-05,1.2914927700000016,1.308924859999999,1.4626993961764698,5.535666666666667e-05,5.4514615384615384e-05,5.308529411764706e-05
71,5.577e-05,1553724000,5.581e-05,5.54e-05,5.581e-05,5645.15218636,0.31465685,5.573e-05,1.1014457600000016,0.9353346453846143,1.4684025238235285,5.557333333333333e-05,5.453538461538462e-05,5.319764705882352e-05
72,5.765e-05,1553731200,5.825e-05,5.541e-05,5.577e-05,47851.22255423,2.70636408,5.655e-05,1.7542560633333348,0.9298034823076912,1.535515497647058,5.641333333333333e-05,5.477846153846154e-05,5.3381176470588226e-05
73,5.767e-05,1553738400,5.806e-05,5.661e-05,5.765e-05,9314.69358278,0.53385398,5.731e-05,1.1849583033333349,0.8394165369230758,1.5477877605882342,5.703000000000001e-05,5.5070000000000006e-05,5.355294117647058e-05
74,5.766e-05,1553745600,5.769e-05,5.673e-05,5.769e-05,22297.64892895,1.27516127,5.718e-05,1.5051264433333345,0.9299261946153835,1.5281955999999988,5.7659999999999993e-05,5.537692307692308e-05,5.3757647058823515e-05
75,5.772e-05,1553752800,5.891e-05,5.758e-05,5.763e-05,50877.23196678,2.97273682,5.842e-05,1.5939173566666678,1.1474950646153834,1.6057035558823518,5.768333333333334e-05,5.564769230769231e-05,5.39620588235294e-05
76,5.625e-05,1553760000,5.759e-05,5.615e-05,5.759e-05,61987.78506228,3.51401031,5.668e-05,2.587302800000001,1.392296979999999,1.6865661844117639,5.7209999999999996e-05,5.585692307692308e-05,5.412529411764705e-05
77,5.621e-05,1553767200,5.657e-05,5.557e-05,5.619e-05,22501.54031522,1.258977,5.595e-05,2.581908043333334,1.482578519999999,1.7090826841176463,5.672666666666666e-05,5.6006153846153846e-05,5.427823529411763e-05
78,5.699e-05,1553774400,5.723e-05,5.607e-05,5.615e-05,15958.92652045,0.90290632,5.657e-05,1.8919645433333343,1.4017859153846144,1.7280040205882345,5.648333333333332e-05,5.622230769230769e-05,5.4454411764705866e-05
79,5.703e-05,1553781600,5.774e-05,5.676e-05,5.699e-05,23340.9221856,1.33558474,5.722e-05,1.1658226866666674,1.489249936923076,1.766537395294117,5.6743333333333336e-05,5.641692307692308e-05,5.463470588235293e-05
80,5.773e-05,1553788800,5.795e-05,5.705e-05,5.727e-05,15792.85232473,0.91008091,5.762e-05,1.0495239900000009,1.507600814615384,1.7933044808823522,5.725e-05,5.667307692307692e-05,5.4835588235294105e-05
81,6.061e-05,1553796000,6.061e-05,5.77e-05,5.773e-05,71028.01724122,4.22051592,5.942e-05,2.155393856666668,1.7641945099999994,1.8886877041176462,5.8456666666666665e-05,5.709538461538462e-05,5.5101470588235283e-05
82,6.233e-05,1553803200,6.27e-05,6.011e-05,6.076e-05,219549.13316682,13.48042214,6.14e-05,6.203672990000001,2.7436167384615375,2.2657038432352934,6.022333333333332e-05,5.764923076923077e-05,5.540617647058823e-05
83,6.28e-05,1553810400,6.432e-05,6.124e-05,6.27e-05,188690.217363,11.9261544,6.32e-05,9.875697486666668,3.488571133846153,2.6088165985294114,6.191333333333332e-05,5.818615384615384e-05,5.571147058823528e-05
84,6.438e-05,1553817600,6.613e-05,6.25e-05,6.28e-05,378842.89112742,24.43296086,6.449e-05,16.613179133333336,5.343825288461537,3.3187245176470586,6.316999999999998e-05,5.884846153846154e-05,5.606117647058823e-05
85,6.562e-05,1553824800,6.853e-05,6.453e-05,6.453e-05,226930.84095822,15.07018671,6.64e-05,17.14310065666667,6.294888567692307,3.6941613088235288,6.426666666666665e-05,5.946153846153846e-05,5.641735294117646e-05
86,6.491e-05,1553832000,6.575e-05,6.39e-05,6.562e-05,42151.60268432,2.73130075,6.479e-05,14.078149440000004,6.4639229346153835,3.614126460588235,6.496999999999998e-05,6.001846153846153e-05,5.67435294117647e-05
87,6.354e-05,1553839200,6.559e-05,6.333e-05,6.502e-05,49731.43596955,3.22184827,6.478e-05,7.007778576666671,6.613668088461537,3.6633940338235287,6.468999999999999e-05,6.0470769230769226e-05,5.7022058823529405e-05
88,6.478e-05,1553846400,6.597e-05,6.296e-05,6.34e-05,57010.37784258,3.69350952,6.478e-05,3.215552846666671,6.669112142307692,3.752530377647058,6.440999999999999e-05,6.101384615384615e-05,5.738705882352941e-05
89,6.624e-05,1553853600,6.73e-05,6.431e-05,6.454e-05,85791.70028232,5.6288011,6.561e-05,4.181386296666671,6.831788356923076,3.7950281447058813,6.485333333333333e-05,6.178230769230768e-05,5.775352941176471e-05
90,7.037e-05,1553860800,7.534e-05,6.607e-05,6.623e-05,388300.66209906,27.92566003,7.191e-05,12.41599021666667,8.883071666923076,4.378998532941175,6.712999999999999e-05,6.287153846153845e-05,5.82329411764706e-05
91,7.17e-05,1553868000,7.255e-05,6.88e-05,7.03e-05,278051.88280289,19.7913149,7.117e-05,17.781925343333334,10.336026173076922,4.848912648823529,6.943666666666666e-05,6.400307692307691e-05,5.872500000000001e-05
92,6.799e-05,1553875200,7.205e-05,6.799e-05,7.137e-05,221222.46825234,15.51184239,7.011e-05,21.076272440000004,11.42650753076923,5.153045376764704,7.001999999999997e-05,6.484615384615383e-05,5.9092352941176484e-05
93,6.882e-05,1553882400,6.953e-05,6.697e-05,6.799e-05,213770.17704929,14.60346147,6.831e-05,16.635539586666667,12.479844496923077,5.500845149411763,6.950333333333331e-05,6.569923076923076e-05,5.9513823529411776e-05
94,7.115e-05,1553889600,7.117e-05,6.928e-05,6.928e-05,86820.11780102,6.13315407,7.064e-05,12.08281931,12.626970508461538,5.6309707317647035,6.931999999999998e-05,6.650999999999998e-05,6.002176470588236e-05
95,6.901e-05,1553896800,7.155e-05,6.845e-05,7.13e-05,55731.16226409,3.89842212,6.995e-05,8.21167922,11.889893583846153,5.7427320964705855,6.965999999999997e-05,6.702384615384614e-05,6.047294117647059e-05
96,6.624e-05,1553904000,6.955e-05,6.605e-05,6.905e-05,92999.42014799,6.20347402,6.67e-05,5.411683403333335,11.449687400769228,5.920941876176467,6.879999999999998e-05,6.728846153846153e-05,6.0827058823529414e-05
97,6.677e-05,1553911200,6.677e-05,6.469e-05,6.63e-05,64335.78111254,4.22260856,6.563e-05,4.774834900000002,9.895044916153843,6.035383733529408,6.733999999999998e-05,6.747230769230768e-05,6.12164705882353e-05
98,6.609e-05,1553918400,6.632e-05,6.383e-05,6.632e-05,51171.18597672,3.31345686,6.475e-05,4.579846480000001,8.990681081538458,6.1303290241176445,6.636666666666665e-05,6.750846153846152e-05,6.156411764705882e-05
99,6.485e-05,1553925600,6.636e-05,6.428e-05,6.606e-05,32340.84839736,2.12351826,6.566e-05,3.219861226666669,8.943928582307688,6.135338085294115,6.590333333333333e-05,6.750384615384613e-05,6.187794117647058e-05
100,6.48e-05,1553932800,6.586e-05,6.474e-05,6.5e-05,32151.99926636,2.0908252,6.502e-05,2.509266773333335,8.856926807692304,6.19099316588235,6.524666666666666e-05,6.760076923076921e-05,6.218088235294118e-05
101,6.377e-05,1553940000,6.494e-05,6.292e-05,6.494e-05,18283.07155403,1.16059441,6.347e-05,1.7916459566666685,8.66208718384615,6.20537772205882,6.447333333333332e-05,6.752307692307691e-05,6.245647058823529e-05
102,6.627e-05,1553947200,6.627e-05,6.299e-05,6.351e-05,36682.12820098,2.39034035,6.516e-05,1.880586653333335,8.412974818461533,6.249658382941173,6.494666666666665e-05,6.752538461538461e-05,6.278441176470587e-05
103,6.554e-05,1553954400,6.625e-05,6.474e-05,6.625e-05,20419.43313717,1.34011584,6.562e-05,1.6303502000000016,6.367932957692303,6.267075520294115,6.519333333333332e-05,6.715384615384614e-05,6.30905882352941e-05
104,6.681e-05,1553961600,6.78e-05,6.555e-05,6.555e-05,81637.35059227,5.47385215,6.705e-05,3.068102780000002,5.266589669230764,6.362137428823526,6.620666666666665e-05,6.677769230769231e-05,6.341382352941175e-05
105,6.827e-05,1553968800,7.002e-05,6.62e-05,6.657e-05,176370.45050378,12.22114396,6.929e-05,6.3450373166666685,5.0134590207692264,6.712328226176467,6.687333333333332e-05,6.679923076923076e-05,6.378147058823528e-05
106,6.8e-05,1553976000,6.898e-05,6.748e-05,6.845e-05,7830.90903958,0.53130409,6.784e-05,6.075433400000001,3.930985376153842,6.648355873529408,6.76933333333333e-05,6.673615384615384e-05,6.408588235294117e-05
107,6.63e-05,1553983200,6.805e-05,6.626e-05,6.775e-05,12319.71589934,0.82475769,6.694e-05,4.525735246666668,3.5226471930769185,6.656911864999997,6.75233333333333e-05,6.636307692307692e-05,6.433970588235293e-05
108,6.788e-05,1553990400,6.8e-05,6.6e-05,6.618e-05,30909.82299052,2.07821256,6.723e-05,1.144758113333335,3.3826310730769182,6.680531020588232,6.739333333333329e-05,6.627615384615385e-05,6.464029411764704e-05
109,6.758e-05,1553997600,6.82e-05,6.599e-05,6.8e-05,45451.11479917,3.03661731,6.681e-05,1.979862520000002,3.1390267107692256,6.682409858529408,6.725333333333328e-05,6.637923076923077e-05,6.493029411764704e-05
110,6.626e-05,1554004800,6.766e-05,6.562e-05,6.765e-05,4877.58873521,0.32396423,6.641e-05,1.8129313666666684,2.8391309930769184,6.588584973823526,6.723999999999997e-05,6.634e-05,6.522470588235292e-05
111,6.658e-05,1554012000,6.658e-05,6.598e-05,6.626e-05,3886.77199379,0.2569067,6.609e-05,1.2058294133333352,2.6040117499999953,6.559112317941174,6.680666666666664e-05,6.637769230769233e-05,6.552970588235292e-05
112,6.511e-05,1554019200,6.664e-05,6.459e-05,6.664e-05,94484.02176972,6.14201121,6.5e-05,2.240960713333335,2.913126592307688,6.713203638235291,6.598333333333332e-05,6.639769230769232e-05,6.57685294117647e-05
113,6.482e-05,1554026400,6.536e-05,6.426e-05,6.523e-05,26530.2252503,1.7149815,6.464e-05,2.7046331366666685,2.8842155384615342,6.724362366470585,6.550333333333332e-05,6.639923076923079e-05,6.599764705882353e-05
114,6.623e-05,1554033600,6.623e-05,6.48e-05,6.5e-05,19415.19849696,1.27075798,6.545e-05,3.0425835633333347,2.8926896592307645,6.734970515588232,6.538666666666664e-05,6.658846153846156e-05,6.624764705882352e-05
115,6.677e-05,1554040800,6.76e-05,6.605e-05,6.623e-05,260923.68058431,17.44080916,6.684e-05,6.808849546666669,4.050418029230764,7.12380266970588,6.593999999999997e-05,6.66269230769231e-05,6.642882352941176e-05
116,6.87e-05,1554048000,6.898e-05,6.633e-05,6.665e-05,30230.43722934,2.03510932,6.731e-05,6.915558820000002,4.103879066153841,6.7871758220588205,6.72333333333333e-05,6.687000000000002e-05,6.661617647058822e-05
117,6.82e-05,1554055200,6.931e-05,6.784e-05,6.87e-05,53083.23241488,3.65667238,6.888e-05,7.710863620000002,3.9640960069230715,6.543955762647056,6.788999999999996e-05,6.697692307692309e-05,6.677499999999998e-05
118,6.718e-05,1554062400,6.821e-05,6.709e-05,6.82e-05,5441.77952074,0.36749744,6.753e-05,2.019759713333336,3.0522770438461486,5.836148014999997,6.802666666666663e-05,6.689307692307694e-05,6.685735294117645e-05
119,7.04e-05,1554069600,7.11e-05,6.719e-05,6.719e-05,71478.31314,4.96134814,6.941e-05,2.995172653333336,3.393049663076918,5.538829233529409,6.85933333333333e-05,6.707769230769233e-05,6.699794117647056e-05
120,7.056e-05,1554076800,7.412e-05,7.039e-05,7.04e-05,587201.40038725,42.45796818,7.23e-05,15.928937920000005,6.595604316153841,6.707260628529409,6.937999999999998e-05,6.740538461538464e-05,6.71641176470588e-05
121,7.362e-05,1554084000,7.398e-05,7.024e-05,7.054e-05,48542.7162379,3.51907315,7.249e-05,16.97946315666667,6.706439746153841,6.7160025367647025,7.152666666666663e-05,6.78469230769231e-05,6.746058823529409e-05
122,7.137e-05,1554091200,7.361e-05,7.108e-05,7.327e-05,87425.27856061,6.37353491,7.29e-05,17.450192080000004,6.963125715384611,6.7948268129411735,7.184999999999997e-05,6.813846153846155e-05,6.765441176470586e-05
123,7.017e-05,1554098400,7.118e-05,6.925e-05,7.118e-05,91875.51682665,6.47195203,7.044e-05,5.454853363333335,7.436047853846149,6.8196253697058795,7.171999999999998e-05,6.843923076923078e-05,6.776999999999997e-05
124,7.081e-05,1554105600,7.155e-05,7.029e-05,7.029e-05,17953.33192351,1.27245524,7.087e-05,4.705980726666668,7.514166972307687,6.0357075817647035,7.078333333333331e-05,6.87646153846154e-05,6.778294117647056e-05
125,6.935e-05,1554112800,7.116e-05,6.935e-05,7.08e-05,20382.76200431,1.43330997,7.031e-05,3.059239080000001,7.151959184615379,5.495766260294115,7.010999999999998e-05,6.909076923076924e-05,6.771382352941173e-05
126,7.005e-05,1554120000,7.02e-05,6.947e-05,6.961e-05,52688.54117674,3.67214767,6.969e-05,2.1259709600000014,7.302510428461533,5.1475399449999975,7.006999999999998e-05,6.949307692307694e-05,6.777441176470585e-05
127,6.917e-05,1554127200,7.024e-05,6.854e-05,7.005e-05,10537.26696838,0.73491638,6.974e-05,1.9467913400000016,7.2612918438461485,4.739641559999997,6.952333333333333e-05,6.971923076923078e-05,6.778470588235291e-05
128,7.018e-05,1554134400,7.018e-05,6.918e-05,6.918e-05,9594.03742271,0.66689086,6.951e-05,1.691318303333335,5.970990436153841,4.578869112647056,6.979999999999999e-05,6.998153846153847e-05,6.775617647058822e-05
129,7.012e-05,1554141600,7.11e-05,6.971e-05,7.013e-05,17273.22244506,1.21463719,7.031e-05,0.8721481433333347,5.90787719538461,4.499934261764703,6.982333333333332e-05,7.009076923076924e-05,6.778882352941173e-05
130,6.92e-05,1554148800,7.028e-05,6.884e-05,7.012e-05,14835.97526743,1.02899168,6.935e-05,0.9701732433333347,5.705747910769225,4.3477436047058795,6.983333333333331e-05,7.016769230769231e-05,6.787588235294116e-05
131,6.863e-05,1554156000,6.918e-05,6.848e-05,6.912e-05,19003.23208594,1.30516157,6.868e-05,1.1829301466666677,5.777875920769225,4.261936340294115,6.931666666666664e-05,7.027923076923077e-05,6.79305882352941e-05
132,6.845e-05,1554163200,6.863e-05,6.824e-05,6.85e-05,36486.83427963,2.49759294,6.845e-05,1.6105820633333348,5.588356289999995,4.2379403426470565,6.875999999999997e-05,7.012923076923078e-05,6.799999999999999e-05
133,6.897e-05,1554170400,6.932e-05,6.8e-05,6.845e-05,6767.32732566,0.46251726,6.834e-05,1.421757256666668,2.3579369884615335,4.189087372058821,6.868333333333331e-05,7.000692307692309e-05,6.812117647058822e-05
134,6.533e-05,1554177600,6.932e-05,6.033e-05,6.897e-05,225863.46142224,14.55854371,6.445e-05,5.839551303333335,3.207127031538457,4.555784975294115,6.758333333333331e-05,6.936923076923078e-05,6.813676470588234e-05
135,6.578e-05,1554184800,6.603e-05,6.405e-05,6.553e-05,45286.69252265,2.95735042,6.53e-05,5.992803796666668,2.944343609230764,4.608630740294116,6.669333333333331e-05,6.893923076923079e-05,6.819588235294117e-05
136,6.406e-05,1554192000,6.6e-05,6.364e-05,6.596e-05,60138.75415036,3.87056653,6.436e-05,7.128820220000002,2.7442370323076872,4.652166804411762,6.505666666666665e-05,6.846923076923079e-05,6.813088235294116e-05
137,6.49e-05,1554199200,6.523e-05,6.334e-05,6.414e-05,73754.06178868,4.72271071,6.403e-05,3.850209220000003,3.0096412992307644,4.751654888823527,6.491333333333331e-05,6.801461538461539e-05,6.811205882352941e-05
138,6.548e-05,1554206400,6.562e-05,6.458e-05,6.49e-05,108770.49015828,7.08005955,6.509e-05,5.224445596666669,3.4440066515384564,4.798896282941174,6.481333333333331e-05,6.771692307692309e-05,6.807294117647059e-05
139,6.372e-05,1554213600,6.559e-05,6.302e-05,6.542e-05,689166.93264021,44.52470646,6.46e-05,18.775825573333336,6.586511173846148,5.749001062352939,6.469999999999999e-05,6.723000000000002e-05,6.793911764705882e-05
140,6.35e-05,1554220800,6.472e-05,6.35e-05,6.372e-05,48777.32171129,3.13064895,6.418e-05,18.245138320000002,6.770798294615378,5.825452381764703,6.423333333333333e-05,6.679384615384616e-05,6.780676470588236e-05
141,6.46e-05,1554228000,6.506e-05,6.349e-05,6.358e-05,75813.90594406,4.8889391,6.448e-05,17.514764836666668,7.09557123615384,5.944987129117643,6.393999999999999e-05,6.63646153846154e-05,6.775676470588236e-05
142,6.404e-05,1554235200,6.519e-05,6.385e-05,6.46e-05,23076.70509375,1.49571406,6.481e-05,3.1717673700000026,7.117192533846147,5.927854820294114,6.404666666666664e-05,6.589692307692308e-05,6.764382352941177e-05
143,6.58e-05,1554242400,6.588e-05,6.417e-05,6.417e-05,49751.80238006,3.2427696,6.517e-05,3.2091409200000025,7.2874831430769165,5.933918122941173,6.48133333333333e-05,6.563538461538462e-05,6.75914705882353e-05
144,6.396e-05,1554249600,6.555e-05,6.121e-05,6.555e-05,89662.68785028,5.66860513,6.322e-05,3.4690295966666693,7.623132647692302,6.091113443529409,6.459999999999996e-05,6.527615384615385e-05,6.752382352941178e-05
145,6.29e-05,1554256800,6.426e-05,6.219e-05,6.396e-05,14684.14422511,0.92806006,6.32e-05,3.27981159666667,7.502399349230763,6.1108532482352915,6.421999999999996e-05,6.484923076923078e-05,6.741558823529412e-05
146,6.35e-05,1554264000,6.386e-05,6.249e-05,6.3e-05,20077.82564777,1.26417496,6.296e-05,2.620280050000003,7.564065326153841,5.967387476176468,6.345333333333328e-05,6.442846153846154e-05,6.736823529411765e-05
147,6.322e-05,1554271200,6.425e-05,6.299e-05,6.35e-05,13989.06238298,0.89246902,6.379e-05,1.0282346800000026,6.512828811538456,5.943195932647056,6.32066666666666e-05,6.426615384615386e-05,6.732117647058824e-05
148,6.261e-05,1554278400,6.321e-05,6.256e-05,6.294e-05,30721.7432168,1.93092761,6.285e-05,1.362523863333336,6.433873210769225,5.962612686470585,6.310999999999994e-05,6.40223076923077e-05,6.721470588235295e-05
149,6.297e-05,1554285600,6.3e-05,6.227e-05,6.255e-05,13797.0545868,0.86630549,6.278e-05,1.2299007066666696,6.202776207692302,5.475127284411761,6.293333333333327e-05,6.393846153846155e-05,6.710294117647059e-05
150,6.127e-05,1554292800,6.3e-05,6.127e-05,6.3e-05,48959.30430135,3.03471687,6.198e-05,1.9439833233333363,6.072930527692302,5.504527506470585,6.228333333333327e-05,6.365923076923077e-05,6.688441176470589e-05
151,6.152e-05,1554300000,6.192e-05,6.103e-05,6.165e-05,56873.20227902,3.48316647,6.124e-05,2.46139627666667,5.796246444615378,5.499424391470584,6.191999999999994e-05,6.33546153846154e-05,6.668794117647059e-05
152,6.026e-05,1554307200,6.161e-05,5.991e-05,6.152e-05,12933.90493459,0.78386754,6.06e-05,2.433916960000003,2.431566527692302,5.511670570882349,6.1016666666666614e-05,6.308846153846155e-05,6.648441176470588e-05
153,5.892e-05,1554314400,6.017e-05,5.845e-05,6.017e-05,27072.36935579,1.60254784,5.919e-05,1.956527283333336,2.3140202884615326,5.412882326764701,6.023333333333328e-05,6.273615384615386e-05,6.614676470588234e-05
154,5.83e-05,1554321600,5.927e-05,5.7e-05,5.885e-05,54998.93552863,3.18851026,5.797e-05,1.8583085466666691,2.1832180699999943,4.257898270294113,5.915999999999995e-05,6.225153846153847e-05,6.578617647058822e-05
155,5.751e-05,1554328800,5.832e-05,5.63e-05,5.832e-05,63793.33744163,3.66343294,5.742e-05,2.8181636800000027,2.34996567615384,4.262144146470583,5.824333333333329e-05,6.174923076923079e-05,6.531235294117648e-05
156,5.833e-05,1554336000,5.833e-05,5.732e-05,5.749e-05,27441.83335374,1.59171915,5.8e-05,2.814554116666669,2.2229617953846095,4.121502506470584,5.804666666666663e-05,6.11746153846154e-05,6.492882352941178e-05
157,5.888e-05,1554343200,5.949e-05,5.762e-05,5.81e-05,103163.95908653,6.04327641,5.857e-05,3.7661428333333355,2.2517826630769173,4.108894399999995,5.823999999999996e-05,6.078384615384616e-05,6.459676470588236e-05
158,5.927e-05,1554350400,5.933e-05,5.859e-05,5.897e-05,1343.86695683,0.07909469,5.885e-05,2.571363416666669,2.186477634615379,4.073795560294113,5.8826666666666616e-05,6.05046153846154e-05,6.425735294117647e-05
159,5.996e-05,1554357600,5.996e-05,5.917e-05,5.938e-05,56569.9894059,3.37255421,5.961e-05,3.164975103333336,2.348660653846148,4.13083215558823,5.936999999999996e-05,6.0232307692307704e-05,6.398117647058823e-05
160,5.998e-05,1554364800,6.044e-05,5.945e-05,5.996e-05,53963.63039527,3.22433025,5.975e-05,2.225326383333336,2.528034594615379,4.117661054999996,5.9736666666666626e-05,5.998307692307693e-05,6.3685e-05
161,5.823e-05,1554372000,5.998e-05,5.821e-05,5.998e-05,55379.24010043,3.23771133,5.846e-05,3.2781985966666696,2.628556419230764,4.191272671176467,5.9389999999999965e-05,5.964615384615385e-05,6.336323529411764e-05
162,5.775e-05,1554379200,5.838e-05,5.774e-05,5.83e-05,15241.1514378,0.88095052,5.78e-05,2.447664033333336,2.6296829599999945,4.197568543529408,5.86533333333333e-05,5.9244615384615394e-05,6.299764705882352e-05
163,5.84e-05,1554386400,5.857e-05,5.775e-05,5.775e-05,5823.54389149,0.33668983,5.781e-05,1.4851172266666695,2.4221424184615326,4.171746562352938,5.812666666666664e-05,5.902384615384616e-05,6.265294117647059e-05
164,5.741e-05,1554393600,5.943e-05,5.741e-05,5.85e-05,18384.83518696,1.0687546,5.813e-05,0.7621316500000028,2.236418428461533,4.172916059999998,5.7853333333333303e-05,5.870769230769232e-05,6.230617647058823e-05
165,5.637e-05,1554400800,5.735e-05,5.616e-05,5.732e-05,38134.19733011,2.15899879,5.661e-05,1.1881477400000031,2.3421977553846096,4.198028919411762,5.7393333333333304e-05,5.840846153846155e-05,6.194558823529411e-05
166,5.682e-05,1554408000,5.701e-05,5.64e-05,5.655e-05,2056.44953431,0.11667072,5.673e-05,1.1148080366666697,2.2278995153846095,4.128001795294115,5.686666666666664e-05,5.824692307692309e-05,6.16035294117647e-05
167,5.761e-05,1554415200,5.781e-05,5.619e-05,5.658e-05,21704.38529117,1.25029802,5.76e-05,1.1753225100000029,2.07880626615384,4.1511718176470565,5.69333333333333e-05,5.819384615384617e-05,6.126941176470588e-05
168,5.826e-05,1554422400,5.914e-05,5.754e-05,5.754e-05,13039.70012318,0.76518792,5.868e-05,0.7107188866666695,1.8558643415384555,3.745484882647056,5.75633333333333e-05,5.8251538461538475e-05,6.10614705882353e-05
169,5.868e-05,1554429600,5.868e-05,5.767e-05,5.808e-05,2157.90336242,0.1261687,5.846e-05,0.7138848800000028,1.7431296915384555,3.6622148320588206,5.8183333333333295e-05,5.8278461538461556e-05,6.0852647058823534e-05
170,5.839e-05,1554436800,5.903e-05,5.824e-05,5.868e-05,18179.48607126,1.06945013,5.882e-05,0.6536022500000028,1.360527669999994,3.5798290555882324,5.84433333333333e-05,5.824076923076924e-05,6.068588235294119e-05
171,5.838e-05,1554444000,5.891e-05,5.836e-05,5.878e-05,1767.84168043,0.10379314,5.871e-05,0.43313732333333604,1.3624275507692247,3.4439785388235262,5.84833333333333e-05,5.817230769230771e-05,6.049411764705883e-05
172,5.928e-05,1554451200,5.957e-05,5.865e-05,5.865e-05,2726.70777267,0.1618764,5.936e-05,0.4450398900000027,1.1154523346153786,3.2405025638235263,5.8683333333333294e-05,5.812000000000001e-05,6.0311764705882356e-05
173,5.888e-05,1554458400,5.966e-05,5.888e-05,5.928e-05,5591.62443344,0.33205017,5.938e-05,0.199239903333336,0.8929692515384555,1.9407185552941149,5.8846666666666626e-05,5.803538461538463e-05,6.0169411764705875e-05
174,5.901e-05,1554465600,5.901e-05,5.867e-05,5.885e-05,3023.76669203,0.17797425,5.885e-05,0.2239669400000027,0.6576048607692248,1.8538751817647032,5.9056666666666626e-05,5.8095384615384624e-05,6.0037352941176456e-05
175,5.907e-05,1554472800,5.949e-05,5.853e-05,5.876e-05,4353.58680365,0.25758459,5.916e-05,0.25586967000000266,0.6096536353846095,1.717658872647056,5.898666666666663e-05,5.8196923076923095e-05,5.9874705882352925e-05
176,6.018e-05,1554480000,6.018e-05,5.881e-05,5.906e-05,16635.49965478,0.99260016,5.966e-05,0.47605300000000267,0.6601082761538403,1.7028614049999975,5.941999999999996e-05,5.833384615384617e-05,5.9761176470588216e-05
177,6.283e-05,1554487200,6.283e-05,5.975e-05,6.018e-05,87465.6892087,5.40022904,6.174e-05,2.216804596666669,0.9932986176923018,1.766316094411762,6.06933333333333e-05,5.875076923076924e-05,5.967382352941174e-05
178,6.148e-05,1554494400,6.292e-05,6.127e-05,6.284e-05,50497.17466437,3.14767484,6.233e-05,3.180168013333336,1.0693506215384554,1.6921710858823502,6.149666666666665e-05,5.914384615384617e-05,5.960088235294115e-05
179,6.142e-05,1554501600,6.248e-05,6.11e-05,6.173e-05,11265.87757331,0.69836522,6.198e-05,3.0820897000000023,1.114096352307686,1.685415355294115,6.190999999999998e-05,5.9497692307692324e-05,5.955735294117645e-05
180,6.178e-05,1554508800,6.252e-05,6.142e-05,6.142e-05,4929.27497769,0.30593661,6.206e-05,1.3839922233333353,1.0414531669230707,1.657231874411762,6.155999999999999e-05,5.9818461538461545e-05,5.9506764705882326e-05
181,6.172e-05,1554516000,6.237e-05,6.152e-05,6.152e-05,1293.23558754,0.08011101,6.194e-05,0.3614709466666688,0.9887549430769168,1.6333389917647034,6.163999999999997e-05,6.00846153846154e-05,5.9462647058823495e-05
182,6.144e-05,1554523200,6.17e-05,6.112e-05,6.17e-05,2501.54543793,0.15373057,6.145e-05,0.17992606333333547,0.9908750869230707,1.5810684905882328,6.164666666666664e-05,6.029692307692309e-05,5.942823529411762e-05
183,6.144e-05,1554530400,6.184e-05,6.144e-05,6.151e-05,4966.82093656,0.30692469,6.179e-05,0.18025542333333547,0.9322192838461477,1.5646161141176447,6.153333333333332e-05,6.0531538461538473e-05,5.9383235294117615e-05
184,6.056e-05,1554537600,6.128e-05,6.031e-05,6.128e-05,17715.58676467,1.07348038,6.059e-05,0.5113785466666688,1.0068106099999938,1.5069326879411742,6.114666666666664e-05,6.0699230769230774e-05,5.936235294117643e-05
185,6.046e-05,1554544800,6.07e-05,6.036e-05,6.056e-05,1378.67666277,0.0833869,6.048e-05,0.4879306566666688,1.0007729561538399,1.4069391711764683,6.081999999999997e-05,6.079000000000001e-05,5.933117647058821e-05
186,6.011e-05,1554552000,6.063e-05,5.998e-05,6.063e-05,7310.57941916,0.44051029,6.025e-05,0.5324591900000021,1.0091160423076861,1.3968404285294094,6.037666666666663e-05,6.08846153846154e-05,5.9326764705882324e-05
187,5.977e-05,1554559200,6.097e-05,5.94e-05,6.008e-05,36400.44789841,2.17553866,5.976e-05,0.899811950000002,1.162774843076917,1.4136930997058799,6.01133333333333e-05,6.094307692307694e-05,5.935176470588232e-05
188,5.878e-05,1554566400,6.001e-05,5.817e-05,5.937e-05,90438.73848191,5.31942001,5.881e-05,2.645156320000002,1.5521467984615323,1.4763669158823505,5.95533333333333e-05,6.092076923076925e-05,5.9365882352941144e-05
189,5.855e-05,1554573600,5.873e-05,5.804e-05,5.868e-05,33087.19103265,1.92209446,5.809e-05,3.1390177100000014,1.623646359999994,1.4251510782352916,5.90333333333333e-05,6.0795384615384636e-05,5.939647058823526e-05
190,5.947e-05,1554580800,6.006e-05,5.865e-05,5.865e-05,23302.17931861,1.38835183,5.958e-05,2.876622100000001,1.315040420769225,1.4191696864705856,5.89333333333333e-05,6.0536923076923096e-05,5.942999999999996e-05
191,5.986e-05,1554588000,5.998e-05,5.935e-05,5.935e-05,3863.21196849,0.22979058,5.948e-05,1.1800789566666676,1.0905877853846095,1.2481848091176444,5.92933333333333e-05,6.041230769230771e-05,5.945882352941173e-05
192,6.044e-05,1554595200,6.052e-05,5.986e-05,5.986e-05,5855.67059995,0.35352245,6.037e-05,0.6572216200000008,1.0640614184615325,1.256256213823527,5.9923333333333316e-05,6.03369230769231e-05,5.949323529411761e-05
193,5.948e-05,1554602400,6.064e-05,5.948e-05,6.039e-05,4883.8022446,0.29371016,6.013e-05,0.29234106333333426,1.0631209223076863,1.1657019770588213,5.992666666666664e-05,6.016000000000003e-05,5.947911764705879e-05
194,5.959e-05,1554609600,5.959e-05,5.908e-05,5.948e-05,13805.69825861,0.81692434,5.917e-05,0.48805231666666754,1.1197988707692248,1.0948959208823505,5.9836666666666635e-05,5.999615384615387e-05,5.9467647058823506e-05
195,5.972e-05,1554616800,5.99e-05,5.947e-05,5.972e-05,227.47652557,0.01360909,5.982e-05,0.37474786333333426,1.1090202953846093,1.0000693844117623,5.959666666666664e-05,5.9863846153846174e-05,5.951147058823528e-05
196,5.983e-05,1554624000,5.985e-05,5.954e-05,5.972e-05,7770.98945732,0.4642146,5.973e-05,0.43158267666666755,1.1211195192307633,0.9878124455882329,5.97133333333333e-05,5.974000000000003e-05,5.9572647058823505e-05
197,5.997e-05,1554631200,5.997e-05,5.937e-05,5.964e-05,13554.87655701,0.80812291,5.961e-05,0.4286488666666675,1.1007074061538402,1.0016781244117625,5.983999999999997e-05,5.969461538461541e-05,5.9618823529411735e-05
198,5.952e-05,1554638400,5.997e-05,5.92e-05,5.997e-05,2263.97685871,0.13534517,5.978e-05,0.4692275600000008,1.1047041961538402,0.9742249058823508,5.97733333333333e-05,5.9622307692307715e-05,5.968088235294115e-05
199,5.862e-05,1554645600,5.975e-05,5.862e-05,5.975e-05,8974.47499841,0.53235255,5.931e-05,0.4919402100000008,1.1117689853846093,0.9263823694117626,5.936999999999997e-05,5.9507692307692325e-05,5.974705882352939e-05
200,5.799e-05,1554652800,5.885e-05,5.762e-05,5.885e-05,69552.86624918,4.02595182,5.788e-05,1.5645498466666676,1.2541084592307632,1.0413612252941156,5.870999999999998e-05,5.937076923076925e-05,5.978147058823527e-05
201,5.787e-05,1554660000,5.815e-05,5.769e-05,5.811e-05,11034.33578852,0.6376708,5.778e-05,1.7319917233333344,0.8939739046153785,1.0233427776470567,5.815999999999998e-05,5.930076923076924e-05,5.9789117647058795e-05
202,5.804e-05,1554667200,5.826e-05,5.778e-05,5.781e-05,16664.85775453,0.96444042,5.787e-05,1.8760210133333344,0.8203082092307632,1.0292031452941155,5.796666666666665e-05,5.9261538461538474e-05,5.97826470588235e-05
203,5.774e-05,1554674400,5.831e-05,5.731e-05,5.821e-05,29705.78603464,1.71256422,5.765e-05,1.1048918133333343,0.8452476238461479,1.0758618370588213,5.7883333333333315e-05,5.912846153846155e-05,5.9754999999999966e-05
204,5.741e-05,1554681600,5.802e-05,5.722e-05,5.801e-05,44344.11466772,2.53910973,5.725e-05,1.738704790000001,1.0228875584615325,1.1190871194117624,5.772999999999998e-05,5.8940000000000015e-05,5.9726176470588194e-05
205,5.67e-05,1554688800,5.74e-05,5.663e-05,5.74e-05,6941.0347958,0.39370297,5.672e-05,1.5484589733333343,1.0259783676923018,1.1276138791176447,5.728333333333331e-05,5.86523076923077e-05,5.967676470588231e-05
206,5.655e-05,1554696000,5.691e-05,5.63e-05,5.664e-05,159.06023049,0.00899023,5.652e-05,0.9806009766666678,1.0040768346153788,1.1231172270588214,5.688666666666664e-05,5.842692307692309e-05,5.9596470588235246e-05
207,5.668e-05,1554703200,5.668e-05,5.63e-05,5.662e-05,636.96203924,0.03599995,5.651e-05,0.1462310500000011,0.9440057276923018,1.1144098676470566,5.6643333333333307e-05,5.820307692307694e-05,5.9531764705882306e-05
208,5.601e-05,1554710400,5.642e-05,5.582e-05,5.642e-05,5051.87380936,0.28355758,5.612e-05,0.1095159200000011,0.9647709961538404,1.1175152597058802,5.6413333333333304e-05,5.791769230769233e-05,5.944352941176466e-05
209,5.654e-05,1554717600,5.672e-05,5.602e-05,5.602e-05,9787.69533921,0.55444618,5.664e-05,0.2913345700000011,0.9717118869230711,1.1262464829411742,5.6409999999999977e-05,5.7664615384615406e-05,5.9369117647058775e-05
210,5.706e-05,1554724800,5.709e-05,5.628e-05,5.671e-05,144.63655453,0.00821766,5.681e-05,0.28207380666666776,0.9101807138461481,1.097294056470586,5.6536666666666636e-05,5.744076923076925e-05,5.9277352941176415e-05
211,5.661e-05,1554732000,5.697e-05,5.661e-05,5.697e-05,3048.75038122,0.17324331,5.682e-05,0.24530238333333443,0.9130959553846095,0.943559182058821,5.6736666666666634e-05,5.72169230769231e-05,5.909441176470583e-05
212,5.641e-05,1554739200,5.683e-05,5.627e-05,5.665e-05,23584.07390683,1.33509979,5.661e-05,0.5055202533333344,0.9748457430769171,0.8902481511764682,5.669333333333331e-05,5.70469230769231e-05,5.8945294117647e-05
213,5.62e-05,1554746400,5.639e-05,5.582e-05,5.626e-05,10672.15538256,0.59891885,5.611e-05,0.702420650000001,0.7112278223076864,0.8873232579411741,5.640666666666664e-05,5.690923076923079e-05,5.87917647058823e-05
214,5.558e-05,1554753600,5.615e-05,5.558e-05,5.608e-05,601.41618594,0.03355361,5.579e-05,0.6558574166666676,0.6647572692307633,0.8793119932352917,5.606333333333331e-05,5.6733076923076945e-05,5.860941176470583e-05
215,5.574e-05,1554760800,5.574e-05,5.546e-05,5.564e-05,3559.73589917,0.19765683,5.552e-05,0.27670976333333425,0.6057739161538402,0.8827692232352917,5.583999999999998e-05,5.6556153846153866e-05,5.843352941176465e-05
216,5.525e-05,1554768000,5.574e-05,5.525e-05,5.556e-05,1181.37114579,0.06536717,5.533e-05,0.09885920333333427,0.4790664507692248,0.8801702997058799,5.552333333333332e-05,5.6364615384615395e-05,5.825147058823525e-05
217,5.531e-05,1554775200,5.541e-05,5.501e-05,5.541e-05,2282.70071508,0.12588424,5.514e-05,0.12963608000000093,0.2934337207692249,0.8748455805882329,5.543333333333331e-05,5.6203076923076934e-05,5.807117647058819e-05
218,5.546e-05,1554782400,5.546e-05,5.519e-05,5.519e-05,14049.02831001,0.77808906,5.538e-05,0.32311349000000095,0.3230018815384557,0.8661576005882329,5.5339999999999975e-05,5.610769230769232e-05,5.7921176470588186e-05
219,5.52e-05,1554789600,5.527e-05,5.494e-05,5.52e-05,6930.5422485,0.38171804,5.507e-05,0.4285637800000009,0.3516732515384557,0.8749320458823505,5.532333333333331e-05,5.600384615384617e-05,5.7766470588235245e-05
220,5.531e-05,1554796800,5.552e-05,5.516e-05,5.543e-05,175.25160465,0.00969055,5.529e-05,0.3898325500000009,0.3496494515384557,0.862260877058821,5.532333333333331e-05,5.589846153846155e-05,5.762529411764701e-05
221,5.591e-05,1554804000,5.591e-05,5.54e-05,5.54e-05,59.08414424,0.00328939,5.567e-05,0.1315659933333342,0.32809035999999414,0.7983711926470562,5.54733333333333e-05,5.589076923076924e-05,5.7511764705882315e-05
222,5.546e-05,1554811200,5.601e-05,5.543e-05,5.595e-05,993.59235748,0.05543301,5.579e-05,0.022804316666667563,0.28970473153845566,0.6435480455882328,5.555999999999998e-05,5.580769230769232e-05,5.741411764705878e-05
223,5.499e-05,1554818400,5.546e-05,5.499e-05,5.546e-05,7523.1371132,0.41515417,5.518e-05,0.15795885666666756,0.32100753999999415,0.5992262723529387,5.545333333333331e-05,5.564846153846155e-05,5.730941176470583e-05
224,5.503e-05,1554825600,5.503e-05,5.472e-05,5.493e-05,1120.60497983,0.06142825,5.481e-05,0.17733847666666758,0.3124063815384556,0.5601991082352915,5.515999999999998e-05,5.552692307692309e-05,5.717882352941172e-05
225,5.509e-05,1554832800,5.538e-05,5.493e-05,5.505e-05,705.69576858,0.03895073,5.519e-05,0.17184438333333427,0.2127026076923018,0.5545861714705856,5.503666666666665e-05,5.5425384615384624e-05,5.703852941176466e-05
226,5.518e-05,1554840000,5.521e-05,5.493e-05,5.521e-05,867.70259664,0.04782043,5.511e-05,0.04939980333333427,0.1703104215384556,0.5455949355882328,5.5099999999999984e-05,5.5346923076923094e-05,5.688382352941172e-05
227,5.567e-05,1554847200,5.595e-05,5.533e-05,5.533e-05,6647.50856798,0.37145452,5.587e-05,0.15274189333333427,0.1963027992307633,0.5478815344117622,5.5313333333333324e-05,5.535384615384617e-05,5.677176470588231e-05
228,5.572e-05,1554854400,5.594e-05,5.568e-05,5.574e-05,813.74509817,0.04540821,5.58e-05,0.1548943866666676,0.18459136692307102,0.5251898835294093,5.552333333333333e-05,5.535230769230771e-05,5.665794117647056e-05
229,5.647e-05,1554861600,5.647e-05,5.595e-05,5.595e-05,364.88835084,0.02050552,5.619e-05,0.1457894166666676,0.18114047076922485,0.5253927197058799,5.595333333333334e-05,5.5446153846153865e-05,5.656235294117643e-05
230,5.739e-05,1554868800,5.739e-05,5.638e-05,5.638e-05,5737.39168275,0.32765225,5.71e-05,0.13118866000000093,0.196661086923071,0.5213761799999976,5.652666666666667e-05,5.560615384615387e-05,5.6490588235294075e-05
231,5.656e-05,1554876000,5.764e-05,5.654e-05,5.731e-05,20852.52202355,1.19203362,5.716e-05,0.513397130000001,0.2285029761538402,0.5326676714705858,5.680666666666667e-05,5.569076923076925e-05,5.639029411764702e-05
232,5.642e-05,1554883200,5.676e-05,5.639e-05,5.668e-05,3043.21272308,0.17226038,5.66e-05,0.5639820833333343,0.2123908484615325,0.5337534129411741,5.6790000000000003e-05,5.57846153846154e-05,5.629911764705879e-05
233,5.641e-05,1554890400,5.641e-05,5.605e-05,5.634e-05,6687.56865052,0.37706846,5.638e-05,0.5804541533333344,0.2406506876923017,0.529186233823527,5.646333333333333e-05,5.586923076923078e-05,5.6234117647058786e-05
234,5.581e-05,1554897600,5.635e-05,5.574e-05,5.635e-05,5718.1836593,0.31918366,5.581e-05,0.2895041666666678,0.2649502469230709,0.4201636408823506,5.621333333333334e-05,5.586153846153848e-05,5.616999999999997e-05
235,5.521e-05,1554904800,5.591e-05,5.521e-05,5.57e-05,1526.18293726,0.08457825,5.541e-05,0.2602767900000011,0.2671921884615325,0.40389621294117406,5.581e-05,5.584230769230771e-05,5.609176470588232e-05
236,5.606e-05,1554912000,5.633e-05,5.541e-05,5.541e-05,14160.55612925,0.79425458,5.608e-05,0.39933883000000114,0.29635375846153245,0.39889074705882116,5.569333333333334e-05,5.59246153846154e-05,5.603352941176467e-05
237,5.391e-05,1554919200,5.612e-05,5.387e-05,5.612e-05,24777.17937995,1.36328187,5.502e-05,0.7473715666666679,0.3964963446153786,0.3886177367647035,5.5060000000000005e-05,5.583846153846156e-05,5.592088235294114e-05
238,5.493e-05,1554926400,5.514e-05,5.371e-05,5.384e-05,19750.47205049,1.07704964,5.453e-05,1.0781953633333348,0.47635010692307095,0.34561596941176237,5.496666666666666e-05,5.5826153846153865e-05,5.5847941176470556e-05
239,5.523e-05,1554933600,5.551e-05,5.465e-05,5.499e-05,11829.62843255,0.65300496,5.52e-05,1.0311121566666681,0.5229027630769171,0.3532424985294094,5.469e-05,5.583000000000002e-05,5.5804705882352905e-05
240,5.417e-05,1554940800,5.526e-05,5.39e-05,5.517e-05,4011.24795252,0.21945277,5.47e-05,0.6498357900000015,0.5112103207692248,0.35943257323529176,5.477666666666667e-05,5.5714615384615406e-05,5.573470588235291e-05
241,5.332e-05,1554948000,5.409e-05,5.307e-05,5.409e-05,10333.24370982,0.54901369,5.313e-05,0.47382380666666807,0.5499492038461479,0.3745212126470565,5.424e-05,5.5530000000000026e-05,5.5635882352941144e-05
242,5.26e-05,1554955200,5.326e-05,5.242e-05,5.307e-05,14396.65286408,0.76036221,5.281e-05,0.5096095566666681,0.6068612569230709,0.38854487823529177,5.336333333333334e-05,5.523230769230772e-05,5.553558823529408e-05
243,5.335e-05,1554962400,5.363e-05,5.242e-05,5.26e-05,88397.29117506,4.68446405,5.299e-05,1.9979466500000012,0.9420006261538402,0.5100159920588212,5.309e-05,5.492153846153848e-05,5.544176470588232e-05
244,5.313e-05,1554969600,5.337e-05,5.283e-05,5.32e-05,10303.25246157,0.54726045,5.311e-05,1.9973622366666677,0.892402689999994,0.5258701917647036,5.302666666666668e-05,5.465769230769232e-05,5.53261764705882e-05
245,5.272e-05,1554976800,5.309e-05,5.202e-05,5.307e-05,2069.73425308,0.10876518,5.255e-05,1.7801632266666676,0.887518443846148,0.5239737761764682,5.306666666666667e-05,5.437307692307695e-05,5.521176470588233e-05
246,5.332e-05,1554984000,5.362e-05,5.196e-05,5.244e-05,11977.85664028,0.62514747,5.219e-05,0.42705770000000093,0.9066014446153787,0.503092825588233,5.305666666666667e-05,5.413538461538464e-05,5.5120882352941147e-05
247,5.409e-05,1554991200,5.409e-05,5.283e-05,5.311e-05,3392.85821486,0.18123788,5.341e-05,0.3050501766666676,0.8959902307692248,0.4908080911764683,5.337666666666667e-05,5.400307692307695e-05,5.505882352941173e-05
248,5.355e-05,1554998400,5.419e-05,5.348e-05,5.413e-05,4764.67945819,0.25768935,5.408e-05,0.3546915666666676,0.9093064692307633,0.49740031882352714,5.365333333333334e-05,5.387538461538464e-05,5.4999117647058795e-05
249,5.443e-05,1555005600,5.444e-05,5.351e-05,5.385e-05,3446.85883869,0.18679418,5.419e-05,0.20857380333333422,0.8625787461538401,0.4970808291176448,5.4023333333333335e-05,5.375000000000002e-05,5.496058823529409e-05
250,5.4e-05,1555012800,5.454e-05,5.372e-05,5.419e-05,446.47037611,0.02420366,5.421e-05,0.15622906333333422,0.7595727299999939,0.4958701376470567,5.399333333333334e-05,5.37569230769231e-05,5.4923823529411734e-05
251,5.361e-05,1555020000,5.389e-05,5.333e-05,5.371e-05,8838.80747961,0.474455,5.367e-05,0.22848428000000096,0.7132192961538402,0.5061222188235271,5.401333333333334e-05,5.365538461538463e-05,5.487382352941173e-05
252,5.363e-05,1555027200,5.404e-05,5.337e-05,5.36e-05,1135.31934679,0.06117632,5.388e-05,0.18661166000000093,0.66769401615384,0.48503654999999785,5.3746666666666665e-05,5.353230769230771e-05,5.4819999999999966e-05
