,close,date,high,low,open,quoteVolume,volume,weightedAverage,avg_vol_3,avg_vol_13,avg_vol_34,avg_close_3,avg_close_13,avg_close_34
0,7.14e-06,1553218424,7.14e-06,7.14e-06,7.14e-06,0.0,0.0,7.14e-06,-99999.0,-99999.0,-99999.0,-99999.0,-99999.0,-99999.0
1,7.2e-06,1553220000,7.2e-06,7.14e-06,7.14e-06,77256.28567528,0.55521596,7.18e-06,-99999.0,-99999.0,-99999.0,-99999.0,-99999.0,-99999.0
2,7.24e-06,1553227200,7.3e-06,7.2e-06,7.2e-06,176531.96631476,1.28563411,7.28e-06,0.61361669,-99999.0,-99999.0,7.193333333333334e-06,-99999.0,-99999.0
3,7.34e-06,1553234400,7.48e-06,7.26e-06,7.26e-06,244651.26504017,1.80026235,7.35e-06,1.21370414,-99999.0,-99999.0,7.260000000000001e-06,-99999.0,-99999.0
4,7.3e-06,1553241600,7.37e-06,7.26e-06,7.32e-06,110629.53848561,0.80718769,7.29e-06,1.2976947166666666,-99999.0,-99999.0,7.293333333333334e-06,-99999.0,-99999.0
5,7.31e-06,1553248800,7.31e-06,7.25e-06,7.29e-06,181331.51345201,1.32156355,7.28e-06,1.3096711966666668,-99999.0,-99999.0,7.316666666666668e-06,-99999.0,-99999.0
6,7.27e-06,1553256000,7.35e-06,7.22e-06,7.25e-06,89014.18691797,0.64922833,7.29e-06,0.9259931900000001,-99999.0,-99999.0,7.293333333333334e-06,-99999.0,-99999.0
7,7.21e-06,1553263200,7.27e-06,7.21e-06,7.27e-06,12755.02721952,0.09212004,7.22e-06,0.6876373066666668,-99999.0,-99999.0,7.263333333333335e-06,-99999.0,-99999.0
8,7.29e-06,1553270400,7.29e-06,7.22e-06,7.22e-06,17674.21962349,0.12858714,7.27e-06,0.28997850333333347,-99999.0,-99999.0,7.256666666666668e-06,-99999.0,-99999.0
9,7.28e-06,1553277600,7.3e-06,7.27e-06,7.29e-06,49975.56386923,0.36408438,7.28e-06,0.1949305200000001,-99999.0,-99999.0,7.260000000000001e-06,-99999.0,-99999.0
10,7.3e-06,1553284800,7.33e-06,7.25e-06,7.28e-06,19561.0380872,0.14249049,7.28e-06,0.21172067000000014,-99999.0,-99999.0,7.2900000000000005e-06,-99999.0,-99999.0
11,7.28e-06,1553292000,7.31e-06,7.26e-06,7.3e-06,14772.29228786,0.10733496,7.26e-06,0.2046366100000001,-99999.0,-99999.0,7.286666666666668e-06,-99999.0,-99999.0
12,7.34e-06,1553299200,7.34e-06,7.28e-06,7.28e-06,3273.96628755,0.02388374,7.29e-06,0.09123639666666679,0.5598148261538461,-99999.0,7.306666666666669e-06,7.269230769230769e-06,-99999.0
13,7.29e-06,1553306400,7.29e-06,7.24e-06,7.28e-06,8135.1385599,0.05918207,7.27e-06,0.06346692333333345,0.564367293076923,-99999.0,7.303333333333335e-06,7.28076923076923e-06,-99999.0
14,7.25e-06,1553313600,7.25e-06,7.25e-06,7.25e-06,175.59003384,0.00127302,7.25e-06,0.02811294333333346,0.5217562976923077,-99999.0,7.293333333333336e-06,7.284615384615383e-06,-99999.0
15,7.26e-06,1553320800,7.35e-06,7.26e-06,7.26e-06,49601.69448778,0.36335035,7.32e-06,0.1412684800000001,0.4508113930769231,-99999.0,7.266666666666669e-06,7.286153846153844e-06,-99999.0
16,7.28e-06,1553328000,7.33e-06,7.28e-06,7.31e-06,2333.73240303,0.017074,7.31e-06,0.1272324566666668,0.3136430584615385,-99999.0,7.2633333333333355e-06,7.28153846153846e-06,-99999.0
17,7.29e-06,1553335200,7.3e-06,7.25e-06,7.27e-06,16783.69492257,0.12199993,7.26e-06,0.16747476000000014,0.26093630769230775,-99999.0,7.2766666666666684e-06,7.28076923076923e-06,-99999.0
18,7.25e-06,1553342400,7.3e-06,7.2e-06,7.3e-06,64231.51079533,0.46335246,7.21e-06,0.20080879666666682,0.19492007000000003,-99999.0,7.2733333333333346e-06,7.276153846153845e-06,-99999.0
19,7.22e-06,1553349600,7.22e-06,7.19e-06,7.2e-06,3388.51156966,0.02440915,7.2e-06,0.2032538466666668,0.14685705615384614,-99999.0,7.2533333333333364e-06,7.272307692307691e-06,-99999.0
20,7.14e-06,1553356800,7.22e-06,7.12e-06,7.22e-06,43891.35386155,0.31445151,7.16e-06,0.26740437333333344,0.1639594769230769,-99999.0,7.203333333333336e-06,7.266923076923076e-06,-99999.0
21,7.17e-06,1553364000,7.23e-06,7.14e-06,7.14e-06,6643.40864013,0.04772938,7.18e-06,0.1288633466666668,0.1577396492307692,-99999.0,7.176666666666669e-06,7.257692307692307e-06,-99999.0
22,7.2e-06,1553371200,7.25e-06,7.2e-06,7.22e-06,938.95310407,0.00678496,7.22e-06,0.12298861666666679,0.13025507846153844,-99999.0,7.170000000000003e-06,7.251538461538461e-06,-99999.0
23,7.21e-06,1553378400,7.22e-06,7.16e-06,7.2e-06,22019.51730545,0.15803795,7.17e-06,0.07085076333333346,0.1314510369230769,-99999.0,7.193333333333337e-06,7.244615384615383e-06,-99999.0
24,7.2e-06,1553385600,7.2e-06,7.17e-06,7.17e-06,777.4535442,0.00559423,7.19e-06,0.05680571333333345,0.12362482692307691,-99999.0,7.203333333333336e-06,7.2384615384615375e-06,-99999.0
25,7.22e-06,1553392800,7.22e-06,7.17e-06,7.17e-06,6138.75963572,0.04401566,7.17e-06,0.06921594666666679,0.12517343615384613,-99999.0,7.210000000000003e-06,7.2292307692307685e-06,-99999.0
26,7.15e-06,1553400000,7.17e-06,7.13e-06,7.17e-06,149983.57684087,1.07025514,7.13e-06,0.37328834333333344,0.2029482876923077,-99999.0,7.190000000000003e-06,7.218461538461537e-06,-99999.0
27,7.04e-06,1553407200,7.12e-06,7e-06,7.12e-06,117058.84821645,0.8230993,7.03e-06,0.6457900333333334,0.2661656938461538,-99999.0,7.13666666666667e-06,7.202307692307691e-06,-99999.0
28,7.02e-06,1553414400,7.04e-06,6.97e-06,7.04e-06,33448.73186734,0.23428799,7e-06,0.7092141433333334,0.25623781999999995,-99999.0,7.070000000000003e-06,7.183846153846153e-06,-99999.0
29,7.08e-06,1553421600,7.11e-06,6.98e-06,7.03e-06,20302.68312356,0.14288124,7.03e-06,0.4000895100000001,0.26591529999999997,-99999.0,7.046666666666669e-06,7.168461538461538e-06,-99999.0
30,7.06e-06,1553428800,7.09e-06,7.06e-06,7.08e-06,1439.03381916,0.01017415,7.07e-06,0.12911446000000013,0.2573133169230769,-99999.0,7.053333333333336e-06,7.150769230769231e-06,-99999.0
31,7.1e-06,1553436000,7.1e-06,7.05e-06,7.09e-06,680.04633295,0.00480001,7.05e-06,0.05261846666666679,0.22204005153846149,-99999.0,7.0800000000000025e-06,7.139230769230769e-06,-99999.0
32,7.11e-06,1553443200,7.15e-06,7.07e-06,7.1e-06,17108.78344762,0.12140713,7.09e-06,0.045460430000000114,0.22950143461538458,-99999.0,7.0900000000000016e-06,7.130769230769231e-06,-99999.0
33,7.14e-06,1553450400,7.14e-06,7.1e-06,7.1e-06,6420.21919452,0.04567729,7.11e-06,0.05729481000000012,0.20882649461538458,0.33404204882352934,7.116666666666668e-06,7.130769230769231e-06,7.211176470588236e-06
34,7.15e-06,1553457600,7.15e-06,7.14e-06,7.14e-06,10744.27742448,0.07680248,7.14e-06,0.08129563333333346,0.2110628869230769,0.3363009452941176,7.133333333333335e-06,7.1292307692307695e-06,7.211470588235294e-06
35,7.16e-06,1553464800,7.17e-06,7.15e-06,7.15e-06,13284.89999392,0.09502621,7.15e-06,0.07250199333333344,0.21785067538461536,0.32276595264705876,7.150000000000002e-06,7.126153846153847e-06,7.210294117647058e-06
36,7.19e-06,1553472000,7.19e-06,7.13e-06,7.16e-06,21224.41614612,0.15243308,7.18e-06,0.10808725666666678,0.21741953153846147,0.2894365105882352,7.1666666666666695e-06,7.124615384615386e-06,7.208823529411764e-06
37,7.2e-06,1553479200,7.31e-06,7.15e-06,7.19e-06,85856.85514812,0.62130794,7.23e-06,0.2895890766666668,0.2647821246153846,0.25476138088235284,7.1833333333333354e-06,7.124615384615386e-06,7.2047058823529415e-06
38,7.23e-06,1553486400,7.23e-06,7.17e-06,7.19e-06,3118.95005408,0.02243979,7.19e-06,0.26539360333333345,0.2631224423076923,0.23168056029411752,7.206666666666669e-06,7.125384615384617e-06,7.202647058823529e-06
39,7.21e-06,1553493600,7.24e-06,7.2e-06,7.2e-06,18764.14924612,0.13562309,7.22e-06,0.25979027333333343,0.1912276692307692,0.19679995852941162,7.213333333333335e-06,7.13e-06,7.199705882352941e-06
40,7.17e-06,1553500800,7.24e-06,7.17e-06,7.19e-06,105063.72124017,0.76038934,7.23e-06,0.30615074000000003,0.18640382615384612,0.20006939999999987,7.203333333333336e-06,7.140000000000001e-06,7.196764705882353e-06
41,7.3e-06,1553508000,7.31e-06,7.17e-06,7.18e-06,74929.57213021,0.54448841,7.26e-06,0.48016694666666676,0.2102653969230769,0.21337435205882338,7.22666666666667e-06,7.161538461538463e-06,7.1994117647058825e-06
42,7.32e-06,1553515200,7.38e-06,7.3e-06,7.3e-06,60156.58052872,0.44197921,7.34e-06,0.5822856533333335,0.23327293307692307,0.22259176588235283,7.263333333333336e-06,7.1800000000000016e-06,7.200294117647059e-06
43,7.35e-06,1553522400,7.4e-06,7.31e-06,7.32e-06,23140.2799688,0.17040017,7.36e-06,0.3856225966666667,0.24559801153846153,0.21689517147058812,7.323333333333336e-06,7.202307692307694e-06,7.202352941176469e-06
44,7.27e-06,1553529600,7.34e-06,7.26e-06,7.32e-06,21628.44218384,0.15790237,7.3e-06,0.25676058333333335,0.2573751161538462,0.2173484620588234,7.313333333333336e-06,7.2153846153846175e-06,7.201470588235291e-06
45,7.27e-06,1553536800,7.27e-06,7.27e-06,7.27e-06,0.0,0.0,7.27e-06,0.10943418000000003,0.24803610615384614,0.2141915514705881,7.296666666666668e-06,7.22769230769231e-06,7.2011764705882315e-06
46,7.27e-06,1553544000,7.27e-06,7.27e-06,7.27e-06,0.0,0.0,7.27e-06,0.052634123333333366,0.24452246846153847,0.21348908852941165,7.270000000000002e-06,7.23769230769231e-06,7.199117647058819e-06
47,7.25e-06,1553551200,7.31e-06,7.21e-06,7.31e-06,16481.00251302,0.11897108,7.21e-06,0.0396570266666667,0.24776620692307694,0.2152475888235293,7.2633333333333355e-06,7.245384615384618e-06,7.197941176470582e-06
48,7.26e-06,1553558400,7.32e-06,7.25e-06,7.26e-06,7962.11376171,0.05793288,7.27e-06,0.058967986666666694,0.24491287384615387,0.21691405529411753,7.2600000000000025e-06,7.2530769230769245e-06,7.198235294117641e-06
49,7.27e-06,1553565600,7.3e-06,7.26e-06,7.26e-06,14856.91739806,0.1081763,7.28e-06,0.09502675333333337,0.24150850615384617,0.20940893617647047,7.2600000000000025e-06,7.259230769230771e-06,7.1985294117646995e-06
50,7.24e-06,1553572800,7.25e-06,7.15e-06,7.25e-06,26948.56199647,0.19441007,7.21e-06,0.12017308333333336,0.2086702084615385,0.21462470294117633,7.25666666666667e-06,7.262307692307694e-06,7.197352941176463e-06
51,7.16e-06,1553580000,7.27e-06,7.15e-06,7.24e-06,21426.94228863,0.15459558,7.21e-06,0.15239398333333337,0.21883603846153848,0.2155833985294116,7.223333333333336e-06,7.25692307692308e-06,7.193529411764698e-06
52,7.16e-06,1553587200,7.16e-06,7.11e-06,7.16e-06,21807.10232987,0.15542419,7.12e-06,0.16814328000000003,0.22035920000000003,0.2065266847058822,7.186666666666669e-06,7.253076923076927e-06,7.190882352941168e-06
53,7.16e-06,1553594400,7.16e-06,7.13e-06,7.16e-06,26913.83052237,0.1924836,7.15e-06,0.16750112333333336,0.1766741430769231,0.21147005088235277,7.160000000000002e-06,7.252307692307696e-06,7.189117647058814e-06
54,7.15e-06,1553601600,7.17e-06,7.14e-06,7.16e-06,15702.55506007,0.11235047,7.15e-06,0.15341942000000003,0.1434327630769231,0.20552590264705867,7.156666666666669e-06,7.240769230769234e-06,7.189411764705873e-06
55,7.15e-06,1553608800,7.15e-06,7.15e-06,7.15e-06,27925.02477349,0.19966392,7.15e-06,0.16816599666666673,0.12479312538461541,0.20999456558823515,7.153333333333336e-06,7.227692307692311e-06,7.188823529411756e-06
56,7.21e-06,1553616000,7.21e-06,7.16e-06,7.18e-06,34683.09905647,0.24849681,7.16e-06,0.18683706666666675,0.13080055923076925,0.21710373764705865,7.170000000000003e-06,7.216923076923079e-06,7.189117647058814e-06
57,7.2e-06,1553623200,7.21e-06,7.15e-06,7.15e-06,11769.21421987,0.08420507,7.15e-06,0.17745526666666675,0.1251315361538462,0.21493218235294104,7.186666666666669e-06,7.211538461538464e-06,7.188823529411756e-06
58,7.21e-06,1553630400,7.21e-06,7.19e-06,7.19e-06,1137.25712951,0.00819084,7.2e-06,0.11363090666666675,0.1257616007692308,0.21500855323529397,7.206666666666669e-06,7.2069230769230786e-06,7.189117647058814e-06
59,7.21e-06,1553637600,7.21e-06,7.2e-06,7.2e-06,1189.92897104,0.00857838,7.2e-06,0.03365809666666675,0.1264214761538462,0.21396628029411752,7.206666666666669e-06,7.202307692307693e-06,7.188823529411756e-06
60,7.26e-06,1553644800,7.29e-06,7.21e-06,7.21e-06,29331.18934002,0.21318803,7.26e-06,0.07665241666666674,0.1336689338461539,0.18875842411764693,7.22666666666667e-06,7.203076923076923e-06,7.192058823529403e-06
61,7.28e-06,1553652000,7.29e-06,7.26e-06,7.26e-06,5391.72549323,0.03924177,7.27e-06,0.08700272666666675,0.1322311561538462,0.16570379088235282,7.250000000000003e-06,7.204615384615385e-06,7.199117647058816e-06
62,7.25e-06,1553659200,7.34e-06,7.25e-06,7.29e-06,16290.78133421,0.11887521,7.29e-06,0.12376833666666676,0.13305414923076928,0.16230929735294103,7.2633333333333355e-06,7.203076923076923e-06,7.205882352941168e-06
63,7.28e-06,1553666400,7.35e-06,7.25e-06,7.25e-06,180736.12604104,1.32381899,7.32e-06,0.4939786566666668,0.2199317584615385,0.1970427605882351,7.270000000000001e-06,7.206153846153846e-06,7.211764705882345e-06
64,7.32e-06,1553673600,7.33e-06,7.31e-06,7.31e-06,2170.26060091,0.01588083,7.31e-06,0.48619167666666674,0.20926139307692312,0.1972106041176469,7.2833333333333345e-06,7.2184615384615385e-06,7.2194117647058755e-06
65,7.32e-06,1553680800,7.39e-06,7.27e-06,7.32e-06,109910.23102253,0.80671211,7.33e-06,0.7154706433333334,0.25936046384615385,0.2207962541176469,7.306666666666668e-06,7.23076923076923e-06,7.225882352941169e-06
66,7.34e-06,1553688000,7.35e-06,7.31e-06,7.32e-06,817.86107569,0.00600657,7.34e-06,0.2761998366666667,0.24501607692307692,0.21740211999999984,7.326666666666668e-06,7.244615384615383e-06,7.232647058823522e-06
67,7.45e-06,1553695200,7.45e-06,7.33e-06,7.33e-06,192204.66395006,1.4203052,7.38e-06,0.7443412933333334,0.3456279792307692,0.25783235264705867,7.37e-06,7.267692307692307e-06,7.241764705882345e-06
68,7.41e-06,1553702400,7.47e-06,7.39e-06,7.44e-06,105633.35998549,0.78669725,7.44e-06,0.7376696733333334,0.3907843892307693,0.2787116105882351,7.4e-06,7.287692307692307e-06,7.249411764705875e-06
69,7.43e-06,1553709600,7.44e-06,7.42e-06,7.43e-06,6988.45963936,0.05189378,7.42e-06,0.7529654100000002,0.3756610792307693,0.2774430097058822,7.429999999999999e-06,7.304615384615385e-06,7.2573529411764645e-06
70,7.42e-06,1553716800,7.47e-06,7.42e-06,7.44e-06,22408.64632411,0.16726743,7.46e-06,0.3352861533333334,0.3820504915384616,0.27787931411764694,7.42e-06,7.321538461538462e-06,7.264117647058817e-06
71,7.41e-06,1553724000,7.48e-06,7.4e-06,7.47e-06,4020.75243297,0.02983589,7.42e-06,0.0829990333333334,0.38371549538461547,0.2604830773529411,7.42e-06,7.336923076923078e-06,7.270294117647052e-06
72,7.44e-06,1553731200,7.46e-06,7.4e-06,7.41e-06,36637.49246899,0.2717808,7.41e-06,0.1562947066666667,0.40396183538461544,0.2678166364705881,7.423333333333334e-06,7.354615384615386e-06,7.276470588235287e-06
73,7.45e-06,1553738400,7.48e-06,7.41e-06,7.48e-06,5394.65570659,0.04032907,7.47e-06,0.11398192000000003,0.39066499230769236,0.2650138711764705,7.433333333333333e-06,7.369230769230771e-06,7.283529411764699e-06
74,7.42e-06,1553745600,7.44e-06,7.38e-06,7.41e-06,14752.78532804,0.10904207,7.39e-06,0.14038398000000005,0.3960342461538462,0.24585659852941166,7.436666666666667e-06,7.380000000000002e-06,7.290882352941171e-06
75,7.38e-06,1553752800,7.39e-06,7.38e-06,7.38e-06,15966.99824728,0.11786411,7.38e-06,0.0890784166666667,0.39595646923076927,0.2333088249999999,7.416666666666667e-06,7.390000000000003e-06,7.2932352941176396e-06
76,7.44e-06,1553760000,7.44e-06,7.38e-06,7.38e-06,100150.57453812,0.73950387,7.38e-06,0.32213668333333334,0.35100915230769236,0.24205955029411755,7.413333333333335e-06,7.402307692307695e-06,7.296764705882345e-06
77,7.47e-06,1553767200,7.48e-06,7.38e-06,7.44e-06,12975.47433402,0.09685133,7.46e-06,0.31807310333333333,0.3572376523076923,0.23989634911764693,7.430000000000002e-06,7.4138461538461555e-06,7.300294117647051e-06
78,7.43e-06,1553774400,7.49e-06,7.38e-06,7.47e-06,88448.26167039,0.66078154,7.47e-06,0.49904558,0.3460122238461538,0.25468691294117635,7.4466666666666685e-06,7.422307692307694e-06,7.304999999999993e-06
79,7.46e-06,1553781600,7.49e-06,7.41e-06,7.44e-06,70496.01856867,0.52465534,7.44e-06,0.4274294033333333,0.38590828307692304,0.27011795235294106,7.453333333333335e-06,7.4315384615384635e-06,7.310588235294111e-06
80,7.42e-06,1553788800,7.45e-06,7.4e-06,7.45e-06,127253.10696008,0.94749005,7.44e-06,0.7109756433333333,0.34953788692307686,0.2979853067647058,7.4366666666666694e-06,7.42923076923077e-06,7.314999999999994e-06
81,7.45e-06,1553796000,7.45e-06,7.42e-06,7.43e-06,18669.68325795,0.13872364,7.43e-06,0.5369563433333333,0.299693763076923,0.29856626441176465,7.443333333333335e-06,7.4323076923076935e-06,7.3208823529411705e-06
82,7.46e-06,1553803200,7.46e-06,7.42e-06,7.43e-06,5243.67885872,0.03908271,7.45e-06,0.37509879999999995,0.2987082961538461,0.2980118476470588,7.443333333333335e-06,7.434615384615386e-06,7.3267647058823475e-06
83,7.46e-06,1553810400,7.5e-06,7.46e-06,7.46e-06,35367.62077145,0.26487887,7.48e-06,0.14756173999999997,0.3062168684615384,0.30262074676470585,7.456666666666668e-06,7.43769230769231e-06,7.3323529411764655e-06
84,7.46e-06,1553817600,7.55e-06,7.46e-06,7.49e-06,46781.03141481,0.35187359,7.52e-06,0.21861172333333326,0.3309889992307692,0.30725202676470587,7.460000000000002e-06,7.441538461538463e-06,7.33882352941176e-06
85,7.56e-06,1553824800,7.6e-06,7.5e-06,7.52e-06,15055.70319688,0.11388416,7.56e-06,0.24354553999999995,0.3188431038461538,0.3060546320588235,7.493333333333335e-06,7.450769230769233e-06,7.350588235294113e-06
86,7.63e-06,1553832000,7.64e-06,7.58e-06,7.6e-06,15166.87265953,0.11568918,7.62e-06,0.19381564333333326,0.32464003538461533,0.30488595529411766,7.550000000000001e-06,7.464615384615386e-06,7.364411764705878e-06
87,7.61e-06,1553839200,7.66e-06,7.6e-06,7.6e-06,12913.81175245,0.09859905,7.63e-06,0.10939079666666661,0.32383672615384607,0.302124645,7.600000000000002e-06,7.47923076923077e-06,7.377647058823527e-06
88,7.62e-06,1553846400,7.62e-06,7.6e-06,7.62e-06,6709.18940503,0.05100927,7.6e-06,0.08843249999999993,0.318694046153846,0.30032049205882355,7.620000000000002e-06,7.497692307692308e-06,7.391470588235292e-06
89,7.6e-06,1553853600,7.68e-06,7.6e-06,7.61e-06,152954.17656232,1.16518874,7.61e-06,0.4382656866666666,0.351439036153846,0.3287182808823529,7.610000000000001e-06,7.510000000000001e-06,7.40470588235294e-06
90,7.63e-06,1553860800,7.7e-06,7.56e-06,7.62e-06,32924.69797102,0.25085006,7.61e-06,0.4890160233333333,0.3632850923076922,0.32878749411764696,7.616666666666668e-06,7.5223076923076935e-06,7.417058823529411e-06
91,7.74e-06,1553868000,7.83e-06,7.63e-06,7.63e-06,226823.39212393,1.76619974,7.78e-06,1.06074618,0.4483172615384614,0.37825792558823523,7.656666666666669e-06,7.546153846153847e-06,7.432941176470587e-06
92,7.67e-06,1553875200,7.79e-06,7.67e-06,7.75e-06,100685.30631177,0.7754625,7.7e-06,0.9308374333333332,0.46761011999999985,0.400824739117647,7.680000000000001e-06,7.562307692307693e-06,7.4464705882352924e-06
93,7.74e-06,1553882400,7.74e-06,7.66e-06,7.68e-06,9616.03474111,0.07396104,7.69e-06,0.8718744266666666,0.4004155807692307,0.40274775852941175,7.716666666666667e-06,7.586923076923078e-06,7.4620588235294095e-06
94,7.72e-06,1553889600,7.8e-06,7.72e-06,7.74e-06,40253.30762363,0.31187966,7.74e-06,0.3871010666666667,0.4137352746153845,0.40565045352941176,7.71e-06,7.607692307692309e-06,7.475588235294117e-06
95,7.71e-06,1553896800,7.76e-06,7.7e-06,7.71e-06,7425.39051976,0.05751929,7.74e-06,0.14778666333333332,0.41515347307692296,0.4061880276470588,7.723333333333334e-06,7.626923076923079e-06,7.488235294117645e-06
96,7.59e-06,1553904000,7.7e-06,7.53e-06,7.7e-06,104439.55168875,0.79447653,7.6e-06,0.3879584933333333,0.45589175461538456,0.42605865470588233,7.673333333333335e-06,7.63692307692308e-06,7.498235294117645e-06
97,7.71e-06,1553911200,7.89e-06,7.62e-06,7.65e-06,210314.70348856,1.63922774,7.79e-06,0.8304078533333333,0.5549189969230768,0.43533538264705884,7.670000000000001e-06,7.656153846153848e-06,7.510882352941175e-06
98,7.74e-06,1553918400,7.76e-06,7.7e-06,7.7e-06,463.31621614,0.00357564,7.71e-06,0.8124266366666667,0.5464337261538461,0.4349734652941177,7.680000000000001e-06,7.670000000000003e-06,7.523235294117645e-06
99,7.75e-06,1553925600,7.8e-06,7.72e-06,7.74e-06,15947.00907312,0.12370097,7.75e-06,0.5888347833333333,0.5470500176923075,0.4148849023529412,7.733333333333334e-06,7.679230769230772e-06,7.535882352941174e-06
100,7.73e-06,1553932800,7.77e-06,7.68e-06,7.77e-06,26223.09245608,0.20238002,7.71e-06,0.10988554333333338,0.5550331692307691,0.42066059205882356,7.740000000000002e-06,7.688461538461539e-06,7.5473529411764685e-06
101,7.71e-06,1553940000,7.76e-06,7.69e-06,7.7e-06,21702.44222576,0.16707167,7.69e-06,0.16438422000000005,0.5639610461538461,0.3838007823529412,7.73e-06,7.695384615384617e-06,7.554999999999999e-06
102,7.65e-06,1553947200,7.69e-06,7.61e-06,7.69e-06,12232.82991997,0.0934862,7.64e-06,0.15431263000000003,0.4815223892307692,0.36341222205882356,7.696666666666669e-06,7.699230769230772e-06,7.56205882352941e-06
103,7.69e-06,1553954400,7.69e-06,7.6e-06,7.65e-06,33607.71325819,0.25730154,7.65e-06,0.17261980333333338,0.4820186569230769,0.3694536267647059,7.683333333333333e-06,7.703846153846155e-06,7.569705882352939e-06
104,7.68e-06,1553961600,7.86e-06,7.67e-06,7.7e-06,28376.96117884,0.21977381,7.74e-06,0.1901871833333334,0.3630628161538461,0.3709979320588235,7.673333333333333e-06,7.69923076923077e-06,7.577352941176467e-06
105,7.66e-06,1553968800,7.69e-06,7.66e-06,7.68e-06,3609.38932416,0.02772735,7.68e-06,0.16826756666666676,0.30554472769230767,0.37093591617647054,7.676666666666665e-06,7.698461538461539e-06,7.584705882352938e-06
106,7.64e-06,1553976000,7.65e-06,7.59e-06,7.64e-06,97248.93477775,0.74357692,7.64e-06,0.33035936000000005,0.3570536415384615,0.3848122726470588,7.66e-06,7.690769230769232e-06,7.590588235294114e-06
107,7.6e-06,1553983200,7.64e-06,7.59e-06,7.59e-06,4481.51128171,0.03407034,7.6e-06,0.26845820333333337,0.3356836938461539,0.38462819235294116,7.633333333333332e-06,7.681538461538463e-06,7.594999999999998e-06
108,7.6e-06,1553990400,7.66e-06,7.53e-06,7.6e-06,62438.25162794,0.47653325,7.63e-06,0.41806017,0.36791553692307694,0.3954367564705882,7.613333333333333e-06,7.673076923076923e-06,7.6002941176470566e-06
109,7.64e-06,1553997600,7.64e-06,7.59e-06,7.6e-06,4180.10305243,0.03181254,7.61e-06,0.1808053766666667,0.30924907615384617,0.39290582794117646,7.613333333333333e-06,7.676923076923077e-06,7.607941176470587e-06
110,7.65e-06,1554004800,7.65e-06,7.64e-06,7.64e-06,7499.6500859,0.05730002,7.64e-06,0.18854860333333337,0.18756232846153845,0.3728410088235294,7.63e-06,7.672307692307692e-06,7.614117647058822e-06
111,7.68e-06,1554012000,7.68e-06,7.64e-06,7.65e-06,12895.82590303,0.09873899,7.65e-06,0.06261718333333337,0.19488258615384613,0.37289652823529407,7.656666666666666e-06,7.667692307692307e-06,7.620294117647058e-06
112,7.73e-06,1554019200,7.73e-06,7.63e-06,7.63e-06,5389.12479118,0.04143557,7.68e-06,0.06582486000000003,0.18855447846153844,0.35468047029411764,7.686666666666667e-06,7.666153846153845e-06,7.629117647058823e-06
113,7.72e-06,1554026400,7.72e-06,7.67e-06,7.69e-06,815.29664706,0.00627851,7.7e-06,0.048817690000000025,0.1734697469230769,0.33943409294117644,7.71e-06,7.665384615384614e-06,7.636764705882353e-06
114,7.71e-06,1554033600,7.74e-06,7.71e-06,7.71e-06,35966.07258273,0.27781841,7.72e-06,0.10851083000000002,0.1819887269230769,0.31973786823529404,7.72e-06,7.665384615384614e-06,7.645294117647059e-06
115,7.75e-06,1554040800,7.75e-06,7.74e-06,7.75e-06,13032.12030716,0.10093188,7.74e-06,0.12834293333333335,0.18256147153846153,0.31862634588235283,7.726666666666667e-06,7.673076923076921e-06,7.654117647058824e-06
116,7.68e-06,1554048000,7.76e-06,7.67e-06,7.75e-06,44800.86922801,0.34443366,7.68e-06,0.24106131666666666,0.1892639423076923,0.32760725617647046,7.713333333333333e-06,7.67230769230769e-06,7.660588235294118e-06
117,7.7e-06,1554055200,7.72e-06,7.56e-06,7.68e-06,248615.43623416,1.89878566,7.63e-06,0.7813837333333332,0.31841869999999994,0.37566333823529396,7.709999999999999e-06,7.673846153846152e-06,7.66764705882353e-06
118,7.71e-06,1554062400,7.75e-06,7.69e-06,7.69e-06,7725.36258443,0.05967582,7.72e-06,0.7676317133333331,0.32087627461538454,0.36706928617647044,7.696666666666665e-06,7.677692307692307e-06,7.675000000000002e-06
119,7.7e-06,1554069600,7.72e-06,7.69e-06,7.72e-06,1944.73275481,0.01500151,7.71e-06,0.6578209966666665,0.26483201230769227,0.36416097294117633,7.703333333333331e-06,7.68230769230769e-06,7.679117647058826e-06
120,7.7e-06,1554076800,7.73e-06,7.7e-06,7.7e-06,6979.66325085,0.05379222,7.7e-06,0.04282318333333316,0.26634907999999996,0.3623404741176469,7.703333333333333e-06,7.69e-06,7.681176470588239e-06
121,7.72e-06,1554084000,7.72e-06,7.7e-06,7.71e-06,1075.15461667,0.00829705,7.71e-06,0.025696926666666498,0.23033091076923073,0.3596845329411763,7.706666666666667e-06,7.699230769230768e-06,7.684411764705885e-06
122,7.75e-06,1554091200,7.78e-06,7.7e-06,7.74e-06,95784.07237685,0.743324,7.76e-06,0.2684710899999998,0.2850625615384615,0.38004673088235275,7.723333333333333e-06,7.707692307692306e-06,7.68823529411765e-06
123,7.71e-06,1554098400,7.75e-06,7.69e-06,7.75e-06,6414.37980293,0.0494664,7.71e-06,0.26702914999999977,0.2844599753846153,0.3472313679411763,7.726666666666667e-06,7.712307692307692e-06,7.691470588235297e-06
124,7.75e-06,1554105600,7.78e-06,7.71e-06,7.71e-06,23827.97058611,0.18493432,7.76e-06,0.3259082399999998,0.2910903853846153,0.3452926697058822,7.736666666666668e-06,7.717692307692308e-06,7.695000000000003e-06
125,7.7e-06,1554112800,7.78e-06,7.7e-06,7.78e-06,2934.77636993,0.02273262,7.74e-06,0.08571111333333314,0.28965169692307685,0.29401422499999985,7.72e-06,7.715384615384615e-06,7.693823529411769e-06
126,7.72e-06,1554120000,7.83e-06,7.69e-06,7.77e-06,32927.83264646,0.25583922,7.76e-06,0.15450205333333314,0.30884867461538457,0.27873118735294106,7.723333333333334e-06,7.715384615384615e-06,7.695294117647063e-06
127,7.72e-06,1554127200,7.77e-06,7.72e-06,7.77e-06,29045.06133112,0.22460591,7.73e-06,0.16772591666666647,0.3047554053846154,0.28316191882352926,7.713333333333335e-06,7.716153846153846e-06,7.694705882352947e-06
128,7.67e-06,1554134400,7.74e-06,7.62e-06,7.74e-06,76357.84954135,0.58441556,7.65e-06,0.35495356333333317,0.34194645769230764,0.2911776805882351,7.703333333333335e-06,7.709999999999999e-06,7.693235294117651e-06
129,7.68e-06,1554141600,7.75e-06,7.65e-06,7.67e-06,23116.45368646,0.17785307,7.69e-06,0.3289581799999999,0.3291325661538461,0.2947169094117645,7.690000000000001e-06,7.709999999999999e-06,7.692352941176473e-06
130,7.73e-06,1554148800,7.73e-06,7.64e-06,7.68e-06,13573.90657051,0.10399062,7.66e-06,0.2887530833333332,0.19107140923076926,0.2744085002941174,7.693333333333335e-06,7.712307692307692e-06,7.696470588235298e-06
131,7.72e-06,1554156000,7.75e-06,7.63e-06,7.72e-06,59649.76561415,0.45948633,7.7e-06,0.2471100066666666,0.2218260638461539,0.23971022352941157,7.71e-06,7.713076923076923e-06,7.696764705882358e-06
132,7.76e-06,1554163200,7.77e-06,7.69e-06,7.71e-06,155020.26909067,1.20111404,7.74e-06,0.5881969966666666,0.31306548923076927,0.2749319411764704,7.736666666666668e-06,7.717692307692306e-06,7.697352941176474e-06
133,7.74e-06,1554170400,7.74e-06,7.7e-06,7.7e-06,38635.72492278,0.2979299,7.71e-06,0.6528434233333332,0.3318453107692308,0.28005632147058807,7.740000000000002e-06,7.72076923076923e-06,7.697058823529416e-06
134,7.22e-06,1554177600,7.77e-06,7e-06,7.74e-06,1146795.9431645,8.41124845,7.33e-06,3.303430796666666,0.9782261876923078,0.521493628235294,7.573333333333335e-06,7.682307692307692e-06,7.682058823529415e-06
135,7.55e-06,1554184800,7.67e-06,7.18e-06,7.22e-06,627001.62439035,4.69425765,7.48e-06,4.4678119999999995,1.282144160769231,0.6546461570588235,7.503333333333336e-06,7.666923076923076e-06,7.677352941176474e-06
136,7.51e-06,1554192000,7.66e-06,7.48e-06,7.58e-06,422720.37930053,3.19978326,7.56e-06,5.435096453333333,1.5244762269230772,0.7460078352941176,7.426666666666669e-06,7.65153846153846e-06,7.673235294117651e-06
137,7.84e-06,1554199200,7.97e-06,7.53e-06,7.53e-06,913035.2869155,7.19516081,7.88e-06,5.029733906666666,2.063724418461539,0.9500625197058822,7.633333333333335e-06,7.658461538461536e-06,7.677647058823534e-06
138,7.78e-06,1554206400,8.04e-06,7.66e-06,7.83e-06,475096.28468212,3.75661258,7.9e-06,4.71718555,2.350945953846154,1.0540871894117647,7.710000000000004e-06,7.664615384615383e-06,7.680588235294122e-06
139,7.45e-06,1554213600,7.87e-06,7.38e-06,7.77e-06,604776.28563515,4.56887783,7.55e-06,5.173550406666667,2.682718154615385,1.1876504388235294,7.690000000000003e-06,7.643846153846152e-06,7.674411764705887e-06
140,7.7e-06,1554220800,7.79e-06,7.45e-06,7.49e-06,79121.04686207,0.60873477,7.69e-06,2.9780750600000006,2.7122665284615386,1.183684493235294,7.643333333333335e-06,7.64230769230769e-06,7.67617647058824e-06
141,7.85e-06,1554228000,7.87e-06,7.68e-06,7.7e-06,43740.45822179,0.34163813,7.81e-06,1.8397502433333337,2.693591341538462,1.192730604705882,7.666666666666669e-06,7.656153846153845e-06,7.683529411764711e-06
142,7.93e-06,1554235200,7.93e-06,7.83e-06,7.87e-06,95580.11627047,0.75283556,7.87e-06,0.5677361533333339,2.7378207638461545,1.200857143235294,7.826666666666669e-06,7.675384615384614e-06,7.693235294117651e-06
143,7.77e-06,1554242400,7.95e-06,7.76e-06,7.93e-06,258456.53970741,2.03878783,7.88e-06,1.0444205066666672,2.886651318461539,1.2598858282352938,7.850000000000003e-06,7.678461538461538e-06,7.697058823529416e-06
144,7.76e-06,1554249600,7.85e-06,7.71e-06,7.82e-06,84469.21471356,0.65754005,7.78e-06,1.1497211466666675,2.901886220000001,1.2775399467647057,7.820000000000003e-06,7.681538461538461e-06,7.700294117647062e-06
145,7.72e-06,1554256800,7.77e-06,7.6e-06,7.77e-06,265718.79057233,2.04240075,7.68e-06,1.5795762100000006,2.9666005823076933,1.3347064691176467,7.750000000000004e-06,7.67846153846154e-06,7.701470588235298e-06
146,7.62e-06,1554264000,7.72e-06,7.59e-06,7.72e-06,61278.45431847,0.4685246,7.64e-06,1.0561551333333339,2.9797232515384624,1.3472679111764705,7.700000000000003e-06,7.669230769230769e-06,7.698235294117652e-06
147,7.71e-06,1554271200,7.71e-06,7.65e-06,7.66e-06,17949.40260078,0.13782183,7.67e-06,0.8829157266666673,2.3433058192307703,1.351136832352941,7.683333333333335e-06,7.706923076923077e-06,7.697941176470594e-06
148,7.78e-06,1554278400,7.78e-06,7.62e-06,7.71e-06,108877.34765965,0.84232495,7.73e-06,0.4828904600000006,2.0470033038461546,1.3677399658823526,7.703333333333333e-06,7.724615384615384e-06,7.700000000000004e-06
149,7.8e-06,1554285600,7.87e-06,7.76e-06,7.79e-06,123338.97255121,0.96482219,7.82e-06,0.6483229900000006,1.875083221538462,1.3931485044117644,7.763333333333334e-06,7.746923076923077e-06,7.701470588235298e-06
150,7.79e-06,1554292800,7.84e-06,7.74e-06,7.8e-06,123888.56494114,0.96702574,7.8e-06,0.924724293333334,1.395995908461539,1.4114600361764702,7.79e-06,7.743076923076924e-06,7.704705882352945e-06
151,7.75e-06,1554300000,7.87e-06,7.52e-06,7.77e-06,457181.59063605,3.51924224,7.69e-06,1.8170300566666675,1.3777366515384624,1.459120523823529,7.78e-06,7.740769230769231e-06,7.70617647058824e-06
152,7.66e-06,1554307200,7.75e-06,7.57e-06,7.75e-06,91891.89100053,0.7061885,7.68e-06,1.7308188266666675,1.0806067030769237,1.4781356026470585,7.733333333333334e-06,7.756923076923077e-06,7.704705882352943e-06
153,7.65e-06,1554314400,7.68e-06,7.6e-06,7.65e-06,77137.98266443,0.5898574,7.64e-06,1.6050960466666673,1.0791545976923085,1.495043128823529,7.686666666666669e-06,7.753076923076924e-06,7.70323529411765e-06
154,7.44e-06,1554321600,7.72e-06,7.44e-06,7.69e-06,151060.75843318,1.15103488,7.61e-06,0.8156935933333339,1.141415886153847,1.5273149717647054,7.583333333333335e-06,7.72153846153846e-06,7.69558823529412e-06
155,7.4e-06,1554328800,7.51e-06,7.39e-06,7.44e-06,302741.83282299,2.24350323,7.41e-06,1.3281318366666672,1.2560826300000005,1.5930563299999996,7.496666666666668e-06,7.68076923076923e-06,7.686176470588236e-06
156,7.28e-06,1554336000,7.43e-06,7.21e-06,7.4e-06,203021.29031917,1.4832381,7.3e-06,1.6259254033333341,1.213348035384616,1.6148185094117642,7.373333333333334e-06,7.643076923076923e-06,7.672352941176473e-06
157,7.25e-06,1554343200,7.38e-06,7.17e-06,7.29e-06,342442.54720607,2.4681309,7.2e-06,2.0649574100000008,1.352624254615385,1.6859557005882349,7.31e-06,7.603846153846153e-06,7.658823529411765e-06
158,7.31e-06,1554350400,7.39e-06,7.28e-06,7.28e-06,65549.86143511,0.48162659,7.34e-06,1.4776651966666676,1.2325647038461545,1.6946819438235288,7.280000000000001e-06,7.572307692307691e-06,7.645882352941178e-06
159,7.41e-06,1554357600,7.45e-06,7.32e-06,7.32e-06,203261.26142609,1.50891765,7.42e-06,1.4862250466666673,1.3125949384615392,1.7383932682352936,7.323333333333334e-06,7.556153846153845e-06,7.637352941176471e-06
160,7.5e-06,1554364800,7.5e-06,7.43e-06,7.43e-06,34129.76994506,0.25514112,7.47e-06,0.7485617866666675,1.3216194992307702,1.7383727358823524,7.406666666666667e-06,7.539999999999999e-06,7.630882352941178e-06
161,7.41e-06,1554372000,7.48e-06,7.41e-06,7.48e-06,91975.68142254,0.68497287,7.44e-06,0.8163438800000008,1.309515493076924,1.7519129405882348,7.44e-06,7.511538461538461e-06,7.621764705882354e-06
162,7.41e-06,1554379200,7.52e-06,7.37e-06,7.42e-06,162832.81520185,1.21426668,7.45e-06,0.718126890000001,1.3287035307692319,1.7704379735294113,7.440000000000001e-06,7.4815384615384605e-06,7.614117647058825e-06
163,7.41e-06,1554386400,7.51e-06,7.4e-06,7.41e-06,52701.62007647,0.3927459,7.45e-06,0.763995150000001,1.2845281584615396,1.7767583508823526,7.410000000000001e-06,7.452307692307691e-06,7.606176470588239e-06
164,7.41e-06,1554393600,7.54e-06,7.4e-06,7.4e-06,42755.80912215,0.3178662,7.43e-06,0.641626260000001,1.0382684630769243,1.7830488091176466,7.410000000000001e-06,7.426153846153845e-06,7.596764705882356e-06
165,7.3e-06,1554400800,7.46e-06,7.22e-06,7.42e-06,364392.87662379,2.69354613,7.39e-06,1.1347194100000013,1.1911421269230782,1.8487564502941174,7.373333333333335e-06,7.398461538461537e-06,7.5844117647058856e-06
166,7.29e-06,1554408000,7.29e-06,7.17e-06,7.28e-06,80118.10934344,0.57872851,7.22e-06,1.1967136133333345,1.1902860584615398,1.8304509935294115,7.333333333333336e-06,7.37076923076923e-06,7.570588235294122e-06
167,7.33e-06,1554415200,7.37e-06,7.26e-06,7.3e-06,75752.49545838,0.55327435,7.3e-06,1.2751829966666677,1.1443044792307704,1.8379611244117644,7.306666666666669e-06,7.362307692307692e-06,7.55852941176471e-06
168,7.31e-06,1554422400,7.32e-06,7.27e-06,7.32e-06,7558.94701672,0.05522603,7.3e-06,0.3957429633333344,0.9759754638461551,1.5921957591176468,7.310000000000002e-06,7.355384615384614e-06,7.561176470588239e-06
169,7.33e-06,1554429600,7.34e-06,7.29e-06,7.32e-06,2948.43016837,0.02156252,7.31e-06,0.21002096666666772,0.863538880769232,1.4547635494117646,7.323333333333335e-06,7.359230769230768e-06,7.554705882352945e-06
170,7.35e-06,1554436800,7.41e-06,7.32e-06,7.35e-06,63615.70761835,0.4683905,7.36e-06,0.18172635000000106,0.7097126961538474,1.374428468235294,7.330000000000002e-06,7.366923076923076e-06,7.550000000000003e-06
171,7.36e-06,1554444000,7.39e-06,7.32e-06,7.36e-06,27500.93058347,0.20196533,7.34e-06,0.23063945000000108,0.6882002915384628,1.1687462482352942,7.346666666666669e-06,7.37076923076923e-06,7.5358823529411795e-06
172,7.29e-06,1554451200,7.39e-06,7.29e-06,7.32e-06,43916.62281799,0.32258008,7.34e-06,0.33097863666666777,0.5969435553846167,1.0677452923529411,7.333333333333336e-06,7.36153846153846e-06,7.521470588235298e-06
173,7.31e-06,1554458400,7.39e-06,7.3e-06,7.3e-06,23731.71850268,0.17467119,7.36e-06,0.2330722000000011,0.590753560769232,0.9385039205882353,7.320000000000002e-06,7.346923076923075e-06,7.517352941176475e-06
174,7.32e-06,1554465600,7.39e-06,7.31e-06,7.36e-06,100859.52432731,0.74197042,7.35e-06,0.4130738966666678,0.5951379876923089,0.9424226161764707,7.306666666666669e-06,7.339999999999998e-06,7.506176470588239e-06
175,7.42e-06,1554472800,7.55e-06,7.33e-06,7.36e-06,103443.45058328,0.76999717,7.44e-06,0.5622129266666678,0.5609634100000013,0.9550214114705885,7.3500000000000025e-06,7.34076923076923e-06,7.493529411764709e-06
176,7.39e-06,1554480000,7.44e-06,7.39e-06,7.41e-06,12026.02497692,0.08922838,7.41e-06,0.5337319900000012,0.5376159084615397,0.9355035532352943,7.37666666666667e-06,7.339230769230768e-06,7.477647058823533e-06
177,7.49e-06,1554487200,7.5e-06,7.37e-06,7.4e-06,47396.76818291,0.35260243,7.43e-06,0.4039426600000011,0.5402879261538475,0.8859098650000001,7.433333333333336e-06,7.345384615384614e-06,7.4694117647058875e-06
178,7.46e-06,1554494400,7.51e-06,7.42e-06,7.44e-06,126626.23173153,0.94656489,7.47e-06,0.4627985666666678,0.40590475384615515,0.8944105955882354,7.44666666666667e-06,7.357692307692306e-06,7.460588235294123e-06
179,7.46e-06,1554501600,7.51e-06,7.46e-06,7.47e-06,97992.05789286,0.73147905,7.46e-06,0.6768821233333343,0.41765479538461664,0.8558540750000002,7.470000000000004e-06,7.37076923076923e-06,7.4529411764705926e-06
180,7.54e-06,1554508800,7.54e-06,7.47e-06,7.5e-06,26065.63457301,0.19507854,7.48e-06,0.6243741600000009,0.3901012715384628,0.8478115438235296,7.48666666666667e-06,7.386923076923076e-06,7.450588235294121e-06
181,7.46e-06,1554516000,7.55e-06,7.46e-06,7.49e-06,6607.36671099,0.04964254,7.51e-06,0.3254000433333343,0.38967177230769356,0.8452180352941179,7.48666666666667e-06,7.398461538461538e-06,7.44323529411765e-06
182,7.58e-06,1554523200,7.58e-06,7.46e-06,7.46e-06,34052.94776906,0.25616142,7.52e-06,0.1669608333333343,0.4077178415384628,0.8279779314705886,7.52666666666667e-06,7.4176923076923074e-06,7.437352941176473e-06
183,7.45e-06,1554530400,7.54e-06,7.45e-06,7.54e-06,74865.28860389,0.5578457,7.45e-06,0.28788322000000094,0.414599010769232,0.8160080347058828,7.49666666666667e-06,7.4253846153846155e-06,7.427058823529415e-06
184,7.47e-06,1554537600,7.49e-06,7.45e-06,7.45e-06,14018.47028092,0.10457791,7.46e-06,0.306195010000001,0.407107670769232,0.7906419220588239,7.500000000000004e-06,7.433846153846154e-06,7.417647058823533e-06
185,7.42e-06,1554544800,7.5e-06,7.42e-06,7.45e-06,219936.47328681,1.63919648,7.45e-06,0.7672066966666676,0.5083858553846166,0.7353464585294122,7.446666666666671e-06,7.443846153846154e-06,7.407941176470592e-06
186,7.39e-06,1554552000,7.43e-06,7.29e-06,7.41e-06,71834.74290719,0.52813389,7.35e-06,0.7573027600000009,0.5355752938461551,0.7301095582352944,7.426666666666672e-06,7.450000000000001e-06,7.4000000000000045e-06
187,7.35e-06,1554559200,7.4e-06,7.3e-06,7.39e-06,107002.21901332,0.78293119,7.31e-06,0.9834205200000009,0.5387261223076936,0.7357881991176474,7.3866666666666725e-06,7.4523076923076925e-06,7.39117647058824e-06
188,7.39e-06,1554566400,7.39e-06,7.28e-06,7.35e-06,49629.25649352,0.36420435,7.33e-06,0.5584231433333342,0.5075112900000012,0.7126461247058827,7.376666666666673e-06,7.45e-06,7.3897058823529465e-06
189,7.27e-06,1554573600,7.38e-06,7.27e-06,7.38e-06,16628.66298837,0.12207052,7.34e-06,0.4230686866666676,0.5100376084615397,0.6502510450000003,7.336666666666674e-06,7.440769230769231e-06,7.38588235294118e-06
190,7.4e-06,1554580800,7.48e-06,7.34e-06,7.34e-06,46957.24776087,0.34892721,7.43e-06,0.2784006933333343,0.5097548992307706,0.6168889600000003,7.3533333333333406e-06,7.4338461538461545e-06,7.389411764705886e-06
191,7.41e-06,1554588000,7.48e-06,7.38e-06,7.4e-06,22710.75303244,0.16838993,7.41e-06,0.21312922000000092,0.4498952869230782,0.5492495197058826,7.360000000000007e-06,7.430000000000001e-06,7.3941176470588275e-06
192,7.4e-06,1554595200,7.41e-06,7.4e-06,7.41e-06,4015.95447744,0.0297184,7.4e-06,0.18234518000000097,0.39591369846153973,0.5359581023529415,7.40333333333334e-06,7.425384615384616e-06,7.396764705882358e-06
193,7.41e-06,1554602400,7.41e-06,7.36e-06,7.4e-06,7182.42662105,0.05314719,7.39e-06,0.08375184000000097,0.38499590230769354,0.4931413241176474,7.406666666666672e-06,7.4153846153846164e-06,7.396764705882358e-06
194,7.44e-06,1554609600,7.44e-06,7.42e-06,7.42e-06,161924.82256091,1.2016349,7.42e-06,0.42816683000000094,0.47361069923077054,0.5209793764705885,7.416666666666673e-06,7.413846153846155e-06,7.395000000000004e-06
195,7.42e-06,1554616800,7.45e-06,7.42e-06,7.44e-06,5153.52477804,0.03827875,7.42e-06,0.4310202800000009,0.45685049384615517,0.5019589611764709,7.42333333333334e-06,7.401538461538461e-06,7.395294117647063e-06
196,7.47e-06,1554624000,7.47e-06,7.42e-06,7.42e-06,185360.94513696,1.37549054,7.42e-06,0.8718013966666677,0.5197462507692321,0.5067008394117649,7.44333333333334e-06,7.403076923076922e-06,7.397058823529414e-06
197,7.41e-06,1554631200,7.49e-06,7.41e-06,7.49e-06,59275.11718235,0.43996883,7.42e-06,0.6179127066666676,0.5455455523076936,0.5080897491176473,7.433333333333339e-06,7.398461538461538e-06,7.397058823529414e-06
198,7.37e-06,1554638400,7.44e-06,7.37e-06,7.4e-06,2118.35289911,0.01564197,7.38e-06,0.6103671133333343,0.4206567438461552,0.4992008011764708,7.416666666666672e-06,7.394615384615384e-06,7.395882352941178e-06
199,7.43e-06,1554645600,7.44e-06,7.39e-06,7.42e-06,24403.11345788,0.18124433,7.42e-06,0.2122850433333343,0.3939729315384629,0.4253095717647061,7.4033333333333376e-06,7.397692307692308e-06,7.399705882352943e-06
200,7.42e-06,1554652800,7.43e-06,7.36e-06,7.43e-06,19097.34543715,0.14167144,7.41e-06,0.11285258000000098,0.34464525846153976,0.4124549520588237,7.406666666666671e-06,7.403076923076923e-06,7.403529411764707e-06
201,7.37e-06,1554660000,7.43e-06,7.37e-06,7.43e-06,56086.65430017,0.416274,7.42e-06,0.24639659000000094,0.34865061615384746,0.40842553000000015,7.406666666666671e-06,7.401538461538462e-06,7.404705882352941e-06
202,7.41e-06,1554667200,7.41e-06,7.35e-06,7.36e-06,26838.03152617,0.19766849,7.36e-06,0.25187131000000096,0.3544658446153859,0.4126150141176472,7.400000000000004e-06,7.412307692307693e-06,7.40764705882353e-06
203,7.4e-06,1554674400,7.44e-06,7.37e-06,7.42e-06,83281.06447187,0.61655579,7.4e-06,0.41016609333333426,0.37505265846153973,0.43011481617647074,7.393333333333337e-06,7.412307692307693e-06,7.409705882352942e-06
204,7.35e-06,1554681600,7.38e-06,7.35e-06,7.37e-06,47794.20068984,0.35147503,7.35e-06,0.3885664366666676,0.389136127692309,0.4266761258823531,7.386666666666671e-06,7.407692307692308e-06,7.409705882352942e-06
205,7.3e-06,1554688800,7.41e-06,7.3e-06,7.35e-06,141856.06382546,1.04141747,7.34e-06,0.6698160966666676,0.4669591330769244,0.4513658947058825,7.350000000000005e-06,7.4e-06,7.4079411764705905e-06
206,7.27e-06,1554696000,7.3e-06,7.26e-06,7.3e-06,53746.58096447,0.39190984,7.29e-06,0.5949341133333342,0.4930177984615398,0.4534050052941178,7.3066666666666715e-06,7.38923076923077e-06,7.4073529411764716e-06
207,7.32e-06,1554703200,7.34e-06,7.25e-06,7.27e-06,38858.36204929,0.28253997,7.27e-06,0.5719557600000008,0.4223181884615398,0.4565776164705884,7.296666666666672e-06,7.380000000000001e-06,7.40764705882353e-06
208,7.3e-06,1554710400,7.34e-06,7.21e-06,7.32e-06,302948.76349966,2.19302804,7.23e-06,0.9558259500000009,0.5880681338461552,0.4992557817647061,7.296666666666672e-06,7.3707692307692315e-06,7.4070588235294125e-06
209,7.3e-06,1554717600,7.32e-06,7.26e-06,7.3e-06,19578.92186641,0.14285654,7.29e-06,0.8728081833333343,0.49325013384615524,0.4808104691176473,7.306666666666672e-06,7.35769230769231e-06,7.403529411764707e-06
210,7.19e-06,1554724800,7.31e-06,7.19e-06,7.31e-06,50684.53272419,0.36849308,7.27e-06,0.901459220000001,0.48775199923077067,0.4890241367647061,7.263333333333339e-06,7.340769230769233e-06,7.397647058823531e-06
211,7.21e-06,1554732000,7.25e-06,7.15e-06,7.18e-06,74051.06126495,0.53113686,7.17e-06,0.34749549333333435,0.5274054523076938,0.49427514941176487,7.233333333333338e-06,7.328461538461539e-06,7.389411764705882e-06
212,7.24e-06,1554739200,7.33e-06,7.2e-06,7.2e-06,56124.26979766,0.40694263,7.25e-06,0.4355241900000011,0.5447668600000014,0.47840390647058834,7.2133333333333385e-06,7.313846153846156e-06,7.382941176470589e-06
213,7.28e-06,1554746400,7.34e-06,7.25e-06,7.29e-06,24806.33305575,0.18049588,7.27e-06,0.3728584566666678,0.5477533553846168,0.4621985191176471,7.243333333333338e-06,7.303076923076924e-06,7.377647058823531e-06
214,7.3e-06,1554753600,7.33e-06,7.27e-06,7.3e-06,7179.87146881,0.05244505,7.3e-06,0.21329452000000113,0.5197665130769246,0.45800341647058823,7.273333333333338e-06,7.297692307692308e-06,7.3705882352941195e-06
215,7.24e-06,1554760800,7.35e-06,7.23e-06,7.3e-06,48906.76544181,0.35600321,7.27e-06,0.19631471333333442,0.5319461069230784,0.4670140244117647,7.27333333333334e-06,7.284615384615385e-06,7.364117647058826e-06
216,7.25e-06,1554768000,7.27e-06,7.2e-06,7.24e-06,65280.11077929,0.4706316,7.2e-06,0.29302662000000107,0.5207211692307706,0.47332197088235295,7.26333333333334e-06,7.273076923076923e-06,7.354411764705885e-06
217,7.22e-06,1554775200,7.22e-06,7.18e-06,7.21e-06,116110.29401896,0.83699366,7.2e-06,0.5545428233333344,0.5580687561538475,0.481532205,7.236666666666674e-06,7.2630769230769235e-06,7.347647058823532e-06
218,7.13e-06,1554782400,7.21e-06,7.07e-06,7.21e-06,59498.59003351,0.42413329,7.12e-06,0.5772528500000011,0.5105853576923092,0.4909308926470588,7.200000000000008e-06,7.25e-06,7.337647058823533e-06
219,7.11e-06,1554789600,7.12e-06,7.02e-06,7.09e-06,31082.02020488,0.21989477,7.07e-06,0.4936739066666678,0.49735342923077064,0.44918672470588233,7.153333333333341e-06,7.2376923076923075e-06,7.328529411764709e-06
220,7.03e-06,1554796800,7.13e-06,7.03e-06,7.06e-06,18591.4796762,0.13121951,7.05e-06,0.25841585666666783,0.48571339384615525,0.4375127723529411,7.090000000000006e-06,7.215384615384616e-06,7.3179411764705905e-06
221,7.03e-06,1554804000,7.09e-06,7.03e-06,7.09e-06,1958.97884505,0.01381882,7.05e-06,0.12164436666666785,0.3180819153846167,0.4148918202941176,7.056666666666672e-06,7.194615384615385e-06,7.308529411764709e-06
222,7.09e-06,1554811200,7.09e-06,7.08e-06,7.08e-06,946.82115397,0.0067128,7.08e-06,0.0505837100000012,0.30760932000000135,0.40437736294117643,7.050000000000006e-06,7.178461538461539e-06,7.299705882352943e-06
223,7.09e-06,1554818400,7.09e-06,7.05e-06,7.09e-06,22278.57184947,0.1579181,7.08e-06,0.059483240000001186,0.291411244615386,0.40543170352941177,7.070000000000008e-06,7.170769230769231e-06,7.294411764705886e-06
224,7.13e-06,1554825600,7.13e-06,7.07e-06,7.07e-06,1238.32187675,0.00880192,7.1e-06,0.05781094000000118,0.2512316338461552,0.3954280185294118,7.103333333333341e-06,7.164615384615385e-06,7.2864705882352965e-06
225,7.2e-06,1554832800,7.2e-06,7.13e-06,7.13e-06,10286.27815357,0.07363661,7.15e-06,0.08011887666666785,0.22559270923077054,0.3926411561764706,7.140000000000007e-06,7.161538461538462e-06,7.280294117647061e-06
226,7.16e-06,1554840000,7.16e-06,7.16e-06,7.16e-06,717.58045799,0.00513787,7.16e-06,0.029192133333334508,0.21210363153846284,0.3919181994117647,7.16333333333334e-06,7.152307692307693e-06,7.273235294117648e-06
227,7.23e-06,1554847200,7.23e-06,7.2e-06,7.2e-06,15584.9602907,0.11251508,7.21e-06,0.06376318666666785,0.2167244030769244,0.3936643138235294,7.196666666666673e-06,7.1469230769230774e-06,7.267941176470589e-06
228,7.22e-06,1554854400,7.22e-06,7.22e-06,7.22e-06,21471.96533404,0.15502758,7.22e-06,0.09089351000000119,0.20126473923077054,0.36288174558823527,7.2033333333333395e-06,7.145384615384616e-06,7.261470588235295e-06
229,7.19e-06,1554861600,7.23e-06,7.16e-06,7.22e-06,61187.25844776,0.44120134,7.21e-06,0.2362480000000012,0.1990008730769244,0.37473240999999996,7.21333333333334e-06,7.140769230769231e-06,7.254705882352943e-06
230,7.11e-06,1554868800,7.2e-06,7.04e-06,7.2e-06,31148.23780159,0.22100273,7.09e-06,0.2724105500000012,0.1516169553846167,0.34077688617647056,7.173333333333341e-06,7.132307692307693e-06,7.2441176470588256e-06
231,7.2e-06,1554876000,7.2e-06,7.11e-06,7.13e-06,55332.07073383,0.39499331,7.13e-06,0.3523991266666679,0.1493754184615398,0.3394540767647059,7.166666666666674e-06,7.137692307692308e-06,7.23794117647059e-06
232,7.2e-06,1554883200,7.2e-06,7.2e-06,7.2e-06,3108.76691116,0.02238312,7.2e-06,0.21279305333333454,0.13418221461538593,0.33965234588235294,7.170000000000007e-06,7.144615384615385e-06,7.232941176470591e-06
233,7.16e-06,1554890400,7.2e-06,7.16e-06,7.16e-06,24809.27091648,0.1784714,7.19e-06,0.19861594333333452,0.1378169753846167,0.33957078911764704,7.186666666666673e-06,7.154615384615385e-06,7.225000000000003e-06
234,7.03e-06,1554897600,7.16e-06,7.03e-06,7.15e-06,86081.18210178,0.61124145,7.1e-06,0.2706986566666678,0.18377256230769362,0.35338167176470586,7.1300000000000054e-06,7.154615384615385e-06,7.213529411764708e-06
235,7e-06,1554904800,7.08e-06,6.99e-06,7.03e-06,84927.50825042,0.59616601,7.01e-06,0.4619596200000011,0.22911511692307826,0.3586726132352941,7.06333333333334e-06,7.1476923076923075e-06,7.2026470588235325e-06
236,7.07e-06,1554912000,7.09e-06,6.99e-06,6.99e-06,9332.01183289,0.06574506,7.04e-06,0.42438417333333445,0.22202488307692442,0.3547925123529411,7.033333333333339e-06,7.146153846153846e-06,7.192647058823533e-06
237,7e-06,1554919200,7.11e-06,6.92e-06,7.1e-06,93546.06177453,0.65360096,6.98e-06,0.4385040100000011,0.2716248092307706,0.35588207617647055,7.02333333333334e-06,7.136153846153846e-06,7.1808823529411795e-06
238,7.09e-06,1554926400,7.1e-06,6.99e-06,7e-06,27252.99911497,0.19237921,7.05e-06,0.3039084100000011,0.28075885538461676,0.3512027873529412,7.05333333333334e-06,7.127692307692308e-06,7.173235294117651e-06
239,7.02e-06,1554933600,7.1e-06,7.02e-06,7.09e-06,16088.47951603,0.11401331,7.08e-06,0.3199978266666677,0.28913388923077055,0.3239261944117647,7.036666666666673e-06,7.116923076923076e-06,7.165000000000004e-06
240,6.88e-06,1554940800,7.04e-06,6.87e-06,7.01e-06,45460.28481803,0.31543521,6.93e-06,0.20727591000000103,0.30474313000000136,0.3216769405882353,6.996666666666674e-06,7.09e-06,7.153529411764709e-06
241,6.74e-06,1554948000,6.9e-06,6.69e-06,6.88e-06,330431.01961534,2.23435297,6.76e-06,0.8879338300000011,0.46469123692307834,0.37908320529411765,6.880000000000006e-06,7.053076923076922e-06,7.136470588235298e-06
242,6.65e-06,1554955200,6.76e-06,6.63e-06,6.74e-06,77711.89001433,0.52005127,6.69e-06,1.023279816666668,0.47075661615384756,0.32987800617647056,6.7566666666666726e-06,7.01153846153846e-06,7.117352941176475e-06
243,6.67e-06,1554962400,6.73e-06,6.62e-06,6.7e-06,37997.19771402,0.25335503,6.66e-06,1.0025864233333344,0.47324525461538597,0.3331279617647058,6.6866666666666715e-06,6.977692307692306e-06,7.09882352941177e-06
244,6.6e-06,1554969600,6.73e-06,6.6e-06,6.68e-06,65757.61043203,0.43790458,6.65e-06,0.4037702933333344,0.4765461215384628,0.3351694764705882,6.640000000000005e-06,6.93153846153846e-06,7.0814705882353e-06
245,6.66e-06,1554976800,6.66e-06,6.56e-06,6.59e-06,83291.61281651,0.54768378,6.57e-06,0.41298113000000103,0.516953864615386,0.3356561505882352,6.643333333333339e-06,6.8899999999999976e-06,7.065294117647064e-06
246,6.61e-06,1554984000,6.7e-06,6.57e-06,6.64e-06,138704.90541612,0.91840367,6.62e-06,0.6346640100000009,0.5738717315384628,0.35069912235294115,6.623333333333339e-06,6.847692307692305e-06,7.046764705882359e-06
247,6.62e-06,1554991200,6.64e-06,6.59e-06,6.61e-06,45589.67343011,0.30114261,6.6e-06,0.5890766866666676,0.5500179746153859,0.35424755558823523,6.630000000000006e-06,6.816153846153844e-06,7.027352941176476e-06
248,6.75e-06,1554998400,6.83e-06,6.59e-06,6.61e-06,311999.28493978,2.08543699,6.68e-06,1.101661090000001,0.6645772807692322,0.41404143617647055,6.660000000000005e-06,6.796923076923075e-06,7.011176470588241e-06
249,6.66e-06,1555005600,6.73e-06,6.63e-06,6.71e-06,32362.48533188,0.21500069,6.64e-06,0.8671934300000009,0.6760584830769246,0.409894303235294,6.6766666666666725e-06,6.765384615384613e-06,6.99411764705883e-06
250,6.69e-06,1555012800,6.69e-06,6.6e-06,6.63e-06,31631.96668025,0.21014842,6.64e-06,0.8368620333333343,0.6419467492307707,0.40223303323529397,6.7000000000000045e-06,6.74153846153846e-06,6.9776470588235355e-06
251,6.62e-06,1555020000,6.71e-06,6.6e-06,6.69e-06,11701.41375197,0.077928,6.65e-06,0.16769237000000103,0.6331428100000014,0.3799075726470587,6.656666666666671e-06,6.705384615384614e-06,6.960000000000006e-06
252,6.69e-06,1555027200,6.75e-06,6.62e-06,6.65e-06,21334.32161516,0.14336652,6.71e-06,0.1438143133333344,0.6354007492307706,0.37164972647058814,6.666666666666671e-06,6.679999999999999e-06,6.947058823529418e-06
