,close,date,high,low,open,quoteVolume,volume,weightedAverage,avg_vol_3,avg_vol_13,avg_vol_34,avg_close_3,avg_close_13,avg_close_34
0,3.229e-05,1552914661,3.229e-05,3.229e-05,3.229e-05,0.0,0.0,3.229e-05,-99999.0,-99999.0,-99999.0,-99999.0,-99999.0,-99999.0
1,3.204e-05,1552917600,3.229e-05,3.204e-05,3.229e-05,3102.66398132,0.09964724,3.211e-05,-99999.0,-99999.0,-99999.0,-99999.0,-99999.0,-99999.0
2,3.23e-05,1552924800,3.235e-05,3.201e-05,3.205e-05,113847.80946924,3.66852371,3.222e-05,1.2560569833333333,-99999.0,-99999.0,3.221e-05,-99999.0,-99999.0
3,3.236e-05,1552932000,3.237e-05,3.217e-05,3.224e-05,24465.88311116,0.79146942,3.234e-05,1.5198801233333334,-99999.0,-99999.0,3.223333333333333e-05,-99999.0,-99999.0
4,3.237e-05,1552939200,3.237e-05,3.223e-05,3.224e-05,17192.77642758,0.55643957,3.236e-05,1.6721442333333334,-99999.0,-99999.0,3.2343333333333326e-05,-99999.0,-99999.0
5,3.236e-05,1552946400,3.237e-05,3.224e-05,3.237e-05,8661.29533414,0.28005382,3.233e-05,0.54265427,-99999.0,-99999.0,3.236333333333333e-05,-99999.0,-99999.0
6,3.243e-05,1552953600,3.249e-05,3.236e-05,3.236e-05,21569.76266716,0.69943173,3.242e-05,0.5119750400000002,-99999.0,-99999.0,3.2386666666666666e-05,-99999.0,-99999.0
7,3.249e-05,1552960800,3.251e-05,3.237e-05,3.243e-05,6372.89694562,0.20681974,3.245e-05,0.3954350966666668,-99999.0,-99999.0,3.242666666666667e-05,-99999.0,-99999.0
8,3.251e-05,1552968000,3.251e-05,3.237e-05,3.249e-05,7640.97480256,0.24822565,3.248e-05,0.38482570666666677,-99999.0,-99999.0,3.2476666666666674e-05,-99999.0,-99999.0
9,3.237e-05,1552975200,3.251e-05,3.237e-05,3.251e-05,2806.7849601,0.0909292,3.239e-05,0.1819915300000001,-99999.0,-99999.0,3.245666666666667e-05,-99999.0,-99999.0
10,3.238e-05,1552982400,3.25e-05,3.237e-05,3.237e-05,937.98231693,0.03048219,3.249e-05,0.12321234666666674,-99999.0,-99999.0,3.242e-05,-99999.0,-99999.0
11,3.238e-05,1552989600,3.25e-05,3.238e-05,3.25e-05,16465.81781598,0.53509532,3.249e-05,0.2188355700000001,-99999.0,-99999.0,3.2376666666666664e-05,-99999.0,-99999.0
12,3.237e-05,1552996800,3.25e-05,3.237e-05,3.25e-05,4845.80547333,0.15747854,3.249e-05,0.2410186833333334,0.5665073946153846,-99999.0,3.2376666666666664e-05,3.23576923076923e-05,-99999.0
13,3.246e-05,1553004000,3.25e-05,3.217e-05,3.25e-05,27862.39989755,0.90421869,3.245e-05,0.5322641833333334,0.6360626784615384,-99999.0,3.240333333333333e-05,3.237076923076923e-05,-99999.0
14,3.237e-05,1553011200,3.246e-05,3.22e-05,3.233e-05,12363.04152146,0.39816451,3.22e-05,0.48662058,0.6590255453846154,-99999.0,3.2399999999999995e-05,3.239615384615384e-05,-99999.0
15,3.246e-05,1553018400,3.248e-05,3.215e-05,3.237e-05,18842.04484825,0.60857012,3.229e-05,0.63698444,0.4236445,-99999.0,3.242999999999999e-05,3.2408461538461535e-05,-99999.0
16,3.227e-05,1553025600,3.246e-05,3.207e-05,3.246e-05,3086.30449039,0.09908353,3.21e-05,0.36860605333333335,0.37038404692307686,-99999.0,3.2366666666666656e-05,3.2401538461538457e-05,-99999.0
17,3.202e-05,1553032800,3.227e-05,3.201e-05,3.227e-05,22103.73773105,0.70794556,3.202e-05,0.47186640333333335,0.38203835384615376,-99999.0,3.225e-05,3.237461538461538e-05,-99999.0
18,3.203e-05,1553040000,3.217e-05,3.201e-05,3.217e-05,1040.48285317,0.0333218,3.202e-05,0.28011696333333336,0.3630589676923076,-99999.0,3.210666666666667e-05,3.234923076923076e-05,-99999.0
19,3.204e-05,1553047200,3.218e-05,3.203e-05,3.216e-05,955.29915175,0.03072746,3.216e-05,0.2573316066666667,0.3116201776923076,-99999.0,3.2029999999999997e-05,3.2319230769230765e-05,-99999.0
20,3.211e-05,1553054400,3.218e-05,3.2e-05,3.218e-05,5134.24236491,0.16474331,3.208e-05,0.07626419000000002,0.30838352923076917,-99999.0,3.2059999999999995e-05,3.229e-05,-99999.0
21,3.212e-05,1553061600,3.232e-05,3.21e-05,3.21e-05,18731.80173836,0.60222624,3.214e-05,0.2658990033333334,0.3356143438461538,-99999.0,3.208999999999999e-05,3.226e-05,-99999.0
22,3.21e-05,1553068800,3.222e-05,3.21e-05,3.212e-05,1699.924579,0.05468694,3.217e-05,0.2738854966666667,0.33282647769230767,-99999.0,3.210999999999999e-05,3.223923076923077e-05,-99999.0
23,3.228e-05,1553076000,3.23e-05,3.212e-05,3.222e-05,1942.39419651,0.0626102,3.223e-05,0.23984112666666668,0.33529786307692305,-99999.0,3.216666666666666e-05,3.223153846153846e-05,-99999.0
24,3.229e-05,1553083200,3.23e-05,3.21e-05,3.23e-05,8730.46126133,0.28062143,3.214e-05,0.13263952333333337,0.3157229484615384,-99999.0,3.222333333333332e-05,3.2224615384615385e-05,-99999.0
25,3.233e-05,1553090400,3.233e-05,3.213e-05,3.229e-05,15315.34618926,0.49479669,3.23e-05,0.2793427733333334,0.34167049846153846,-99999.0,3.229999999999999e-05,3.222153846153847e-05,-99999.0
26,3.231e-05,1553097600,3.233e-05,3.229e-05,3.229e-05,1563.26218006,0.05048135,3.229e-05,0.2752998233333334,0.2759983953846154,-99999.0,3.230999999999999e-05,3.2210000000000005e-05,-99999.0
27,3.234e-05,1553104800,3.253e-05,3.222e-05,3.229e-05,138156.48750605,4.47807309,3.241e-05,1.6744503766666667,0.589837516923077,-99999.0,3.232666666666665e-05,3.220769230769231e-05,-99999.0
28,3.234e-05,1553112000,3.234e-05,3.219e-05,3.234e-05,1031.13234476,0.03323703,3.223e-05,1.5205971566666667,0.5455811253846155,-99999.0,3.232999999999999e-05,3.219846153846155e-05,-99999.0
29,3.23e-05,1553119200,3.234e-05,3.22e-05,3.234e-05,98.47738857,0.00318353,3.232e-05,1.5048312166666669,0.5382042023076924,-99999.0,3.232666666666665e-05,3.2200769230769234e-05,-99999.0
30,3.228e-05,1553126400,3.23e-05,3.205e-05,3.222e-05,25898.77726682,0.83224323,3.213e-05,0.2895545966666668,0.5477655615384617,-99999.0,3.230666666666665e-05,3.222076923076924e-05,-99999.0
31,3.17e-05,1553133600,3.227e-05,3.13e-05,3.212e-05,169906.76275781,5.37750129,3.164e-05,2.0709760166666666,0.9588562915384616,-99999.0,3.209333333333332e-05,3.219538461538462e-05,-99999.0
32,3.178e-05,1553140800,3.188e-05,3.124e-05,3.17e-05,34606.48642489,1.08922319,3.147e-05,2.4329892366666668,1.0402790400000002,-99999.0,3.1919999999999986e-05,3.217538461538462e-05,-99999.0
33,3.182e-05,1553148000,3.191e-05,3.158e-05,3.178e-05,14658.35317009,0.46664337,3.183e-05,2.3111226166666667,1.0635021215384617,0.7099087849999999,3.1766666666666655e-05,3.2153076923076926e-05,3.22470588235294e-05
34,3.17e-05,1553155200,3.197e-05,3.17e-05,3.182e-05,65851.8376847,2.09562971,3.182e-05,1.2171654233333336,1.1783793115384615,0.7715449529411763,3.176666666666665e-05,3.2120769230769235e-05,3.222970588235293e-05
35,3.181e-05,1553162400,3.189e-05,3.163e-05,3.173e-05,35691.96141408,1.1331047,3.174e-05,1.2317925933333338,1.261334523846154,0.8019407605882352,3.177666666666665e-05,3.209846153846154e-05,3.222294117647058e-05
36,3.195e-05,1553169600,3.195e-05,3.163e-05,3.163e-05,59664.72443682,1.90003352,3.184e-05,1.7095893100000004,1.4026747792307692,0.7499263432352941,3.1819999999999977e-05,3.2073076923076927e-05,3.221264705882352e-05
37,3.195e-05,1553176800,3.195e-05,3.185e-05,3.185e-05,35847.39676967,1.14212886,3.186e-05,1.3917556933333337,1.4689445815384614,0.7602398561764706,3.190333333333331e-05,3.204692307692308e-05,3.22005882352941e-05
38,3.195e-05,1553184000,3.195e-05,3.175e-05,3.195e-05,129454.68537673,4.12384186,3.185e-05,2.38866808,1.748101902307692,0.8651634529411765,3.194999999999997e-05,3.201769230769231e-05,3.218823529411763e-05
39,3.194e-05,1553191200,3.195e-05,3.175e-05,3.195e-05,2644.5626096,0.08446726,3.193e-05,1.7834793266666666,1.750716203076923,0.8594109070588236,3.194666666666664e-05,3.1989230769230766e-05,3.217588235294116e-05
40,3.199e-05,1553198400,3.199e-05,3.177e-05,3.194e-05,26197.00503061,0.83735963,3.196e-05,1.6818895833333334,1.4706613215384616,0.86346761,3.195999999999998e-05,3.196230769230769e-05,3.2162941176470575e-05
41,3.175e-05,1553205600,3.199e-05,3.174e-05,3.199e-05,2261.102012,0.07180043,3.175e-05,0.33120910666666664,1.4736277369230772,0.8594964538235295,3.1893333333333315e-05,3.191692307692307e-05,3.2141176470588227e-05
42,3.199e-05,1553212800,3.199e-05,3.173e-05,3.189e-05,286.39819191,0.00915352,3.196e-05,0.3061045266666666,1.4740869669230772,0.8524649205882354,3.1909999999999984e-05,3.189307692307692e-05,3.212588235294117e-05
43,3.19e-05,1553220000,3.199e-05,3.176e-05,3.176e-05,2249.2019013,0.07170988,3.188e-05,0.05088794333333324,1.4155844015384618,0.8518996464705884,3.187999999999998e-05,3.186384615384615e-05,3.21120588235294e-05
44,3.165e-05,1553227200,3.199e-05,3.143e-05,3.175e-05,10467.37403399,0.33133795,3.165e-05,0.1374004499999999,1.027417990769231,0.8607483452941177,3.1846666666666654e-05,3.1859999999999997e-05,3.2090588235294106e-05
45,3.16e-05,1553234400,3.188e-05,3.147e-05,3.165e-05,13686.87786068,0.43249842,3.159e-05,0.2785154166666665,0.976900700769231,0.8577307894117648,3.1716666666666654e-05,3.184615384615385e-05,3.206764705882352e-05
46,3.16e-05,1553241600,3.175e-05,3.15e-05,3.174e-05,40520.24304313,1.28628018,3.174e-05,0.6833721833333332,1.0399496861538464,0.8909308376470589,3.161666666666665e-05,3.182923076923077e-05,3.204499999999998e-05
47,3.175e-05,1553248800,3.175e-05,3.16e-05,3.16e-05,1324.18539077,0.04204116,3.174e-05,0.5869399199999998,0.8819813361538463,0.8655726750000001,3.164999999999999e-05,3.183307692307692e-05,3.2024117647058806e-05
48,3.171e-05,1553256000,3.174e-05,3.142e-05,3.16e-05,41674.73223463,1.31756872,3.161e-05,0.8819633533333331,0.8961708761538463,0.8926139752941177,3.168666666666665e-05,3.182538461538461e-05,3.200470588235292e-05
49,3.156e-05,1553263200,3.175e-05,3.139e-05,3.171e-05,30717.03408977,0.96782896,3.15e-05,0.7758129466666664,0.8244628330769234,0.9031804117647059,3.1673333333333314e-05,3.1795384615384615e-05,3.197823529411762e-05
50,3.175e-05,1553270400,3.175e-05,3.142e-05,3.156e-05,22939.26534658,0.72814428,3.174e-05,1.0045139866666664,0.7926178653846156,0.9216821985294117,3.167333333333332e-05,3.178e-05,3.1962941176470564e-05
51,3.175e-05,1553277600,3.175e-05,3.155e-05,3.174e-05,11717.49437162,0.37171343,3.172e-05,0.6892288899999999,0.5039926015384618,0.9117930182352941,3.168666666666665e-05,3.1764615384615386e-05,3.195499999999998e-05
52,3.175e-05,1553284800,3.175e-05,3.159e-05,3.16e-05,7503.76416022,0.23821874,3.174e-05,0.4460254833333333,0.5158196384615388,0.9178193988235295,3.174999999999998e-05,3.175e-05,3.194676470588234e-05
53,3.174e-05,1553292000,3.175e-05,3.159e-05,3.175e-05,154.95148893,0.00491721,3.173e-05,0.2049497933333333,0.45178560615384644,0.9170602738235294,3.174666666666664e-05,3.1730769230769234e-05,3.193794117647058e-05
54,3.155e-05,1553299200,3.174e-05,3.151e-05,3.174e-05,1373.93303288,0.04344214,3.161e-05,0.09552602999999997,0.44960419923076955,0.9134925923529411,3.1679999999999975e-05,3.1715384615384616e-05,3.1921470588235285e-05
55,3.151e-05,1553306400,3.155e-05,3.151e-05,3.155e-05,1724.76571905,0.05434834,3.151e-05,0.034235896666666626,0.45308072384615417,0.8973785364705882,3.159999999999997e-05,3.167846153846154e-05,3.1903529411764694e-05
56,3.155e-05,1553313600,3.156e-05,3.151e-05,3.151e-05,5633.34244229,0.17773105,3.154e-05,0.09184050999999997,0.4612361984615388,0.9009974808823529,3.153666666666664e-05,3.165153846153846e-05,3.1887352941176456e-05
57,3.169e-05,1553320800,3.187e-05,3.151e-05,3.155e-05,79638.1517758,2.52943918,3.176e-05,0.9205061899999999,0.6303209084615388,0.9735512744117645,3.1583333333333306e-05,3.165461538461539e-05,3.1869999999999985e-05
58,3.179e-05,1553328000,3.203e-05,3.171e-05,3.186e-05,60222.59633539,1.92344937,3.193e-05,1.5435398666666666,0.7450094430769234,1.0218697432352941,3.1676666666666634e-05,3.166923076923077e-05,3.185529411764705e-05
59,3.191e-05,1553335200,3.195e-05,3.178e-05,3.195e-05,6290.57118588,0.20079355,3.191e-05,1.5512273666666667,0.6615104715384619,1.0132225920588234,3.179666666666664e-05,3.169307692307693e-05,3.1842941176470585e-05
60,3.175e-05,1553342400,3.193e-05,3.174e-05,3.189e-05,14299.855333,0.45461347,3.179e-05,0.8596187966666667,0.6932468030769233,1.0251088308823528,3.181666666666664e-05,3.169307692307693e-05,3.1826470588235294e-05
61,3.172e-05,1553349600,3.181e-05,3.17e-05,3.175e-05,10370.85826607,0.32907273,3.173e-05,0.32815991666666683,0.6172086500000002,0.9030794085294117,3.1793333333333306e-05,3.169384615384616e-05,3.180823529411764e-05
62,3.172e-05,1553356800,3.173e-05,3.17e-05,3.172e-05,1178.41539494,0.0373792,3.171e-05,0.2736884666666668,0.5456355915384618,0.9032012370588235,3.1729999999999976e-05,3.170615384615385e-05,3.179e-05
63,3.162e-05,1553364000,3.173e-05,3.145e-05,3.17e-05,688.12362891,0.02172528,3.157e-05,0.12939240333333343,0.49129566846153866,0.9037465826470586,3.168666666666664e-05,3.169615384615385e-05,3.1769999999999996e-05
64,3.17e-05,1553371200,3.171e-05,3.147e-05,3.162e-05,8531.86039359,0.27013572,3.166e-05,0.10974673333333346,0.48348199846153866,0.8872140088235293,3.1679999999999975e-05,3.16923076923077e-05,3.1752941176470584e-05
65,3.17e-05,1553378400,3.171e-05,3.168e-05,3.17e-05,14886.97827535,0.47191713,3.169e-05,0.2545927100000001,0.501458797692308,0.7429321217647058,3.167333333333331e-05,3.168846153846155e-05,3.1752941176470584e-05
66,3.168e-05,1553385600,3.171e-05,3.168e-05,3.17e-05,15587.78628373,0.4938886,3.168e-05,0.4119804833333334,0.5390719815384618,0.7254222808823529,3.16933333333333e-05,3.168384615384616e-05,3.175e-05
67,3.155e-05,1553392800,3.168e-05,3.15e-05,3.168e-05,7662.70949741,0.24165724,3.153e-05,0.4024876566666667,0.5543192969230772,0.7188050417647058,3.164333333333331e-05,3.168384615384616e-05,3.174205882352941e-05
68,3.175e-05,1553400000,3.182e-05,3.15e-05,3.155e-05,10460.10383769,0.33164036,3.17e-05,0.3557287333333334,0.5756494523076926,0.6669230020588235,3.165999999999997e-05,3.1702307692307704e-05,3.174352941176471e-05
69,3.165e-05,1553407200,3.176e-05,3.159e-05,3.162e-05,5713.65731703,0.18131181,3.173e-05,0.25153647,0.5759248953846157,0.6389290935294117,3.1649999999999976e-05,3.171000000000001e-05,3.173882352941177e-05
70,3.165e-05,1553414400,3.175e-05,3.165e-05,3.165e-05,329.76172014,0.01044236,3.166e-05,0.17446484333333334,0.38215590923076953,0.5833528829411764,3.168333333333331e-05,3.170692307692308e-05,3.173000000000001e-05
71,3.161e-05,1553421600,3.175e-05,3.159e-05,3.165e-05,4680.28315021,0.1485007,3.172e-05,0.11341829000000002,0.24562139615384643,0.5541285252941175,3.163666666666664e-05,3.169307692307693e-05,3.172000000000001e-05
72,3.176e-05,1553428800,3.176e-05,3.161e-05,3.161e-05,7229.12826179,0.22929792,3.171e-05,0.12941366,0.2478140400000003,0.4395831152941176,3.167333333333331e-05,3.1681538461538463e-05,3.17144117647059e-05
73,3.161e-05,1553436000,3.176e-05,3.159e-05,3.175e-05,3589.35025764,0.11389222,3.173e-05,0.16389694666666668,0.22160471307692337,0.4404485552941176,3.165999999999997e-05,3.167076923076924e-05,3.1704705882352956e-05
74,3.161e-05,1553443200,3.161e-05,3.155e-05,3.161e-05,549.69756564,0.01736897,3.159e-05,0.12018637000000003,0.19762750076923105,0.4163311829411764,3.165999999999997e-05,3.16623076923077e-05,3.169352941176472e-05
75,3.16e-05,1553450400,3.161e-05,3.151e-05,3.161e-05,372.54803928,0.01177555,3.16e-05,0.04767891333333337,0.1956579892307695,0.41456574529411755,3.1606666666666636e-05,3.165307692307693e-05,3.168911764705883e-05
76,3.176e-05,1553457600,3.177e-05,3.152e-05,3.152e-05,10659.54010961,0.33782074,3.169e-05,0.12232175333333338,0.21997302461538487,0.424232428235294,3.165666666666664e-05,3.166384615384616e-05,3.168235294117648e-05
77,3.174e-05,1553464800,3.176e-05,3.162e-05,3.176e-05,1585.87111894,0.05033497,3.173e-05,0.13331042000000004,0.2030652746153849,0.42360375441176457,3.1699999999999964e-05,3.166692307692308e-05,3.1677647058823536e-05
78,3.144e-05,1553472000,3.175e-05,3.125e-05,3.174e-05,40663.74334762,1.27522231,3.136e-05,0.55445934,0.26485798076923106,0.45136505911764696,3.1646666666666636e-05,3.164692307692308e-05,3.16714705882353e-05
79,3.155e-05,1553479200,3.155e-05,3.144e-05,3.144e-05,9175.76415358,0.28848871,3.144e-05,0.53801533,0.2490579892307695,0.44712947941176456,3.157666666666663e-05,3.163692307692308e-05,3.167000000000001e-05
80,3.159e-05,1553486400,3.159e-05,3.146e-05,3.146e-05,550.23697349,0.01732527,3.148e-05,0.5270120966666666,0.23180168384615413,0.40980727617647045,3.1526666666666644e-05,3.164e-05,3.1669705882352954e-05
81,3.153e-05,1553493600,3.165e-05,3.122e-05,3.159e-05,6581.59825286,0.20620452,3.133e-05,0.1706728333333333,0.22215277307692333,0.41463561029411755,3.155666666666664e-05,3.162307692307692e-05,3.166323529411766e-05
82,3.169e-05,1553500800,3.177e-05,3.124e-05,3.153e-05,10621.84996929,0.33477517,3.151e-05,0.1861016533333333,0.2339576469230772,0.3857299176470587,3.16033333333333e-05,3.162615384615385e-05,3.1662647058823544e-05
83,3.175e-05,1553508000,3.177e-05,3.142e-05,3.169e-05,30151.38371183,0.95184626,3.156e-05,0.49760865000000004,0.3063733315384618,0.38525983823529397,3.165666666666663e-05,3.1633846153846155e-05,3.166823529411767e-05
84,3.165e-05,1553515200,3.175e-05,3.158e-05,3.175e-05,23528.75600542,0.74429006,3.163e-05,0.6769704966666668,0.35220328230769266,0.3857347141176469,3.169666666666664e-05,3.163692307692308e-05,3.1665294117647076e-05
85,3.131e-05,1553522400,3.166e-05,3.131e-05,3.158e-05,2280.55127888,0.07193722,3.154e-05,0.5893578466666668,0.3400986130769234,0.3769177667647058,3.1569999999999964e-05,3.1602307692307695e-05,3.165235294117648e-05
86,3.163e-05,1553529600,3.166e-05,3.143e-05,3.154e-05,1192.36945645,0.03771878,3.163e-05,0.2846486866666668,0.33423911769230796,0.37102070911764695,3.152999999999997e-05,3.160384615384616e-05,3.164882352941177e-05
87,3.163e-05,1553536800,3.163e-05,3.159e-05,3.159e-05,12.18934485,0.00038506,3.159e-05,0.036680353333333526,0.3329326630769234,0.37088741058823516,3.15233333333333e-05,3.160538461538462e-05,3.1645588235294126e-05
88,3.163e-05,1553544000,3.163e-05,3.163e-05,3.163e-05,0.0,0.0,3.163e-05,0.012701280000000195,0.33202685153846184,0.36960970058823517,3.162999999999997e-05,3.160769230769231e-05,3.164794117647059e-05
89,3.163e-05,1553551200,3.163e-05,3.159e-05,3.159e-05,6.53031917,0.00020642,3.161e-05,0.00019716000000019376,0.3060565192307695,0.3680172911764704,3.162999999999997e-05,3.159769230769231e-05,3.1651470588235296e-05
90,3.163e-05,1553558400,3.163e-05,3.159e-05,3.159e-05,252.4754103,0.0079814,3.161e-05,0.002729273333333527,0.30279855230769254,0.36302465441176457,3.162999999999997e-05,3.158923076923077e-05,3.165382352941177e-05
91,3.163e-05,1553565600,3.163e-05,3.159e-05,3.163e-05,3386.67026996,0.10698491,3.159e-05,0.038390910000000195,0.2129341369230771,0.2917759994117645,3.162999999999997e-05,3.160384615384616e-05,3.165205882352941e-05
92,3.168e-05,1553572800,3.169e-05,3.159e-05,3.163e-05,4383.11871171,0.13880848,3.166e-05,0.08459159666666688,0.20142027307692326,0.23928656147058802,3.164666666666664e-05,3.161384615384616e-05,3.1648823529411764e-05
93,3.16e-05,1553580000,3.169e-05,3.159e-05,3.159e-05,1085.27442506,0.03438852,3.168e-05,0.0933939700000002,0.2027328307692309,0.23439229588235275,3.163666666666665e-05,3.161461538461539e-05,3.1639705882352935e-05
94,3.142e-05,1553587200,3.169e-05,3.131e-05,3.16e-05,11094.66615322,0.35024526,3.156e-05,0.17448075333333354,0.21381288769230783,0.2313226426470586,3.156666666666665e-05,3.160615384615385e-05,3.1629999999999994e-05
95,3.158e-05,1553594400,3.159e-05,3.142e-05,3.142e-05,239.80144649,0.00754668,3.147e-05,0.13072682000000022,0.18864146538461551,0.22186599411764685,3.153333333333331e-05,3.1597692307692316e-05,3.162588235294117e-05
96,3.159e-05,1553601600,3.16e-05,3.158e-05,3.158e-05,687.60099558,0.0217258,3.159e-05,0.12650591333333355,0.11709373769230783,0.22140559999999976,3.152999999999997e-05,3.158538461538462e-05,3.1622058823529404e-05
97,3.16e-05,1553608800,3.16e-05,3.142e-05,3.158e-05,327.61979855,0.0103464,3.158e-05,0.013206293333333544,0.06063653307692322,0.2210709270588233,3.158999999999998e-05,3.1581538461538475e-05,3.1621470588235285e-05
98,3.159e-05,1553616000,3.159e-05,3.129e-05,3.142e-05,6349.45163308,0.19933378,3.139e-05,0.07713532666666688,0.0704362684615386,0.2189885170588233,3.159333333333332e-05,3.160307692307693e-05,3.161823529411764e-05
99,3.155e-05,1553623200,3.159e-05,3.132e-05,3.158e-05,1763.29900571,0.05527051,3.134e-05,0.08831689666666687,0.07178640153846169,0.20673420470588214,3.1579999999999986e-05,3.1596923076923086e-05,3.1613823529411755e-05
100,3.129e-05,1553630400,3.159e-05,3.129e-05,3.159e-05,27191.65376521,0.85292286,3.136e-05,0.3691757166666669,0.13736623230769246,0.21729403588235272,3.147666666666665e-05,3.157076923076924e-05,3.160235294117646e-05
101,3.14e-05,1553637600,3.14e-05,3.128e-05,3.14e-05,159.94031155,0.0050168,3.136e-05,0.30440339000000016,0.13775214000000013,0.21033402294117623,3.141333333333332e-05,3.155307692307694e-05,3.1597941176470577e-05
102,3.14e-05,1553644800,3.14e-05,3.136e-05,3.14e-05,18.88553652,0.00059281,3.138e-05,0.28617749000000015,0.13778186230769246,0.2005973302941174,3.136333333333331e-05,3.153538461538463e-05,3.1587647058823515e-05
103,3.135e-05,1553652000,3.14e-05,3.115e-05,3.14e-05,16749.63970609,0.52380722,3.127e-05,0.17647227666666684,0.17746077153846168,0.2106707247058821,3.138333333333331e-05,3.151384615384617e-05,3.157882352941175e-05
104,3.119e-05,1553659200,3.135e-05,3.098e-05,3.135e-05,80950.51893713,2.51380201,3.105e-05,1.0127340133333336,0.3626005484615386,0.2842989497058821,3.131333333333331e-05,3.148000000000002e-05,3.1565294117647046e-05
105,3.12e-05,1553666400,3.12e-05,3.108e-05,3.119e-05,10709.12229137,0.33407967,3.119e-05,1.1238963000000002,0.3776214092307694,0.2897571547058821,3.124666666666664e-05,3.144307692307694e-05,3.155323529411763e-05
106,3.122e-05,1553673600,3.134e-05,3.116e-05,3.119e-05,24101.08898842,0.75196615,3.12e-05,1.1999492766666668,0.4328196884615387,0.305129749705882,3.1203333333333306e-05,3.141384615384617e-05,3.1537352941176454e-05
107,3.125e-05,1553680800,3.125e-05,3.122e-05,3.122e-05,9203.89043325,0.28761595,3.124e-05,0.45788725666666696,0.4280020492307694,0.31023927117647027,3.12233333333333e-05,3.140076923076925e-05,3.152676470588234e-05
108,3.131e-05,1553688000,3.131e-05,3.122e-05,3.125e-05,12154.87630378,0.37998088,3.126e-05,0.4731876600000003,0.456650833846154,0.32090432735294083,3.125999999999997e-05,3.1380000000000015e-05,3.151794117647057e-05
109,3.131e-05,1553695200,3.131e-05,3.126e-05,3.131e-05,4231.23368727,0.13237399,3.128e-05,0.26665694000000034,0.4651622330769233,0.3244513402941173,3.1289999999999966e-05,3.135846153846155e-05,3.150941176470587e-05
110,3.137e-05,1553702400,3.137e-05,3.13e-05,3.131e-05,12690.74590603,0.39793015,3.135e-05,0.30342834000000035,0.4949763676923078,0.32621926411764673,3.1329999999999966e-05,3.1340769230769246e-05,3.1497941176470574e-05
111,3.147e-05,1553709600,3.147e-05,3.13e-05,3.136e-05,57568.01254314,1.80745153,3.139e-05,0.7792518900000003,0.6186777330769233,0.37789916294117615,3.13833333333333e-05,3.1331538461538475e-05,3.1489999999999985e-05
112,3.151e-05,1553716800,3.151e-05,3.131e-05,3.145e-05,39361.83222672,1.23922712,3.148e-05,1.1482029333333335,0.7097513184615387,0.37684048088235267,3.144999999999997e-05,3.132846153846155e-05,3.14920588235294e-05
113,3.156e-05,1553724000,3.156e-05,3.151e-05,3.151e-05,33242.60094851,1.04888145,3.155e-05,1.3651867000000004,0.7248250561538464,0.3992049732352938,3.151333333333331e-05,3.1349230769230786e-05,3.149235294117646e-05
114,3.14e-05,1553731200,3.157e-05,3.125e-05,3.152e-05,11838.72781491,0.37123098,3.135e-05,0.8864465166666671,0.752995377692308,0.40961396470588207,3.148999999999998e-05,3.1349230769230786e-05,3.148676470588234e-05
115,3.159e-05,1553738400,3.159e-05,3.14e-05,3.14e-05,20962.6799525,0.66206597,3.158e-05,0.694059466666667,0.8038779284615387,0.4230216544117644,3.151666666666665e-05,3.1363846153846166e-05,3.1488529411764685e-05
116,3.151e-05,1553745600,3.158e-05,3.109e-05,3.145e-05,24037.9218291,0.7524791,3.13e-05,0.5952586833333336,0.8214680730769234,0.43530706411764675,3.149999999999998e-05,3.137615384615386e-05,3.148323529411763e-05
117,3.123e-05,1553752800,3.153e-05,3.121e-05,3.151e-05,3947.33748534,0.12363426,3.132e-05,0.5127264433333336,0.6376090153846157,0.41094788764705853,3.144333333333332e-05,3.137923076923078e-05,3.146794117647056e-05
118,3.122e-05,1553760000,3.136e-05,3.122e-05,3.133e-05,499.33078154,0.01559566,3.123e-05,0.29723634000000027,0.6131102453846157,0.3895156994117644,3.131999999999998e-05,3.138076923076924e-05,3.1455294117647036e-05
119,3.125e-05,1553767200,3.125e-05,3.121e-05,3.125e-05,331.59190963,0.01035333,3.122e-05,0.049861083333333646,0.5560631053846157,0.3877044085294114,3.123333333333332e-05,3.138307692307694e-05,3.145352941176468e-05
120,3.125e-05,1553774400,3.125e-05,3.113e-05,3.121e-05,13845.03367268,0.43158118,3.117e-05,0.15251005666666698,0.5671373538461542,0.3992885967647055,3.1239999999999985e-05,3.138307692307694e-05,3.1442352941176456e-05
121,3.127e-05,1553781600,3.127e-05,3.113e-05,3.113e-05,8567.57142775,0.26770258,3.124e-05,0.236545696666667,0.5585005615384618,0.4071508767647055,3.125666666666665e-05,3.1380000000000015e-05,3.1431764705882334e-05
122,3.131e-05,1553788800,3.131e-05,3.115e-05,3.127e-05,11535.81352959,0.36083823,3.127e-05,0.35337399666666697,0.5760747338461542,0.4177637658823526,3.127666666666665e-05,3.1380000000000015e-05,3.142235294117646e-05
123,3.129e-05,1553796000,3.135e-05,3.107e-05,3.131e-05,24326.90759139,0.75978968,3.123e-05,0.46277683000000036,0.6039100823076926,0.4401044499999997,3.128999999999999e-05,3.137384615384617e-05,3.141235294117646e-05
124,3.075e-05,1553803200,3.129e-05,3.01e-05,3.129e-05,278527.5533717,8.50770454,3.054e-05,3.209444150000001,1.1193141600000003,0.6900963070588233,3.1116666666666666e-05,3.131846153846155e-05,3.1386470588235284e-05
125,3.077e-05,1553810400,3.077e-05,3.061e-05,3.067e-05,2459.72336593,0.07557736,3.072e-05,3.114357193333334,1.0298026400000002,0.6891725555882351,3.0936666666666665e-05,3.126153846153848e-05,3.136117647058823e-05
126,3.051e-05,1553817600,3.077e-05,3.005e-05,3.07e-05,66363.25403683,2.0128186,3.033e-05,3.5320335000000007,1.1039516515384618,0.7442905002941174,3.0676666666666664e-05,3.118076923076925e-05,3.132676470588235e-05
127,3.065e-05,1553824800,3.073e-05,3.036e-05,3.036e-05,2523.19272962,0.07735575,3.065e-05,0.7219172366666674,1.0813458646153848,0.7455542423529408,3.064333333333334e-05,3.112307692307694e-05,3.1298823529411756e-05
128,3.079e-05,1553832000,3.079e-05,3.065e-05,3.065e-05,11170.69958642,0.34361562,3.076e-05,0.8112633233333341,1.056849683846154,0.7453592529411761,3.0650000000000006e-05,3.106153846153847e-05,3.1280294117647045e-05
129,3.088e-05,1553839200,3.11e-05,3.041e-05,3.065e-05,37528.45960163,1.14828271,3.059e-05,0.5230846933333341,1.0872961153846157,0.7789103126470585,3.077333333333334e-05,3.101307692307693e-05,3.125970588235293e-05
130,3.056e-05,1553846400,3.117e-05,3.031e-05,3.088e-05,36783.72607946,1.12360053,3.054e-05,0.871832953333334,1.164216597692308,0.8113183929411761,3.074333333333334e-05,3.096153846153848e-05,3.122941176470587e-05
131,3.031e-05,1553853600,3.066e-05,3.028e-05,3.056e-05,3061.31616208,0.0930244,3.038e-05,0.7883025466666673,1.1701726546153848,0.8137500988235291,3.058333333333334e-05,3.089153846153847e-05,3.1191470588235284e-05
132,3.004e-05,1553860800,3.038e-05,3e-05,3.031e-05,92846.45388723,2.79030949,3.005e-05,1.3356448066666673,1.3840154361538461,0.8899552667647056,3.0303333333333345e-05,3.0798461538461555e-05,3.1145882352941174e-05
133,3.027e-05,1553868000,3.027e-05,3.004e-05,3.023e-05,12187.82161085,0.36882253,3.026e-05,1.0840521400000007,1.3791878476923076,0.8991773849999997,3.0206666666666673e-05,3.0723076923076934e-05,3.1108235294117646e-05
134,3.031e-05,1553875200,3.031e-05,3.017e-05,3.027e-05,22423.76285161,0.67910785,3.028e-05,1.2794132900000006,1.410834406923077,0.8940651788235291,3.0206666666666673e-05,3.0649230769230776e-05,3.1079411764705874e-05
135,3.039e-05,1553882400,3.039e-05,3.013e-05,3.031e-05,37753.0088619,1.14537295,3.033e-05,0.7311011100000008,1.4711832315384614,0.927605065588235,3.032333333333334e-05,3.057846153846155e-05,3.1049705882352936e-05
136,3.058e-05,1553889600,3.059e-05,3.038e-05,3.038e-05,141571.86426933,4.31778922,3.049e-05,2.047423340000001,1.7448755038461536,1.0545814305882348,3.0426666666666678e-05,3.052384615384616e-05,3.1025588235294115e-05
137,3.057e-05,1553896800,3.061e-05,3.057e-05,3.059e-05,6340.23501831,0.19399945,3.059e-05,1.8857205400000006,1.1053597276923073,1.0448812020588232,3.0513333333333345e-05,3.0510000000000008e-05,3.100264705882352e-05
138,3.063e-05,1553904000,3.063e-05,3.057e-05,3.057e-05,8956.30888402,0.27427053,3.062e-05,1.5953530666666673,1.1206438176923075,0.9790126291176467,3.0593333333333344e-05,3.049923076923078e-05,3.098617647058823e-05
139,3.064e-05,1553911200,3.064e-05,3.035e-05,3.063e-05,4003.00181637,0.1225206,3.06e-05,0.19693019333333397,0.9752362792307688,0.9727903035294114,3.061333333333335e-05,3.050923076923078e-05,3.096970588235294e-05
140,3.067e-05,1553918400,3.067e-05,3.038e-05,3.063e-05,27701.35894641,0.84793946,3.061e-05,0.41491019666666734,1.0345119492307686,0.9756130479411761,3.064666666666668e-05,3.0510769230769242e-05,3.0953529411764705e-05
141,3.041e-05,1553925600,3.067e-05,3.034e-05,3.067e-05,2142.18155077,0.06514874,3.041e-05,0.345202933333334,1.0130914199999994,0.9690698947058818,3.057333333333335e-05,3.048153846153847e-05,3.0928823529411764e-05
142,3.047e-05,1553932800,3.067e-05,3.041e-05,3.056e-05,6082.34006948,0.18612266,3.06e-05,0.3664036200000007,0.939079108461538,0.9633681823529407,3.0516666666666686e-05,3.045000000000001e-05,3.0904117647058824e-05
143,3.046e-05,1553940000,3.066e-05,3.046e-05,3.047e-05,612.38718295,0.01865331,3.046e-05,0.08997490333333402,0.854083168461538,0.9600234564705878,3.0446666666666685e-05,3.04423076923077e-05,3.087911764705882e-05
144,3.068e-05,1553947200,3.068e-05,3.046e-05,3.055e-05,13639.64245531,0.41776456,3.062e-05,0.2075135100000007,0.8790631807692304,0.9606068214705878,3.053666666666668e-05,3.0470769230769242e-05,3.085882352941176e-05
145,3.067e-05,1553954400,3.068e-05,3.055e-05,3.068e-05,172.73598892,0.00527888,3.056e-05,0.1472322500000007,0.6648300569230765,0.9076017435294113,3.060333333333335e-05,3.051923076923078e-05,3.083529411764706e-05
146,3.066e-05,1553961600,3.069e-05,3.041e-05,3.055e-05,1895.51292986,0.05805624,3.062e-05,0.16036656000000069,0.6409249576923075,0.8728614235294113,3.067000000000002e-05,3.054923076923078e-05,3.081029411764706e-05
147,3.068e-05,1553968800,3.069e-05,3.042e-05,3.066e-05,1272.46349978,0.03904382,3.068e-05,0.034126313333334025,0.5916892630769228,0.8431603167647054,3.067000000000002e-05,3.0577692307692316e-05,3.0784411764705885e-05
148,3.07e-05,1553976000,3.071e-05,3.042e-05,3.068e-05,6434.36268542,0.19745931,3.068e-05,0.09818645666666737,0.518772829230769,0.8380493852941172,3.068000000000002e-05,3.0601538461538474e-05,3.076382352941177e-05
149,3.057e-05,1553983200,3.071e-05,3.05e-05,3.07e-05,5991.82088487,0.18320114,3.057e-05,0.13990142333333402,0.20072759230769205,0.8239651255882349,3.065000000000001e-05,3.060076923076924e-05,3.0733823529411764e-05
150,3.055e-05,1553990400,3.071e-05,3.051e-05,3.053e-05,2066.95420946,0.0633509,3.064e-05,0.14800378333333403,0.1906777038461536,0.8036966491176466,3.0606666666666686e-05,3.059923076923078e-05,3.070558823529412e-05
151,3.052e-05,1553997600,3.073e-05,3.052e-05,3.055e-05,9105.26741452,0.27937602,3.068e-05,0.175309353333334,0.19107043384615358,0.8082772891176466,3.0546666666666684e-05,3.0590769230769234e-05,3.068470588235295e-05
152,3.073e-05,1554004800,3.075e-05,3.05e-05,3.051e-05,14599.3769368,0.44578587,3.053e-05,0.26283759666666734,0.2159369930769228,0.8209299423529409,3.060000000000002e-05,3.059769230769231e-05,3.067029411764707e-05
153,3.076e-05,1554012000,3.076e-05,3.07e-05,3.07e-05,3863.23430993,0.11873652,3.073e-05,0.28129947000000066,0.15984445923076895,0.8241176832352938,3.067000000000002e-05,3.060461538461539e-05,3.0655882352941183e-05
154,3.08e-05,1554019200,3.081e-05,3.073e-05,3.073e-05,25733.01122379,0.79209058,3.078e-05,0.452204323333334,0.21576306230769202,0.8347209008823526,3.076333333333336e-05,3.063461538461539e-05,3.064264705882354e-05
155,3.081e-05,1554026400,3.081e-05,3.073e-05,3.08e-05,6779.94907705,0.20862951,3.077e-05,0.37315220333333404,0.2174943584615382,0.8329834576470585,3.079000000000002e-05,3.066076923076923e-05,3.062911764705883e-05
156,3.08e-05,1554033600,3.083e-05,3.073e-05,3.073e-05,19625.51189591,0.60370447,3.076e-05,0.5348081866666674,0.2624982938461536,0.8401265823529409,3.0803333333333364e-05,3.068692307692308e-05,3.061411764705884e-05
157,3.081e-05,1554040800,3.081e-05,3.073e-05,3.08e-05,1643.86434351,0.05062591,3.079e-05,0.2876532966666674,0.23425685923076894,0.8192688244117644,3.080666666666669e-05,3.069692307692308e-05,3.060000000000002e-05
158,3.083e-05,1554048000,3.083e-05,3.075e-05,3.081e-05,36023.20350021,1.11004771,3.081e-05,0.5881260300000007,0.3192390769230767,0.6016906823529409,3.0813333333333366e-05,3.070923076923077e-05,3.0602352941176484e-05
159,3.073e-05,1554055200,3.083e-05,3.055e-05,3.083e-05,33218.24466265,1.01723501,3.062e-05,0.725969543333334,0.393022059230769,0.629386495588235,3.079000000000003e-05,3.071461538461539e-05,3.060117647058825e-05
160,3.07e-05,1554062400,3.075e-05,3.052e-05,3.06e-05,11111.13870455,0.33956714,3.056e-05,0.8222832866666673,0.4161392376923075,0.5801732173529409,3.075333333333336e-05,3.071615384615384e-05,3.060676470588237e-05
161,3.082e-05,1554069600,3.083e-05,3.07e-05,3.07e-05,2007.32270633,0.06182757,3.08e-05,0.472876573333334,0.40570602692307667,0.5797165061764703,3.075000000000002e-05,3.0725384615384613e-05,3.061176470588237e-05
162,3.077e-05,1554076800,3.081e-05,3.053e-05,3.071e-05,17105.65246948,0.52412278,3.064e-05,0.3085058300000006,0.4319307684615382,0.5850255402941174,3.076333333333336e-05,3.074076923076923e-05,3.061117647058825e-05
163,3.073e-05,1554084000,3.087e-05,3.059e-05,3.077e-05,64582.81399733,1.99216403,3.084e-05,0.8593714600000008,0.580301009230769,0.6098455791176468,3.077333333333336e-05,3.075461538461538e-05,3.0606764705882375e-05
164,3.089e-05,1554091200,3.089e-05,3.074e-05,3.087e-05,2473.49928694,0.07640382,3.088e-05,0.8642302100000007,0.5646877630769229,0.5790456758823526,3.079666666666668e-05,3.0783076923076924e-05,3.061647058823532e-05
165,3.058e-05,1554098400,3.091e-05,3.056e-05,3.089e-05,18126.8252011,0.55749032,3.075e-05,0.875352723333334,0.5732804130769229,0.5927064382352938,3.0733333333333346e-05,3.077153846153846e-05,3.0624411764705906e-05
166,3.059e-05,1554105600,3.073e-05,3.059e-05,3.073e-05,16.25760765,0.00049847,3.066e-05,0.21146420333333404,0.5641851784615384,0.5106531729411762,3.068666666666668e-05,3.0758461538461535e-05,3.0640588235294145e-05
167,3.073e-05,1554112800,3.073e-05,3.055e-05,3.073e-05,19125.55973196,0.5849117,3.058e-05,0.3809668300000008,0.5482483415384615,0.5170087367647056,3.0633333333333344e-05,3.0753076923076926e-05,3.065411764705885e-05
168,3.073e-05,1554120000,3.091e-05,3.055e-05,3.073e-05,44897.57887714,1.37520492,3.062e-05,0.6535383633333341,0.6379849115384615,0.5374821799999997,3.0683333333333345e-05,3.074692307692308e-05,3.0666470588235325e-05
169,3.08e-05,1554127200,3.091e-05,3.073e-05,3.073e-05,17177.67370519,0.53056302,3.088e-05,0.8302265466666675,0.6323586461538462,0.5193995349999997,3.075333333333335e-05,3.074692307692308e-05,3.067852941176474e-05
170,3.08e-05,1554134400,3.08e-05,3.052e-05,3.08e-05,53740.56089099,1.6541125,3.077e-05,1.1866268133333342,0.7557037684615384,0.44105610205882323,3.077666666666668e-05,3.074615384615385e-05,3.0685000000000036e-05
171,3.079e-05,1554141600,3.08e-05,3.052e-05,3.08e-05,18830.6340472,0.57947091,3.077e-05,0.921382143333334,0.7148901684615384,0.45239349794117617,3.0796666666666676e-05,3.0743076923076924e-05,3.0691470588235326e-05
172,3.081e-05,1554148800,3.083e-05,3.063e-05,3.063e-05,3274.84422855,0.10085545,3.079e-05,0.7781462866666674,0.6443994330769229,0.44729305441176437,3.08e-05,3.074923076923077e-05,3.069676470588239e-05
173,3.086e-05,1554156000,3.086e-05,3.08e-05,3.081e-05,1587.46781613,0.04895827,3.084e-05,0.2430948766666674,0.6220449046153844,0.4451294564705879,3.082e-05,3.0761538461538465e-05,3.070323529411768e-05
174,3.081e-05,1554163200,3.091e-05,3.081e-05,3.086e-05,5658.30805411,0.17458966,3.085e-05,0.10813446000000075,0.6307189115384614,0.425325050588235,3.082666666666667e-05,3.0760769230769235e-05,3.0707352941176504e-05
175,3.081e-05,1554170400,3.091e-05,3.08e-05,3.086e-05,11771.44415156,0.36309205,3.084e-05,0.19554666000000076,0.6183319323076921,0.4340880891176468,3.0826666666666674e-05,3.076384615384615e-05,3.071911764705886e-05
176,2.988e-05,1554177600,3.089e-05,2.957e-05,3.08e-05,131168.39439132,3.9508113,3.012e-05,1.4961643366666673,0.7689971069230768,0.5448142255882351,3.0500000000000006e-05,3.069846153846154e-05,3.070176470588239e-05
177,2.95e-05,1554184800,2.996e-05,2.921e-05,2.967e-05,124365.99878023,3.66202881,2.944e-05,2.658644053333334,1.044814413846154,0.6519723285294114,3.0063333333333337e-05,3.0591538461538465e-05,3.067352941176474e-05
178,2.949e-05,1554192000,2.956e-05,2.945e-05,2.945e-05,27349.34743213,0.80736637,2.952e-05,2.8067354933333335,1.0640356484615385,0.6634312052941175,2.962333333333334e-05,3.050769230769231e-05,3.063852941176474e-05
179,2.949e-05,1554199200,2.962e-05,2.949e-05,2.949e-05,26397.1945043,0.78115038,2.959e-05,1.7501818533333335,1.1240857953846155,0.6862509552941175,2.949333333333334e-05,3.0423076923076927e-05,3.0603823529411804e-05
180,3.022e-05,1554206400,3.038e-05,2.949e-05,2.956e-05,93323.68977861,2.7758356,2.974e-05,1.4547841166666673,1.2926184030769232,0.7661856423529411,2.973333333333334e-05,3.0383846153846162e-05,3.059088235294122e-05
181,2.995e-05,1554213600,3.022e-05,2.97e-05,3.022e-05,73222.74800192,2.19363165,2.995e-05,1.9168725433333336,1.3555743053846154,0.8295558726470587,2.988666666666667e-05,3.0323846153846162e-05,3.056941176470592e-05
182,2.996e-05,1554220800,3.01e-05,2.949e-05,2.995e-05,13412.72063426,0.40026481,2.984e-05,1.7899106866666672,1.3455513661538463,0.8355207402941175,3.0043333333333334e-05,3.0259230769230778e-05,3.054764705882357e-05
183,3.003e-05,1554228000,3.003e-05,2.995e-05,2.996e-05,760.33351338,0.02277271,2.995e-05,0.872223056666667,1.2200636900000001,0.8308022570588234,2.9979999999999998e-05,3.020000000000001e-05,3.0531764705882394e-05
184,3.024e-05,1554235200,3.026e-05,2.984e-05,2.997e-05,34417.27713967,1.03901597,3.018e-05,0.48735116333333367,1.2554133100000002,0.8594982885294117,3.0076666666666666e-05,3.0157692307692317e-05,3.0522647058823565e-05
185,2.97e-05,1554242400,3.025e-05,2.97e-05,3.024e-05,7701.58440936,0.22982647,2.984e-05,0.43053838333333366,1.2653341576923078,0.8580409488235293,2.999e-05,3.0072307692307705e-05,3.0498529411764737e-05
186,3e-05,1554249600,3e-05,2.971e-05,2.988e-05,1137.05462935,0.03406344,2.995e-05,0.4343019600000004,1.2641884015384617,0.8459314655882352,2.9979999999999998e-05,3.0006153846153858e-05,3.0477058823529445e-05
187,3.032e-05,1554256800,3.049e-05,2.982e-05,3e-05,15634.83526674,0.47510297,3.038e-05,0.2463309600000004,1.28730481,0.8564128317647058,3.0006666666666665e-05,2.9968461538461555e-05,3.0464117647058855e-05
188,3.01e-05,1554264000,3.036e-05,2.994e-05,3.032e-05,15700.07460386,0.47221906,3.007e-05,0.3271284900000004,1.2956991953846155,0.8470048458823529,3.0139999999999996e-05,2.991384615384617e-05,3.0443529411764732e-05
189,3.026e-05,1554271200,3.041e-05,3.001e-05,3.01e-05,32747.80638113,0.99429223,3.036e-05,0.6472047533333337,1.0682746515384616,0.8701125729411764,3.0226666666666663e-05,2.9943076923076945e-05,3.04273529411765e-05
190,3.017e-05,1554278400,3.032e-05,3.01e-05,3.026e-05,4536.71763551,0.13680321,3.015e-05,0.534438166666667,0.7971034515384616,0.8563801829411763,3.0176666666666662e-05,2.9994615384615405e-05,3.040882352941179e-05
191,3.025e-05,1554285600,3.044e-05,3.01e-05,3.017e-05,30252.51638075,0.91944749,3.039e-05,0.6835143100000004,0.8057250761538461,0.8819337588235293,3.0226666666666663e-05,3.0053076923076942e-05,3.039235294117649e-05
192,3.033e-05,1554292800,3.046e-05,3.01e-05,3.02e-05,30816.1871788,0.93439842,3.032e-05,0.663549706666667,0.8175133869230771,0.876767603235294,3.025e-05,3.0117692307692324e-05,3.0377647058823552e-05
193,3.041e-05,1554300000,3.041e-05,2.995e-05,3.032e-05,30491.86579912,0.92056215,3.019e-05,0.9248026866666669,0.6748000446153847,0.8739242838235293,3.033e-05,3.0132307692307707e-05,3.036823529411767e-05
194,2.992e-05,1554307200,3.043e-05,2.978e-05,3.04e-05,73416.34776493,2.2147773,3.016e-05,1.3565792900000002,0.6764266330769231,0.9290775238235293,3.0219999999999995e-05,3.0130000000000015e-05,3.0345294117647075e-05
195,2.992e-05,1554314400,3.015e-05,2.978e-05,3.015e-05,18907.61835701,0.56324702,2.978e-05,1.232862156666667,0.6889637261538463,0.9438251547058824,3.0083333333333327e-05,3.0126923076923095e-05,3.0318823529411782e-05
196,2.988e-05,1554321600,3.015e-05,2.973e-05,2.992e-05,8643.63109742,0.2593847,3e-05,1.0124696733333338,0.7071646484615386,0.9360387405882352,2.990666666666666e-05,3.011538461538463e-05,3.0292647058823542e-05
197,2.975e-05,1554328800,2.989e-05,2.956e-05,2.988e-05,14121.47482945,0.41897585,2.966e-05,0.4138691900000004,0.6594692546153849,0.8897685,2.9849999999999994e-05,3.007769230769232e-05,3.0263823529411777e-05
198,2.956e-05,1554336000,2.976e-05,2.955e-05,2.957e-05,1367.12515271,0.04055988,2.966e-05,0.2396401433333337,0.6449102861538463,0.8887142664705883,2.9729999999999998e-05,3.006692307692309e-05,3.0224705882352953e-05
199,2.998e-05,1554343200,2.998e-05,2.957e-05,2.957e-05,30357.39721731,0.90894984,2.994e-05,0.45616185666666703,0.7122092400000001,0.8990513111764706,2.9763333333333327e-05,3.0065384615384623e-05,3.0207058823529422e-05
200,2.999e-05,1554350400,3e-05,2.975e-05,2.985e-05,1563.0602806,0.04682626,2.995e-05,0.3321119933333337,0.6792648776923078,0.9004138932352942,2.9843333333333326e-05,3.0040000000000004e-05,3.0189411764705888e-05
201,2.976e-05,1554357600,2.999e-05,2.975e-05,2.999e-05,289.94075339,0.00865221,2.984e-05,0.3214761033333337,0.6436058892307692,0.8834650847058825,2.990999999999999e-05,3.001384615384616e-05,3.016088235294118e-05
202,2.931e-05,1554364800,2.976e-05,2.929e-05,2.976e-05,53019.93888787,1.56117934,2.944e-05,0.5388859366666671,0.6872125900000001,0.8889349205882353,2.9686666666666655e-05,2.9940769230769236e-05,3.0119117647058827e-05
203,2.97e-05,1554372000,3e-05,2.904e-05,2.933e-05,222271.9280515,6.58750686,2.963e-05,2.7191128033333336,1.1834205630769232,1.0670803276470588,2.958999999999999e-05,2.990461538461539e-05,3.008676470588235e-05
204,2.99e-05,1554379200,3.01e-05,2.96e-05,2.965e-05,75518.9178937,2.26821337,3.003e-05,3.4722998566666674,1.287171784615385,1.0851421179411764,2.9636666666666653e-05,2.9877692307692316e-05,3.0060294117647053e-05
205,2.97e-05,1554386400,3.01e-05,2.964e-05,2.99e-05,16911.29541493,0.50613789,2.992e-05,3.1206193733333336,1.2542286669230773,1.0829852644117648,2.9766666666666654e-05,2.9829230769230777e-05,3.002823529411764e-05
206,2.971e-05,1554393600,2.998e-05,2.969e-05,2.982e-05,2261.91619409,0.06765633,2.991e-05,0.9473358633333335,1.1886205269230772,1.0820088197058824,2.9769999999999984e-05,2.9775384615384628e-05,2.9995882352941173e-05
207,2.966e-05,1554400800,2.984e-05,2.922e-05,2.974e-05,68937.77633209,2.03729113,2.955e-05,0.8703617833333336,1.1749677446153848,1.1404891979411766,2.9689999999999985e-05,2.9755384615384624e-05,2.996058823529411e-05
208,2.966e-05,1554408000,2.966e-05,2.96e-05,2.965e-05,2869.053321,0.08504142,2.964e-05,0.7299962933333335,1.1381826984615384,1.1378554261764706,2.967666666666665e-05,2.973538461538462e-05,2.9926764705882345e-05
209,2.924e-05,1554415200,2.991e-05,2.922e-05,2.967e-05,133574.2479081,3.94463055,2.953e-05,2.0223210333333337,1.4216631484615383,1.2431947938235295,2.9519999999999985e-05,2.9686153846153854e-05,2.9880588235294108e-05
210,2.924e-05,1554422400,2.924e-05,2.922e-05,2.924e-05,40815.14235216,1.19342951,2.923e-05,1.7410338266666667,1.481236506923077,1.1620953294117649,2.9379999999999983e-05,2.9646923076923086e-05,2.9861764705882348e-05
211,2.94e-05,1554429600,2.94e-05,2.922e-05,2.924e-05,21469.42743209,0.62770718,2.923e-05,1.9219224133333335,1.526401683846154,1.0728505755882356,2.9293333333333316e-05,2.9634615384615395e-05,2.9858823529411756e-05
212,2.995e-05,1554436800,2.995e-05,2.929e-05,2.929e-05,10351.27457484,0.30797573,2.975e-05,0.7097041400000003,1.4801729061538462,1.0581626155882358,2.9529999999999983e-05,2.9632307692307702e-05,2.987235294117646e-05
213,2.943e-05,1554444000,2.989e-05,2.934e-05,2.978e-05,46178.09393267,1.36592881,2.957e-05,0.7672039066666669,1.5816423330769231,1.075361981176471,2.959333333333332e-05,2.9589230769230782e-05,2.9870588235294103e-05
214,2.939e-05,1554451200,2.969e-05,2.93e-05,2.941e-05,31416.48671364,0.92104747,2.931e-05,0.8649840033333337,1.6518265838461539,1.0208093891176473,2.958999999999999e-05,2.9560769230769246e-05,2.984617647058822e-05
215,2.941e-05,1554458400,2.98e-05,2.941e-05,2.951e-05,4412.35692193,0.13108858,2.97e-05,0.8060216200000004,1.5418196023076924,0.960146357647059,2.940999999999999e-05,2.956846153846155e-05,2.9830294117647044e-05
216,2.955e-05,1554465600,2.962e-05,2.944e-05,2.955e-05,2027.67388963,0.05980371,2.949e-05,0.3706465866666671,1.0396885907692308,0.9501327958823529,2.9449999999999994e-05,2.9556923076923088e-05,2.9818235294117626e-05
217,2.942e-05,1554472800,2.962e-05,2.93e-05,2.955e-05,14659.2543667,0.43235409,2.949e-05,0.20774879333333382,0.8984686461538463,0.9621793070588235,2.9459999999999992e-05,2.952000000000001e-05,2.9800294117647042e-05
218,2.933e-05,1554480000,2.95e-05,2.932e-05,2.942e-05,14680.18685522,0.43124422,2.937e-05,0.3078006733333338,0.8927075946153847,0.9443036673529412,2.9433333333333325e-05,2.949153846153847e-05,2.977352941176469e-05
219,2.945e-05,1554487200,2.957e-05,2.93e-05,2.939e-05,99122.59654407,2.90827821,2.934e-05,1.2572921733333338,1.11121697,1.0230816597058823,2.9399999999999993e-05,2.947153846153847e-05,2.9766176470588223e-05
220,2.945e-05,1554494400,2.946e-05,2.938e-05,2.943e-05,5188.695533,0.15280663,2.944e-05,1.1641096866666671,0.9662566238461541,1.0265741064705884,2.940999999999999e-05,2.945538461538462e-05,2.9749999999999988e-05
221,2.931e-05,1554501600,2.952e-05,2.93e-05,2.938e-05,33116.80990788,0.97293158,2.937e-05,1.3446721400000008,1.0345558669230772,1.0412161244117648,2.9403333333333323e-05,2.9428461538461546e-05,2.972029411764705e-05
222,2.931e-05,1554508800,2.932e-05,2.93e-05,2.931e-05,21489.72336731,0.62985568,2.93e-05,0.5851979633333341,0.779573184615385,1.0458524955882353,2.935666666666666e-05,2.9433846153846162e-05,2.969705882352941e-05
223,2.93e-05,1554516000,2.932e-05,2.93e-05,2.931e-05,22322.35995705,0.65424982,2.93e-05,0.752345693333334,0.7380978238461543,1.0358512482352942,2.9306666666666658e-05,2.9438461538461548e-05,2.9668823529411756e-05
224,2.943e-05,1554523200,2.943e-05,2.93e-05,2.931e-05,11345.13926186,0.33252617,2.931e-05,0.538877223333334,0.7153915923076928,1.041607805882353,2.9346666666666658e-05,2.944076923076924e-05,2.9647058823529404e-05
225,2.945e-05,1554530400,2.945e-05,2.93e-05,2.932e-05,543.8821412,0.01594035,2.93e-05,0.3342387800000006,0.6929273323076927,1.0150340664705884,2.9393333333333325e-05,2.9402307692307703e-05,2.9623529411764706e-05
226,2.931e-05,1554537600,2.945e-05,2.93e-05,2.943e-05,1376.44034573,0.04033773,2.93e-05,0.12960141666666733,0.5909587876923079,0.9887381638235294,2.939666666666666e-05,2.9393076923076932e-05,2.9593529411764704e-05
227,2.958e-05,1554544800,2.963e-05,2.93e-05,2.931e-05,17373.51484701,0.5111065,2.941e-05,0.18912819333333397,0.5594248669230772,0.9766953505882351,2.944666666666666e-05,2.940769230769232e-05,2.956911764705882e-05
228,2.959e-05,1554552000,2.959e-05,2.954e-05,2.958e-05,8642.78330186,0.25571365,2.958e-05,0.2690526266666673,0.569011410769231,0.9190758314705879,2.9493333333333328e-05,2.942153846153847e-05,2.955941176470588e-05
229,2.949e-05,1554559200,2.963e-05,2.934e-05,2.959e-05,41465.61890067,1.22720884,2.959e-05,0.6646763300000007,0.6588118053846157,0.9386041202941174,2.9553333333333327e-05,2.941692307692309e-05,2.9546764705882355e-05
230,2.943e-05,1554566400,2.95e-05,2.932e-05,2.95e-05,240.82516279,0.00706944,2.935e-05,0.4966639766666674,0.6260976015384618,0.9311830832352939,2.9503333333333326e-05,2.941769230769232e-05,2.9533529411764712e-05
231,2.958e-05,1554573600,2.958e-05,2.934e-05,2.943e-05,2314.11421447,0.06803429,2.939e-05,0.43410419000000067,0.5981583761538464,0.9208612726470585,2.9499999999999995e-05,2.9436923076923093e-05,2.9528529411764708e-05
232,2.81e-05,1554580800,2.964e-05,2.712e-05,2.958e-05,640056.71959206,18.08583985,2.825e-05,6.053647860000001,1.7656631176923079,1.4516048011764704,2.9036666666666663e-05,2.933307692307694e-05,2.948558823529412e-05
233,2.848e-05,1554588000,2.869e-05,2.823e-05,2.827e-05,25114.39138541,0.71074602,2.83e-05,6.288206720000001,1.8085815323076924,1.4457752770588232,2.8719999999999993e-05,2.9258461538461556e-05,2.9441470588235295e-05
234,2.877e-05,1554595200,2.885e-05,2.827e-05,2.831e-05,14881.27834846,0.42555969,2.859e-05,6.407381853333334,1.7664760023076922,1.456914495588235,2.844999999999999e-05,2.9216923076923095e-05,2.9405588235294124e-05
235,2.851e-05,1554602400,2.876e-05,2.84e-05,2.864e-05,38852.27673793,1.11374763,2.866e-05,0.7500177800000003,1.80369846,1.4894173020588233,2.8586666666666655e-05,2.915538461538463e-05,2.9368823529411772e-05
236,2.865e-05,1554609600,2.865e-05,2.836e-05,2.851e-05,1722.27429896,0.0488784,2.838e-05,0.5293952400000003,1.7571314276923076,1.4449378626470584,2.864333333333332e-05,2.9105384615384632e-05,2.934941176470589e-05
237,2.83e-05,1554616800,2.87e-05,2.83e-05,2.865e-05,11148.01007485,0.31645176,2.838e-05,0.49302593000000033,1.7558949346153843,1.260495065588235,2.8486666666666653e-05,2.9018461538461555e-05,2.9308235294117657e-05
238,2.74e-05,1554624000,2.88e-05,2.6e-05,2.83e-05,346505.18294469,9.49063695,2.738e-05,3.2853223700000007,2.4847177499999997,1.4729192885294116,2.8116666666666654e-05,2.886076923076925e-05,2.9234705882352947e-05
239,2.742e-05,1554631200,2.755e-05,2.715e-05,2.73e-05,104010.47747473,2.84673664,2.736e-05,4.217941783333334,2.7005945892307697,1.5417604282352941,2.770666666666666e-05,2.8715384615384634e-05,2.9167647058823538e-05
240,2.839e-05,1554638400,2.839e-05,2.73e-05,2.749e-05,104639.94453394,2.90540277,2.776e-05,5.080925453333334,2.884771225384616,1.6252235588235295,2.773666666666666e-05,2.862384615384617e-05,2.9128823529411775e-05
241,2.841e-05,1554645600,2.89e-05,2.835e-05,2.835e-05,120353.91774859,3.44457462,2.862e-05,3.0655713433333336,3.1300682230769237,1.6666142497058822,2.807333333333333e-05,2.8533076923076937e-05,2.9092058823529423e-05
242,2.85e-05,1554652800,2.865e-05,2.837e-05,2.841e-05,8217.50708353,0.23397065,2.847e-05,2.194649346666667,3.053665285384616,1.6709945211764705,2.8433333333333328e-05,2.845692307692309e-05,2.9057941176470604e-05
243,2.858e-05,1554660000,2.865e-05,2.835e-05,2.864e-05,104539.78811968,2.97510122,2.845e-05,2.217882163333334,3.281975422307693,1.6424789526470587,2.849666666666666e-05,2.8391538461538473e-05,2.9038529411764724e-05
244,2.9e-05,1554667200,2.913e-05,2.841e-05,2.841e-05,220512.01419635,6.37744191,2.892e-05,3.1955045933333337,3.7673144700000005,1.7949499055882352,2.869333333333333e-05,2.8346923076923085e-05,2.9031470588235308e-05
245,2.849e-05,1554674400,2.91e-05,2.836e-05,2.9e-05,12963.62914222,0.37051895,2.858e-05,3.241020693333333,2.4045974776923082,1.7873855458823529,2.8689999999999995e-05,2.8376923076923086e-05,2.9004705882352955e-05
246,2.894e-05,1554681600,2.895e-05,2.82e-05,2.847e-05,6686.74975269,0.19043419,2.847e-05,2.31279835,2.3645734907692315,1.7839284417647057,2.8809999999999994e-05,2.84123076923077e-05,2.8975000000000017e-05
247,2.855e-05,1554688800,2.894e-05,2.855e-05,2.884e-05,9981.2623685,0.28540188,2.859e-05,0.28211833999999997,2.3537921207692314,1.7521482379411761,2.8659999999999997e-05,2.8395384615384624e-05,2.8949117647058843e-05
248,2.872e-05,1554696000,2.872e-05,2.855e-05,2.869e-05,3533.92007771,0.101389,2.869e-05,0.19240835666666659,2.2759183800000007,1.7280406358823528,2.873666666666666e-05,2.841153846153847e-05,2.8929411764705903e-05
249,2.872e-05,1554703200,2.881e-05,2.856e-05,2.872e-05,644.54840193,0.01848521,2.867e-05,0.13509202999999995,2.273580442307693,1.7247287720588234,2.8663333333333324e-05,2.8416923076923082e-05,2.890911764705885e-05
250,2.876e-05,1554710400,2.881e-05,2.855e-05,2.856e-05,6805.00705832,0.19530339,2.869e-05,0.10505919999999995,2.2642613369230777,1.728714056764706,2.873333333333332e-05,2.84523076923077e-05,2.8885882352941205e-05
251,2.872e-05,1554717600,2.896e-05,2.855e-05,2.876e-05,22312.07219683,0.63927402,2.865e-05,0.2843542066666666,1.5833872653846162,1.7347999370588236,2.873333333333332e-05,2.855384615384616e-05,2.886529411764709e-05
252,2.875e-05,1554724800,2.875e-05,2.855e-05,2.855e-05,3326.12717639,0.095527,2.872e-05,0.3100348033333333,1.3717557546153856,1.7249259011764706,2.8743333333333326e-05,2.8656153846153852e-05,2.8848235294117678e-05
