,close,date,high,low,open,quoteVolume,volume,weightedAverage,avg_vol_3,avg_vol_13,avg_vol_34,avg_close_3,avg_close_13,avg_close_34
0,2.113e-05,1543183200,2.129e-05,2.092e-05,2.092e-05,15209.12566251,0.32095394,2.11e-05,-99999.0,-99999.0,-99999.0,-99999.0,-99999.0,-99999.0
1,2.11e-05,1543190400,2.148e-05,2.105e-05,2.116e-05,7845.78682173,0.16663266,2.123e-05,-99999.0,-99999.0,-99999.0,-99999.0,-99999.0,-99999.0
2,2.104e-05,1543197600,2.125e-05,2.081e-05,2.117e-05,11817.90229357,0.24680233,2.088e-05,0.24479631,-99999.0,-99999.0,2.109e-05,-99999.0,-99999.0
3,2.129e-05,1543204800,2.131e-05,2.101e-05,2.101e-05,3340.58561553,0.07046988,2.109e-05,0.1613016233333333,-99999.0,-99999.0,2.114333333333333e-05,-99999.0,-99999.0
4,2.137e-05,1543212000,2.141e-05,2.11e-05,2.122e-05,25996.00994268,0.55446248,2.132e-05,0.29057823,-99999.0,-99999.0,2.1233333333333336e-05,-99999.0,-99999.0
5,2.113e-05,1543219200,2.136e-05,2.064e-05,2.135e-05,76838.44413957,1.6163038,2.103e-05,0.7470787200000001,-99999.0,-99999.0,2.1263333333333334e-05,-99999.0,-99999.0
6,2.093e-05,1543226400,2.111e-05,2.07e-05,2.111e-05,29908.35747586,0.62375822,2.085e-05,0.9315081666666667,-99999.0,-99999.0,2.1143333333333335e-05,-99999.0,-99999.0
7,2.049e-05,1543233600,2.094e-05,2.049e-05,2.094e-05,13351.0681711,0.2758856,2.066e-05,0.8386492066666668,-99999.0,-99999.0,2.0850000000000002e-05,-99999.0,-99999.0
8,2.074e-05,1543240800,2.09e-05,2.053e-05,2.053e-05,9240.87557919,0.19124357,2.069e-05,0.36362913000000013,-99999.0,-99999.0,2.072e-05,-99999.0,-99999.0
9,2.099e-05,1543248000,2.106e-05,2.055e-05,2.08e-05,32345.39550215,0.67149589,2.076e-05,0.37954168666666677,-99999.0,-99999.0,2.0739999999999998e-05,-99999.0,-99999.0
10,2.093e-05,1543255200,2.099e-05,2.074e-05,2.087e-05,1592.234067,0.03326225,2.089e-05,0.2986672366666667,-99999.0,-99999.0,2.0886666666666668e-05,-99999.0,-99999.0
11,2.097e-05,1543262400,2.121e-05,2.077e-05,2.089e-05,88294.17175691,1.84838557,2.093e-05,0.8510479033333334,-99999.0,-99999.0,2.096333333333333e-05,-99999.0,-99999.0
12,2.059e-05,1543269600,2.091e-05,2.035e-05,2.091e-05,36282.73557957,0.74725269,2.059e-05,0.87630017,0.5666852984615385,-99999.0,2.083e-05,2.097692307692308e-05,-99999.0
13,2.057e-05,1543276800,2.077e-05,2.046e-05,2.058e-05,14271.6144649,0.29442477,2.063e-05,0.9633543433333335,0.5646445930769232,-99999.0,2.0709999999999997e-05,2.0933846153846152e-05,-99999.0
14,2.052e-05,1543284000,2.057e-05,2.041e-05,2.057e-05,3004.73993494,0.06144917,2.045e-05,0.36770887666666674,0.5565535553846155,-99999.0,2.0559999999999996e-05,2.0889230769230767e-05,-99999.0
15,2.057e-05,1543291200,2.057e-05,2.046e-05,2.054e-05,4424.91232884,0.090806,2.052e-05,0.14889331333333336,0.5445538376923077,-99999.0,2.055333333333333e-05,2.085307692307692e-05,-99999.0
16,2.033e-05,1543298400,2.058e-05,2.02e-05,2.058e-05,26008.32652535,0.52937121,2.035e-05,0.22720879333333335,0.57985394,-99999.0,2.047333333333333e-05,2.0779230769230763e-05,-99999.0
17,2.026e-05,1543305600,2.053e-05,2.016e-05,2.028e-05,52774.69092848,1.07460824,2.036e-05,0.5649284833333335,0.6198651523076923,-99999.0,2.0386666666666662e-05,2.069384615384615e-05,-99999.0
18,2.025e-05,1543312800,2.042e-05,2.01e-05,2.039e-05,40249.3703626,0.81168963,2.016e-05,0.8052230266666668,0.5579717546153846,-99999.0,2.028e-05,2.0626153846153843e-05,-99999.0
19,2.012e-05,1543320000,2.036e-05,2.011e-05,2.03e-05,27412.86681911,0.5533329,2.018e-05,0.8132102566666668,0.5525544223076924,-99999.0,2.0209999999999998e-05,2.0563846153846147e-05,-99999.0
20,2.045e-05,1543327200,2.045e-05,2.01e-05,2.01e-05,14059.92454058,0.28474732,2.025e-05,0.5499232833333335,0.5532360930769231,-99999.0,2.027333333333333e-05,2.0560769230769224e-05,-99999.0
21,2.026e-05,1543334400,2.046e-05,2.02e-05,2.046e-05,6721.6242497,0.13669944,2.033e-05,0.3249265533333334,0.5490403907692308,-99999.0,2.0276666666666662e-05,2.0523846153846148e-05,-99999.0
22,2.029e-05,1543341600,2.042e-05,2.018e-05,2.037e-05,23969.11197716,0.48601597,2.027e-05,0.30248757666666676,0.5347727046153847,-99999.0,2.0333333333333327e-05,2.0469999999999995e-05,-99999.0
23,2.039e-05,1543348800,2.047e-05,2.023e-05,2.034e-05,10709.44878618,0.21852117,2.04e-05,0.2804121933333334,0.5490233907692308,-99999.0,2.0313333333333327e-05,2.0428461538461537e-05,-99999.0
24,2.046e-05,1543356000,2.053e-05,2.037e-05,2.042e-05,7019.29995321,0.14363446,2.046e-05,0.28272386666666677,0.4178886900000001,-99999.0,2.0379999999999995e-05,2.0389230769230765e-05,-99999.0
25,2.121e-05,1543363200,2.172e-05,2.051e-05,2.051e-05,58266.67273683,1.22263711,2.098e-05,0.5282642466666667,0.4544567223076924,-99999.0,2.0686666666666663e-05,2.0436923076923074e-05,-99999.0
26,2.109e-05,1543370400,2.132e-05,2.1e-05,2.131e-05,8826.6563363,0.18600071,2.107e-05,0.5174240933333334,0.44611641000000013,-99999.0,2.0919999999999996e-05,2.0476923076923073e-05,-99999.0
27,2.028e-05,1543377600,2.11e-05,2.028e-05,2.109e-05,103030.8809493,2.13775546,2.074e-05,1.1821310933333335,0.6058322784615385,-99999.0,2.0859999999999997e-05,2.0458461538461535e-05,-99999.0
28,2.031e-05,1543384800,2.051e-05,2.018e-05,2.035e-05,17287.58770654,0.35251448,2.039e-05,0.8920902166666669,0.6259637,-99999.0,2.0559999999999996e-05,2.043846153846154e-05,-99999.0
29,2.035e-05,1543392000,2.072e-05,2.004e-05,2.029e-05,67127.26015266,1.37361348,2.046e-05,1.2879611400000002,0.690905413076923,-99999.0,2.031333333333333e-05,2.044e-05,-99999.0
30,2.036e-05,1543399200,2.092e-05,2.019e-05,2.031e-05,31433.48584241,0.64639304,2.056e-05,0.7908403333333333,0.6579657823076922,-99999.0,2.034e-05,2.0447692307692303e-05,-99999.0
31,2.03e-05,1543406400,2.046e-05,2.016e-05,2.045e-05,10776.20862603,0.2189607,2.031e-05,0.7463224066666667,0.6123712492307691,-99999.0,2.033666666666666e-05,2.045153846153846e-05,-99999.0
32,2.086e-05,1543413600,2.106e-05,2.013e-05,2.029e-05,34380.66411947,0.71370529,2.075e-05,0.5263530100000001,0.6247075869230768,-99999.0,2.0506666666666665e-05,2.0508461538461537e-05,-99999.0
33,2.089e-05,1543420800,2.089e-05,2.061e-05,2.079e-05,41062.04545217,0.8548628,2.081e-05,0.59584293,0.6685626238461537,0.5811368302941177,2.068333333333333e-05,2.0542307692307693e-05,2.0671176470588233e-05
34,2.063e-05,1543428000,2.075e-05,2.029e-05,2.072e-05,28278.92531542,0.58228644,2.059e-05,0.71695151,0.7028385469230769,0.5888230802941177,2.0793333333333326e-05,2.057076923076923e-05,2.0656470588235294e-05
35,2.1e-05,1543435200,2.1e-05,2.07e-05,2.073e-05,29859.22514517,0.62292768,2.086e-05,0.6866923066666667,0.7133702169230769,0.6022435220588235,2.0839999999999994e-05,2.0625384615384615e-05,2.0653529411764705e-05
36,2.091e-05,1543442400,2.106e-05,2.054e-05,2.085e-05,52053.24688269,1.07622666,2.067e-05,0.7604802599999999,0.7793475623076922,0.6266383552941176,2.084666666666666e-05,2.0665384615384615e-05,2.064970588235294e-05
37,2.12e-05,1543449600,2.299e-05,2.098e-05,2.104e-05,402042.65072671,8.90574112,2.215e-05,3.534965153333333,1.4533557669230768,0.8864992741176471,2.103666666666666e-05,2.0722307692307698e-05,2.064705882352941e-05
38,2.136e-05,1543456800,2.164e-05,2.102e-05,2.128e-05,102381.16088324,2.18379873,2.133e-05,4.055255503333332,1.527291276153846,0.9344209285294118,2.1156666666666663e-05,2.0733846153846154e-05,2.064676470588235e-05
39,2.142e-05,1543464000,2.142e-05,2.091e-05,2.125e-05,45849.69288686,0.96474515,2.104e-05,4.018095,1.5871946946153843,0.9152574388235295,2.132666666666666e-05,2.0759230769230774e-05,2.0655294117647054e-05
40,2.148e-05,1543471200,2.187e-05,2.141e-05,2.142e-05,13668.82051734,0.29533177,2.16e-05,1.1479585499999996,1.4454697953846152,0.9055978373529413,2.1419999999999995e-05,2.0851538461538464e-05,2.0671470588235293e-05
41,2.117e-05,1543478400,2.167e-05,2.095e-05,2.163e-05,54053.62197931,1.14186466,2.112e-05,0.8006471933333329,1.5061890399999998,0.9310678097058824,2.135666666666666e-05,2.091769230769231e-05,2.0691470588235296e-05
42,2.113e-05,1543485600,2.128e-05,2.1e-05,2.117e-05,23648.19461443,0.49886409,2.109e-05,0.6453535066666661,1.4389006253846153,0.9401154720588236,2.1259999999999996e-05,2.0977692307692313e-05,2.070294117647059e-05
43,2.095e-05,1543492800,2.231e-05,2.085e-05,2.113e-05,299508.55484262,6.32082363,2.11e-05,2.6538507933333326,1.875395286153846,1.1062721702941176,2.1083333333333325e-05,2.102307692307693e-05,2.0701764705882354e-05
44,2.104e-05,1543500000,2.115e-05,2.087e-05,2.094e-05,22851.72504963,0.47901005,2.096e-05,2.432899256666666,1.895399082307692,1.1193823997058825,2.103999999999999e-05,2.1080000000000005e-05,2.0705000000000003e-05
45,2.102e-05,1543507200,2.108e-05,2.092e-05,2.102e-05,3502.31725497,0.07365691,2.103e-05,2.29116353,1.8461645915384612,1.0671844979411764,2.1003333333333326e-05,2.10923076923077e-05,2.070647058823529e-05
46,2.131e-05,1543514400,2.145e-05,2.102e-05,2.102e-05,29541.22549397,0.62804888,2.126e-05,0.3935719466666665,1.828717366923077,1.0636785035294116,2.1123333333333328e-05,2.1124615384615393e-05,2.0727647058823528e-05
47,2.124e-05,1543521600,2.147e-05,2.124e-05,2.141e-05,10191.64159043,0.21757914,2.134e-05,0.3064283099999998,1.8006629592307692,1.0614183379411763,2.1189999999999995e-05,2.117153846153847e-05,2.0747352941176468e-05
48,2.131e-05,1543528800,2.131e-05,2.114e-05,2.124e-05,19328.2996301,0.41118667,2.127e-05,0.4189382299999998,1.784375189230769,1.0717047349999997,2.1286666666666664e-05,2.1195384615384625e-05,2.0770588235294112e-05
49,2.145e-05,1543536000,2.3e-05,2.129e-05,2.129e-05,400721.40208111,8.90270728,2.221e-05,3.1771576966666664,2.38641216,1.3308783020588233,2.1333333333333328e-05,2.1236923076923087e-05,2.079647058823529e-05
50,2.138e-05,1543543200,2.154e-05,2.135e-05,2.145e-05,38424.12885802,0.82245348,2.14e-05,3.3787824766666663,1.764620803076923,1.3394983688235291,2.138e-05,2.1250769230769236e-05,2.0827352941176463e-05
51,2.147e-05,1543550400,2.147e-05,2.138e-05,2.139e-05,19882.22919236,0.42604466,2.142e-05,3.38373514,1.6294089515384615,1.3204229694117644,2.143333333333333e-05,2.1259230769230776e-05,2.086294117647058e-05
52,2.108e-05,1543557600,2.147e-05,2.108e-05,2.146e-05,9919.44800067,0.21068915,2.124e-05,0.4863957633333336,1.571404643846154,1.3027464847058823,2.1309999999999998e-05,2.1233076923076925e-05,2.0887352941176463e-05
53,2.121e-05,1543564800,2.198e-05,2.1e-05,2.112e-05,304223.58592764,6.47722724,2.129e-05,2.3713203500000004,2.0469350646153845,1.4769786711764703,2.125333333333333e-05,2.1212307692307698e-05,2.0919411764705876e-05
54,2.118e-05,1543572000,2.125e-05,2.09e-05,2.123e-05,40558.16354345,0.85300956,2.103e-05,2.513641983333334,2.024715441538462,1.4936922664705878,2.1156666666666663e-05,2.1213076923076925e-05,2.0940882352941172e-05
55,2.127e-05,1543579200,2.144e-05,2.1e-05,2.118e-05,32712.39294264,0.69302629,2.118e-05,2.674421030000001,2.039650995384615,1.5100548208823525,2.122e-05,2.1223846153846158e-05,2.097058823529411e-05
56,2.135e-05,1543586400,2.141e-05,2.126e-05,2.129e-05,2574.48472646,0.05495542,2.134e-05,0.5336637566666674,1.557661133076923,1.4973765694117644,2.1266666666666667e-05,2.1254615384615387e-05,2.1001764705882344e-05
57,2.132e-05,1543593600,2.136e-05,2.114e-05,2.135e-05,5129.99643037,0.10926306,2.129e-05,0.2857482566666675,1.5292190569230768,1.494163095588235,2.1313333333333335e-05,2.1276153846153852e-05,2.1029117647058817e-05
58,2.147e-05,1543600800,2.15e-05,2.135e-05,2.135e-05,8448.64754995,0.18128398,2.145e-05,0.11516748666666747,1.5374980623076921,1.4952704344117644,2.138e-05,2.1310769230769235e-05,2.1058823529411755e-05
59,2.172e-05,1543608000,2.173e-05,2.147e-05,2.147e-05,2379.07933325,0.05120011,2.152e-05,0.11391571666666749,1.4931250799999998,1.4608164049999999,2.150333333333333e-05,2.134230769230769e-05,2.1073823529411758e-05
60,2.164e-05,1543615200,2.194e-05,2.155e-05,2.173e-05,244480.1412046,5.35272084,2.189e-05,1.8617349766666675,1.8881359799999997,1.6127787617647058,2.1609999999999995e-05,2.1373076923076924e-05,2.1089999999999993e-05
61,2.149e-05,1543622400,2.163e-05,2.142e-05,2.163e-05,23240.78716574,0.50026385,2.152e-05,1.9680616000000006,1.8949880707692304,1.5646172438235293,2.1616666666666662e-05,2.1386923076923073e-05,2.1125588235294108e-05
62,2.16e-05,1543629600,2.177e-05,2.147e-05,2.149e-05,11924.37520925,0.25797351,2.163e-05,2.0369860666666675,1.2300085499999995,1.5618366270588233,2.1576666666666663e-05,2.1398461538461533e-05,2.11635294117647e-05
63,2.155e-05,1543636800,2.162e-05,2.138e-05,2.162e-05,3108.62578393,0.066952,2.153e-05,0.2750631200000007,1.1718930515384611,1.5234054070588232,2.1546666666666658e-05,2.141153846153846e-05,2.1198823529411754e-05
64,2.18e-05,1543644000,2.187e-05,2.153e-05,2.153e-05,138541.69908982,3.02263218,2.181e-05,1.115852563333334,1.3716305530769226,1.5932947935294115,2.1649999999999994e-05,2.1436923076923074e-05,2.1241176470588226e-05
65,2.168e-05,1543651200,2.193e-05,2.165e-05,2.18e-05,38666.48519217,0.84439908,2.183e-05,1.3113277533333338,1.4203774707692303,1.61169004,2.167666666666666e-05,2.148307692307692e-05,2.1281764705882345e-05
66,2.18e-05,1543658400,2.235e-05,2.166e-05,2.181e-05,457119.78156145,10.11097021,2.211e-05,4.659333823333333,1.69989616076923,1.8880801847058823,2.1759999999999995e-05,2.1528461538461534e-05,2.130941176470587e-05
67,2.187e-05,1543665600,2.191e-05,2.164e-05,2.179e-05,87483.19071709,1.90867502,2.181e-05,4.28801477,1.7811011961538452,1.9190746617647056,2.1783333333333325e-05,2.158153846153846e-05,2.1338235294117636e-05
68,2.186e-05,1543672800,2.191e-05,2.173e-05,2.189e-05,2253.62218155,0.04926688,2.186e-05,4.022970703333333,1.7315812415384608,1.903397615882353,2.1843333333333325e-05,2.1626923076923074e-05,2.137441176470587e-05
69,2.162e-05,1543680000,2.197e-05,2.146e-05,2.19e-05,27950.71870189,0.6063617,2.169e-05,0.8547678666666668,1.7739971092307687,1.9029103811764703,2.1783333333333325e-05,2.1647692307692305e-05,2.139264705882352e-05
70,2.145e-05,1543687200,2.164e-05,2.145e-05,2.162e-05,5151.03598975,0.11064883,2.148e-05,0.2554258033333336,1.7741037069230763,1.8745110332352937,2.164333333333332e-05,2.1657692307692303e-05,2.1408529411764697e-05
71,2.154e-05,1543694400,2.166e-05,2.154e-05,2.164e-05,2876.57459235,0.06222211,2.163e-05,0.2597442133333336,1.764945101538461,1.614407532941176,2.1536666666666656e-05,2.166307692307692e-05,2.14185294117647e-05
72,2.17e-05,1543701600,2.173e-05,2.158e-05,2.158e-05,874.69939291,0.01899862,2.172e-05,0.06395652000000022,1.7624680638461534,1.5507369414705876,2.156333333333332e-05,2.1661538461538458e-05,2.14285294117647e-05
73,2.183e-05,1543708800,2.188e-05,2.154e-05,2.16e-05,12646.85656853,0.27501479,2.174e-05,0.11874517333333356,1.3718752907692304,1.5304507544117643,2.168999999999999e-05,2.167615384615384e-05,2.1440588235294114e-05
74,2.159e-05,1543716000,2.195e-05,2.159e-05,2.194e-05,17352.18716548,0.37797453,2.178e-05,0.2239959800000002,1.3624684199999995,1.532881423823529,2.1706666666666656e-05,2.1683846153846147e-05,2.144382352941176e-05
75,2.181e-05,1543723200,2.199e-05,2.157e-05,2.159e-05,11810.37017892,0.25741633,2.179e-05,0.3034685500000002,1.3624255599999997,1.5068682376470584,2.1743333333333322e-05,2.1699999999999992e-05,2.1462647058823523e-05
76,2.165e-05,1543730400,2.181e-05,2.145e-05,2.178e-05,130901.48614533,2.81437004,2.149e-05,1.1499203000000002,1.573765409230769,1.574971353823529,2.1683333333333323e-05,2.17076923076923e-05,2.1477941176470585e-05
77,2.152e-05,1543737600,2.172e-05,2.152e-05,2.152e-05,412.9127545,0.00889941,2.155e-05,1.0268952600000003,1.3419398115384615,1.389326523823529,2.165999999999999e-05,2.1686153846153843e-05,2.1494705882352937e-05
78,2.168e-05,1543744800,2.186e-05,2.159e-05,2.16e-05,23434.45623816,0.50778741,2.166e-05,1.110352286666667,1.316046606153846,1.3901729167647054,2.1616666666666656e-05,2.1686153846153843e-05,2.1513529411764704e-05
79,2.169e-05,1543752000,2.182e-05,2.169e-05,2.174e-05,309.90445429,0.00674205,2.175e-05,0.17447629000000045,0.5387982861538461,1.3882048326470584,2.162999999999999e-05,2.1677692307692303e-05,2.1533235294117647e-05
80,2.152e-05,1543759200,2.18e-05,2.142e-05,2.17e-05,25202.5810377,0.54328286,2.155e-05,0.3526041066666672,0.43376811999999987,1.385711714411764,2.162999999999999e-05,2.165076923076923e-05,2.1539411764705884e-05
81,2.148e-05,1543766400,2.165e-05,2.131e-05,2.156e-05,41241.79306209,0.88541425,2.146e-05,0.47847972000000044,0.49808714846153834,1.4053539235294112,2.1563333333333327e-05,2.1621538461538458e-05,2.1546470588235297e-05
82,2.139e-05,1543773600,2.175e-05,2.135e-05,2.14e-05,45609.70387969,0.98160079,2.152e-05,0.8034326333333337,0.5269516938461537,1.4221308094117642,2.1463333333333325e-05,2.1603846153846148e-05,2.154882352941177e-05
83,2.176e-05,1543780800,2.176e-05,2.133e-05,2.139e-05,50235.53528677,1.08318093,2.156e-05,0.9833986566666669,0.6017618553846152,1.192144740294117,2.1543333333333324e-05,2.1627692307692302e-05,2.1557941176470595e-05
84,2.294e-05,1543788000,2.315e-05,2.137e-05,2.157e-05,227823.02455876,5.10307242,2.239e-05,2.3892847133333337,0.9895195715384614,1.3180452973529406,2.202999999999999e-05,2.1735384615384606e-05,2.160382352941177e-05
85,2.438e-05,1543795200,2.771e-05,2.301e-05,2.301e-05,1699028.1380048,43.09030963,2.536e-05,16.425520993333333,4.302697341538462,2.5728766199999993,2.3026666666666657e-05,2.1941538461538455e-05,2.1689411764705888e-05
86,2.594e-05,1543802400,2.594e-05,2.406e-05,2.438e-05,252394.4160236,6.25462432,2.478e-05,18.149335456666666,4.762667305384616,2.750639419117647,2.441999999999999e-05,2.2257692307692304e-05,2.1832352941176478e-05
87,2.495e-05,1543809600,2.612e-05,2.475e-05,2.594e-05,278411.47751814,7.00882389,2.517e-05,18.784585946666667,5.27273264076923,2.766274614705882,2.5089999999999992e-05,2.2516153846153843e-05,2.1942352941176476e-05
88,2.549e-05,1543816800,2.549e-05,2.455e-05,2.494e-05,123486.25719229,3.08917932,2.501e-05,5.450875843333333,5.490560563076922,2.8320443135294115,2.545999999999999e-05,2.2799230769230764e-05,2.206911764705883e-05
89,2.512e-05,1543824000,2.582e-05,2.485e-05,2.531e-05,141631.57660971,3.61001376,2.548e-05,4.56933899,5.551763926153845,2.9178380626470584,2.5186666666666657e-05,2.306615384615384e-05,2.2182352941176477e-05
90,2.473e-05,1543831200,2.526e-05,2.41e-05,2.498e-05,154721.74274846,3.84689328,2.486e-05,3.5153621200000007,5.846994223846154,3.0293656467647057,2.5113333333333326e-05,2.3313076923076916e-05,2.2281764705882363e-05
91,2.428e-05,1543838400,2.483e-05,2.417e-05,2.47e-05,61051.65745913,1.49460859,2.448e-05,2.9838385433333343,5.922903545384615,3.070111103529411,2.4709999999999996e-05,2.3513076923076917e-05,2.2368823529411775e-05
92,2.338e-05,1543845600,2.428e-05,2.32e-05,2.428e-05,145070.41479243,3.43729831,2.369e-05,2.926266726666667,6.186792488461538,3.1658762308823523,2.412999999999999e-05,2.3643076923076914e-05,2.242500000000001e-05
93,2.353e-05,1543852800,2.369e-05,2.323e-05,2.34e-05,63492.06216653,1.48808686,2.343e-05,2.1399979200000003,6.2594697192307684,3.2081376058823525,2.372999999999999e-05,2.37976923076923e-05,2.2478235294117656e-05
94,2.296e-05,1543860000,2.372e-05,2.29e-05,2.338e-05,63425.08425323,1.47551249,2.326e-05,2.1336325533333333,6.304861891538461,3.09410206617647,2.328999999999999e-05,2.391153846153845e-05,2.2517058823529423e-05
95,2.33e-05,1543867200,2.33e-05,2.289e-05,2.3e-05,53135.59945547,1.22647871,2.308e-05,1.3966926866666667,6.3236986546153835,3.1154613267647053,2.326333333333332e-05,2.405846153846153e-05,2.257029411764707e-05
96,2.39e-05,1543874400,2.436e-05,2.309e-05,2.329e-05,136077.68165219,3.24155884,2.382e-05,1.9811833466666668,6.489727724615383,3.2032138364705873,2.3386666666666654e-05,2.4223076923076915e-05,2.26379411764706e-05
97,2.288e-05,1543881600,2.386e-05,2.272e-05,2.386e-05,130530.50522748,3.00582396,2.302e-05,2.49128717,6.328400919999998,3.289651247058823,2.335999999999999e-05,2.4218461538461533e-05,2.2677058823529425e-05
98,2.273e-05,1543888800,2.3e-05,2.259e-05,2.281e-05,32698.57628528,0.74349762,2.273e-05,2.330293473333333,3.0709538423076905,3.2226178776470578,2.3169999999999993e-05,2.4091538461538456e-05,2.2704411764705894e-05
99,2.251e-05,1543896000,2.273e-05,2.24e-05,2.273e-05,25118.57972823,0.56572129,2.252e-05,1.438347623333333,2.6333459169230755,3.2144214720588224,2.270666666666666e-05,2.38276923076923e-05,2.2728823529411775e-05
100,2.278e-05,1543903200,2.304e-05,2.238e-05,2.25e-05,96823.93787735,2.21166554,2.284e-05,1.1736281499999999,2.2643337361538443,2.9820889817647047,2.2673333333333325e-05,2.3660769230769228e-05,2.275764705882354e-05
101,2.309e-05,1543910400,2.329e-05,2.277e-05,2.277e-05,42152.3363959,0.97483775,2.312e-05,1.2507415266666666,2.101692076923075,2.954623179705881,2.279333333333332e-05,2.3476153846153844e-05,2.279352941176472e-05
102,2.288e-05,1543917600,2.33e-05,2.248e-05,2.307e-05,74678.58382068,1.68840959,2.26e-05,1.6249709599999997,1.9538763715384595,3.0028332594117635,2.2916666666666653e-05,2.3303846153846155e-05,2.282352941176472e-05
103,2.305e-05,1543924800,2.305e-05,2.259e-05,2.281e-05,78604.38558459,1.80290033,2.293e-05,1.48871589,1.7966461446153825,3.0380255720588227,2.3006666666666658e-05,2.3174615384615385e-05,2.2865588235294132e-05
104,2.278e-05,1543932000,2.318e-05,2.278e-05,2.297e-05,41596.01011544,0.96191991,2.312e-05,1.4844099433333333,1.7556700923076902,3.063062956764705,2.2903333333333325e-05,2.3059230769230772e-05,2.2904705882352955e-05
105,2.253e-05,1543939200,2.28e-05,2.244e-05,2.28e-05,10991.85501018,0.24826936,2.258e-05,1.0043632,1.510360173076921,3.0685349347058817,2.278666666666666e-05,2.2993846153846156e-05,2.293382352941178e-05
106,2.279e-05,1543946400,2.279e-05,2.242e-05,2.259e-05,16434.39431174,0.37098185,2.257e-05,0.52705704,1.4244290184615365,3.078887382647058,2.2699999999999993e-05,2.293692307692308e-05,2.2965882352941188e-05
107,2.295e-05,1543953600,2.299e-05,2.269e-05,2.281e-05,14063.10340517,0.3229423,2.296e-05,0.31406450333333336,1.3357697730769211,3.080297015294117,2.275666666666666e-05,2.293615384615385e-05,2.2998823529411777e-05
108,2.303e-05,1543960800,2.313e-05,2.29e-05,2.295e-05,26728.85178836,0.61659544,2.306e-05,0.4368398633333334,1.2888556753846137,3.08731527735294,2.2923333333333328e-05,2.291538461538462e-05,2.3041176470588246e-05
109,2.22e-05,1543968000,2.294e-05,2.22e-05,2.294e-05,157611.78050067,3.56843472,2.264e-05,1.5026574866666669,1.313999973846152,3.1846981711764695,2.2726666666666657e-05,2.2784615384615387e-05,2.305264705882354e-05
110,2.229e-05,1543975200,2.229e-05,2.193e-05,2.223e-05,71957.39370852,1.58887471,2.208e-05,1.9246349566666667,1.2050038776923058,3.1486541908823518,2.2506666666666656e-05,2.273923076923077e-05,2.3071470588235304e-05
111,2.237e-05,1543982400,2.239e-05,2.216e-05,2.216e-05,7044.87681389,0.15734575,2.233e-05,1.7715517266666667,1.1599152723076904,3.1530202597058814,2.2286666666666654e-05,2.2711538461538466e-05,2.30964705882353e-05
112,2.229e-05,1543989600,2.252e-05,2.227e-05,2.237e-05,10542.29413883,0.23622969,2.24e-05,0.6608167166666666,1.1345697646153825,3.1450332679411757,2.231666666666666e-05,2.269461538461539e-05,2.311441176470589e-05
113,2.229e-05,1543996800,2.254e-05,2.229e-05,2.23e-05,18247.9267397,0.40735165,2.232e-05,0.2669756966666666,0.9957763884615365,3.156815903235293,2.231666666666666e-05,2.265692307692308e-05,2.313205882352942e-05
114,2.265e-05,1544004000,2.277e-05,2.241e-05,2.243e-05,35431.87958169,0.80450732,2.27e-05,0.48269622,0.9826740476923057,3.1644989755882342,2.2409999999999994e-05,2.2623076923076924e-05,2.3165294117647066e-05
115,2.257e-05,1544011200,2.263e-05,2.237e-05,2.255e-05,17471.22541802,0.39191107,2.243e-05,0.5345900133333333,0.8829433923076905,3.1499841761764698,2.250333333333333e-05,2.259923076923077e-05,2.3197352941176476e-05
116,2.246e-05,1544018400,2.246e-05,2.238e-05,2.241e-05,4670.86824045,0.10463458,2.24e-05,0.43368432333333323,0.7523075653846136,3.12419105235294,2.255999999999999e-05,2.2553846153846157e-05,2.3228823529411767e-05
117,2.226e-05,1544025600,2.242e-05,2.193e-05,2.242e-05,21363.01407025,0.47169213,2.207e-05,0.3227459266666666,0.7145977361538443,3.1062060876470574,2.2429999999999987e-05,2.2513846153846154e-05,2.324352941176471e-05
118,2.205e-05,1544032800,2.218e-05,2.2e-05,2.211e-05,6500.14880967,0.1437328,2.211e-05,0.24001983666666668,0.7065564623076904,2.960343157647057,2.2256666666666653e-05,2.247692307692308e-05,2.3217352941176473e-05
119,2.225e-05,1544040000,2.226e-05,2.202e-05,2.214e-05,6905.49095896,0.15246238,2.207e-05,0.2559624366666667,0.6897472723076904,1.6974652973529398,2.2186666666666652e-05,2.243538461538462e-05,2.3154705882352945e-05
120,2.221e-05,1544047200,2.225e-05,2.203e-05,2.225e-05,7009.23130799,0.15522692,2.214e-05,0.1504740333333333,0.6768460892307674,1.518071256176469,2.2169999999999986e-05,2.2378461538461544e-05,2.3045000000000004e-05
121,2.157e-05,1544054400,2.234e-05,2.157e-05,2.221e-05,101409.84829105,2.25370819,2.222e-05,0.8537991633333332,0.8027778392307674,1.3782149120588219,2.2009999999999987e-05,2.226615384615385e-05,2.2945588235294125e-05
122,2.146e-05,1544061600,2.166e-05,2.128e-05,2.157e-05,27310.2517062,0.58574228,2.144e-05,0.9982257966666666,0.5733399592307674,1.3045844108823512,2.1746666666666656e-05,2.2209230769230775e-05,2.2827058823529415e-05
123,2.104e-05,1544068800,2.145e-05,2.05e-05,2.145e-05,106203.9479235,2.20468933,2.075e-05,1.6813799333333332,0.6207103146153827,1.263251339411763,2.1356666666666658e-05,2.2113076923076927e-05,2.2707058823529416e-05
124,2.127e-05,1544076000,2.128e-05,2.102e-05,2.104e-05,29565.33539017,0.62687838,2.12e-05,1.13910333,0.6568282092307673,1.1685450188235276,2.125666666666666e-05,2.2028461538461542e-05,2.260529411764706e-05
125,2.081e-05,1544083200,2.127e-05,2.081e-05,2.127e-05,37227.11216148,0.78163411,2.099e-05,1.2044006066666668,0.6987823953846135,1.147575181176469,2.103999999999999e-05,2.1914615384615387e-05,2.250323529411765e-05
126,2.064e-05,1544090400,2.096e-05,2.062e-05,2.092e-05,47577.49195233,0.98886855,2.078e-05,0.7991270133333336,0.7435144646153826,1.0755625411764687,2.0906666666666657e-05,2.178769230769231e-05,2.242264705882353e-05
127,2.055e-05,1544097600,2.076e-05,2.055e-05,2.068e-05,127239.79731626,2.62498188,2.063e-05,1.4651615133333336,0.8835509692307671,1.1090006299999982,2.0666666666666653e-05,2.162615384615385e-05,2.2335000000000002e-05
128,2.018e-05,1544104800,2.077e-05,2e-05,2.056e-05,65525.42210304,1.32748411,2.025e-05,1.6471115133333338,0.9555181261538441,1.104646854117645,2.0456666666666653e-05,2.1442307692307694e-05,2.2253235294117647e-05
129,2.032e-05,1544112000,2.053e-05,2.006e-05,2.018e-05,54558.96340255,1.10465367,2.024e-05,1.6857065533333337,1.0324426715384594,1.1010637647058803,2.034999999999999e-05,2.127769230769231e-05,2.216558823529412e-05
130,2.019e-05,1544119200,2.039e-05,2.019e-05,2.033e-05,41148.6867516,0.83527175,2.029e-05,1.0891365100000006,1.0604103346153826,1.0302906149999977,2.022999999999999e-05,2.1118461538461543e-05,2.2056470588235297e-05
131,2.042e-05,1544126400,2.045e-05,2.015e-05,2.036e-05,10500.07698124,0.21320005,2.03e-05,0.7177084900000006,1.0657539692307672,0.9481546176470566,2.030999999999999e-05,2.0993076923076924e-05,2.1984117647058828e-05
132,2.003e-05,1544133600,2.046e-05,1.985e-05,2.046e-05,68498.89834173,1.3676923,1.996e-05,0.8053880333333338,1.1592331938461518,0.9665132847058802,2.0213333333333325e-05,2.082230769230769e-05,2.1904705882352945e-05
133,2.061e-05,1544140800,2.074e-05,1.97e-05,1.993e-05,171096.4051324,3.44410077,2.012e-05,1.674997706666667,1.4122234899999977,1.05117150470588,2.035333333333332e-05,2.0699230769230767e-05,2.184882352941177e-05
134,2.07e-05,1544148000,2.075e-05,2.059e-05,2.063e-05,8930.01244336,0.18452005,2.066e-05,1.665437706666667,1.2530551715384592,0.9915495785294096,2.0446666666666655e-05,2.0632307692307693e-05,2.1787647058823534e-05
135,2.051e-05,1544155200,2.078e-05,2e-05,2.063e-05,290740.897761,5.92323013,2.037e-05,3.183950316666667,1.6636311599999976,1.137090530882351,2.0606666666666653e-05,2.055923076923077e-05,2.1711764705882353e-05
136,1.982e-05,1544162400,2.052e-05,1.976e-05,2.052e-05,74654.99428395,1.50808783,2.02e-05,2.5386126699999996,1.6100464292307668,1.1317869497058803,2.034333333333332e-05,2.0465384615384613e-05,2.1621764705882355e-05
137,1.925e-05,1544169600,1.99e-05,1.922e-05,1.982e-05,62828.67758914,1.22351013,1.947e-05,2.8849426966666663,1.6559411792307668,1.1147460614705862,1.9859999999999986e-05,2.031e-05,2.1510000000000002e-05
138,1.906e-05,1544176800,1.933e-05,1.89e-05,1.919e-05,29997.29409525,0.57089522,1.903e-05,1.1008310599999998,1.639730495384613,1.1032453352941156,1.937666666666665e-05,2.0175384615384615e-05,2.1400588235294118e-05
139,1.903e-05,1544184000,1.914e-05,1.89e-05,1.914e-05,22706.26743069,0.43093879,1.897e-05,0.7417813799999996,1.5968128215384592,1.1086179655882331,1.9113333333333315e-05,2.005153846153846e-05,2.1297647058823527e-05
140,1.93e-05,1544191200,1.954e-05,1.91e-05,1.916e-05,84889.16712495,1.63555848,1.926e-05,0.8791308299999997,1.5207033292307668,1.1458113958823508,1.912999999999998e-05,1.9955384615384617e-05,2.1195e-05
141,1.906e-05,1544198400,1.953e-05,1.893e-05,1.932e-05,139959.14732412,2.70095512,1.929e-05,1.5891507966666667,1.626354945384613,1.2157529494117627,1.9129999999999985e-05,1.9869230769230767e-05,2.1080588235294118e-05
142,1.945e-05,1544205600,1.974e-05,1.905e-05,1.906e-05,81601.83413197,1.5794557,1.935e-05,1.9719897666666666,1.662878178461536,1.2440723688235273,1.9269999999999983e-05,1.9802307692307693e-05,2.0975294117647058e-05
143,1.952e-05,1544212800,1.962e-05,1.907e-05,1.958e-05,36678.19859818,0.70939463,1.934e-05,1.663268483333333,1.6531953230769205,1.1599829544117626,1.9343333333333318e-05,1.975076923076923e-05,2.0896470588235295e-05
144,1.942e-05,1544220000,1.96e-05,1.915e-05,1.953e-05,27619.21760683,0.53508224,1.937e-05,0.9413108566666666,1.677955491538459,1.1289890582352922,1.946333333333332e-05,1.9673846153846154e-05,2.081205882352941e-05
145,2.004e-05,1544227200,2.005e-05,1.953e-05,1.953e-05,36278.50408366,0.72123811,1.988e-05,0.6552383266666667,1.6282282461538435,1.145574127647057,1.9659999999999988e-05,1.9674615384615385e-05,2.074352941176471e-05
146,2.019e-05,1544234400,2.021e-05,1.986e-05,2.003e-05,35843.20515317,0.72037749,2.009e-05,0.6588992800000001,1.4187110707692283,1.1598137688235273,1.988333333333332e-05,1.964230769230769e-05,2.0681764705882354e-05
147,1.994e-05,1544241600,2.028e-05,1.994e-05,2.012e-05,17375.50901016,0.34973362,2.012e-05,0.5971164066666668,1.4314198069230744,1.158119120882351,2.0056666666666654e-05,1.958384615384615e-05,2.061264705882353e-05
148,1.991e-05,1544248800,2.046e-05,1.986e-05,1.996e-05,130764.10515092,2.65436528,2.029e-05,1.2414921300000001,1.1799686646153822,1.2125267079411746,2.001333333333332e-05,1.9537692307692303e-05,2.0532058823529414e-05
149,1.96e-05,1544256000,1.997e-05,1.942e-05,1.991e-05,20690.42633273,0.40633922,1.963e-05,1.1368127066666671,1.095218771538459,1.2129510652941156,1.9816666666666653e-05,1.9520769230769227e-05,2.0444705882352945e-05
150,1.909e-05,1544263200,1.955e-05,1.905e-05,1.955e-05,8554.24018603,0.16429906,1.92e-05,1.075001186666667,1.0137409969230744,1.2147059029411744,1.953333333333332e-05,1.9508461538461533e-05,2.0345588235294122e-05
151,1.909e-05,1544270400,1.928e-05,1.893e-05,1.923e-05,13656.03773319,0.26049235,1.907e-05,0.27704354333333364,0.9898638530769204,1.2084941447058801,1.9259999999999985e-05,1.9510769230769225e-05,2.025235294117648e-05
152,1.895e-05,1544277600,1.908e-05,1.88e-05,1.902e-05,15551.99571371,0.29399525,1.89e-05,0.23959555333333368,0.9793297346153819,1.2129136285294095,1.9043333333333318e-05,1.9504615384615378e-05,2.0161176470588243e-05
153,1.9e-05,1544284800,1.918e-05,1.889e-05,1.895e-05,51831.3305533,0.98763259,1.905e-05,0.5140400633333336,0.9294892815384588,1.2374774582352916,1.901333333333332e-05,1.9481538461538458e-05,2.0065588235294125e-05
154,1.912e-05,1544292000,1.916e-05,1.895e-05,1.915e-05,10398.6222055,0.19791843,1.903e-05,0.49318209000000035,0.736947997692305,1.2387330908823506,1.9023333333333318e-05,1.9486153846153844e-05,1.9974705882352945e-05
155,1.897e-05,1544299200,1.922e-05,1.893e-05,1.912e-05,8753.44358677,0.16711772,1.909e-05,0.45088958000000035,0.6283066146153818,1.1773627829411744,1.9029999999999986e-05,1.9449230769230764e-05,1.9898235294117654e-05
156,1.898e-05,1544306400,1.913e-05,1.892e-05,1.896e-05,23816.47493595,0.4525387,1.9e-05,0.2725249500000004,0.6085484661538434,1.1734450305882331,1.9023333333333318e-05,1.9407692307692303e-05,1.9825294117647064e-05
157,1.889e-05,1544313600,1.916e-05,1.889e-05,1.902e-05,17312.1133468,0.32901774,1.9e-05,0.3162247200000004,0.5926973507692279,1.1182782191176448,1.8946666666666652e-05,1.936692307692307e-05,1.976205882352942e-05
158,1.894e-05,1544320800,1.907e-05,1.894e-05,1.902e-05,490.4021635,0.00931954,1.9e-05,0.26362532666666705,0.537934383846151,1.1001147238235272,1.893666666666665e-05,1.9282307692307688e-05,1.9693529411764715e-05
159,1.877e-05,1544328000,1.897e-05,1.877e-05,1.89e-05,23194.83895028,0.43597118,1.879e-05,0.25810282000000034,0.5160569753846126,1.0899481670588214,1.886666666666665e-05,1.9173076923076915e-05,1.9633529411764712e-05
160,1.879e-05,1544335200,1.888e-05,1.869e-05,1.882e-05,28863.11966119,0.54055122,1.872e-05,0.3286139800000003,0.5307352523076895,1.0767623632352918,1.8833333333333318e-05,1.908461538461538e-05,1.9579117647058826e-05
161,1.885e-05,1544342400,1.888e-05,1.883e-05,1.883e-05,16279.42868497,0.30674274,1.884e-05,0.427755046666667,0.3501489030769203,1.0085788591176448,1.8803333333333313e-05,1.9003076923076918e-05,1.9529117647058828e-05
162,1.875e-05,1544349600,1.891e-05,1.874e-05,1.887e-05,8464.03469945,0.15946679,1.884e-05,0.335586916666667,0.3311587161538434,0.9742254085294095,1.8796666666666645e-05,1.8937692307692302e-05,1.9487058823529416e-05
163,1.885e-05,1544356800,1.888e-05,1.871e-05,1.876e-05,15496.29150941,0.29022816,1.872e-05,0.25214589666666704,0.3408455699999972,0.9502717170588213,1.8816666666666645e-05,1.8919230769230764e-05,1.9443823529411772e-05
164,1.884e-05,1544364000,1.901e-05,1.878e-05,1.888e-05,29479.87872278,0.55456821,1.881e-05,0.33475438666666707,0.3634667899999972,0.9420157305882332,1.8813333333333315e-05,1.8899999999999995e-05,1.9404117647058832e-05
165,1.894e-05,1544371200,1.903e-05,1.879e-05,1.893e-05,45626.30390413,0.86383512,1.893e-05,0.5695438300000004,0.4073006261538434,0.9611520561764685,1.887666666666665e-05,1.8899230769230768e-05,1.936058823529412e-05
166,1.95e-05,1544378400,1.977e-05,1.884e-05,1.894e-05,82426.04835699,1.58980105,1.928e-05,1.0027347933333337,0.4536212769230742,0.967684666470586,1.909333333333332e-05,1.8937692307692306e-05,1.9345000000000005e-05
167,1.906e-05,1544385600,1.951e-05,1.906e-05,1.951e-05,50078.65935153,0.96326077,1.923e-05,1.1389656466666669,0.5124937646153819,0.8947187841176448,1.916666666666665e-05,1.893307692307692e-05,1.9299411764705885e-05
168,1.885e-05,1544392800,1.923e-05,1.885e-05,1.923e-05,13150.5270919,0.24930165,1.895e-05,0.934121156666667,0.5188156053846126,0.8966241252941154,1.9136666666666646e-05,1.892384615384615e-05,1.9245000000000006e-05
169,1.923e-05,1544400000,1.934e-05,1.899e-05,1.899e-05,9834.67901423,0.18871487,1.918e-05,0.46709243000000034,0.4985214646153819,0.7279619117647036,1.9046666666666648e-05,1.8943076923076922e-05,1.9207352941176475e-05
170,1.929e-05,1544407200,1.929e-05,1.923e-05,1.923e-05,1216.83356774,0.02344074,1.926e-05,0.15381908666666702,0.47501554153845876,0.6842958208823506,1.9123333333333317e-05,1.8973846153846154e-05,1.9191764705882357e-05
171,1.93e-05,1544414400,1.95e-05,1.927e-05,1.929e-05,17468.97056099,0.33817407,1.935e-05,0.18344322666666701,0.500312043846151,0.6582565249999978,1.927333333333332e-05,1.900153846153846e-05,1.9193235294117653e-05
172,1.916e-05,1544421600,1.93e-05,1.897e-05,1.93e-05,10621.76686881,0.20340065,1.914e-05,0.188338486666667,0.4824220030769203,0.6474478611764682,1.9249999999999983e-05,1.903153846153846e-05,1.919617647058824e-05
173,1.953e-05,1544428800,1.963e-05,1.915e-05,1.916e-05,24647.61436,0.47927306,1.944e-05,0.3402825933333336,0.4777082984615356,0.6488694573529389,1.9329999999999983e-05,1.908846153846154e-05,1.9210882352941184e-05
174,1.956e-05,1544436000,1.966e-05,1.929e-05,1.95e-05,30590.80332252,0.59609391,1.948e-05,0.42625587333333365,0.499966080769228,0.6182969699999977,1.941666666666665e-05,1.9143076923076927e-05,1.9218529411764713e-05
175,2.001e-05,1544443200,2.005e-05,1.934e-05,1.941e-05,87584.06006694,1.7147287,1.957e-05,0.9300318900000004,0.6196016123076895,0.589290310588233,1.969999999999998e-05,1.9240000000000006e-05,1.92464705882353e-05
176,1.976e-05,1544450400,2.045e-05,1.956e-05,2.009e-05,195532.87133222,3.91793461,2.003e-05,2.076252406666667,0.8986559546153818,0.6580691020588212,1.977666666666665e-05,1.9310000000000007e-05,1.9255588235294124e-05
177,1.98e-05,1544457600,1.99e-05,1.959e-05,1.971e-05,46031.3987568,0.9107849,1.978e-05,2.181149403333334,0.9260572384615356,0.6639923452941153,1.9856666666666652e-05,1.938384615384616e-05,1.9263823529411773e-05
178,1.944e-05,1544464800,1.981e-05,1.944e-05,1.981e-05,5465.34032867,0.10692673,1.956e-05,1.6452154133333334,0.8678335161538434,0.6513995361764683,1.9666666666666656e-05,1.9422307692307696e-05,1.926441176470589e-05
179,1.941e-05,1544472000,1.996e-05,1.92e-05,1.95e-05,481881.07751803,9.4217479,1.955e-05,3.4798198433333334,1.4702909661538435,0.907296882941174,1.9549999999999987e-05,1.9415384615384622e-05,1.9245882352941183e-05
180,1.943e-05,1544479200,1.979e-05,1.911e-05,1.939e-05,162452.30424777,3.14857662,1.938e-05,4.225750416666667,1.6383921853846126,0.9787145044117624,1.942666666666665e-05,1.944384615384616e-05,1.922352941176471e-05
181,1.905e-05,1544486400,1.965e-05,1.904e-05,1.933e-05,135123.87110502,2.60769145,1.929e-05,5.059338656666667,1.8198067853846127,1.045125028823527,1.929666666666665e-05,1.9459230769230776e-05,1.9197352941176474e-05
182,1.9e-05,1544493600,1.971e-05,1.899e-05,1.905e-05,312334.11899512,5.99175108,1.918e-05,3.9160063833333347,2.2661941861538435,1.14328343470588,1.9159999999999983e-05,1.9441538461538465e-05,1.917058823529412e-05
183,1.951e-05,1544500800,1.96e-05,1.909e-05,1.915e-05,131794.70681508,2.5553216,1.938e-05,3.7182547100000014,2.46095425230769,1.2064887988235269,1.9186666666666654e-05,1.945846153846154e-05,1.9167941176470592e-05
184,1.935e-05,1544508000,1.948e-05,1.921e-05,1.932e-05,11217.80561382,0.2168592,1.933e-05,2.9213106266666684,2.4516223392307666,1.2080346852941153,1.928666666666665e-05,1.94623076923077e-05,1.917558823529412e-05
185,1.937e-05,1544515200,1.949e-05,1.934e-05,1.937e-05,87743.04970687,1.698048,1.935e-05,1.4900762666666683,2.5665952123076896,1.2503157338235271,1.9409999999999982e-05,1.9478461538461545e-05,1.9183823529411767e-05
186,1.939e-05,1544522400,1.955e-05,1.919e-05,1.949e-05,31008.17458565,0.60015497,1.935e-05,0.8383540566666682,2.5758938207692283,1.259320431470586,1.9369999999999982e-05,1.946769230769231e-05,1.9196764705882354e-05
187,1.916e-05,1544529600,1.939e-05,1.906e-05,1.939e-05,45718.12992724,0.87275827,1.908e-05,1.0569870800000014,2.597175694615382,1.2559417749999977,1.930666666666665e-05,1.943692307692308e-05,1.9201470588235295e-05
188,1.908e-05,1544536800,1.92e-05,1.908e-05,1.916e-05,59231.74750831,1.13638902,1.918e-05,0.8697674200000014,2.5526880269230743,1.2835438511764683,1.9209999999999984e-05,1.9365384615384617e-05,1.9200294117647062e-05
189,1.91e-05,1544544000,1.934e-05,1.908e-05,1.917e-05,188655.88279436,3.63395652,1.926e-05,1.8810346033333347,2.5308435584615356,1.3855096982352917,1.9113333333333315e-05,1.9314615384615382e-05,1.9204117647058827e-05
190,1.914e-05,1544551200,1.931e-05,1.911e-05,1.925e-05,4004.31536541,0.07669585,1.915e-05,1.6156804633333346,2.4666828623076893,1.3744554967647036,1.9106666666666647e-05,1.9263846153846153e-05,1.9208823529411765e-05
191,1.926e-05,1544558400,1.931e-05,1.915e-05,1.919e-05,21012.8173614,0.40480463,1.926e-05,1.3718190000000012,2.489596546923074,1.3766845229411742,1.916666666666665e-05,1.925e-05,1.921970588235294e-05
192,1.912e-05,1544565600,1.92e-05,1.903e-05,1.915e-05,6405.05449484,0.12235892,1.91e-05,0.2012864666666679,1.7742589330769205,1.3800092105882331,1.9173333333333318e-05,1.922769230769231e-05,1.9225e-05
193,1.916e-05,1544572800,1.921e-05,1.897e-05,1.913e-05,21569.81680583,0.41212071,1.91e-05,0.31309475333333453,1.563762324615382,1.3793077261764686,1.9179999999999986e-05,1.9206923076923077e-05,1.9236470588235294e-05
194,1.9e-05,1544580000,1.92e-05,1.9e-05,1.917e-05,11724.55223166,0.22287803,1.9e-05,0.25245255333333455,1.3803151384615358,1.3699643970588213,1.909333333333332e-05,1.9203076923076926e-05,1.924264705882353e-05
195,1.917e-05,1544587200,1.922e-05,1.905e-05,1.905e-05,174.27908316,0.00333617,1.914e-05,0.21277830333333456,0.9196678376923051,1.3610406744117627,1.9109999999999988e-05,1.921615384615385e-05,1.9252058823529413e-05
196,1.914e-05,1544594400,1.917e-05,1.897e-05,1.917e-05,10121.58600964,0.19211363,1.898e-05,0.13944261000000122,0.7378826092307664,1.3620008755882331,1.910333333333332e-05,1.9187692307692315e-05,1.9263529411764707e-05
197,1.908e-05,1544601600,1.914e-05,1.897e-05,1.9e-05,6030.21002507,0.11511713,1.909e-05,0.10352231000000121,0.7300562961538434,1.3568505511764686,1.9129999999999988e-05,1.916692307692308e-05,1.9270294117647057e-05
198,1.904e-05,1544608800,1.909e-05,1.901e-05,1.908e-05,753.7678019,0.0143794,1.907e-05,0.10720338666666786,0.6005433269230741,1.340962644999998,1.9086666666666658e-05,1.9141538461538465e-05,1.9276176470588234e-05
199,1.901e-05,1544616000,1.909e-05,1.894e-05,1.908e-05,2405.36849639,0.04573495,1.901e-05,0.05841049333333453,0.5578956330769202,1.3169008752941158,1.9043333333333324e-05,1.91123076923077e-05,1.9278235294117646e-05
200,1.894e-05,1544623200,1.914e-05,1.879e-05,1.9e-05,17710.32291026,0.33522541,1.892e-05,0.1317799200000012,0.5165469515384586,1.280001591764704,1.899666666666666e-05,1.9095384615384625e-05,1.926176470588235e-05
201,1.905e-05,1544630400,1.915e-05,1.898e-05,1.907e-05,26389.10779675,0.50450718,1.911e-05,0.2951558466666679,0.4679406561538432,1.2665088391176453,1.8999999999999994e-05,1.9093076923076932e-05,1.926147058823529e-05
202,1.914e-05,1544637600,1.915e-05,1.903e-05,1.905e-05,2785.64394097,0.05321496,1.91e-05,0.2976491833333345,0.1924989976923048,1.26074158352941,1.904333333333333e-05,1.909615384615386e-05,1.9269999999999993e-05
203,1.892e-05,1544644800,1.904e-05,1.891e-05,1.904e-05,6389.9032095,0.12140152,1.899e-05,0.22637455333333448,0.19593789538461248,1.2587617791176453,1.9036666666666663e-05,1.9079230769230783e-05,1.926088235294117e-05
204,1.888e-05,1544652000,1.903e-05,1.888e-05,1.892e-05,34860.61060946,0.65853843,1.889e-05,0.2777183033333344,0.2154558799999971,1.2774411229411748,1.8979999999999994e-05,1.905000000000001e-05,1.9248823529411757e-05
205,1.889e-05,1544659200,1.903e-05,1.888e-05,1.901e-05,3333.16272415,0.06319385,1.895e-05,0.2810446000000011,0.2109047207692279,1.269353469411763,1.889666666666666e-05,1.90323076923077e-05,1.9236764705882347e-05
206,1.889e-05,1544666400,1.889e-05,1.888e-05,1.889e-05,2013.74492657,0.03802838,1.888e-05,0.2532535533333344,0.18212838769230483,1.2644895791176454,1.8886666666666663e-05,1.9011538461538468e-05,1.922882352941176e-05
207,1.891e-05,1544673600,1.895e-05,1.886e-05,1.889e-05,992.9530769,0.01877601,1.89e-05,0.03999941333333438,0.16642823230768944,1.2509455482352925,1.889666666666666e-05,1.9004615384615393e-05,1.9210588235294114e-05
208,1.894e-05,1544680800,1.895e-05,1.881e-05,1.888e-05,962.93471574,0.01815451,1.885e-05,0.024986300000001054,0.16756810461538174,1.2339473305882338,1.891333333333333e-05,1.8986923076923086e-05,1.9192352941176466e-05
209,1.896e-05,1544688000,1.906e-05,1.887e-05,1.887e-05,987.62633324,0.01873157,1.896e-05,0.018554030000001054,0.1542310230769202,1.184065062058822,1.8936666666666664e-05,1.8973076923076933e-05,1.9161470588235292e-05
210,1.899e-05,1544695200,1.903e-05,1.893e-05,1.903e-05,286.98627486,0.00544371,1.896e-05,0.014109930000001053,0.1457946061538433,1.068991800294116,1.8963333333333332e-05,1.8966153846153855e-05,1.9138823529411764e-05
211,1.89e-05,1544702400,1.906e-05,1.889e-05,1.899e-05,6828.08370439,0.12947368,1.896e-05,0.05121632000000106,0.15464801230768943,1.04601205852941,1.895e-05,1.8955384615384626e-05,1.9112352941176467e-05
212,1.889e-05,1544709600,1.906e-05,1.889e-05,1.906e-05,10440.10173406,0.19898463,1.905e-05,0.11130067333333439,0.16643644923076636,1.0487196438235276,1.8926666666666666e-05,1.8946153846153852e-05,1.9096176470588232e-05
213,1.886e-05,1544716800,1.913e-05,1.886e-05,1.905e-05,6619.25838417,0.12613718,1.905e-05,0.15153183000000106,0.15035273923076636,0.77531932852941,1.8883333333333333e-05,1.8940000000000005e-05,1.9079999999999997e-05
214,1.885e-05,1544724000,1.89e-05,1.884e-05,1.886e-05,13377.80689414,0.25226059,1.885e-05,0.19246080000000107,0.13094915538461252,0.6901335629411747,1.886666666666667e-05,1.892461538461539e-05,1.9062941176470586e-05
215,1.859e-05,1544731200,1.919e-05,1.85e-05,1.885e-05,61372.20450342,1.14959905,1.873e-05,0.5093322733333344,0.2152863930769202,0.6472484923529392,1.8766666666666668e-05,1.8882307692307698e-05,1.9049411764705883e-05
216,1.857e-05,1544738400,1.859e-05,1.841e-05,1.855e-05,13609.92746294,0.25156489,1.848e-05,0.5511415100000011,0.22529895999999713,0.478419486764704,1.867e-05,1.8855384615384617e-05,1.9036764705882352e-05
217,1.84e-05,1544745600,1.883e-05,1.828e-05,1.852e-05,87149.77491805,1.6109928,1.848e-05,1.0040522466666677,0.2985646807692279,0.45064511029411575,1.8519999999999995e-05,1.8818461538461544e-05,1.9004117647058822e-05
218,1.824e-05,1544752800,1.842e-05,1.822e-05,1.837e-05,5145.58573884,0.09394364,1.825e-05,0.652167110000001,0.3009300492307663,0.447029946764704,1.840333333333333e-05,1.8768461538461543e-05,1.8971470588235292e-05
219,1.815e-05,1544760000,1.827e-05,1.81e-05,1.822e-05,7603.61440787,0.13803163,1.815e-05,0.6143226900000011,0.3086226069230741,0.40114711235293926,1.826333333333333e-05,1.8711538461538467e-05,1.8935588235294114e-05
220,1.807e-05,1544767200,1.812e-05,1.806e-05,1.812e-05,11555.14205327,0.20884827,1.807e-05,0.14694118000000098,0.32324354999999716,0.389638091764704,1.815333333333333e-05,1.8646923076923083e-05,1.889676470588235e-05
221,1.824e-05,1544774400,1.824e-05,1.804e-05,1.807e-05,36842.93463181,0.66611267,1.807e-05,0.337664190000001,0.3730864853846126,0.3835602799999981,1.815333333333333e-05,1.8593076923076927e-05,1.886970588235294e-05
222,1.829e-05,1544781600,1.831e-05,1.81e-05,1.829e-05,5088.61607444,0.0930263,1.828e-05,0.3226624133333343,0.37880146461538183,0.35287314117646873,1.82e-05,1.8541538461538467e-05,1.8846470588235293e-05
223,1.811e-05,1544788800,1.831e-05,1.811e-05,1.819e-05,8811.39583068,0.16034802,1.819e-05,0.3064956633333343,0.39071718076922796,0.2507081852941158,1.8213333333333334e-05,1.847384615384616e-05,1.881735294117647e-05
224,1.825e-05,1544796000,1.831e-05,1.812e-05,1.827e-05,3231.64076844,0.05870325,1.816e-05,0.10402585666666764,0.38527330153845873,0.25017899117646875,1.8216666666666668e-05,1.842384615384616e-05,1.8791176470588237e-05
225,1.798e-05,1544803200,1.828e-05,1.782e-05,1.82e-05,25726.91551813,0.46216727,1.796e-05,0.22707284666666763,0.4055181199999972,0.251866127647057,1.811333333333333e-05,1.835384615384616e-05,1.875352941176471e-05
226,1.801e-05,1544810400,1.811e-05,1.798e-05,1.798e-05,2210.0997613,0.03991476,1.806e-05,0.18692842666666765,0.3988856261538434,0.2494412994117629,1.808e-05,1.8288461538461548e-05,1.8720882352941183e-05
227,1.769e-05,1544817600,1.8e-05,1.763e-05,1.788e-05,73740.36893585,1.31241349,1.779e-05,0.6048318400000009,0.4804358492307665,0.27592049882352765,1.7893333333333334e-05,1.8199230769230778e-05,1.8677647058823532e-05
228,1.75e-05,1544824800,1.772e-05,1.75e-05,1.766e-05,45752.99208528,0.80322188,1.755e-05,0.7185167100000008,0.4537914515384588,0.29298943558823354,1.7733333333333335e-05,1.8115384615384624e-05,1.863352941176471e-05
229,1.734e-05,1544832000,1.768e-05,1.734e-05,1.758e-05,38002.82868089,0.6640288,1.747e-05,0.9265547233333343,0.4855194446153818,0.3124215717647041,1.7510000000000003e-05,1.8020769230769238e-05,1.8579705882352945e-05
230,1.741e-05,1544839200,1.742e-05,1.728e-05,1.74e-05,28408.87489058,0.49394074,1.738e-05,0.6537304733333343,0.3995923630769203,0.3212988397058806,1.741666666666667e-05,1.7944615384615393e-05,1.852882352941177e-05
231,1.728e-05,1544846400,1.736e-05,1.728e-05,1.736e-05,7355.6126922,0.12769059,1.735e-05,0.4285533766666676,0.40218828230768955,0.32166864735293943,1.7343333333333337e-05,1.7870769230769238e-05,1.8475882352941185e-05
232,1.727e-05,1544853600,1.739e-05,1.725e-05,1.729e-05,1608.80241438,0.02788759,1.733e-05,0.2165063066666676,0.39371566384615103,0.3220659470588218,1.732e-05,1.780307692307693e-05,1.8423823529411775e-05
233,1.72e-05,1544860800,1.726e-05,1.72e-05,1.724e-05,57601.41370745,0.99100199,1.72e-05,0.38219339000000097,0.4538813346153818,0.3498679188235277,1.7250000000000003e-05,1.7736153846153855e-05,1.837058823529413e-05
234,1.731e-05,1544868000,1.733e-05,1.715e-05,1.716e-05,21359.71220568,0.36940886,1.729e-05,0.46276614666666765,0.4310579646153819,0.350873314411763,1.7260000000000004e-05,1.7664615384615396e-05,1.832264705882354e-05
235,1.718e-05,1544875200,1.738e-05,1.714e-05,1.73e-05,16451.33468438,0.28417976,1.727e-05,0.548196870000001,0.4457620769230741,0.3443930961764689,1.7230000000000006e-05,1.757923076923078e-05,1.826764705882354e-05
236,1.742e-05,1544882400,1.742e-05,1.718e-05,1.726e-05,13706.28547683,0.23789525,1.735e-05,0.29716129000000097,0.4517272484615357,0.349824869411763,1.730333333333334e-05,1.752615384615386e-05,1.8217058823529423e-05
237,1.74e-05,1544889600,1.741e-05,1.725e-05,1.741e-05,8360.81244072,0.1449263,1.733e-05,0.22233377000000099,0.458359790769228,0.35051677470588066,1.7333333333333342e-05,1.746076923076924e-05,1.8172352941176483e-05
238,1.718e-05,1544896800,1.726e-05,1.711e-05,1.726e-05,9393.32654533,0.16128856,1.717e-05,0.18137003666666765,0.43521527461538184,0.33589177852941005,1.7333333333333346e-05,1.739923076923078e-05,1.8122352941176485e-05
239,1.719e-05,1544904000,1.723e-05,1.71e-05,1.718e-05,11097.20058109,0.190539,1.717e-05,0.165584620000001,0.44680175461538185,0.33963722411764535,1.7256666666666677e-05,1.7336153846153856e-05,1.8072352941176484e-05
240,1.712e-05,1544911200,1.721e-05,1.712e-05,1.717e-05,2263.00033642,0.03888426,1.718e-05,0.13023727333333432,0.3488379676923049,0.3396623970588218,1.7163333333333342e-05,1.72923076923077e-05,1.8020294117647074e-05
241,1.727e-05,1544918400,1.727e-05,1.716e-05,1.719e-05,1922.14965775,0.03308708,1.721e-05,0.08750344666666765,0.2895968292307664,0.3400833108823512,1.719333333333334e-05,1.7274615384615394e-05,1.7972058823529425e-05
242,1.752e-05,1544925600,1.754e-05,1.718e-05,1.718e-05,9155.18029256,0.15904716,1.737e-05,0.07700616666666764,0.2507520876923049,0.3442272123529394,1.730333333333334e-05,1.728846153846155e-05,1.7930294117647076e-05
243,1.748e-05,1544932800,1.757e-05,1.723e-05,1.733e-05,103956.75689063,1.80729339,1.738e-05,0.6664758766666677,0.35177921461538175,0.39683197176470414,1.7423333333333343e-05,1.7293846153846163e-05,1.7886764705882365e-05
244,1.742e-05,1544940000,1.754e-05,1.723e-05,1.743e-05,6791.92839411,0.11735607,1.727e-05,0.694565540000001,0.35098425153845864,0.4001235117647041,1.7473333333333338e-05,1.7304615384615396e-05,1.7840588235294132e-05
245,1.747e-05,1544947200,1.759e-05,1.733e-05,1.742e-05,34464.57607082,0.6010009,1.743e-05,0.8418834533333343,0.3950698907692279,0.413991959411763,1.7456666666666675e-05,1.732000000000001e-05,1.779852941176472e-05
246,1.721e-05,1544954400,1.752e-05,1.721e-05,1.74e-05,43022.62514191,0.7507989,1.745e-05,0.4897186233333342,0.37659272999999716,0.4302217908823512,1.7366666666666674e-05,1.732076923076924e-05,1.774911764705884e-05
247,1.739e-05,1544961600,1.742e-05,1.728e-05,1.735e-05,55274.50230997,0.95971214,1.736e-05,0.7705039800000009,0.4220006746153817,0.4547387014705865,1.7356666666666673e-05,1.732692307692309e-05,1.7705882352941194e-05
248,1.725e-05,1544968800,1.737e-05,1.725e-05,1.725e-05,7463.72505311,0.12959577,1.736e-05,0.6133689366666676,0.4101095984615356,0.45113091264705707,1.728333333333334e-05,1.7332307692307705e-05,1.7658823529411778e-05
249,1.739e-05,1544976000,1.739e-05,1.726e-05,1.738e-05,6975.64676206,0.12118236,1.737e-05,0.40349675666666746,0.40113168384615094,0.42088336294117473,1.734333333333334e-05,1.7330000000000012e-05,1.7623529411764722e-05
250,1.738e-05,1544983200,1.739e-05,1.725e-05,1.739e-05,1376.95512817,0.02386794,1.733e-05,0.09154869000000077,0.39181950230768936,0.41418639382352773,1.734000000000001e-05,1.732846153846155e-05,1.7588529411764724e-05
251,1.732e-05,1544990400,1.733e-05,1.732e-05,1.733e-05,2696.79791129,0.04673534,1.732e-05,0.06392854666666743,0.3830077161538432,0.36817882147058656,1.736333333333334e-05,1.7339230769230783e-05,1.755676470588237e-05
