,close,date,high,low,open,quoteVolume,volume,weightedAverage,avg_vol_3,avg_vol_13,avg_vol_34,avg_close_3,avg_close_13,avg_close_34
0,0.00191697,1543168800,0.0019605,0.00191697,0.00194201,1130.08336043,2.18986936,0.00193779,-99999.0,-99999.0,-99999.0,-99999.0,-99999.0,-99999.0
1,0.00197268,1543176000,0.00198493,0.00192616,0.00194716,729.46451047,1.43905444,0.00197275,-99999.0,-99999.0,-99999.0,-99999.0,-99999.0,-99999.0
2,0.00198732,1543183200,0.00200009,0.00193976,0.00194186,1111.42747216,2.17526582,0.00195718,1.9347298733333333,-99999.0,-99999.0,0.0019589900000000003,-99999.0,-99999.0
3,0.00201062,1543190400,0.00201063,0.00195979,0.00199168,579.14016123,1.1481205,0.00198245,1.5874802533333334,-99999.0,-99999.0,0.0019902066666666663,-99999.0,-99999.0
4,0.00200667,1543197600,0.00200735,0.00199,0.00200726,40.79634264,0.08186679,0.00200671,1.1350843700000002,-99999.0,-99999.0,0.0020015366666666667,-99999.0,-99999.0
5,0.00211839,1543204800,0.00213364,0.00201008,0.00201008,2442.67842185,5.0401416,0.00206336,2.0900429633333335,-99999.0,-99999.0,0.0020452266666666666,-99999.0,-99999.0
6,0.00210569,1543212000,0.00212942,0.0021,0.0021,101.28248643,0.21556083,0.00212831,1.7791897400000003,-99999.0,-99999.0,0.0020769166666666666,-99999.0,-99999.0
7,0.00209992,1543219200,0.00213292,0.00209782,0.002101,286.73004785,0.60590553,0.00211315,1.9538693200000001,-99999.0,-99999.0,0.002108,-99999.0,-99999.0
8,0.00214333,1543226400,0.0021478,0.00209992,0.00209992,58.97623963,0.12581676,0.00213334,0.3157610400000002,-99999.0,-99999.0,0.0021163133333333335,-99999.0,-99999.0
9,0.00205859,1543233600,0.00215562,0.00204137,0.00210891,6543.81332075,13.68399539,0.00209113,4.805239226666667,-99999.0,-99999.0,0.002100613333333333,-99999.0,-99999.0
10,0.00204301,1543240800,0.00205861,0.00202,0.00204564,641.93182917,1.30925808,0.00203955,5.039690076666667,-99999.0,-99999.0,0.002081643333333333,-99999.0,-99999.0
11,0.00206021,1543248000,0.00206022,0.00198618,0.00204334,1602.48682005,3.23259299,0.00201723,6.075282153333334,-99999.0,-99999.0,0.002053936666666666,-99999.0,-99999.0
12,0.00202245,1543255200,0.00204458,0.00202245,0.00204458,267.6678245,0.54444628,0.00203403,1.6954324500000009,2.445530336153846,-99999.0,0.0020418899999999998,0.0020419884615384613,-99999.0
13,0.00203874,1543262400,0.00204552,0.00201351,0.00202346,431.521415,0.87146096,0.0020195,1.5495000766666676,2.344114305384615,-99999.0,0.002040466666666666,0.002051355384615384,-99999.0
14,0.00202201,1543269600,0.00203764,0.00202001,0.00202001,247.75717221,0.50096586,0.002022,0.6389577000000007,2.271953645384615,-99999.0,0.002027733333333333,0.0020551499999999995,-99999.0
15,0.00203566,1543276800,0.00203566,0.00201588,0.00203088,69.71452868,0.14185691,0.00203482,0.5047612433333342,2.1155375753846153,-99999.0,0.0020321366666666662,0.0020588684615384613,-99999.0
16,0.00202304,1543284000,0.0020235,0.002,0.00201587,84.8176789,0.17060004,0.00201137,0.27114093666666755,2.0403436938461534,-99999.0,0.0020269033333333328,0.002059823846153846,-99999.0
17,0.00202526,1543291200,0.00202526,0.00202526,0.00202526,0.12987961,0.00026303,0.00202526,0.10423999333333422,2.0340664815384613,-99999.0,0.0020279866666666666,0.002061253846153846,-99999.0
18,0.00202308,1543298400,0.00203297,0.00200155,0.00202897,64.80409555,0.13131837,0.00202639,0.10072714666666756,1.6564646946153845,-99999.0,0.002023793333333333,0.0020539223076923075,-99999.0
19,0.00202255,1543305600,0.00202258,0.00200155,0.00200155,16.10308698,0.03225046,0.00200275,0.05461062000000089,1.6423638969230767,-99999.0,0.00202363,0.002047526923076923,-99999.0
20,0.00202985,1543312800,0.00203567,0.00200315,0.0020251,197.65482827,0.3992994,0.00202018,0.1876227433333342,1.6264711176923075,-99999.0,0.0020251599999999994,0.002042136923076923,-99999.0
21,0.00202401,1543320000,0.00203564,0.00201,0.00201139,468.56572659,0.94625849,0.00201947,0.4592694500000008,1.6895820199999998,-99999.0,0.0020254699999999997,0.0020329584615384616,-99999.0
22,0.00201359,1543327200,0.00203391,0.00201359,0.002024,172.49075679,0.34913314,0.00202406,0.5648970100000008,0.6638233853846152,-99999.0,0.0020224833333333334,0.002029496923076923,-99999.0
23,0.00202303,1543334400,0.00202303,0.00200236,0.00201358,209.32050167,0.41949361,0.00200407,0.5716284133333341,0.5953799646153844,-99999.0,0.00202021,0.0020279599999999997,-99999.0
24,0.00202081,1543341600,0.00202303,0.00200328,0.00202303,44.63379079,0.08974669,0.00201073,0.28612448000000085,0.35362255692307676,-99999.0,0.0020191433333333337,0.002024929230769231,-99999.0
25,0.00201661,1543348800,0.00202187,0.00200236,0.00200333,104.36621164,0.20909658,0.00200348,0.2394456266666675,0.327826426153846,-99999.0,0.0020201500000000005,0.00202448,-99999.0
26,0.00203539,1543356000,0.00203563,0.00201332,0.0020233,252.12630894,0.50970847,0.00202163,0.26951724666666754,0.2999993115384613,-99999.0,0.0020242700000000003,0.002024222307692308,-99999.0
27,0.00203497,1543363200,0.00204848,0.00201313,0.00203564,113.97078166,0.23048375,0.0020223,0.3164296000000008,0.2791929953846152,-99999.0,0.002028990000000001,0.002025219230769231,-99999.0
28,0.00200628,1543370400,0.00205645,0.00199843,0.00203544,1142.39413785,2.33408821,0.00204315,1.024760143333334,0.44782617230769206,-99999.0,0.0020255466666666676,0.0020229592307692305,-99999.0
29,0.00199627,1543377600,0.00202162,0.00199214,0.00200627,347.45266713,0.69456996,0.00199903,1.0863806400000007,0.48813155076923054,-99999.0,0.0020125066666666675,0.0020209,-99999.0
30,0.00200192,1543384800,0.00200946,0.00200044,0.00200797,9.43565437,0.01893005,0.00200622,1.0158627400000007,0.4895674753846151,-99999.0,0.0020014900000000003,0.002019104615384615,-99999.0
31,0.00199845,1543392000,0.00201012,0.00199845,0.00200067,123.79182411,0.24767683,0.00200075,0.3203922800000007,0.4985181261538459,-99999.0,0.0019988800000000006,0.0020172099999999997,-99999.0
32,0.00199744,1543399200,0.00202161,0.00199727,0.00199845,165.73983558,0.33318635,0.00201029,0.19993107666666735,0.5216670407692304,-99999.0,0.001999270000000001,0.002015278461538461,-99999.0
33,0.00199723,1543406400,0.00201482,0.00199491,0.00201482,121.27373393,0.24266114,0.00200093,0.2745081066666673,0.5096179438461536,1.1960277255882352,0.0019977066666666673,0.0020127692307692303,0.0020274129411764707
34,0.00205598,1543413600,0.00207,0.00199494,0.00201225,685.31155297,1.39899976,0.0020414,0.6582824166666673,0.5444441953846151,1.1727668549999999,0.0020168833333333337,0.002015228461538461,0.0020315014705882353
35,0.00204391,1543420800,0.00205754,0.00204274,0.00205754,91.0379957,0.18604275,0.00204357,0.6092345500000006,0.5318987807692305,1.1359135699999998,0.0020323733333333337,0.0020175607692307688,0.002033596470588235
36,0.00204371,1543428000,0.00204391,0.00204292,0.0020439,20.22612416,0.04133813,0.00204379,0.5421268800000006,0.5028098976923074,1.0731509908823527,0.0020478666666666674,0.0020191515384615382,0.0020352549999999997
37,0.00204473,1543435200,0.00207065,0.00204257,0.00206316,160.81853519,0.33033238,0.00205406,0.18590442000000063,0.5213164892307689,1.049098399117647,0.002044116666666667,0.002020991538461538,0.002036258235294117
38,0.00203362,1543442400,0.00205531,0.00201648,0.00205474,101.48237693,0.20662433,0.00203606,0.1927649466666673,0.5211263161538459,1.0527677385294116,0.0020406866666666675,0.0020223,0.0020370508823529406
39,0.00204908,1543449600,0.00204925,0.00203664,0.00203664,55.44999425,0.11347814,0.00204649,0.2168116166666673,0.49064705999999975,0.9078658720588234,0.0020424766666666673,0.0020233530769230767,0.0020350123529411755
40,0.00202413,1543456800,0.00205313,0.00202329,0.00204754,258.50213234,0.52878075,0.00204555,0.2829610733333339,0.5135929830769228,0.9170782226470586,0.0020356100000000006,0.0020225192307692305,0.002032613529411764
41,0.0020281,1543464000,0.00205042,0.00201943,0.00203,22.88726591,0.04636368,0.00202574,0.22954085666666726,0.3376141730769228,0.9006211094117644,0.0020337700000000007,0.0020241976923076922,0.002030501176470588
42,0.0020259,1543471200,0.00202811,0.00200551,0.00202811,194.37695281,0.39092682,0.00201117,0.32202375000000055,0.3142570084615382,0.9084184641176468,0.0020260433333333344,0.0020264769230769228,0.002027047352941176
43,0.00202892,1543478400,0.00202892,0.002011,0.0020177,34.86097703,0.07037592,0.00201875,0.16922214000000058,0.3182143830769228,0.508017891470588,0.002027640000000001,0.002028553846153846,0.0020261747058823525
44,0.002011,1543485600,0.00202887,0.002011,0.00201737,66.22832326,0.13323286,0.00201172,0.1981785333333339,0.3094110007692305,0.4734289144117645,0.002021940000000001,0.0020295192307692306,0.002025233235294117
45,0.00200267,1543492800,0.00202321,0.00200267,0.00201101,129.52506589,0.26022637,0.00200908,0.15461171666666726,0.30379869461538433,0.3860063667647057,0.0020141966666666674,0.002029921538461538,0.002023540882352941
46,0.00200165,1543500000,0.00200269,0.00200164,0.00200269,18.43623721,0.03690948,0.002002,0.14345623666666726,0.28797164384615354,0.3710788138235292,0.002005106666666667,0.002030261538461538,0.0020229291176470585
47,0.00202393,1543507200,0.00202393,0.00201388,0.00201573,94.44123626,0.19097149,0.00202211,0.16270244666666725,0.195046392307692,0.35106441764705865,0.0020094166666666667,0.002027796153846154,0.002022493529411764
48,0.00205299,1543514400,0.00205299,0.00202388,0.00202392,185.70724147,0.37793119,0.00203509,0.20193738666666725,0.20980704153846122,0.34744575088235274,0.00202619,0.0020284946153846153,0.0020234047058823525
49,0.00204727,1543521600,0.00205284,0.00202388,0.0020329,13.93140029,0.02849547,0.00204541,0.1991327166666672,0.2088191446153843,0.3441115908823527,0.0020413966666666668,0.0020287684615384613,0.002023746176470588
50,0.00201741,1543528800,0.00203985,0.00201741,0.00203966,117.54856476,0.23892085,0.00203252,0.2151158366666672,0.20178748846153813,0.346121026470588,0.0020392233333333333,0.0020266669230769234,0.002023580588235294
51,0.00203602,1543536000,0.00203908,0.00202,0.00202,28.17457206,0.05741749,0.00203791,0.10827793666666718,0.19031003923076892,0.3478020399999998,0.0020335666666666664,0.0020268515384615385,0.002023897058823529
52,0.0020191,1543543200,0.00201911,0.0020191,0.00201911,1.23295052,0.00248945,0.0020191,0.09960926333333385,0.18177244769230738,0.3440129541176469,0.0020241766666666667,0.0020245453846153847,0.0020237799999999993
53,0.00202277,1543550400,0.00204246,0.00202277,0.00203751,32.29463739,0.0654933,0.00202799,0.041800080000000524,0.1461349515384612,0.3449906847058821,0.002025963333333333,0.0020244407692307695,0.002023786470588235
54,0.00202204,1543557600,0.00206377,0.00202126,0.00203151,214.95140454,0.43946248,0.00204447,0.16914841000000055,0.17637332076923046,0.34617195176470567,0.0020213033333333335,0.0020239746153846157,0.002023556764705882
55,0.00203541,1543564800,0.00203665,0.00202204,0.00202204,39.91834016,0.08076622,0.00202328,0.1952406666666672,0.15251481307692277,0.32071629676470564,0.0020267400000000004,0.002024706153846154,0.002023892058823529
56,0.00202295,1543572000,0.00204197,0.00202206,0.00202856,34.8206025,0.07054119,0.00202584,0.19692329666666722,0.15252752615384585,0.3125224158823527,0.0020268,0.0020242469230769234,0.002024167352941176
57,0.00204334,1543579200,0.00204338,0.00202001,0.00204045,20.68233529,0.0419972,0.00203058,0.06443487000000055,0.14550939846153813,0.3014195802941174,0.0020338999999999995,0.0020267346153846157,0.002024764705882353
58,0.00204089,1543586400,0.00204923,0.00202587,0.00204923,49.49698311,0.10034392,0.00202727,0.07096077000000056,0.13321074846153813,0.30173126352941154,0.002035726666666666,0.0020296746153846156,0.0020253552941176473
59,0.00203838,1543593600,0.00203868,0.00201713,0.00202772,203.27212985,0.41014011,0.00201768,0.18416041000000052,0.1619207969230766,0.30764430852941155,0.0020408699999999993,0.0020325,0.0020259955882352943
60,0.00203809,1543600800,0.00204613,0.00203809,0.00203809,70.20913852,0.14321866,0.00203988,0.2179008966666672,0.158247502307692,0.29686519647058807,0.0020391199999999997,0.0020335892307692307,0.0020260750000000004
61,0.00203902,1543608000,0.00203906,0.00201801,0.00202215,20.80256389,0.04202314,0.00202009,0.19846063666666716,0.13240842153846122,0.291322237352941,0.0020384966666666658,0.0020325146153846152,0.0020261941176470595
62,0.00204317,1543615200,0.00204326,0.00202179,0.00203896,9.23526244,0.01884639,0.00204069,0.06802939666666717,0.13166618461538432,0.22322688970588217,0.002040093333333333,0.0020321992307692307,0.0020272791176470595
63,0.00206371,1543622400,0.00206371,0.0020301,0.00204312,34.26845144,0.07011473,0.00204604,0.043661420000000506,0.11868109846153815,0.20486055941176454,0.002048633333333333,0.002035760769230769,0.002029262647058824
64,0.00206365,1543629600,0.00206365,0.002063,0.002063,10.49294379,0.0216475,0.00206305,0.0368695400000005,0.11592956076923047,0.20494048441176455,0.002056843333333333,0.0020378861538461537,0.0020310782352941184
65,0.00205194,1543636800,0.00206581,0.00205193,0.00206367,16.49806108,0.03392303,0.00205618,0.04189508666666717,0.11834752846153816,0.19865360794117634,0.002059766666666666,0.0020404123076923075,0.002032651470588236
66,0.00204411,1543644000,0.00205193,0.00204411,0.00205193,1.809,0.00370783,0.00204965,0.01975945333333384,0.1135947999999997,0.18896306323529397,0.002053233333333333,0.002042053846153846,0.0020340241176470594
67,0.00205776,1543651200,0.00207067,0.00203894,0.00204516,80.63410743,0.16541402,0.00205141,0.06768162666666717,0.09251414923076894,0.18669108911764692,0.0020512699999999996,0.0020448015384615385,0.0020358044117647065
68,0.00209,1543658400,0.00209,0.00205503,0.00205776,2795.22117869,5.82365095,0.00208343,1.9975909333333337,0.5342745130769229,0.31682788882352925,0.0020639566666666664,0.002049000769230769,0.0020368050000000005
69,0.00207544,1543665600,0.00209796,0.00207543,0.00209,1179.32367554,2.46450354,0.00208976,2.81785617,0.7184254630769227,0.383841441470588,0.0020743999999999992,0.002053038461538461,0.002037732352941177
70,0.00206903,1543672800,0.0020919,0.00206901,0.00209156,32.82795758,0.06820569,0.00207767,2.785453393333333,0.7204415007692303,0.3846316638235292,0.0020781566666666657,0.002055014615384615,0.0020384770588235297
71,0.00209189,1543680000,0.00209189,0.00206001,0.00206905,396.74996402,0.82832188,0.00208776,1.1203437033333332,0.776439805384615,0.39927841382352924,0.002078786666666666,0.002058937692307692,0.0020398641176470594
72,0.00209041,1543687200,0.00209041,0.00206786,0.00206786,30.1807722,0.06295593,0.00208596,0.31982783333333337,0.7497333299999995,0.39505287264705863,0.0020837766666666657,0.0020629399999999997,0.0020415344117647068
73,0.00209041,1543694400,0.00209041,0.00207104,0.00209033,5.63917644,0.01169106,0.00207318,0.3009896233333334,0.7396158223076917,0.3920591349999998,0.0020909033333333326,0.0020669646153846154,0.0020427500000000007
74,0.00209041,1543701600,0.00209041,0.00207247,0.00207247,104.6966231,0.21740172,0.00207649,0.09734957000000004,0.7531064823076918,0.3829009282352939,0.0020904099999999996,0.0020709176923076923,0.0020446994117647066
75,0.00206796,1543708800,0.0020919,0.00206796,0.00209185,317.99910451,0.65828932,0.00207009,0.2957940333333334,0.8022943999999994,0.4008987411764704,0.002082926666666666,0.0020728246153846152,0.002045871764705883
76,0.00207253,1543716000,0.0020919,0.00207235,0.00208747,3.81529276,0.007961,0.0020866,0.29455068,0.7975133438461532,0.38963504058823506,0.0020769666666666663,0.002073503076923077,0.002047243235294118
77,0.00209479,1543723200,0.00209479,0.00209478,0.00209478,1.20597141,0.00252625,0.00209478,0.22292552333333335,0.796042478461538,0.3876394620588233,0.0020784266666666663,0.0020758984615384616,0.002049180588235295
78,0.00208747,1543730400,0.00209478,0.00208746,0.00209478,1.32885836,0.00277938,0.00209155,0.004422210000000019,0.7936468130769225,0.3838025949999998,0.002084929999999999,0.0020786315384615384,0.0020514297058823534
79,0.002094,1543737600,0.0020948,0.00207859,0.00209479,18.40912682,0.03847836,0.00209017,0.014594663333333355,0.7963214692307686,0.37728059470588216,0.0020920866666666663,0.002082469230769231,0.0020541158823529416
80,0.00208447,1543744800,0.00208447,0.0020701,0.00207417,197.67411827,0.40967016,0.00207245,0.1503093,0.8151104030769224,0.3882441441176468,0.0020886466666666663,0.0020845238461538467,0.002056551764705883
81,0.00207009,1543752000,0.00207011,0.00207009,0.00207011,17.51657046,0.03626097,0.00207009,0.16146983,0.3699265584615378,0.3836938347058821,0.0020828533333333327,0.002082992307692308,0.0020579094117647062
82,0.00200694,1543759200,0.00208408,0.00199336,0.00208408,1113.68031144,2.25893945,0.00202835,0.9016235266666667,0.35411393615384557,0.43901760705882326,0.0020538333333333324,0.002077723076923077,0.0020565550000000003
83,0.0020219,1543766400,0.00204701,0.00200244,0.00200692,1579.83115642,3.22298986,0.00204008,1.8393967599999999,0.5967896415384609,0.5329733244117645,0.0020329766666666656,0.0020740976923076925,0.0020558088235294123
84,0.00201605,1543773600,0.00204141,0.00201604,0.0020219,14.17950807,0.02870804,0.00202461,1.8368791166666665,0.535280884615384,0.5267905947058822,0.0020149633333333325,0.0020682638461538465,0.0020557688235294126
85,0.00203439,1543780800,0.00203744,0.00201343,0.00203744,221.12932564,0.44717321,0.00202222,1.2329570366666665,0.5648360599999994,0.538253998235294,0.0020241133333333324,0.0020639546153846154,0.0020557208823529416
86,0.00203705,1543788000,0.00203745,0.00203705,0.00203745,0.70403307,0.00143438,0.00203738,0.15910520999999975,0.564047084615384,0.5382229667647058,0.0020291633333333324,0.0020598500000000002,0.0020562488235294123
87,0.00203703,1543795200,0.00203705,0.00201834,0.00201834,1.87062977,0.00380127,0.00203208,0.15080295333333307,0.5476162807692302,0.5364084952941175,0.002036156666666666,0.0020557438461538463,0.0020566682352941186
88,0.00201999,1543802400,0.00203706,0.00200932,0.00203067,40.56410666,0.08184164,0.00201758,0.029025763333333104,0.503274151538461,0.5258902352941176,0.0020313566666666657,0.002052053846153846,0.002056607941176471
89,0.00201995,1543809600,0.00202,0.0020092,0.00201999,162.85033447,0.3283994,0.00201657,0.1380141033333331,0.5279232592307687,0.5331735641176469,0.0020256566666666653,0.0020480092307692305,0.0020561532352941186
90,0.00201867,1543816800,0.00201995,0.00200287,0.00201995,33.50056548,0.0673319,0.00200987,0.15919097999999976,0.5329083092307687,0.533079173235294,0.002019536666666665,0.002042153846153846,0.0020560273529411774
91,0.00202628,1543824000,0.00202628,0.0020063,0.00201869,199.58198274,0.40323946,0.00202042,0.26632358666666645,0.5637129307692302,0.5437039455882351,0.002021633333333332,0.002037446923076923,0.002055525588235295
92,0.00202626,1543831200,0.00202627,0.00201619,0.00202627,38.50723569,0.07802461,0.00202623,0.18286532333333308,0.5667549499999995,0.5430474952941174,0.002023736666666666,0.002032236153846154,0.002055095294117648
93,0.00202942,1543838400,0.00202943,0.00200737,0.00202626,223.84117021,0.45105134,0.00201505,0.3107718033333331,0.5699381176923072,0.5442507667647057,0.002027319999999999,0.0020280015384615386,0.0020548317647058833
94,0.0020217,1543845600,0.00203578,0.002,0.00201979,512.55417971,1.03135537,0.00201218,0.5201437733333331,0.6464838407692303,0.5703724347058822,0.0020257933333333324,0.002024279230769231,0.0020543497058823535
95,0.00200511,1543852800,0.00202659,0.00199754,0.00200004,30.68144739,0.0614418,0.00200257,0.5146161699999998,0.4774455599999996,0.5709435717647057,0.0020187433333333327,0.002024138461538462,0.002053352352941177
96,0.00202154,1543860000,0.00202155,0.00199754,0.00200729,97.02239568,0.19498781,0.00200971,0.4292616599999998,0.24452232538461496,0.5761242017647057,0.002016116666666666,0.0020241107692307693,0.002052716176470589
97,0.00201565,1543867200,0.00202843,0.00201565,0.00202229,13.33263349,0.02699589,0.00202479,0.09447516666666649,0.24439062153846108,0.574856000588235,0.0020140999999999996,0.00202408,0.0020513026470588246
98,0.00201428,1543874400,0.00202715,0.00201426,0.00201426,40.14936775,0.08136624,0.00202658,0.10111664666666649,0.2162516238461534,0.5766124341176468,0.0020171566666666663,0.0020225330769230773,0.002049850588235295
99,0.00201427,1543881600,0.00202717,0.00201427,0.00202717,7.57705543,0.01526548,0.00201469,0.04120920333333316,0.21731555461538415,0.5760636826470587,0.0020147333333333326,0.0020207807692307696,0.002048742647058824
100,0.00200155,1543888800,0.00202717,0.00200108,0.00201428,212.20795579,0.42485621,0.00200207,0.17382930999999982,0.2497043961538457,0.5884503997058822,0.0020100333333333323,0.0020180515384615387,0.002047490882352942
101,0.00196216,1543896000,0.00200156,0.00196216,0.00200156,313.96544734,0.62321927,0.00198499,0.3544469866666666,0.29134882923076877,0.6019152599999998,0.001992659999999999,0.0020136030769230774,0.0020446791176470594
102,0.001988,1543903200,0.00199146,0.0019726,0.0019726,106.16272189,0.21062671,0.00198399,0.4195673966666666,0.2822893915384611,0.4368263117647057,0.0019839033333333323,0.0020111453846153853,0.00204167911764706
103,0.00200154,1543910400,0.00200154,0.00197016,0.00198173,112.05524497,0.22331939,0.00199294,0.35238845666666657,0.2942884292307688,0.3709091308823528,0.001983899999999999,0.002009827692307693,0.0020395055882352947
104,0.00198956,1543917600,0.00200688,0.00198875,0.00200685,55.31963174,0.11092357,0.00200513,0.18162322333333322,0.2718025915384611,0.37216553911764694,0.0019930333333333322,0.0020070030769230775,0.0020371682352941186
105,0.00199608,1543924800,0.00201651,0.001996,0.001996,42.76611893,0.08582532,0.00200685,0.14002275999999989,0.27240264615384574,0.35032740499999987,0.0019957266666666656,0.0020046815384615396,0.0020343502941176476
106,0.00200344,1543932000,0.00200344,0.00197772,0.00199608,69.92026507,0.13995461,0.00200163,0.11223449999999986,0.24847212846153807,0.3525920720588234,0.001996359999999999,0.0020026830769230776,0.0020317923529411773
107,0.00202476,1543939200,0.00202478,0.00200346,0.00200346,229.46404179,0.46312153,0.00201827,0.22963381999999988,0.2047618330769227,0.3658694388235293,0.0020080933333333326,0.002002918461538462,0.002029861470588236
108,0.00203581,1543946400,0.00203581,0.00201653,0.00201653,92.09807357,0.18648439,0.00202484,0.2631868433333332,0.21438049384615349,0.3649601055882352,0.002021336666666666,0.0020052800000000008,0.0020282555882352948
109,0.002051,1543953600,0.00206215,0.00203169,0.00203169,1063.63072554,2.1660876,0.0020365,0.9385645066666665,0.36600355461538425,0.40930711382352936,0.0020371899999999995,0.0020075461538461544,0.002027756764705883
110,0.00207423,1543960800,0.00207599,0.00204197,0.00206216,1521.29598594,3.12152511,0.00205188,1.8246990333333333,0.6040442638461534,0.5008825288235292,0.002053679999999999,0.0020120523076923085,0.002027806764705883
111,0.00206772,1543968000,0.00206773,0.00206772,0.00206773,11.38732662,0.02354591,0.00206772,1.7703862066666665,0.5995965461538457,0.5015007541176469,0.002064316666666666,0.0020161630769230774,0.0020270105882352943
112,0.00207346,1543975200,0.00207372,0.00204923,0.00207162,15.25932065,0.03133189,0.00205329,1.0588009699999998,0.6008324238461534,0.5023405338235293,0.002071803333333333,0.0020207161538461542,0.0020265985294117654
113,0.00204703,1543982400,0.00206603,0.00204703,0.00205172,55.62432313,0.11415394,0.00205223,0.05634391333333314,0.5769322492307688,0.5045662861764706,0.0020627366666666667,0.002024214615384616,0.00202521705882353
114,0.00203767,1543989600,0.00206704,0.00203767,0.00206704,221.18638675,0.45258216,0.00204615,0.19935599666666648,0.5638063176923073,0.5058284038235293,0.0020527199999999996,0.0020300230769230774,0.002023840588235295
115,0.00202395,1543996800,0.00204373,0.00202395,0.00204373,152.17535162,0.30982325,0.00203596,0.2921864499999998,0.5714368207692304,0.513874353235294,0.0020362166666666663,0.002032788461538462,0.0020224835294117656
116,0.00204138,1544004000,0.00204138,0.00202394,0.00202395,11.91098722,0.02412861,0.00202574,0.26217800666666646,0.5561144530769226,0.4481446226470588,0.002034333333333333,0.0020358530769230775,0.002023496470588236
117,0.00202005,1544011200,0.00204138,0.00202005,0.00204138,5.72007425,0.01159653,0.00202733,0.11518279666666648,0.5484739115384611,0.3536918776470588,0.0020284599999999997,0.002038198461538462,0.0020234420588235297
118,0.00201098,1544018400,0.00204503,0.00201098,0.00202555,89.45533467,0.18228454,0.00203771,0.07266989333333314,0.5558938515384612,0.3582088335294117,0.002024136666666667,0.002039344615384616,0.0020232929411764704
119,0.00198474,1544025600,0.00202262,0.001965,0.00202103,455.47190539,0.89924677,0.00197431,0.36437594666666645,0.6143009407692304,0.37150511470588227,0.0020052566666666667,0.002037906153846154,0.0020218326470588235
120,0.00198856,1544032800,0.00198858,0.00198123,0.00198307,52.46435753,0.10420804,0.00198626,0.39524644999999975,0.5866922107692303,0.37452786941176464,0.0019947600000000004,0.002035121538461539,0.0020204064705882352
121,0.00196463,1544040000,0.00198857,0.00196463,0.00198002,33.47949492,0.06610915,0.00197461,0.35652131999999975,0.5774325769230765,0.376360454117647,0.00197931,0.002029646153846154,0.0020182770588235296
122,0.0019874,1544047200,0.00198742,0.0019696,0.00198742,1.2934692,0.0025678,0.00198521,0.05762832999999978,0.4110079769230764,0.3740288705882352,0.0019801966666666664,0.0020247538461538464,0.002017318529411765
123,0.00199415,1544054400,0.00200001,0.00198739,0.00198739,1753.83576499,3.5073738,0.00199983,1.1920169166666663,0.44068864538461483,0.4675281176470587,0.0019820599999999995,0.0020185938461538466,0.002016559705882353
124,0.00197166,1544061600,0.00199415,0.00197166,0.00199415,94.71847915,0.18704545,0.00197475,1.2323290166666663,0.4532655330769225,0.4710491044117647,0.0019844033333333328,0.0020112046153846156,0.0020151770588235293
125,0.00195018,1544068800,0.00197166,0.00195018,0.00197166,202.53329521,0.39816608,0.00196592,1.3641951099999998,0.48148354769230717,0.47089988735294114,0.001971996666666666,0.002001721538461539,0.0020129388235294115
126,0.00197934,1544076000,0.00197934,0.00196968,0.00196968,9.08269985,0.0179348,0.00197461,0.2010487766666665,0.4740820753846149,0.46913253999999993,0.001967059999999999,0.0019965146153846157,0.0020115588235294114
127,0.00198328,1544083200,0.00198328,0.00198327,0.00198327,11.293,0.02239717,0.00198327,0.14616601666666648,0.44099092230769177,0.45652506441176466,0.0019709333333333325,0.0019923307692307694,0.0020102017647058816
128,0.00208703,1544090400,0.00210918,0.00196789,0.00196789,940.39500149,1.94305273,0.0020662,0.6611282333333331,0.5666239592307687,0.4833396926470588,0.0020165499999999993,0.001997183076923077,0.0020121232352941173
129,0.00206479,1544097600,0.00212942,0.00206479,0.00208653,434.08049796,0.90986382,0.00209607,0.9584379066666665,0.6347574369230764,0.5082932814705883,0.0020450333333333326,0.0019989838461538464,0.002013878529411764
130,0.00199502,1544104800,0.00212951,0.00199203,0.00206527,1529.34441984,3.14514078,0.00205652,1.9993524433333334,0.8757993023076918,0.5950624864705882,0.0020489466666666657,0.001997058461538462,0.002013098529411764
131,0.00197845,1544112000,0.00201928,0.00195524,0.00199351,647.84741721,1.28597755,0.001985,1.7803273833333335,0.9606987646153841,0.6320913588235294,0.0020127533333333322,0.0019945561538461543,0.0020120044117647056
132,0.00193042,1544119200,0.00198063,0.00192064,0.00195613,1461.62378347,2.83798712,0.00194166,2.42303515,1.1098326376923073,0.7131684435294118,0.0019679633333333324,0.0019903776923076927,0.0020095379411764706
133,0.00191089,1544126400,0.00193041,0.00190018,0.00193041,2192.12285239,4.18555098,0.00190935,2.76983855,1.4237820946153843,0.8358238994117647,0.0019399199999999988,0.0019844030769230773,0.002006497352941176
134,0.00196057,1544133600,0.00196057,0.00190511,0.00191089,341.78399946,0.65744951,0.00192358,2.560329203333333,1.4692698146153842,0.8426648788235294,0.0019339599999999991,0.0019840907692307693,0.002005292058823529
135,0.00198938,1544140800,0.00198943,0.00196057,0.00196063,1705.3176445,3.37557062,0.00197943,2.739523703333333,1.7287315699999997,0.923616389117647,0.0019536133333333326,0.0019842430769230765,0.002006092647058823
136,0.00198079,1544148000,0.00199143,0.00198079,0.00198086,3019.15908366,5.9804751,0.00198084,3.3378317433333327,1.9189701315384613,1.0933178123529412,0.001976913333333332,0.0019832153846153842,0.002005880588235293
137,0.00182824,1544155200,0.00198079,0.00175,0.00198079,38541.24906323,70.03097044,0.00181703,26.46233872,7.291579746153847,3.1464840197058823,0.0019328033333333324,0.0019721830769230766,0.002000783529411764
138,0.00179742,1544162400,0.00182972,0.00179539,0.00181818,1167.72230766,2.10689067,0.00180427,26.039445403333332,7.4230200992307696,3.2051889344117646,0.0018688166666666658,0.0019604323076923076,0.0019951323529411756
139,0.00183333,1544169600,0.00183849,0.001811,0.00181678,3399.10610084,6.2115762,0.00182741,26.11647910333333,7.899454053076923,3.3853580779411763,0.0018196633333333323,0.001949200769230769,0.001990345588235293
140,0.00181601,1544176800,0.00188344,0.00179541,0.0018344,35714.84331729,65.38771735,0.00183082,24.56872807333333,12.927555605384613,5.304409923235294,0.0018155866666666656,0.001936333846153846,0.00198483294117647
141,0.00182737,1544184000,0.00182737,0.00180503,0.00181592,105.97793737,0.19248457,0.00181627,23.930592706666662,12.792896516153844,5.2964500126470595,0.0018255699999999988,0.0019163599999999998,0.0019790273529411754
142,0.00183773,1544191200,0.00185206,0.00181927,0.00182737,196.65046784,0.3606908,0.00183417,21.98029757333333,12.750652437692306,5.3015737305882356,0.0018270366666666654,0.0018988938461538458,0.001973201470588234
143,0.0018021,1544198400,0.00183464,0.00179166,0.00182449,2860.68795328,5.18237739,0.00181158,1.9118509199999967,12.907362946153844,5.390288136176471,0.001822399999999999,0.001884053846153846,0.0019658808823529404
144,0.00182127,1544205600,0.00183505,0.00178918,0.00179208,2507.01722417,4.5202822,0.00180305,3.354450129999997,13.156155611538459,5.431428050588235,0.0018203666666666656,0.0018719630769230766,0.0019584408823529404
145,0.00185753,1544212800,0.00185754,0.00182197,0.00183501,1800.10433665,3.3275643,0.00184853,4.3434079633333305,13.193815394615381,5.528605062058824,0.0018269666666666654,0.0018663561538461537,0.001952258823529411
146,0.00187899,1544220000,0.00187899,0.00185042,0.00186075,150.6749966,0.28129809,0.00186691,2.7097148633333306,12.893488249230767,5.535957009117648,0.0018525966666666652,0.0018639023076923076,0.0019465391176470578
147,0.00190285,1544227200,0.00190462,0.00186644,0.00187917,235.43864076,0.44607082,0.00189463,1.3516444033333306,12.877228349999998,5.545719270294119,0.0018797899999999986,0.001859462307692308,0.0019422985294117636
148,0.0019049,1544234400,0.00190532,0.0018924,0.00190284,85.94017188,0.16356596,0.00190325,0.2969782899999971,12.630151068461537,5.537218793823531,0.0018955799999999985,0.0018529638461538464,0.0019383935294117634
149,0.00190012,1544241600,0.001949,0.00188926,0.0019,864.20426004,1.65990493,0.00192073,0.7565139033333305,12.297799516923076,5.576927078529414,0.0019026233333333316,0.0018467584615384617,0.0019347514705882344
150,0.00188927,1544248800,0.00190753,0.00188926,0.00190531,161.6514788,0.30638518,0.00189534,0.7099520233333304,6.93436988153846,5.585228742352943,0.001898096666666665,0.0018514530769230771,0.0019302776470588225
151,0.00182647,1544256000,0.00189601,0.00179796,0.00189601,3622.552098,6.56837063,0.00181318,2.844886913333331,7.277560647692307,5.7780750394117675,0.0018719533333333316,0.0018536876923076924,0.001924584117647058
152,0.00181871,1544263200,0.00182689,0.00181075,0.00182689,22.75169426,0.04126392,0.00181366,2.3053399099999976,6.802921241538462,5.773927374117649,0.0018448166666666652,0.001852563076923077,0.001918929117647058
153,0.00179478,1544270400,0.00181922,0.00176021,0.00181755,1348.33010768,2.4022549,0.00178165,3.0039631499999984,1.9578856684615387,5.818133495588238,0.0018133199999999985,0.0018509300000000002,0.0019133420588235287
154,0.00179339,1544277600,0.00179589,0.00176082,0.00179589,598.2167441,1.06134085,0.00177417,1.168286556666665,2.0247207669230773,5.846284460588238,0.0018022933333333316,0.0018483161538461537,0.0019076017647058818
155,0.00179902,1544284800,0.00179909,0.00177737,0.00179277,804.69382696,1.43512483,0.00178344,1.6329068599999983,2.1073695384615387,5.886549627647062,0.0017957299999999982,0.0018453384615384613,0.0019027308823529408
156,0.00180474,1544292000,0.00180474,0.00177748,0.00179898,651.28766418,1.1629733,0.00178565,1.2198129933333315,1.7981846084615387,5.9206792011764735,0.0017990499999999982,0.0018455415384615382,0.0018973585294117642
157,0.00180916,1544299200,0.00180916,0.0017873,0.00180191,37.67018807,0.06791568,0.0018029,0.8886712699999982,1.4556948761538462,5.819518668235297,0.001804306666666665,0.0018446099999999998,0.001891917647058823
158,0.00180787,1544306400,0.00181446,0.00180596,0.00180909,39.90571993,0.07227913,0.00181124,0.4343893699999983,1.2052883246153845,5.816143188235296,0.0018072566666666647,0.0018407899999999997,0.0018871002941176467
159,0.001801,1544313600,0.00181554,0.00179,0.00180586,73.7822415,0.13356434,0.00181025,0.09125304999999824,1.19392419,5.808360784117649,0.0018060099999999983,0.001834790769230769,0.0018827126470588231
160,0.00179777,1544320800,0.00179777,0.00179777,0.00179777,1.58,0.00284047,0.00179777,0.06956131333333157,1.1598295476923077,5.8079168332352955,0.0018022133333333316,0.001826707692307692,0.0018773723529411765
161,0.00179723,1544328000,0.00179778,0.001795,0.00179778,35.70977657,0.06414895,0.00179639,0.06685125333333157,1.1521820853846154,5.809144826764707,0.0017986666666666648,0.0018184253846153843,0.0018719002941176468
162,0.00178441,1544335200,0.00179,0.00178441,0.00179,58.75767511,0.10513412,0.00178928,0.057374513333331566,1.0325843307692308,5.755088397058825,0.0017931366666666647,0.0018095246153846149,0.0018629997058823525
163,0.00178602,1544342400,0.00179751,0.00178602,0.00178729,118.7514992,0.21269159,0.00179106,0.1273248866666649,1.0253771315384617,5.734583331470589,0.0017892199999999983,0.0018015823076923073,0.0018548005882352938
164,0.00179778,1544349600,0.00179778,0.00178601,0.00179685,34.91683417,0.06272886,0.00179652,0.12685152333333158,0.5249431492307693,5.643924157352942,0.0017894033333333316,0.001799375384615384,0.0018489994117647055
165,0.00179359,1544356800,0.00179854,0.0017757,0.00179854,765.55385782,1.3601991,0.00177675,0.545206516666665,0.6263997015384616,5.646107144117647,0.0017924633333333316,0.0017974430769230763,0.0018435623529411758
166,0.00181982,1544364000,0.00181982,0.00179358,0.00179358,87.79651442,0.15763708,0.00179548,0.5268550133333316,0.4537367923076924,5.567273319411765,0.0018037299999999982,0.0017993692307692302,0.0018403094117647053
167,0.00180331,1544371200,0.00180382,0.00178402,0.001793,100.48253349,0.17979457,0.00178931,0.565876916666665,0.3859255400000002,5.449456954411765,0.0018055733333333316,0.0018001323076923073,0.0018371452941176466
168,0.00178964,1544378400,0.00180827,0.00178664,0.00180298,64.48292026,0.11602072,0.00179924,0.1511507899999983,0.2844559930769232,5.433532578235295,0.001804256666666665,0.0017994107692307687,0.0018321179411764697
169,0.00177632,1544385600,0.00181297,0.0017753,0.00178964,215.93208228,0.38830449,0.00179827,0.22803992666666495,0.22486608461538476,5.345671809705884,0.0017897566666666652,0.001797224615384615,0.0018258514705882347
170,0.00179113,1544392800,0.00179113,0.00177257,0.0017753,126.3334957,0.22478846,0.00177932,0.24303788999999829,0.2369332215384617,5.176386908529413,0.0017856966666666653,0.0017958376923076919,0.001820273235294117
171,0.0017454,1544400000,0.00178375,0.00173,0.00178375,431.28513689,0.75729084,0.00175589,0.45679459666666494,0.28962643000000016,3.1389257438235307,0.0017709499999999986,0.0017910323076923073,0.0018178367647058817
172,0.00173837,1544407200,0.00173837,0.00172,0.00173136,32.0857832,0.05538594,0.00172618,0.34582174666666504,0.28361270692307705,3.078587369411766,0.0017582999999999984,0.001786214615384615,0.0018160999999999993
173,0.00173831,1544414400,0.00173837,0.00172,0.00173837,147.96329735,0.25515287,0.00172443,0.35594321666666495,0.3030213530769232,2.9033984479411776,0.0017406933333333318,0.0017816407692307688,0.0018133052941176463
174,0.0017242,1544421600,0.0017242,0.00172417,0.0017242,523.7779618,0.90309792,0.00172419,0.40454557666666496,0.3675558892307694,1.006791994117648,0.001733626666666665,0.0017760230769230763,0.0018106049999999992
175,0.0017242,1544428800,0.0017242,0.00170802,0.0017242,501.039543,0.86322675,0.00172287,0.673825846666665,0.4258707069230771,1.0265197052941186,0.0017289033333333318,0.0017713915384615377,0.0018075705882352935
176,0.00173373,1544436000,0.00173739,0.00171897,0.0017242,45.70327863,0.07889894,0.00172633,0.6150745366666651,0.4155789646153848,1.0182317094117659,0.0017273766666666653,0.00176736923076923,0.0018045117647058815
177,0.00173836,1544443200,0.00173836,0.00171341,0.00172025,31.78821471,0.05491199,0.00172743,0.3323458933333317,0.4149776669230771,0.8674239035294129,0.0017320966666666653,0.001762798461538461,0.0018026370588235285
178,0.0017332,1544450400,0.00174364,0.0017332,0.00173835,86.73432327,0.15072585,0.00173778,0.09484559333333169,0.3219412630769232,0.7389075402941189,0.0017350966666666654,0.0017581530769230763,0.0018000467647058815
179,0.00171364,1544457600,0.00173779,0.0017,0.00173321,181.12199927,0.31034962,0.00171348,0.17199581999999836,0.3336883815384617,0.6501659320588248,0.0017283999999999986,0.001749985384615384,0.001795814705882352
180,0.00171603,1544464800,0.00171647,0.00170134,0.00171,26.31149299,0.04500584,0.0017105,0.16869376999999833,0.32332001769230784,0.6432161600000013,0.0017209566666666655,0.001743271538461538,0.0017910217647058816
181,0.00171772,1544472000,0.0017178,0.00171,0.00171772,24.80118302,0.04257658,0.00171671,0.13264401333333167,0.3176704684615386,0.6313486823529424,0.0017157966666666656,0.0017377392307692302,0.0017855767647058818
182,0.001713,1544479200,0.00171302,0.001713,0.00171301,19.64517656,0.03365223,0.001713,0.04041154999999833,0.2903895253846156,0.6275276902941189,0.0017155833333333322,0.001732868461538461,0.0017799326470588229
183,0.00171017,1544486400,0.00171973,0.00170215,0.00171772,124.39692587,0.21331601,0.0017148,0.09651493999999833,0.28950702923076943,0.5849809573529425,0.001713629999999999,0.0017266407692307687,0.0017743458823529406
184,0.00170693,1544493600,0.00172067,0.00170693,0.0017162,438.37311272,0.75167498,0.00171469,0.33288107333333167,0.2890750400000002,0.5980777161764719,0.0017100333333333322,0.0017236815384615379,0.0017689829411764702
185,0.00172067,1544500800,0.00172067,0.00170024,0.00170693,45.17377945,0.07749162,0.00171541,0.3474942033333317,0.29077547692307715,0.40716951000000134,0.001712589999999999,0.0017223199999999994,0.001765871176470588
186,0.00170001,1544508000,0.00172067,0.00170001,0.00172066,112.536073,0.19267576,0.00171212,0.34061411999999835,0.2859695453846156,0.41162279941176605,0.0017092033333333326,0.0017193738461538457,0.0017623799999999996
187,0.00172068,1544515200,0.00172068,0.00170224,0.00171703,471.70738368,0.81093052,0.00171913,0.360365966666665,0.27887974538461563,0.36481914117647185,0.0017137866666666662,0.0017191030769230765,0.0017602005882352938
188,0.00170001,1544522400,0.00172068,0.00170001,0.00171996,438.33772795,0.74926872,0.00170934,0.584291666666665,0.2701137430769233,0.3556405491176483,0.0017068999999999997,0.0017172423076923075,0.0017574541176470586
189,0.00171311,1544529600,0.00171315,0.00170001,0.00171315,42.05712878,0.07150344,0.00170015,0.5439008933333317,0.2695448584615387,0.3155340376470601,0.0017112666666666664,0.0017156561538461538,0.0017549273529411762
190,0.0017,1544536800,0.00171117,0.0017,0.00170999,390.93995721,0.66505138,0.00170115,0.4952745133333318,0.316478657692308,0.30088927529411896,0.0017043733333333329,0.0017127053846153844,0.001751846764705882
191,0.00179496,1544544000,0.00181251,0.0017,0.0017,4985.7992882,8.84782219,0.0017746,3.1947923366666653,0.9854860684615386,0.5591218197058838,0.0017360233333333329,0.0017174561538461537,0.0017514291176470586
192,0.0018171,1544551200,0.00184147,0.0017991,0.00181101,1254.69944306,2.27935445,0.00181665,3.9307426733333313,1.1369479784615386,0.6240357997058839,0.0017706866666666661,0.0017254146153846152,0.001751700588235294
193,0.001938,1544558400,0.00193888,0.00181937,0.001838,5070.07037166,9.572083,0.00188795,6.899753213333331,1.8698000676923077,0.9016392897058838,0.0018500199999999997,0.0017424892307692304,0.0017557299999999998
194,0.00189101,1544565600,0.00192497,0.00187107,0.00192,822.1374749,1.57031809,0.00191004,4.473918513333332,1.9873186453846154,0.9477415726470602,0.0018820366666666664,0.0017558192307692304,0.0017584723529411764
195,0.00187536,1544572800,0.00188294,0.00186137,0.0018687,388.17197661,0.72342798,0.00186367,3.955276356666665,2.0403783184615385,0.9671321323529424,0.0019014566666666663,0.0017683084615384612,0.001760770294117647
196,0.0018911,1544580000,0.0018911,0.00186136,0.00186511,180.5355144,0.33925267,0.00187914,0.8776662466666654,2.050065753846154,0.9740179720588247,0.0018858233333333325,0.0017822261538461535,0.0017639082352941175
197,0.00189774,1544587200,0.00191328,0.0018911,0.0018911,107.75984402,0.20457768,0.00189845,0.422419443333332,2.007981346153846,0.97377932764706,0.001888066666666666,0.0017969038461538459,0.001767194117647059
198,0.00193248,1544594400,0.00193248,0.00189652,0.00189652,131.10250752,0.25139378,0.00191753,0.2650747099999987,2.0213584353846157,0.9793282958823541,0.001907106666666666,0.0018131969230769226,0.0017711558823529413
199,0.00193295,1544601600,0.00193295,0.00187594,0.00193295,1270.49658159,2.41302437,0.00189927,0.956331943333332,2.1921544823076924,1.0102937450000011,0.0019210566666666663,0.001831115384615384,0.0017752547058823532
200,0.00188313,1544608800,0.00196698,0.0018385,0.00193295,6421.15857016,12.22847351,0.0019044,4.964297219999999,3.07042702,1.3653183458823541,0.0019161866666666664,0.001843611538461538,0.0017771167647058824
201,0.00200001,1544616000,0.00200585,0.0018801,0.00188313,3233.31031045,6.19653371,0.00191646,6.946010529999999,3.4894474038461536,1.542281261764707,0.0019386966666666663,0.0018666884615384611,0.0017829020588235294
202,0.00198418,1544623200,0.00205592,0.00194067,0.00200002,2257.01392293,4.48430232,0.00198682,7.636436513333333,3.828893471538461,1.6707601323529422,0.001955773333333333,0.0018875399999999996,0.0017886238235294118
203,0.00202237,1544630400,0.00202577,0.00196934,0.00197088,1705.14069741,3.39694322,0.00199217,4.692593083333333,4.039038997692307,1.7592495067647067,0.002002186666666666,0.0019123376923076917,0.0017958605882352943
204,0.002,1544637600,0.00202208,0.00199,0.00202208,1864.07164021,3.72823913,0.00200005,3.8698282233333323,3.645224916153845,1.8622921735294127,0.0020021833333333326,0.0019281099999999994,0.001802003823529412
205,0.00198812,1544644800,0.00200289,0.00197232,0.002,168.46341456,0.33547972,0.0019914,2.486887356666666,3.4956960907692296,1.849885964117648,0.0020034966666666655,0.0019412653846153842,0.0018091426470588235
206,0.00197717,1544652000,0.00199511,0.00197369,0.00199511,508.56310411,1.00698133,0.00198005,1.6902333933333322,2.8368421161538455,1.8778740638235303,0.001988429999999999,0.0019442784615384611,0.0018161661764705878
207,0.00190275,1544659200,0.00198115,0.00190275,0.00198114,253.20562579,0.48914962,0.00193182,0.6105368899999989,2.75367531076923,1.8847563211764713,0.0019560133333333322,0.001945181538461538,0.0018210026470588231
208,0.00192487,1544666400,0.00193265,0.00190749,0.00192101,142.75813576,0.27482129,0.00192508,0.5903174133333322,2.719167103846153,1.8662775967647067,0.001934929999999999,0.0019489899999999996,0.0018269047058823524
209,0.00191622,1544673600,0.00192488,0.0019,0.00190457,144.0283529,0.27550171,0.00191282,0.3464908733333322,2.714263183846153,1.8489915661764713,0.0019146133333333322,0.0019509223076923073,0.001832552352941176
210,0.00189788,1544680800,0.00191625,0.00189788,0.00190745,174.14838163,0.33106675,0.00190106,0.2937965833333322,2.7239931123076913,1.856408266470589,0.001912989999999999,0.0019509330769230766,0.0018373802941176465
211,0.00189789,1544688000,0.00191166,0.00188791,0.00189863,180.19794877,0.34171936,0.00189635,0.3160959399999989,2.7309412338461527,1.8648437773529418,0.0019039966666666655,0.0019482723076923074,0.001842072352941176
212,0.00188964,1544695200,0.00190172,0.00188099,0.0018887,179.10524524,0.33752699,0.00188451,0.33677103333333225,2.571287589230768,1.8703379285294124,0.0018951366666666656,0.001944940769230769,0.001846673529411764
213,0.00190519,1544702400,0.00191628,0.00189118,0.00189784,179.18236819,0.34017909,0.0018985,0.3398084799999989,1.6568034030769216,1.8712152658823538,0.0018975733333333321,0.0019466376923076923,0.0018523073529411757
214,0.00192105,1544709600,0.00192105,0.0019097,0.00191145,112.72324251,0.21531072,0.00191008,0.2976722666666655,1.1967093269230757,1.8762242329411771,0.0019052933333333323,0.0019405638461538462,0.001858337352941176
215,0.00188434,1544716800,0.00191243,0.00188314,0.00190671,371.66268377,0.70614966,0.00189997,0.4205464899999989,0.9060821992307679,1.8957410882352945,0.0019035266666666657,0.001932883846153846,0.0018632379411764697
216,0.00188443,1544724000,0.00189058,0.00187997,0.00188639,179.58612788,0.33824479,0.00188346,0.4199017233333322,0.6707977046153834,1.904699692941177,0.0018966066666666658,0.0019222730769230768,0.001868279999999999
217,0.00188107,1544731200,0.00190958,0.00188106,0.00188958,91.77630305,0.17339983,0.00188937,0.40593142666666554,0.3973485276923064,1.9035256876470592,0.0018832799999999993,0.001913124615384615,0.0018733064705882345
218,0.00187957,1544738400,0.00189253,0.00186843,0.00189253,102.50004129,0.19237618,0.00187684,0.2346735999999989,0.3863405630769217,1.8870757229411765,0.0018816899999999992,0.0019047746153846151,0.001878384117647058
219,0.00185921,1544745600,0.00188439,0.00185921,0.00187125,90.28182223,0.16880758,0.00186978,0.17819452999999888,0.32186565923076793,1.8897614864705883,0.0018732833333333324,0.001895700769230769,0.0018824588235294112
220,0.00188179,1544752800,0.00188179,0.0018722,0.00187995,39.40092253,0.07407618,0.00188006,0.14508664666666557,0.28993693307692175,1.8862732635294122,0.0018735233333333323,0.0018940884615384612,0.0018878052941176462
221,0.00186026,1544760000,0.0018876,0.00185922,0.00188179,98.95158719,0.18511316,0.00187074,0.1426656399999989,0.28303630769230637,1.8678668705882355,0.0018670866666666657,0.0018891184615384613,0.0018919105882352933
222,0.00186368,1544767200,0.00187257,0.00185047,0.00187257,142.61674484,0.2649602,0.00185784,0.17471651333333224,0.282225422307691,1.8536225023529413,0.0018685766666666655,0.001885076923076923,0.0018967244117647053
223,0.00186859,1544774400,0.00187195,0.00185453,0.00186369,319.94903645,0.59760009,0.00186779,0.3492244833333322,0.30272798692307556,1.8690959332352943,0.0018641766666666656,0.0018828238461538458,0.0019012973529411758
224,0.0019435,1544781600,0.00195,0.00186873,0.00186873,577.28864857,1.09556452,0.00189777,0.652708269999999,0.36071607615384477,1.881758084411765,0.0018919233333333323,0.0018863323076923075,0.0019084591176470583
225,0.0019434,1544788800,0.00195267,0.0019039,0.00195,282.77001549,0.54615871,0.00193145,0.7464411066666656,0.37676466999999864,1.6375915114705881,0.0019184966666666657,0.0018904676923076921,0.0019128249999999995
226,0.00189118,1544796000,0.00193644,0.00189,0.00193304,503.26055582,0.96323314,0.00191398,0.8683187899999988,0.42469190461538325,1.5988820611764705,0.0019260266666666656,0.0018893899999999997,0.0019150038235294115
227,0.00187876,1544803200,0.00189119,0.00187263,0.00189119,458.38177396,0.86115334,0.00187868,0.7901817299999988,0.47437210615384484,1.342678247647059,0.0019044466666666658,0.0018861369230769227,0.001913261470588235
228,0.00187263,1544810400,0.00189444,0.00187263,0.00189003,66.19812493,0.12530572,0.00189288,0.6498973999999988,0.42969180307692173,1.3001778838235294,0.0018808566666666659,0.0018852361538461533,0.0019127208823529408
229,0.00178206,1544817600,0.00187264,0.00177536,0.00187264,834.00135774,1.52790248,0.00183201,0.8381205133333323,0.5212039330769217,1.3238388985294118,0.0018444833333333326,0.0018773615384615379,0.0019099767647058818
230,0.00177463,1544824800,0.00178295,0.00175543,0.00178293,252.94912246,0.44704887,0.00176734,0.700085689999999,0.5422538592307679,1.3270093750000003,0.0018097733333333327,0.0018691738461538456,0.0019065511764705875
231,0.00177253,1544832000,0.00179148,0.00176122,0.0017818,282.81295799,0.50209129,0.00177534,0.825680879999999,0.566078098461537,1.335759775294118,0.0017764066666666658,0.0018609399999999995,0.001902868529411764
232,0.00178039,1544839200,0.00178056,0.00177515,0.00177515,29.24965327,0.05207464,0.00178035,0.33373826666666556,0.5570986415384601,1.329897447647059,0.001775849999999999,0.0018548769230769225,0.0018983952941176465
233,0.00178039,1544846400,0.00178039,0.00178039,0.00178039,0.0,0.0,0.00178039,0.1847219766666656,0.5514004738461524,1.258926142647059,0.0017777699999999988,0.0018470769230769224,0.0018939082352941172
234,0.00177847,1544853600,0.00178217,0.00176112,0.00178217,73.58159544,0.12986176,0.00176486,0.06064546666666563,0.5471503661538447,0.9030846205882355,0.001779749999999999,0.0018407853846153842,0.0018908299999999998
235,0.00178947,1544860800,0.00179149,0.00177486,0.00177486,103.39919683,0.1847639,0.00178689,0.10487521999999895,0.5409814199999986,0.7262678614705883,0.0017827766666666655,0.0018350769230769228,0.0018846376470588234
236,0.00177852,1544868000,0.0017915,0.00176542,0.0017898,144.43888912,0.25687236,0.00177841,0.19049933999999893,0.5147715946153831,0.6019316861764706,0.0017821533333333324,0.001828148461538461,0.0018785888235294118
237,0.00175991,1544875200,0.00177972,0.00174734,0.00176348,230.38863403,0.40505994,0.00175815,0.2822320666666656,0.46165585769230627,0.5139351191176471,0.0017759666666666658,0.0018140261538461533,0.0018708694117647061
238,0.00171602,1544882400,0.00174734,0.00171121,0.00174734,497.55377919,0.85812777,0.00172469,0.506686689999999,0.48565347769230627,0.4295200791176471,0.0017514833333333324,0.001796535384615384,0.0018625170588235295
239,0.0017171,1544889600,0.00172456,0.00171168,0.00171602,564.74940049,0.97281556,0.00172256,0.7453344233333322,0.4863905869230755,0.448265250882353,0.0017310099999999992,0.0017831446153846148,0.0018545458823529416
240,0.00171895,1544896800,0.0017269,0.00171018,0.00172,127.56958162,0.21966606,0.00172193,0.6835364633333322,0.43704541153846005,0.42510891941176476,0.001717356666666666,0.0017708515384615377,0.0018469511764705885
241,0.00172733,1544904000,0.00173302,0.00171895,0.00171895,90.15322975,0.15568119,0.00172685,0.4493876033333322,0.4393819861538447,0.41530102441176475,0.0017211266666666662,0.0017596746153846145,0.0018417917647058826
242,0.00172663,1544911200,0.00172905,0.00172663,0.00172905,1.7254127,0.00297935,0.00172675,0.12610886666666554,0.3220802069230755,0.40730567323529415,0.0017243033333333329,0.0017554107692307685,0.0018359611764705887
243,0.00174275,1544918400,0.00174275,0.00173404,0.00174265,27.82644415,0.04834129,0.00173724,0.06900060999999887,0.2914103930769216,0.40062448441176474,0.0017322366666666662,0.001752958461538461,0.001830859117647059
244,0.00177004,1544925600,0.00177277,0.00174275,0.00174275,375.69998293,0.66055394,0.00175819,0.23729152666666553,0.30359982769230626,0.41031528411764706,0.001746473333333333,0.0017527669230769224,0.001827099117647059
245,0.00176803,1544932800,0.0017791,0.00176803,0.00177,431.04696894,0.76228182,0.00176844,0.49039234999999887,0.3582311492307678,0.4226847682352941,0.001760273333333333,0.0017518161538461533,0.001823279705882353
246,0.00177907,1544940000,0.00177907,0.00177905,0.00177907,2.66428678,0.00473992,0.00177905,0.4758585599999989,0.358595758461537,0.4128969132352941,0.0017723799999999998,0.001751714615384615,0.0018200276470588233
247,0.00175955,1544947200,0.00177907,0.00175955,0.00177906,17.81664705,0.03157123,0.001772,0.2661976566666655,0.35103494846153704,0.4038202114705883,0.0017688833333333331,0.0017502592307692302,0.0018157441176470585
248,0.00175689,1544954400,0.00177501,0.00175689,0.00176687,123.92923174,0.21800691,0.00175912,0.08477268666666549,0.3535921030769216,0.4038995111764706,0.00176517,0.0017477530769230763,0.001810915882352941
249,0.00176392,1544961600,0.00177906,0.00176213,0.00176216,50.05113174,0.08848765,0.00176794,0.11268859666666549,0.3406394330769216,0.38573298147058827,0.0017601200000000002,0.0017466299999999992,0.0018073741176470584
250,0.00177138,1544968800,0.00177869,0.00176091,0.00177869,57.15509651,0.10102065,0.00176748,0.13583840333333216,0.3172517953846139,0.378755800882353,0.0017640633333333336,0.0017475123076923069,0.0018040491176470586
251,0.00177763,1544976000,0.00177774,0.00177763,0.00177774,4.01449757,0.00713631,0.00177763,0.06554820333333215,0.2517909138461524,0.3738656973529413,0.0017709766666666668,0.0017522515384615378,0.001801006764705882
