,close,date,high,low,open,quoteVolume,volume,weightedAverage,avg_vol_3,avg_vol_13,avg_vol_34,avg_close_3,avg_close_13,avg_close_34
0,0.00012753,1552914661,0.00012753,0.00012753,0.00012753,0.0,0.0,0.00012753,-99999.0,-99999.0,-99999.0,-99999.0,-99999.0,-99999.0
1,0.0001282,1552917600,0.0001282,0.0001282,0.0001282,2.25473574,0.00028905,0.0001282,-99999.0,-99999.0,-99999.0,-99999.0,-99999.0,-99999.0
2,0.0001282,1552924800,0.0001282,0.0001282,0.0001282,0.0,0.0,0.0001282,9.635e-05,-99999.0,-99999.0,0.00012797666666666666,-99999.0,-99999.0
3,0.0001282,1552932000,0.0001282,0.00012724,0.00012724,78.59163784,0.01005746,0.00012797,0.003448836666666667,-99999.0,-99999.0,0.0001282,-99999.0,-99999.0
4,0.0001283,1552939200,0.0001283,0.0001282,0.0001282,1479.18852601,0.18976469,0.00012828,0.06660738333333334,-99999.0,-99999.0,0.00012823333333333332,-99999.0,-99999.0
5,0.0001283,1552946400,0.0001283,0.0001283,0.0001283,46.7653936,0.00599999,0.0001283,0.06860738000000001,-99999.0,-99999.0,0.00012826666666666668,-99999.0,-99999.0
6,0.00012829,1552953600,0.0001283,0.00012673,0.00012699,473.22978589,0.06068917,0.00012824,0.08548461666666667,-99999.0,-99999.0,0.0001282966666666667,-99999.0,-99999.0
7,0.00012648,1552960800,0.0001283,0.00012648,0.0001283,397.41028646,0.05085571,0.00012796,0.039181623333333325,-99999.0,-99999.0,0.00012769,-99999.0,-99999.0
8,0.00012765,1552968000,0.00012765,0.00012765,0.00012765,18.70761556,0.00238802,0.00012765,0.03797763333333332,-99999.0,-99999.0,0.0001274733333333333,-99999.0,-99999.0
9,0.00012796,1552975200,0.00012796,0.00012796,0.00012796,10.0,0.0012796,0.00012796,0.018174443333333328,-99999.0,-99999.0,0.00012736333333333331,-99999.0,-99999.0
10,0.00012796,1552982400,0.00012796,0.00012796,0.00012796,0.0,0.0,0.00012796,0.0012225399999999942,-99999.0,-99999.0,0.00012785666666666664,-99999.0,-99999.0
11,0.00012796,1552989600,0.00012796,0.00012796,0.00012796,0.0,0.0,0.00012796,0.00042653333333332756,-99999.0,-99999.0,0.00012796,-99999.0,-99999.0
12,0.00012828,1552996800,0.00012829,0.00012544,0.0001265,1400.77212971,0.17721411,0.00012651,0.059071370000000005,0.03834906153846154,-99999.0,0.00012806666666666667,0.00012794692307692304,-99999.0
13,0.00012828,1553004000,0.00012828,0.00012828,0.00012828,0.0,0.0,0.00012828,0.059071370000000005,0.03834906153846154,-99999.0,0.00012817333333333336,0.00012800461538461534,-99999.0
14,0.0001283,1553011200,0.0001283,0.00012575,0.00012575,141.4364159,0.01810941,0.00012803,0.06510784,0.039719858461538464,-99999.0,0.0001282866666666667,0.00012801230769230766,-99999.0
15,0.00012626,1553018400,0.00012829,0.00012626,0.00012664,428.45770101,0.0545869,0.0001274,0.024232103333333328,0.04391885076923077,-99999.0,0.00012761333333333335,0.00012786307692307688,-99999.0
16,0.0001283,1553025600,0.0001283,0.00012829,0.00012829,371.32085697,0.04763676,0.00012829,0.04011102333333333,0.046809566153846155,-99999.0,0.00012762000000000003,0.0001278707692307692,-99999.0
17,0.0001283,1553032800,0.0001283,0.0001283,0.0001283,21.77965705,0.00279432,0.0001283,0.035005993333333325,0.03242723,-99999.0,0.00012762000000000003,0.0001278707692307692,-99999.0
18,0.00012829,1553040000,0.00012829,0.00012601,0.00012601,509.76419669,0.06539058,0.00012827,0.03860722,0.03699573692307692,-99999.0,0.0001282966666666667,0.00012786999999999998,-99999.0
19,0.000128,1553047200,0.0001283,0.000128,0.0001283,32.18530787,0.00411999,0.000128,0.02410163,0.03264426153846154,-99999.0,0.00012819666666666666,0.0001278476923076923,-99999.0
20,0.0001283,1553054400,0.0001283,0.00012603,0.00012603,207.6572864,0.026256,0.00012643,0.031922189999999996,0.030751976153846155,-99999.0,0.00012819666666666666,0.0001279876923076923,-99999.0
21,0.000128,1553061600,0.000128,0.000128,0.000128,78.125,0.01,0.000128,0.013458663333333329,0.031337513076923076,-99999.0,0.0001281,0.00012801461538461536,-99999.0
22,0.000128,1553068800,0.000128,0.000128,0.000128,0.0,0.0,0.000128,0.01208533333333333,0.03123908230769231,-99999.0,0.0001281,0.0001280176923076923,-99999.0
23,0.00012764,1553076000,0.0001283,0.00012722,0.0001283,493.86635626,0.0633159,0.0001282,0.02443863333333333,0.036109536153846156,-99999.0,0.00012788,0.00012799307692307695,-99999.0
24,0.00012764,1553083200,0.00012764,0.00012764,0.00012764,0.0,0.0,0.00012764,0.021105299999999997,0.036109536153846156,-99999.0,0.00012776,0.00012796846153846156,-99999.0
25,0.00012743,1553090400,0.00012851,0.00012718,0.00012828,723.06460193,0.09273742,0.00012825,0.05201777333333333,0.029611329230769232,-99999.0,0.00012757000000000003,0.00012790307692307697,-99999.0
26,0.0001285,1553097600,0.0001285,0.0001285,0.0001285,7.10025261,0.00091238,0.0001285,0.031216599999999997,0.029681512307692306,-99999.0,0.0001278566666666667,0.00012792000000000004,-99999.0
27,0.000126,1553104800,0.00012786,0.00012545,0.00012747,1179.58255326,0.1486015,0.00012597,0.08075043333333333,0.03971936538461539,-99999.0,0.00012731000000000003,0.00012774307692307694,-99999.0
28,0.00012598,1553112000,0.00012598,0.00012426,0.00012572,1392.20270165,0.17377443,0.00012481,0.10776277,0.048887636923076926,-99999.0,0.0001268266666666667,0.00012772153846153848,-99999.0
29,0.00012598,1553119200,0.00012598,0.00012598,0.00012598,0.0,0.0,0.00012598,0.10745864333333333,0.04522327076923078,-99999.0,0.0001259866666666667,0.00012754307692307694,-99999.0
30,0.000126,1553126400,0.000126,0.00012401,0.00012499,500.15334102,0.06266787,0.00012529,0.0788141,0.04982892846153846,-99999.0,0.0001259866666666667,0.00012736615384615387,-99999.0
31,0.00012415,1553133600,0.00012514,0.00012414,0.000125,498.93493858,0.06214073,0.00012454,0.041602866666666655,0.04957894,-99999.0,0.00012537666666666668,0.00012704769230769233,-99999.0
32,0.000126,1553140800,0.000126,0.0001235,0.00012415,2433.09767123,0.3009642,0.00012369,0.14192426666666666,0.07241311,-99999.0,0.00012538333333333334,0.00012689384615384615,-99999.0
33,0.00012585,1553148000,0.000126,0.00012506,0.00012599,1687.03682383,0.21251105,0.00012596,0.19187199333333335,0.08674042153846154,0.05426638941176471,0.00012533333333333334,0.0001267053846153846,0.00012748558823529412
34,0.000126,1553155200,0.000126,0.00012585,0.00012585,222.84544787,0.02807505,0.00012598,0.1805167666666667,0.08813081,0.05509212617647059,0.00012595000000000003,0.00012655153846153846,0.00012744058823529415
35,0.00012585,1553162400,0.000126,0.00012585,0.00012586,2623.16054821,0.33013076,0.00012585,0.19023895333333332,0.11352548384615385,0.06479335294117648,0.0001259,0.00012638615384615384,0.00012737147058823533
36,0.00012357,1553169600,0.00012584,0.00012357,0.00012584,487.36555958,0.0605393,0.00012421,0.1395817033333333,0.11331189923076924,0.0665739205882353,0.00012514,0.00012607307692307691,0.00012723529411764708
37,0.00012584,1553176800,0.00012584,0.00012306,0.0001245,614.13733955,0.07687717,0.00012517,0.15584907666666664,0.1192255276923077,0.06853920617647058,0.0001250866666666667,0.00012593461538461538,0.0001271658823529412
38,0.00012521,1553184000,0.00012585,0.00012202,0.00012365,1209.90948002,0.15048412,0.00012437,0.09596686333333328,0.12366758153846155,0.06738389529411765,0.00012487333333333336,0.00012576384615384614,0.00012707500000000004
39,0.00012358,1553191200,0.00012584,0.00012358,0.0001248,284.47141025,0.03562868,0.00012524,0.08766332333333328,0.12633806615384618,0.06825532735294118,0.00012487666666666667,0.00012538538461538462,0.00012693617647058827
40,0.00012381,1553198400,0.00012382,0.00012381,0.00012381,62.60382422,0.0077513,0.00012381,0.06462136666666662,0.1155034353846154,0.06669833117647059,0.0001242,0.00012521692307692307,0.00012680441176470594
41,0.00012518,1553205600,0.00012518,0.00012515,0.00012515,39.83040259,0.00498567,0.00012517,0.01612188333333329,0.10251968461538463,0.06534921235294118,0.00012419000000000002,0.00012515538461538463,0.0001267661764705883
42,0.00012585,1553212800,0.00012585,0.00012351,0.00012521,626.41572004,0.07881187,0.00012581,0.03051627999999996,0.10858213615384617,0.06759697264705881,0.0001249466666666667,0.00012514538461538463,0.00012671323529411772
43,0.00012481,1553220000,0.00012585,0.00012481,0.00012585,24.67580623,0.00309013,0.00012522,0.028962556666666625,0.10399923307692308,0.06765022352941175,0.00012528000000000005,0.00012505384615384615,0.0001266205882352942
44,0.00012549,1553227200,0.00012585,0.00012463,0.00012469,865.16632998,0.10807017,0.00012491,0.06332405666666663,0.10753226692307692,0.07082875794117646,0.00012538333333333336,0.00012515692307692308,0.00012654794117647066
45,0.00012321,1553234400,0.0001253,0.00012321,0.0001253,1000.0,0.12335612,0.00012335,0.07817213999999996,0.09387010692307693,0.07445687911764705,0.00012450333333333339,0.0001249423076923077,0.00012640823529411774
46,0.00012585,1553241600,0.00012585,0.00012506,0.00012506,49.9773862,0.0062887,0.00012583,0.07923832999999997,0.07800684923076923,0.06942966117647056,0.00012485000000000005,0.0001249423076923077,0.00012633676470588247
47,0.00012535,1553248800,0.00012535,0.00012535,0.00012535,57.5906717,0.00721899,0.00012535,0.04562126999999997,0.07640253692307691,0.0696419844117647,0.0001248033333333334,0.0001248923076923077,0.00012625058823529422
48,0.00012535,1553256000,0.00012535,0.00012535,0.00012535,32.98327,0.00413445,0.00012535,0.005880713333333311,0.05132589769230768,0.06923095617647057,0.00012551666666666672,0.00012485384615384615,0.00012616382352941186
49,0.00012535,1553263200,0.00012585,0.00012535,0.00012535,1134.49756843,0.14276326,0.00012583,0.0513722333333333,0.05765081769230768,0.07182437852941176,0.00012535000000000004,0.00012499076923076923,0.0001261370588235295
50,0.00012535,1553270400,0.00012535,0.00012473,0.00012512,59.8933746,0.007491,0.00012507,0.0514629033333333,0.05231341999999999,0.07064362088235293,0.00012535000000000007,0.00012495307692307692,0.00012605029411764715
51,0.00012535,1553277600,0.00012535,0.00012535,0.00012535,0.0,0.0,0.00012535,0.050084753333333294,0.04073771846153846,0.07056143499999999,0.00012535000000000007,0.00012496384615384614,0.00012596352941176482
52,0.00012534,1553284800,0.00012534,0.00012364,0.00012514,203.71871875,0.02527604,0.00012407,0.01092234666666663,0.03994136153846154,0.06938159558823528,0.00012534666666666675,0.00012509923076923075,0.00012587676470588246
53,0.00012534,1553292000,0.00012534,0.00012534,0.00012534,0.0,0.0,0.00012534,0.008425346666666628,0.039345107692307695,0.0692604194117647,0.00012534333333333344,0.00012521692307692307,0.00012579852941176482
54,0.00012515,1553299200,0.00012535,0.0001243,0.00012535,202.89232734,0.02526651,0.00012453,0.016847516666666628,0.040905172307692306,0.06923131676470587,0.00012527666666666676,0.0001252146153846154,0.0001257058823529413
55,0.00012364,1553306400,0.00012366,0.00012364,0.00012366,233.000188,0.02880977,0.00012364,0.018025426666666625,0.037058856923076915,0.06978454529411764,0.00012471000000000013,0.00012504461538461538,0.00012557764705882368
56,0.0001249,1553313600,0.00012515,0.0001249,0.0001249,61.04253029,0.00762441,0.0001249,0.020566896666666626,0.037407647692307686,0.07000879264705882,0.00012456333333333346,0.00012505153846153848,0.00012548647058823544
57,0.00012531,1553320800,0.00012531,0.0001249,0.0001249,25.0,0.00312865,0.00012514,0.013187609999999959,0.02933522307692307,0.0682385794117647,0.00012461666666666678,0.0001250376923076923,0.00012541794117647075
58,0.00012511,1553328000,0.00012532,0.00012511,0.00012531,1976.0210611,0.24760614,0.0001253,0.08611973333333328,0.03889291692307692,0.07552111294117646,0.00012510666666666677,0.00012518384615384617,0.00012534352941176487
59,0.00012532,1553335200,0.00012532,0.00012532,0.00012532,144.96026173,0.01816642,0.00012532,0.08963373666666662,0.03980658769230769,0.07332784823529409,0.00012524666666666678,0.00012514307692307693,0.00012528147058823546
60,0.0001253,1553342400,0.00012532,0.0001253,0.00012532,1109.56651136,0.13903026,0.0001253,0.13493427333333327,0.049945916153846144,0.0773901388235294,0.00012524333333333344,0.0001251392307692308,0.00012518735294117663
61,0.00012532,1553349600,0.00012532,0.0001253,0.0001253,431.51803847,0.05407112,0.0001253,0.07042259999999993,0.053787198461538455,0.07460983352941175,0.00012531333333333343,0.0001251369230769231,0.00012516735294117664
62,0.00012531,1553356800,0.00012531,0.0001253,0.0001253,155.56837343,0.01949319,0.0001253,0.0708648566666666,0.04430488538461538,0.07007215,0.00012531000000000009,0.00012513384615384616,0.0001251476470588237
63,0.00012999,1553364000,0.00013177,0.00012531,0.00012531,8436.56551847,1.08886761,0.00012906,0.38747730666666663,0.12748770153846156,0.10209766794117646,0.00012687333333333343,0.00012549076923076924,0.00012526558823529427
64,0.0001315,1553371200,0.000133,0.00012847,0.0001299,2497.82686088,0.32850999,0.00013151,0.47895693,0.1527577007692308,0.10991655382352941,0.00012893333333333342,0.00012596384615384617,0.0001254273529411766
65,0.00013337,1553378400,0.00013537,0.00013,0.00013223,2994.3208652,0.39986243,0.00013354,0.6057466766666667,0.18157203846153847,0.11984954499999999,0.00013162000000000007,0.00012658153846153847,0.00012569852941176482
66,0.00013337,1553385600,0.00013838,0.00013143,0.00013311,32600.47592339,4.47664882,0.00013731,1.73500708,0.52592964,0.24266379852941178,0.00013274666666666674,0.00012719923076923078,0.00012591529411764716
67,0.00013337,1553392800,0.00013337,0.00013169,0.00013247,953.32324018,0.12631842,0.0001325,1.6676098899999998,0.5337028638461538,0.24012872117647063,0.0001333700000000001,0.00012783153846153848,0.0001261364705882354
68,0.00013214,1553400000,0.00013232,0.00013185,0.00013232,73.98112919,0.00976773,0.00013203,1.5375783233333333,0.5322380915384616,0.23959027058823534,0.00013296000000000008,0.00012848538461538464,0.00012631705882352952
69,0.00013059,1553407200,0.00013179,0.00013057,0.00013169,1107.22913905,0.14518087,0.00013112,0.09375567333333319,0.5428193576923077,0.23415056794117653,0.00013203333333333344,0.00012892307692307693,0.00012645647058823537
70,0.00012988,1553414400,0.00013152,0.00012988,0.00013114,595.96204999,0.07755532,0.00013013,0.07750130666666653,0.5485444861538462,0.23465103911764706,0.0001308700000000001,0.00012927461538461539,0.0001266420588235295
71,0.00013014,1553421600,0.0001325,0.00012961,0.00013051,2597.71775069,0.33973172,0.00013078,0.18748930333333322,0.5556310692307692,0.24238205529411766,0.00013020333333333344,0.00012966153846153848,0.00012676852941176478
72,0.00012944,1553428800,0.00013014,0.00012909,0.00012962,241.53330742,0.03131401,0.00012964,0.1495336833333332,0.5566424223076922,0.23887705205882354,0.0001298200000000001,0.00012997846153846155,0.00012689294117647067
73,0.00012949,1553436000,0.00013194,0.00012934,0.00012944,838.29429063,0.1091834,0.00013024,0.16007637666666655,0.55434651,0.24104042617647056,0.00012969000000000012,0.00013030076923076925,0.00012706676470588244
74,0.00013058,1553443200,0.00013194,0.00012923,0.00012949,935.11925515,0.12174865,0.00013019,0.08741535333333322,0.5595524738461538,0.24439328941176466,0.0001298366666666668,0.00013070538461538463,0.00012726588235294125
75,0.0001294,1553450400,0.00013175,0.00012936,0.00013047,567.06004136,0.07418498,0.00013082,0.10170567666666656,0.5637595346153845,0.24642856323529408,0.0001298233333333335,0.00013102000000000003,0.00012739000000000007
76,0.00013219,1553457600,0.00013219,0.00012935,0.00012942,1122.89946782,0.14798912,0.00013179,0.11464091666666655,0.49138426615384606,0.24846318823529406,0.0001307233333333335,0.0001311892307692308,0.00012757647058823536
77,0.00012961,1553464800,0.00013181,0.00012961,0.00013018,333.02135543,0.04324179,0.00012984,0.08847196333333322,0.46944055846153837,0.24964411941176465,0.00013040000000000016,0.00013104384615384617,0.00012771764705882358
78,0.00013016,1553472000,0.00013194,0.00012924,0.00013035,759.57872414,0.09930673,0.00013073,0.09684587999999988,0.4463208892307692,0.24938637117647056,0.00013065333333333348,0.00013079692307692308,0.00012785500000000004
79,0.00012993,1553479200,0.00013199,0.00012985,0.00013172,602.98245784,0.07897528,0.00013097,0.07384126666666654,0.10803830923076917,0.24808105235294112,0.00012990000000000015,0.00013053230769230768,0.00012805264705882357
80,0.000128,1553486400,0.00012993,0.000128,0.00012962,2419.95630836,0.31093302,0.00012848,0.16307167666666653,0.12223943230769224,0.25704117941176463,0.00012936333333333347,0.00013011923076923076,0.0001281158823529412
81,0.000128,1553493600,0.000128,0.000128,0.000128,177.28632813,0.02269265,0.000128,0.13753364999999987,0.12323365692307685,0.25749628705882344,0.00012864333333333346,0.00012980076923076923,0.0001281938235294118
82,0.000128,1553500800,0.000128,0.000128,0.000128,303.60351735,0.03886125,0.000128,0.12416230666666656,0.11505522461538456,0.2585176635294117,0.00012800000000000016,0.00012960153846153845,0.00012827176470588236
83,0.00013008,1553508000,0.00013008,0.00012899,0.00012899,1801.4433207,0.23397699,0.00012988,0.09851029666666655,0.1270876607692307,0.26120042029411755,0.0001286933333333335,0.0001296169230769231,0.0001284108823529412
84,0.00013025,1553515200,0.00013025,0.0001283,0.00012836,1836.35457757,0.23571148,0.00012835,0.16951657333333323,0.11908610384615377,0.2679127873529411,0.00012944333333333348,0.00012962538461538462,0.00012855500000000003
85,0.00012961,1553522400,0.00013247,0.0001281,0.00013025,3511.32209618,0.46114167,0.00013132,0.31027671333333323,0.1521497699999999,0.2814757776470587,0.00012998000000000013,0.00012963846153846156,0.0001286802941176471
86,0.00012935,1553529600,0.00012937,0.00012935,0.00012937,98.62279387,0.0127572,0.00012935,0.23653678333333325,0.14473236999999992,0.28110757647058815,0.0001297366666666668,0.00012962769230769232,0.0001287982352941177
87,0.00012935,1553536800,0.00012935,0.00012935,0.00012935,0.34154725,4.417e-05,0.00012935,0.15798101333333325,0.13537048692307685,0.2811088755882352,0.0001294366666666668,0.00012953307692307694,0.0001289161764705883
88,0.00012935,1553544000,0.00012935,0.00012935,0.00012935,0.0,0.0,0.00012935,0.004267123333333252,0.12966394999999992,0.2803657429411764,0.00012935000000000014,0.0001295292307692308,0.000129039705882353
89,0.00012883,1553551200,0.00012926,0.00012883,0.00012926,133.45977903,0.01721374,0.00012898,0.005752636666666586,0.11960430538461529,0.28002468323529406,0.0001291766666666668,0.00012927076923076927,0.00012919235294117653
90,0.00012883,1553558400,0.00012888,0.00012883,0.00012888,30.96498305,0.00399021,0.00012886,0.007067983333333253,0.11658495307692299,0.2799177949999999,0.0001290033333333335,0.00012921076923076924,0.00012930794117647066
91,0.00012883,1553565600,0.00012883,0.00012883,0.00012883,0.0,0.0,0.00012883,0.007067983333333253,0.10894597384615377,0.27982577588235286,0.00012883000000000016,0.00012910846153846154,0.00012941147058823536
92,0.00012883,1553572800,0.00012883,0.00012883,0.00012883,0.0,0.0,0.00012883,0.0013300699999999194,0.10287095230769222,0.2725432423529411,0.00012883000000000016,0.00012902384615384616,0.00012952088235294122
93,0.00012996,1553580000,0.00013,0.00012996,0.00012999,35.69231,0.00463957,0.00012998,0.0015465233333332524,0.07930991769230761,0.2721453938235293,0.00012920666666666684,0.00012917461538461538,0.00012965735294117654
94,0.00012995,1553587200,0.00013013,0.00012995,0.00013,18.24713947,0.00237281,0.00013003,0.0023374599999999193,0.07774685307692299,0.2681260570588235,0.00012958000000000015,0.00012932461538461536,0.0001297941176470589
95,0.00012779,1553594400,0.00013021,0.00012779,0.00012995,623.21805431,0.07989108,0.00012819,0.028967819999999922,0.08090299384615375,0.26888546764705873,0.00012923333333333348,0.00012930846153846152,0.0001298667647058824
96,0.00012779,1553601600,0.00012781,0.00012779,0.00012779,106.21080361,0.01357269,0.00012779,0.03194552666666659,0.06394881692307683,0.26871133529411756,0.00012851000000000016,0.00012913230769230768,0.000129939705882353
97,0.00013007,1553608800,0.00013007,0.00012971,0.00012971,391.39919817,0.05090749,0.00013006,0.04812375333333326,0.04973312538461528,0.23818309647058816,0.00012855000000000017,0.0001291184615384615,0.00012994205882352949
98,0.00013081,1553616000,0.00013088,0.00012906,0.00013008,413.44422169,0.05383134,0.0001302,0.03943717333333326,0.018401561538461435,0.23010431264705877,0.00012955666666666682,0.00012921076923076922,0.00012992176470588246
99,0.00012949,1553623200,0.0001295,0.00012949,0.0001295,30.80689443,0.00398926,0.00012949,0.036242696666666595,0.01772710461538451,0.21846098411764703,0.00013012333333333348,0.00012922153846153843,0.00012980764705882364
100,0.00013175,1553630400,0.00013175,0.0001301,0.0001301,795.76982942,0.10418106,0.00013091,0.05400055333333326,0.025737634615384513,0.08985899117647055,0.0001306833333333335,0.00012940615384615382,0.0001297600000000001
101,0.0001322,1553637600,0.0001322,0.00012936,0.00013,1334.14074486,0.17552925,0.00013156,0.09456652333333326,0.03923988461538452,0.09130636852941171,0.0001311466666666668,0.0001296253846153846,0.00012972558823529424
102,0.00012967,1553644800,0.00012967,0.00012966,0.00012966,200.0,0.02593201,0.00012966,0.10188077333333327,0.03991052076923067,0.09178178852941171,0.0001312066666666668,0.00012968999999999996,0.0001296529411764707
103,0.00012967,1553652000,0.00012967,0.00012967,0.00012967,0.0,0.0,0.00012967,0.06715375333333327,0.03960358153846144,0.08751176294117642,0.00013051333333333347,0.00012975461538461535,0.0001296258823529413
104,0.00012987,1553659200,0.00013214,0.0001297,0.00012971,549.61792836,0.0721357,0.00013124,0.03268923666666659,0.04515248153846144,0.08735236235294112,0.00012973666666666684,0.00012983461538461537,0.00012962558823529423
105,0.00013019,1553666400,0.00013184,0.00013016,0.00013016,90.77131058,0.01188679,0.00013095,0.028007496666666593,0.04606684999999991,0.07770986441176465,0.00012991000000000014,0.00012993923076923074,0.00012962705882352951
106,0.00013167,1553673600,0.00013167,0.0001289,0.00012962,1781.85577553,0.23081828,0.00012953,0.10494692333333326,0.06346521230769221,0.08357763705882347,0.0001305766666666668,0.00013007076923076923,0.00012969264705882367
107,0.00013075,1553680800,0.000133,0.00012943,0.00013138,4612.73438165,0.61117007,0.00013249,0.2846250466666666,0.11029577076923067,0.09834195088235288,0.00013087000000000013,0.00013013230769230767,0.00012972970588235306
108,0.00013075,1553688000,0.0001322,0.00013066,0.00013076,257.19807679,0.03366165,0.00013087,0.2918833333333332,0.10673966076923065,0.09575115676470583,0.0001310566666666668,0.00013036,0.00012973470588235306
109,0.00013511,1553695200,0.000138,0.00013067,0.00013077,10575.00243867,1.42279293,0.00013454,0.6892082166666667,0.21514121769230757,0.13541609647058817,0.0001322033333333335,0.0001309230769230769,0.00012990264705882364
110,0.00013274,1553702400,0.00014,0.00013274,0.00013539,10194.08852685,1.39076702,0.00013642,0.9490738666666667,0.31820733538461526,0.17196838764705877,0.00013286666666666682,0.00013112846153846152,0.00012991882352941187
111,0.00013202,1553709600,0.00013414,0.00013195,0.00013275,436.01491391,0.05782547,0.00013262,0.9571284733333334,0.318514576153846,0.17239731941176464,0.00013329000000000018,0.00013122153846153843,0.00012998970588235306
112,0.00013296,1553716800,0.00013407,0.00013066,0.00013397,683.69738897,0.09010332,0.00013178,0.5128986033333334,0.32513873461538445,0.17212663088235286,0.0001325733333333335,0.0001314884615384615,0.00013007205882352953
113,0.00013378,1553724000,0.00013379,0.00013297,0.00013297,286.77431871,0.03824797,0.00013337,0.06205892000000005,0.32006695846153826,0.17092876882352934,0.00013292000000000016,0.00013164461538461538,0.00013018529411764718
114,0.00013378,1553731200,0.00013378,0.00013378,0.00013378,2.89692802,0.00038755,0.00013378,0.04291294666666672,0.3065945199999998,0.1617950785294117,0.00013350666666666684,0.00013176615384615382,0.00013035529411764717
115,0.00013297,1553738400,0.00013377,0.00013297,0.00013377,8.31265377,0.00110794,0.00013328,0.013247820000000054,0.30468497615384593,0.161160234117647,0.00013351000000000018,0.00013202,0.00013050147058823542
116,0.00013129,1553745600,0.00013297,0.00013119,0.00013297,184.02910608,0.02425099,0.00013177,0.008582160000000054,0.3065504369230767,0.1607305205882352,0.00013268000000000017,0.0001321446153846154,0.00013059823529411777
117,0.00013297,1553752800,0.00013297,0.0001312,0.00013295,49.19267535,0.00652936,0.00013273,0.010629430000000053,0.3015037953846152,0.1540408844117646,0.0001324100000000002,0.00013238307692307693,0.00013068323529411775
118,0.00013242,1553760000,0.00013376,0.00013199,0.00013199,178.74672617,0.02382358,0.00013328,0.018201310000000054,0.3024220099999998,0.14780888735294107,0.00013222666666666688,0.0001325546153846154,0.00013074705882352953
119,0.00013369,1553767200,0.00013375,0.00013242,0.00013375,94.74130158,0.01255951,0.00013256,0.014304150000000052,0.28563287384615366,0.13461529441176462,0.0001330266666666669,0.00013271,0.00013086705882352952
120,0.00013217,1553774400,0.0001337,0.00013048,0.00013368,8047.25878754,1.06194603,0.00013196,0.36610970666666676,0.32030794769230747,0.1654737894117646,0.00013276000000000024,0.00013281923076923077,0.00013095000000000012
121,0.00013294,1553781600,0.00013295,0.00013092,0.00013219,466.0465428,0.06193222,0.00013288,0.3788125866666668,0.32248260692307673,0.1672940261764705,0.00013293333333333355,0.0001329876923076923,0.0001310555882352942
122,0.00013373,1553788800,0.00013373,0.00013109,0.00013269,678.09632189,0.09027366,0.00013312,0.4047173033333335,0.21998112461538444,0.1699491338235293,0.00013294666666666688,0.00013288153846153846,0.00013118441176470597
123,0.00013347,1553796000,0.00013486,0.00013094,0.00013373,2279.03519113,0.30375848,0.00013328,0.1519881200000001,0.1363650830769229,0.17837692029411756,0.00013338000000000022,0.0001329376923076923,0.00013132088235294126
124,0.00013459,1553803200,0.00013459,0.00013229,0.00013229,649.83450939,0.0868924,0.00013371,0.1603081800000001,0.1386010007692306,0.1808152199999999,0.0001339300000000002,0.00013313538461538462,0.00013149029411764718
125,0.00013327,1553810400,0.00013594,0.00013327,0.00013371,2337.84273851,0.31412486,0.00013436,0.23492524666666678,0.15583342692307675,0.1900541864705881,0.00013377666666666689,0.00013315923076923075,0.0001316208823529413
126,0.000135,1553817600,0.000135,0.00013327,0.00013396,429.50714536,0.05777998,0.00013452,0.15293241333333343,0.15733588923076905,0.1917535976470587,0.0001342866666666669,0.0001332530769230769,0.0001318023529411766
127,0.000135,1553824800,0.000135,0.00013409,0.000135,175.31675593,0.02365981,0.00013495,0.13185488333333342,0.15912606307692287,0.19231301647058813,0.00013442333333333356,0.00013334692307692307,0.00013195058823529422
128,0.00013409,1553832000,0.00013409,0.00013409,0.00013409,2.0,0.00026818,0.00013409,0.0272359900000001,0.15906146615384595,0.19225111558823518,0.0001346966666666669,0.0001334330769230769,0.00013207235294117656
129,0.00013408,1553839200,0.00013548,0.00013408,0.00013409,198.11354989,0.02663828,0.00013445,0.01685542333333343,0.15924510384615362,0.19068485676470576,0.0001343900000000002,0.00013364769230769227,0.00013225735294117657
130,0.00013427,1553846400,0.00013427,0.0001323,0.00013409,884.0039516,0.11767072,0.00013311,0.04819239333333344,0.167794439230769,0.19374656352941166,0.00013414666666666688,0.00013374769230769227,0.0001324479411764707
131,0.00013055,1553853600,0.00013422,0.00012896,0.00013239,5819.06966701,0.76120882,0.00013081,0.30183927333333344,0.22451638076923056,0.21463777911764695,0.00013296666666666687,0.0001336038461538461,0.00013246205882352948
132,0.00013055,1553860800,0.00013055,0.00013032,0.00013032,11.28505228,0.00147187,0.00013042,0.29345047000000013,0.22366348538461517,0.21309779470588222,0.00013179000000000023,0.0001333623076923076,0.00013245441176470597
133,0.00013218,1553868000,0.0001322,0.00013055,0.00013055,515.84907341,0.06802202,0.00013186,0.27690090333333345,0.14720779230769207,0.21498111117647045,0.00013109333333333355,0.00013336307692307685,0.00013253352941176478
134,0.00013058,1553875200,0.00013132,0.00013058,0.00013132,3.67189222,0.00048152,0.00013113,0.0233251366666668,0.14248081538461513,0.2119311247058822,0.00013110333333333355,0.00013318153846153836,0.00013249911764705888
135,0.00013131,1553882400,0.00013131,0.00013131,0.00013131,0.91379179,0.00011998,0.00013131,0.022874506666666804,0.13554591692307666,0.20677202852941162,0.00013135666666666687,0.00013299538461538453,0.00013247294117647065
136,0.0001307,1553889600,0.0001307,0.0001307,0.0001307,8.59319113,0.00112313,0.0001307,0.0005748766666668024,0.11226627461538438,0.20604235558823514,0.00013086333333333353,0.00013278230769230758,0.0001325032352941177
137,0.0001307,1553896800,0.0001307,0.0001307,0.0001307,0.0,0.0,0.0001307,0.00041437000000013575,0.10558224384615361,0.20604235558823514,0.00013090333333333351,0.00013248307692307682,0.00013253352941176478
138,0.00012932,1553904000,0.00013065,0.000125,0.00013065,9392.35791544,1.1944198,0.00012716,0.3985143100000001,0.17329723923076898,0.2390507114705881,0.0001302400000000002,0.00013217923076923067,0.00013251735294117652
139,0.0001299,1553911200,0.0001299,0.00012938,0.00012938,554.70460477,0.0720235,0.00012984,0.4221477666666667,0.17439289461538438,0.24081943823529398,0.00012997333333333353,0.000131786923076923,0.00013250882352941183
140,0.00012982,1553918400,0.0001299,0.00012969,0.0001299,322.05941016,0.04183017,0.00012988,0.4360911566666667,0.17579061461538437,0.23526096441176458,0.0001296800000000002,0.00013138846153846144,0.00013245441176470594
141,0.00012989,1553925600,0.00012989,0.00012932,0.00012989,29.13505064,0.00378119,0.00012978,0.03921162000000004,0.17606084615384593,0.21739658558823519,0.00012987000000000022,0.00013106538461538452,0.00013242911764705886
142,0.0001299,1553932800,0.0001299,0.00012988,0.00012988,97.87338282,0.01271275,0.00012988,0.019441370000000038,0.17498965153846133,0.21678044147058814,0.00012987000000000022,0.00013074384615384608,0.00013240411764705887
143,0.00012832,1553940000,0.0001299,0.00012832,0.0001299,736.42909412,0.09460804,0.00012846,0.03703399333333337,0.173215599230769,0.1777161799999999,0.0001293700000000002,0.00013028615384615377,0.00013220441176470593
144,0.00012851,1553947200,0.0001299,0.00012851,0.00012986,2121.93788245,0.27517656,0.00012968,0.12749911666666672,0.13582850230769206,0.14490469588235283,0.0001289100000000002,0.0001301292307692307,0.00013208000000000005
145,0.00012831,1553954400,0.00013194,0.00012831,0.00013007,2007.00788786,0.26097914,0.00013003,0.21025458,0.15579059999999975,0.1508798038235293,0.00012838000000000018,0.000129956923076923,0.00013197088235294125
146,0.00012754,1553961600,0.00012957,0.000127,0.0001283,2229.47512594,0.28533364,0.00012798,0.27382978,0.17250687846153825,0.15662187205882344,0.0001281200000000002,0.00012959999999999992,0.00013181147058823536
147,0.000127,1553968800,0.00012823,0.000127,0.00012741,216.23231658,0.02752643,0.0001273,0.19127973666666667,0.17458725615384593,0.15630653264705874,0.00012761666666666688,0.0001293246153846153,0.0001316120588235295
148,0.0001299,1553976000,0.0001305,0.0001281,0.0001281,2235.88153162,0.28935612,0.00012941,0.20073873,0.19683618999999977,0.16480560823529403,0.00012814666666666687,0.00012921615384615378,0.00013149794117647067
149,0.00012925,1553983200,0.00013,0.00012701,0.00012998,1288.97857072,0.16523071,0.00012818,0.16070442000000001,0.20945984999999975,0.16963274852941168,0.0001287166666666669,0.0001291046153846153,0.00013138852941176478
150,0.00012805,1553990400,0.00012998,0.00012805,0.00012916,1025.25655566,0.13221025,0.00012895,0.1955990266666667,0.219629869230769,0.17280802088235286,0.00012906666666666689,0.00012890076923076916,0.00013129323529411773
151,0.00012703,1553997600,0.00012982,0.000127,0.00012802,2726.1878114,0.34731659,0.0001274,0.21491918333333337,0.15446808384615363,0.18283117470588228,0.00012811000000000024,0.00012872461538461532,0.0001311185294117648
152,0.0001273,1554004800,0.000128,0.00012703,0.00012703,260.07483746,0.03313686,0.00012741,0.17088790000000006,0.1514768038461536,0.1831050947058823,0.00012746000000000025,0.00012852461538461531,0.0001309679411764707
153,0.000128,1554012000,0.000128,0.00012729,0.00012729,1172.66068622,0.1501,0.00012799,0.17685115000000007,0.15980525230769208,0.18715040323529405,0.00012744333333333357,0.0001283846153846153,0.00013080058823529422
154,0.000128,1554019200,0.000128,0.000127,0.00012787,837.65785266,0.10719132,0.00012796,0.0968093933333334,0.16775987769230746,0.1590693823529411,0.0001277666666666669,0.0001282392307692307,0.00013067794117647069
155,0.00012798,1554026400,0.000128,0.0001267,0.000128,465.98935045,0.05938036,0.00012742,0.10555722666666674,0.17134969384615362,0.15899432764705873,0.00012799333333333356,0.0001280915384615384,0.0001305320588235295
156,0.00012736,1554033600,0.00012749,0.00012628,0.00012712,478.88079026,0.06062512,0.00012659,0.07573226666666673,0.16873562307692283,0.1581223117647058,0.00012778000000000022,0.00012801769230769226,0.00013034470588235301
157,0.000128,1554040800,0.000128,0.0001271,0.000128,177.92561416,0.02272976,0.00012774,0.047578413333333396,0.1493166384615382,0.14985676117647048,0.00012778000000000022,0.00012797846153846148,0.00013018382352941184
158,0.000128,1554048000,0.000128,0.000127,0.00012748,1259.69222148,0.16080335,0.00012765,0.08138607666666672,0.1416108084615382,0.15203061264705872,0.0001277866666666669,0.00012795461538461534,0.00012999000000000005
159,0.00012799,1554055200,0.000128,0.00012799,0.000128,1328.64753239,0.17006686,0.00012799,0.11786665666666674,0.13274413307692282,0.14779361264705873,0.0001279966666666669,0.00012798923076923072,0.00012983470588235295
160,0.00012908,1554062400,0.00012908,0.00012819,0.00012819,422.82876509,0.05447759,0.00012884,0.12844926666666676,0.134817299230769,0.14769648352941167,0.0001283566666666669,0.00012814923076923072,0.00012966058823529416
161,0.00012721,1554069600,0.00012906,0.00012721,0.00012776,144.30686659,0.01843503,0.00012774,0.08099316000000008,0.11397721538461515,0.14754281352941168,0.00012809333333333359,0.00012794230769230762,0.00012943147058823535
162,0.00012746,1554076800,0.00012931,0.00012732,0.00012904,226.38072868,0.02918745,0.00012893,0.03403335666666676,0.10351234923076899,0.14839338029411758,0.0001279166666666669,0.0001278046153846153,0.00012923647058823534
163,0.00012932,1554084000,0.00012932,0.00012929,0.00012929,362.85587194,0.04691651,0.00012929,0.03151299666666676,0.09695129230769206,0.14898979882352933,0.0001279966666666669,0.00012790230769230764,0.00012909647058823533
164,0.00013059,1554091200,0.0001306,0.00012758,0.00012759,1090.96962959,0.14185515,0.00013002,0.07265303666666677,0.08114656615384591,0.14970110558823518,0.00012912333333333357,0.00012817615384615378,0.0001289882352941177
165,0.00012982,1554098400,0.00012982,0.00012728,0.00012877,784.87058371,0.10076474,0.00012838,0.09651213333333343,0.08634871076923054,0.13027627970588224,0.00012991000000000022,0.00012836999999999994,0.0001289667647058824
166,0.0001285,1554105600,0.00012977,0.00012831,0.00012831,751.47450915,0.09648125,0.00012838,0.11303371333333344,0.0822241915384613,0.133070673235294,0.00012963666666666692,0.00012840846153846147,0.00012890647058823535
167,0.00012792,1554112800,0.00013008,0.00012791,0.0001285,868.26143075,0.11178569,0.00012874,0.10301056000000008,0.08257760461538438,0.1343578399999999,0.0001287466666666669,0.00012840230769230762,0.0001287811764705883
168,0.00012958,1554120000,0.00012958,0.00012887,0.00012887,272.0526588,0.0352111,0.00012942,0.08115934666666674,0.08071843076923052,0.135379298235294,0.0001286666666666669,0.00012852538461538454,0.0001287517647058824
169,0.00012896,1554127200,0.00012896,0.00012896,0.00012896,300.61601001,0.03876744,0.00012896,0.061921410000000066,0.07903707076923051,0.13651598823529398,0.00012882000000000022,0.00012864846153846145,0.0001286826470588236
170,0.00012908,1554134400,0.00012908,0.00012908,0.00012908,2.85707695,0.00036879,0.00012908,0.024782443333333404,0.0773169961538459,0.13649380176470574,0.00012920666666666692,0.0001287315384615384,0.00012863500000000004
171,0.00012929,1554141600,0.0001293,0.000127,0.00012906,2095.7204649,0.26670396,0.00012726,0.10194673000000008,0.08546319692307666,0.1443380358823528,0.00012911000000000023,0.00012883076923076914,0.00012859352941176476
172,0.00012929,1554148800,0.00012929,0.00012929,0.00012929,312.15457546,0.04035846,0.00012929,0.10247707000000007,0.07548562769230743,0.11039505529411753,0.00012922000000000023,0.00012893076923076914,0.0001285926470588236
173,0.00013,1554156000,0.00013006,0.00012929,0.0001293,750.23002177,0.09713816,0.00012947,0.13473352666666674,0.07876720999999974,0.11113372176470578,0.00012952666666666692,0.00012900153846153839,0.00012859558823529417
174,0.00013008,1554163200,0.00013008,0.00013,0.00013,108.34244526,0.01409229,0.00013007,0.050529636666666745,0.07843315307692282,0.11031790176470577,0.00012979000000000026,0.0001292223076923076,0.00012860323529411771
175,0.00013008,1554170400,0.00013008,0.00013007,0.00013007,426.12381675,0.0554261,0.00013007,0.055552183333333414,0.08045151076923052,0.11183686970588223,0.00013005333333333357,0.00012942384615384608,0.00012860882352941185
176,0.000125,1554177600,0.00013112,0.00012411,0.00013008,10849.24417614,1.37892577,0.00012709,0.4828147200000001,0.18291376153846128,0.15201960558823516,0.0001283866666666669,0.0001290915384615384,0.00012846470588235304
177,0.00012498,1554184800,0.000125,0.00012349,0.000125,3406.62189884,0.42432764,0.00012455,0.6195598366666667,0.20464241461538435,0.16171724088235281,0.00012668666666666693,0.00012865999999999992,0.00012836647058823538
178,0.00012302,1554192000,0.000125,0.00012302,0.0001238,1727.43446965,0.21388917,0.00012381,0.6723808600000001,0.21334429384615358,0.15991467058823514,0.0001243333333333336,0.000128136923076923,0.00012820500000000008
179,0.00012456,1554199200,0.00012485,0.00012305,0.00012323,78.28042865,0.00968599,0.00012373,0.21596760000000007,0.2066677353846151,0.15252369558823517,0.00012418666666666695,0.0001278338461538461,0.00012809470588235301
180,0.00012475,1554206400,0.000125,0.00012341,0.0001249,1393.05609724,0.17366395,0.00012466,0.13241303666666673,0.21142760153846127,0.14923929294117633,0.00012411000000000027,0.00012758999999999994,0.00012801264705882362
181,0.00012121,1554213600,0.000125,0.00012121,0.00012475,1953.02485932,0.24026959,0.00012302,0.1412065100000001,0.22720133153846125,0.1554964447058822,0.00012350666666666692,0.0001269461538461538,0.00012784235294117653
182,0.0001212,1554220800,0.0001233,0.00012118,0.00012121,1732.01499325,0.21084864,0.00012173,0.20826072666666676,0.24043834692307664,0.15318740117647045,0.0001223866666666669,0.0001263492307692307,0.00012758647058823538
183,0.00011913,1554228000,0.00012119,0.00011658,0.00012118,13233.12122301,1.56130284,0.00011798,0.6708070233333334,0.3605101969230767,0.1942483461764704,0.00012051333333333357,0.0001255838461538461,0.00012728882352941185
184,0.00012067,1554235200,0.00012068,0.00011916,0.00011924,850.6584744,0.1025339,0.00012053,0.6248951266666668,0.3478817307692305,0.193375512352941,0.00012033333333333357,0.0001249207692307692,0.00012707176470588244
185,0.00011727,1554242400,0.00012068,0.00011727,0.00012068,3262.77182216,0.38961918,0.00011941,0.6844853066666667,0.3747479399999998,0.19461970617647043,0.00011902333333333355,0.0001239961538461538,0.00012678470588235301
186,0.00011807,1554249600,0.00011927,0.00011727,0.00011751,2164.30578346,0.25595654,0.00011826,0.24936987333333346,0.3869647384615382,0.20117322617647043,0.00011867000000000023,0.0001230784615384615,0.0001265132352941177
187,0.000119,1554256800,0.00011911,0.00011694,0.00011896,2946.80439243,0.34834401,0.00011821,0.3313065766666668,0.412676409230769,0.207003932352941,0.00011811333333333358,0.0001222261538461538,0.00012624852941176478
188,0.000119,1554264000,0.000119,0.000117,0.00011704,6084.17663335,0.71315644,0.00011721,0.43915233000000015,0.4632710507692305,0.22482643588235277,0.00011869000000000025,0.0001213738461538461,0.00012598382352941185
189,0.0001173,1554271200,0.00011962,0.0001173,0.00011796,863.91143785,0.10270604,0.00011888,0.3880688300000001,0.365100302307692,0.22610072058823513,0.00011843333333333357,0.0001207815384615384,0.00012566970588235302
190,0.0001196,1554278400,0.0001196,0.00011845,0.00011936,29.03978757,0.00345219,0.00011887,0.2731048900000001,0.33272526769230737,0.22441916382352925,0.00011863333333333357,0.00012036769230769226,0.00012544147058823538
191,0.00011839,1554285600,0.00011927,0.00011635,0.00011845,2010.60102839,0.23635455,0.00011755,0.11417092666666673,0.33445337384615353,0.23070224588235277,0.00011843000000000022,0.0001200115384615384,0.00012515882352941187
192,0.00011796,1554292800,0.000118,0.00011589,0.00011798,5767.54801393,0.67154664,0.00011643,0.3037844600000001,0.38536573153846115,0.24572410735294103,0.00011865000000000024,0.00011950384615384611,0.00012486352941176485
193,0.000118,1554300000,0.000118,0.00011796,0.00011796,1327.56804913,0.15662683,0.00011798,0.3548426733333334,0.3840551838461535,0.24532881235294102,0.0001181166666666669,0.00011898461538461535,0.00012456970588235308
194,0.00011832,1554307200,0.00011868,0.00011612,0.000118,4391.17836903,0.51419078,0.00011709,0.4474547500000001,0.4051260446153843,0.25884978852941165,0.00011809333333333357,0.00011876230769230765,0.00012425323529411777
195,0.00012131,1554314400,0.00012131,0.00011723,0.00011839,3959.94654438,0.47506086,0.00011996,0.3819594900000001,0.4254500615384612,0.2722799599999999,0.00011921000000000024,0.00011877076923076919,0.0001240797058823531
196,0.0001204,1554321600,0.00012155,0.000119,0.00011955,4415.15280054,0.52970926,0.00011997,0.5063203000000002,0.3460967092307689,0.28700118970588223,0.00012001000000000024,0.00011886846153846149,0.00012387205882352954
197,0.00011844,1554328800,0.00011949,0.0001161,0.00011949,38835.06773963,4.53772928,0.00011684,1.8474998000000002,0.6872655846153843,0.419083918235294,0.00012005000000000023,0.00011869692307692302,0.00012355205882352954
198,0.00011811,1554336000,0.00011917,0.00011612,0.00011843,2100.43533865,0.24882378,0.00011846,1.7720874400000002,0.676435169230769,0.4222300544117646,0.00011898333333333356,0.0001187615384615384,0.00012318500000000016
199,0.00011788,1554343200,0.0001182,0.00011788,0.0001182,114.99902423,0.01358808,0.00011815,1.600047046666667,0.6577914415384613,0.4196660349999999,0.00011814333333333356,0.00011874692307692302,0.0001228338235294119
200,0.00011782,1554350400,0.00011782,0.00011782,0.00011782,78.40575683,0.00923776,0.00011782,0.09054987333333386,0.6317063453846151,0.41710004999999983,0.00011793666666666689,0.0001186561538461538,0.00012251970588235308
201,0.00011917,1554357600,0.00011917,0.00011775,0.00011897,2271.4744178,0.2701272,0.00011892,0.09765101333333387,0.5976271730769228,0.42175715323529395,0.00011829000000000022,0.00011866923076923074,0.00012226235294117663
202,0.00011731,1554364800,0.00011732,0.0001173,0.00011732,838.42143213,0.09834822,0.0001173,0.12590439333333386,0.5972919561538459,0.423614127352941,0.00011810000000000021,0.00011866999999999996,0.00012190147058823544
203,0.00011917,1554372000,0.00011917,0.00011895,0.00011895,77.0,0.00917573,0.00011916,0.1258837166666672,0.5977322284615382,0.4227437829411763,0.00011855000000000021,0.00011863692307692302,0.00012161352941176485
204,0.00011962,1554379200,0.00011962,0.00011916,0.00011916,881.78817412,0.10513417,0.00011922,0.07088604000000054,0.5876383530769228,0.42582511764705866,0.00011870000000000022,0.00011873153846153842,0.0001213352941176472
205,0.00011705,1554386400,0.00011985,0.00011705,0.00011985,1469.78129698,0.17358438,0.0001181,0.09596476000000054,0.5493335638461536,0.4230863064705881,0.00011861333333333353,0.00011866153846153841,0.00012097529411764719
206,0.00011701,1554393600,0.00011727,0.000117,0.00011727,1119.8926085,0.13128073,0.00011722,0.1366664266666672,0.5473838638461537,0.4257604908823528,0.00011789333333333354,0.00011858538461538458,0.00012061411764705896
207,0.00011681,1554400800,0.00011727,0.00011681,0.00011714,279.88752477,0.03274584,0.00011699,0.11253698333333388,0.5103496376923075,0.4238665991176469,0.00011695666666666688,0.00011846923076923072,0.00012022617647058838
208,0.00011681,1554408000,0.00011682,0.00011681,0.00011682,114.82005056,0.01341301,0.00011681,0.059146526666667205,0.4748382646153844,0.4238466202941175,0.00011687666666666688,0.00011812307692307687,0.00011983588235294132
209,0.00011682,1554415200,0.00011682,0.00011681,0.00011681,43.87063332,0.00512457,0.00011681,0.01709447333333387,0.43448559615384597,0.4223671635294116,0.00011681333333333355,0.00011784769230769226,0.00011944588235294131
210,0.00011682,1554422400,0.00011682,0.00011659,0.00011681,21.03800155,0.00245645,0.00011676,0.006998010000000536,0.08561845538461527,0.38188277176470575,0.00011681666666666687,0.00011772307692307686,0.0001192052941176472
211,0.0001168,1554429600,0.0001168,0.0001168,0.0001168,3.0,0.0003504,0.0001168,0.0026438066666672026,0.06650511846153837,0.3694128529411764,0.00011681333333333355,0.00011762230769230763,0.00011896470588235308
212,0.00011854,1554436800,0.00011854,0.00011659,0.00011682,628.32088302,0.07364626,0.00011721,0.025484370000000537,0.07112497846153835,0.3652880614705881,0.00011738666666666688,0.00011767307692307687,0.00011883294117647075
213,0.00011853,1554444000,0.00011853,0.00011853,0.00011853,91.64008026,0.01086209,0.00011853,0.02828625000000054,0.07124992692307683,0.3653226526470587,0.00011795666666666686,0.00011772769230769226,0.00011865558823529428
214,0.00011676,1554451200,0.00011676,0.00011676,0.00011676,6.08660346,0.00071067,0.00011676,0.02840634000000054,0.050525578461538365,0.36023579147058815,0.00011794333333333352,0.00011754230769230763,0.00011842058823529428
215,0.0001159,1554458400,0.00011726,0.00011501,0.00011676,1173.142568,0.13598939,0.00011591,0.04918738333333387,0.05342105307692298,0.3571687267647058,0.00011706333333333352,0.0001174338461538461,0.00011826441176470605
216,0.00011762,1554465600,0.00011774,0.00011578,0.00011578,667.89257253,0.07840441,0.00011739,0.07170149000000053,0.05874633615384605,0.353273308235294,0.0001167600000000002,0.00011731461538461532,0.00011815911764705897
217,0.00011762,1554472800,0.00011762,0.00011762,0.00011762,0.0,0.0,0.00011762,0.07146460000000053,0.0506590923076922,0.30735263647058814,0.00011704666666666686,0.00011716076923076917,0.00011811470588235307
218,0.00011764,1554480000,0.00011764,0.00011764,0.00011764,4.80151827,0.00056485,0.00011764,0.026323086666667207,0.03734989769230758,0.30435354676470583,0.00011762666666666687,0.00011720615384615377,0.00011802558823529425
219,0.00012212,1554487200,0.00012579,0.00011774,0.00011774,13890.2900304,1.68697711,0.00012145,0.5625139866666672,0.1570188499999999,0.3425111329411764,0.00011912666666666686,0.0001175992307692307,0.00011816823529411776
220,0.00012001,1554494400,0.00012206,0.00011989,0.00012206,962.1940786,0.11660707,0.00012118,0.6013830100000005,0.16346971384615377,0.33841261911764703,0.00011992333333333352,0.00011784538461538455,0.0001182252941176472
221,0.00011857,1554501600,0.00011989,0.00011845,0.00011989,535.81906892,0.06382374,0.00011911,0.6224693066666671,0.16734746230769224,0.3300443758823529,0.00012023333333333352,0.00011798076923076916,0.00011821264705882366
222,0.00011875,1554508800,0.00011875,0.00011875,0.00011875,1.60820708,0.00019097,0.00011875,0.06020726000000046,0.16696795461538455,0.30907480323529407,0.00011911000000000018,0.0001181292307692307,0.00011820529411764719
223,0.00011875,1554516000,0.00011875,0.00011875,0.00011875,0.0,0.0,0.00011875,0.021338236666667135,0.16677899692307685,0.3060540373529412,0.00011869000000000018,0.00011827769230769225,0.00011824794117647072
224,0.00011911,1554523200,0.00011911,0.00011911,0.00011911,1.01355845,0.00012072,0.00011911,0.000103896666667135,0.16676132923076917,0.30595605294117645,0.0001188700000000002,0.00011845538461538455,0.00011823352941176485
225,0.00012035,1554530400,0.00012036,0.00011947,0.00011984,541.49728169,0.06499507,0.00012002,0.021705263333333804,0.16609585307692304,0.3009160682352941,0.00011940333333333352,0.0001185946153846153,0.00011829117647058837
226,0.00012055,1554537600,0.00012055,0.0001189,0.00011895,958.54287596,0.11532045,0.0001203,0.06014541333333381,0.1741311115384615,0.2845564744117647,0.00012000333333333353,0.00011874999999999993,0.00011836735294117658
227,0.00011872,1554544800,0.00012065,0.00011845,0.00012064,1478.8608506,0.1759117,0.00011895,0.11874240666666713,0.1876081138461538,0.28512367647058817,0.00011987333333333353,0.00011890076923076917,0.00011838852941176483
228,0.00011821,1554552000,0.00012012,0.00011821,0.00011831,545.98261197,0.0646021,0.00011832,0.11861141666666714,0.1821167838461538,0.27190047999999994,0.00011916000000000021,0.00011907846153846149,0.00011838529411764716
229,0.00011991,1554559200,0.00011993,0.0001187,0.0001187,390.57848206,0.04683091,0.0001199,0.09578157000000047,0.17968805307692304,0.25930548147058824,0.00011894666666666688,0.00011925461538461534,0.00011834411764705891
230,0.00012,1554566400,0.00012,0.00011773,0.00011874,1366.90825438,0.16243266,0.00011883,0.09128855666666713,0.19218287307692303,0.24850322852941176,0.00011937333333333353,0.00011943769230769228,0.00011833235294117659
231,0.00011868,1554573600,0.00011868,0.00011868,0.00011868,9.98,0.00118442,0.00011868,0.07014933000000047,0.19223053230769224,0.11507543852941175,0.00011953000000000022,0.00011951769230769227,0.00011833941176470601
232,0.00011987,1554580800,0.00011987,0.00011799,0.00011799,247.71714883,0.02968736,0.00011984,0.0644348133333338,0.06474670538461534,0.10863024970588234,0.00011951666666666688,0.00011934461538461534,0.00011839117647058836
233,0.00011987,1554588000,0.00011987,0.00011987,0.00011987,216.63684087,0.02596825,0.00011987,0.018946676666667134,0.05777448846153842,0.10899437235294117,0.00011947333333333356,0.0001193338461538461,0.00011844970588235307
234,0.00011774,1554595200,0.00011888,0.00011774,0.00011888,328.97724719,0.0387367,0.00011774,0.0314641033333338,0.055844716153846105,0.10986198823529411,0.00011916000000000021,0.00011926999999999996,0.0001184473529411766
235,0.00011729,1554602400,0.00011968,0.00011728,0.00011968,304.03876878,0.035733,0.00011752,0.033479316666667126,0.05857871846153841,0.10296804117647057,0.0001183000000000002,0.00011915769230769226,0.00011839205882352953
236,0.00011729,1554609600,0.00011751,0.00011728,0.00011751,573.64268181,0.06729143,0.0001173,0.047253710000000455,0.06375498230769226,0.10205460617647057,0.00011744000000000019,0.00011904538461538458,0.00011839147058823541
237,0.00011729,1554616800,0.00011729,0.00011729,0.00011729,0.0,0.0,0.00011729,0.03434147666666713,0.06374569615384611,0.10178473176470587,0.00011729000000000019,0.00011890538461538457,0.00011833617647058836
238,0.0001182,1554624000,0.0001182,0.0001182,0.0001182,1.01522842,0.00011999,0.0001182,0.022470473333333792,0.05875530538461533,0.0986960794117647,0.00011759333333333352,0.00011873999999999996,0.000118294411764706
239,0.00011813,1554631200,0.00011814,0.0001173,0.00011814,2754.72259759,0.32539728,0.00011812,0.10850575666666713,0.07491506153846149,0.10316116470588234,0.00011787333333333353,0.0001185538461538461,0.00011832617647058836
240,0.00012085,1554638400,0.00012204,0.00011813,0.00011813,3276.95152829,0.39267021,0.00011982,0.23939582666666714,0.09158879307692303,0.11084909058823528,0.00011906000000000019,0.00011871769230769226,0.00011843911764705895
241,0.0001214,1554645600,0.00012205,0.00012057,0.00012085,353.14233764,0.04266222,0.0001208,0.2535765700000005,0.08990110999999994,0.1111407488235294,0.00012012666666666687,0.0001189630769230769,0.00011857411764705893
242,0.00011965,1554652800,0.00012142,0.00011965,0.00012064,1316.6755597,0.15811561,0.00012008,0.1978160133333338,0.09846147153846149,0.11539670764705881,0.00012063333333333353,0.00011894307692307689,0.00011865764705882362
243,0.00012175,1554660000,0.00012175,0.00012098,0.00012098,158.43353816,0.01921088,0.00012125,0.07332957000000047,0.08744441153846147,0.11581101088235293,0.00012093333333333354,0.00011907769230769228,0.00011880264705882363
244,0.00011989,1554667200,0.00011989,0.00011791,0.00011962,3190.92532974,0.37745707,0.00011829,0.18492785333333384,0.11638846153846147,0.1268404408823529,0.00012043000000000021,0.00011917076923076921,0.00011889294117647069
245,0.00011977,1554674400,0.00011977,0.00011977,0.00011977,16.682,0.001998,0.00011977,0.13288865000000052,0.11425851076923069,0.12688889970588232,0.00012047000000000022,0.0001191630769230769,0.00011898029411764715
246,0.00011977,1554681600,0.00011977,0.00011977,0.00011977,0.0,0.0,0.00011977,0.12648502333333386,0.11226095307692299,0.12472283323529408,0.00011981000000000021,0.00011915538461538459,0.00011901647058823537
247,0.00011701,1554688800,0.00012007,0.00011701,0.00011977,7458.22555689,0.87906666,0.00011786,0.29368822000000055,0.17690171923076917,0.15025826176470586,0.00011885000000000022,0.00011909923076923074,0.00011897176470588242
248,0.00011701,1554696000,0.00011701,0.00011701,0.00011701,0.0,0.0,0.00011701,0.2930222200000005,0.17415302692307685,0.15023735970588234,0.00011793000000000023,0.00011907769230769229,0.0001189791176470589
249,0.0001181,1554703200,0.00011835,0.00011655,0.00011705,1999.70481551,0.2333597,0.00011669,0.37080878666666717,0.18692750923076915,0.15310119235294117,0.00011737333333333357,0.00011913999999999999,0.00011904382352941184
250,0.00011834,1554710400,0.00011834,0.00011822,0.00011822,23.56145886,0.00278695,0.00011828,0.07871555000000048,0.18714188999999992,0.1508771494117647,0.00011781666666666688,0.00011922076923076922,0.00011906500000000008
251,0.000116,1554717600,0.00011681,0.000116,0.00011681,458.28207095,0.05321175,0.00011611,0.09645280000000049,0.19122587153846146,0.15244220088235294,0.00011748000000000021,0.00011905153846153846,0.00011901735294117654
252,0.00011655,1554724800,0.00011655,0.00011589,0.00011622,155.35162386,0.01805111,0.00011619,0.02468327000000048,0.16758385846153837,0.15295650264705882,0.00011696333333333354,0.00011893,0.00011898529411764715
