,close,date,high,low,open,quoteVolume,volume,weightedAverage,avg_vol_3,avg_vol_13,avg_vol_34,avg_close_3,avg_close_13,avg_close_34
0,0.0009055,1553218424,0.0009055,0.0009055,0.0009055,0.0,0.0,0.0009055,-99999.0,-99999.0,-99999.0,-99999.0,-99999.0,-99999.0
1,0.00090876,1553220000,0.00091179,0.00090334,0.00090586,1219.60829631,1.10445257,0.00090557,-99999.0,-99999.0,-99999.0,-99999.0,-99999.0,-99999.0
2,0.00090588,1553227200,0.00090712,0.0009046,0.00090686,322.5264572,0.29207021,0.00090556,0.4655075933333334,-99999.0,-99999.0,0.0009067133333333332,-99999.0,-99999.0
3,0.00089978,1553234400,0.00090626,0.00089693,0.0009046,7560.61191184,6.79631776,0.00089891,2.730946846666667,-99999.0,-99999.0,0.0009048066666666665,-99999.0,-99999.0
4,0.00090501,1553241600,0.00090616,0.00090153,0.00090153,40.45761622,0.03657711,0.00090408,2.37498836,-99999.0,-99999.0,0.0009035566666666664,-99999.0,-99999.0
5,0.00090468,1553248800,0.00090506,0.0009027,0.00090456,1194.31075716,1.0802253,0.00090447,2.637706723333333,-99999.0,-99999.0,0.0009031566666666664,-99999.0,-99999.0
6,0.00090793,1553256000,0.00091245,0.00090528,0.00090528,9318.24702025,8.46011646,0.0009079,3.19230629,-99999.0,-99999.0,0.0009058733333333332,-99999.0,-99999.0
7,0.000908,1553263200,0.00090956,0.00090649,0.00090928,37.22603797,0.03383099,0.00090879,3.1913909166666667,-99999.0,-99999.0,0.0009068699999999998,-99999.0,-99999.0
8,0.00090765,1553270400,0.000908,0.00090501,0.00090631,90.39890874,0.08192868,0.0009063,2.858625376666667,-99999.0,-99999.0,0.0009078599999999998,-99999.0,-99999.0
9,0.00090772,1553277600,0.00090905,0.0009055,0.0009081,362.33844948,0.32889277,0.00090769,0.14821748000000015,-99999.0,-99999.0,0.0009077899999999998,-99999.0,-99999.0
10,0.0009099,1553284800,0.0009099,0.00090727,0.00090727,10.72547813,0.00975302,0.00090933,0.14019149000000017,-99999.0,-99999.0,0.000908423333333333,-99999.0,-99999.0
11,0.00090454,1553292000,0.00090946,0.00090454,0.00090875,2543.78939569,2.30539595,0.00090628,0.8813472466666669,-99999.0,-99999.0,0.0009073866666666665,-99999.0,-99999.0
12,0.00090387,1553299200,0.00090659,0.00090387,0.00090659,170.92136477,0.1545364,0.00090413,0.8232284566666669,1.5910844015384618,-99999.0,0.0009061033333333333,0.0009060938461538462,-99999.0
13,0.00090918,1553306400,0.00090918,0.00090583,0.00090734,324.55396402,0.29499831,0.00090893,0.9183102200000003,1.6137765792307694,-99999.0,0.0009058633333333333,0.0009063769230769231,-99999.0
14,0.00090979,1553313600,0.00090979,0.00090734,0.0009084,13.56250922,0.01231058,0.00090769,0.15394843000000025,1.5297656569230773,-99999.0,0.0009076133333333331,0.000906456153846154,-99999.0
15,0.00091935,1553320800,0.00092221,0.00090991,0.00091,6494.39967498,5.96440494,0.00091839,2.090571276666667,1.9660990976923078,-99999.0,0.000912773333333333,0.0009074923076923078,-99999.0
16,0.00091911,1553328000,0.00092131,0.00091911,0.00091914,506.8821161,0.46600775,0.00091936,2.147574423333334,1.479152173846154,-99999.0,0.000916083333333333,0.000908979230769231,-99999.0
17,0.00091558,1553335200,0.00091941,0.00091183,0.00091911,503.30019266,0.46102954,0.00091601,2.2971474100000004,1.5118023607692308,-99999.0,0.0009180133333333331,0.000909792307692308,-99999.0
18,0.00091335,1553342400,0.0009167,0.00091335,0.00091508,2824.28621384,2.58813329,0.00091638,1.171723526666667,1.6277952830769233,-99999.0,0.0009160133333333331,0.0009104592307692312,-99999.0
19,0.00091514,1553349600,0.0009152,0.00091176,0.00091294,131.07773707,0.11979156,0.00091389,1.0563181300000004,0.9862318292307695,-99999.0,0.0009146899999999998,0.0009110138461538465,-99999.0
20,0.000911,1553356800,0.0009145,0.00091064,0.0009145,10488.10545171,9.56480247,0.00091196,4.090909106666667,1.719383481538462,-99999.0,0.0009131633333333331,0.0009112446153846157,-99999.0
21,0.00091072,1553364000,0.00091399,0.00091069,0.00091069,924.96673087,0.84304045,0.00091142,3.509211493333334,1.7779305407692312,-99999.0,0.0009122866666666664,0.0009114807692307697,-99999.0
22,0.00091303,1553371200,0.00091335,0.00091185,0.00091185,351.21940115,0.32056945,0.00091273,3.5761374566666677,1.777290285384616,-99999.0,0.0009115833333333331,0.0009118892307692311,-99999.0
23,0.00091416,1553378400,0.0009176,0.00091098,0.00091114,786.2465221,0.72036732,0.00091621,0.6279924066666673,1.8319529238461543,-99999.0,0.0009126366666666664,0.0009122169230769236,-99999.0
24,0.00091239,1553385600,0.00091429,0.00091065,0.00091393,1136.98666676,1.0374781,0.00091248,0.6928049566666673,1.734420781538462,-99999.0,0.0009131933333333331,0.0009128207692307697,-99999.0
25,0.00090881,1553392800,0.00091178,0.00090743,0.00091096,859.2455246,0.78066563,0.00090854,0.8461703500000007,1.782584568461539,-99999.0,0.0009117866666666664,0.0009132007692307698,-99999.0
26,0.00090528,1553400000,0.00090881,0.00090318,0.00090881,282.02847165,0.25499115,0.00090413,0.6910449600000007,1.779507094615385,-99999.0,0.0009088266666666664,0.0009129007692307696,-99999.0
27,0.00090455,1553407200,0.00090879,0.00090455,0.00090633,1651.12673625,1.50001952,0.00090848,0.8452254333333341,1.893946243846154,-99999.0,0.0009062133333333331,0.0009124976923076927,-99999.0
28,0.00091241,1553414400,0.00091241,0.00090341,0.00090367,1876.96930258,1.70588558,0.00090885,1.1536320833333342,1.5663678315384617,-99999.0,0.0009074133333333332,0.0009119638461538467,-99999.0
29,0.00091115,1553421600,0.00091115,0.00090782,0.00090828,97.44061389,0.08846127,0.00090784,1.098122123333334,1.5373257946153847,-99999.0,0.0009093699999999997,0.0009113515384615388,-99999.0
30,0.00090735,1553428800,0.00090995,0.00090714,0.00090779,7520.9662222,6.8253203,0.0009075,2.8732223833333337,2.0268866223076927,-99999.0,0.000910303333333333,0.0009107184615384618,-99999.0
31,0.00090758,1553436000,0.00090986,0.000905,0.00090986,564.87716593,0.51205401,0.00090648,2.475278526666667,1.8671882161538464,-99999.0,0.000908693333333333,0.0009102746153846156,-99999.0
32,0.00090704,1553443200,0.00091135,0.00090461,0.00090737,2528.31166378,2.29681561,0.00090843,3.2113966400000002,2.0346516046153846,-99999.0,0.000907323333333333,0.0009096515384615386,-99999.0
33,0.00090456,1553450400,0.00090975,0.00090456,0.00090658,674.65166057,0.61145693,0.00090632,1.14010885,1.345932716923077,1.6956676758823532,0.000906393333333333,0.0009091561538461541,0.0009091397058823531
34,0.00090977,1553457600,0.00091008,0.00090608,0.00090608,357.63359355,0.32533697,0.00090969,1.0778698366666668,1.3061093723076924,1.705236410294118,0.000907123333333333,0.0009090830769230772,0.0009092652941176472
35,0.00090885,1553464800,0.00091283,0.0009082,0.0009082,357.89714545,0.32603704,0.00091097,0.4209436466666669,1.3065299561538462,1.6823418358823534,0.0009077266666666664,0.0009087615384615386,0.0009092679411764707
36,0.00090959,1553472000,0.00091089,0.00090788,0.00090868,2125.27933702,1.93086534,0.00090852,0.8607464500000002,1.3996451884615384,1.7305416926470594,0.0009094033333333331,0.0009084100000000001,0.0009093770588235295
37,0.00091593,1553479200,0.00091908,0.00091325,0.00091325,2714.96574009,2.48394337,0.0009149,1.5802819166666666,1.5109117476923073,1.6037071517647064,0.0009114566666666665,0.0009086823076923078,0.0009098520588235294
38,0.00091254,1553486400,0.00091436,0.00090998,0.00091436,872.09985197,0.7940932,0.00091055,1.7363006366666667,1.5119446376923071,1.6259870367647062,0.0009126866666666664,0.0009089692307692309,0.0009100735294117647
39,0.00091157,1553493600,0.00091437,0.00091157,0.00091383,266.30355293,0.2427569,0.00091157,1.1735978233333333,1.511003541538461,1.6013556132352944,0.0009133466666666664,0.0009094530769230771,0.0009102761764705882
40,0.00091047,1553500800,0.000914,0.00090904,0.00091047,2387.71345609,2.17422243,0.00091058,1.0703575099999998,1.5628653038461535,1.4164763770588238,0.0009115266666666664,0.0009099084615384617,0.000910350882352941
41,0.0009108,1553508000,0.000911,0.00090866,0.00090866,308.78793393,0.28087898,0.00090961,0.8992861033333334,1.4532494115384613,1.423742494411765,0.0009109466666666665,0.0009097846153846155,0.0009104332352941176
42,0.0009122,1553515200,0.00091247,0.00090899,0.00090996,2395.26077712,2.17925215,0.00090981,1.54478452,1.6140794792307689,1.4854284788235297,0.0009111566666666665,0.0009098653846153847,0.0009105670588235295
43,0.0009049,1553522400,0.000911,0.00090015,0.00090987,4135.04763948,3.74605901,0.00090592,2.068730046666667,1.3772132261538461,1.5859333682352943,0.0009092999999999999,0.0009096769230769233,0.0009104841176470588
44,0.00091112,1553529600,0.00091775,0.00090404,0.00090404,9240.42767126,8.42891529,0.00091217,4.7847421500000005,1.9862025553846152,1.8335557879411768,0.0009094066666666666,0.0009099492307692309,0.00091052
45,0.00091383,1553536800,0.00091383,0.00091139,0.00091139,26.54645382,0.02423862,0.00091306,4.066404306666667,1.8113889407692305,1.766462925294118,0.00090995,0.0009104715384615386,0.0009107932352941177
46,0.00091383,1553544000,0.00091383,0.00091383,0.00091383,0.0,0.0,0.00091383,2.8177179700000003,1.7643537923076922,1.761917737058824,0.0009129266666666665,0.0009111846153846154,0.0009110861764705882
47,0.00092652,1553551200,0.00093003,0.00091438,0.00091438,1728.00747138,1.59207684,0.00092133,0.5387718200000003,1.8617953207692308,1.8000671055882356,0.00091806,0.000912473076923077,0.0009115961764705882
48,0.00092649,1553558400,0.00093118,0.00092621,0.00092628,1972.42047143,1.82921518,0.00092739,1.1404306733333336,1.9774244084615384,1.8535054761764709,0.0009222799999999998,0.0009138300000000001,0.0009120873529411764
49,0.00092099,1553565600,0.00092791,0.00092099,0.00092791,650.10442023,0.60190248,0.00092585,1.3410648333333335,1.875196496153846,1.6957848155882356,0.0009246666666666665,0.0009147069230769232,0.000912135588235294
50,0.00092198,1553572800,0.00092255,0.00092127,0.00092127,108.48242959,0.09999416,0.00092175,0.8437039400000002,1.6918157876923077,1.6850197100000004,0.0009231533333333332,0.0009151723076923077,0.0009122199999999999
51,0.00092314,1553580000,0.00092525,0.00092164,0.00092334,396.63383855,0.36671807,0.00092457,0.3562049033333335,1.658940777692308,1.6822458432352945,0.0009220366666666666,0.0009159876923076922,0.0009124423529411766
52,0.0009231,1553587200,0.00092493,0.0009231,0.0009234,831.6769375,0.76784673,0.00092325,0.41151965333333357,1.6993323030769232,1.6287080032352943,0.00092274,0.0009168746153846153,0.0009127291176470589
53,0.00092428,1553594400,0.00092526,0.00092222,0.0009231,2614.62034757,2.41455062,0.00092348,1.1830384733333335,1.717819086923077,1.696200916764706,0.0009235066666666668,0.0009179369230769229,0.0009129979411764707
54,0.00092467,1553601600,0.0009261,0.00092205,0.00092467,6375.43116137,5.88080024,0.00092241,3.021065863333334,2.148582260769231,1.5878479100000003,0.0009240166666666666,0.000919003846153846,0.0009134000000000002
55,0.00092532,1553608800,0.00092614,0.00092255,0.00092373,35.14573167,0.03251588,0.00092517,2.77595558,1.9834487015384614,1.5640089520588238,0.0009247566666666665,0.0009200130769230769,0.000913829411764706
56,0.00092532,1553616000,0.00092796,0.00092532,0.00092618,680.13146039,0.63061329,0.00092719,2.1813098033333334,1.7437990307692306,1.573127888529412,0.0009251033333333332,0.0009215838461538461,0.0009141908823529412
57,0.00092619,1553623200,0.00092811,0.00092537,0.00092537,32.41254617,0.03005815,0.00092736,0.23106244000000023,1.0977330969230765,1.5528246776470591,0.0009256099999999998,0.0009227430769230769,0.0009145447058823529
58,0.00092889,1553630400,0.00093032,0.00092648,0.00092648,613.94693734,0.57093508,0.00092994,0.4105355066666669,1.1397866707692303,1.5391028241176472,0.0009267999999999998,0.0009239015384615384,0.0009150299999999998
59,0.00094618,1553637600,0.00095,0.00092843,0.00092859,11808.44084609,11.0200462,0.00093323,3.87367981,1.9874825323076921,1.8402610761764706,0.0009337533333333331,0.0009263899999999999,0.0009161291176470587
60,0.00100611,1553644800,0.00103961,0.0009455,0.00094736,30070.01524578,30.16433528,0.00100313,13.918438853333333,4.185348566153846,2.7199476682352945,0.0009603933333333331,0.0009325123076923075,0.0009190947058823528
61,0.00101011,1553652000,0.00101105,0.0010041,0.00100642,6436.98054542,6.47735819,0.00100627,15.887246556666668,4.542898028461538,2.866339982058824,0.0009874666666666665,0.0009389446153846153,0.0009221994117647058
62,0.00101672,1553659200,0.00102385,0.00100846,0.00101011,16270.39384274,16.50018298,0.00101412,17.713958816666672,5.765842682307691,3.3014663761764713,0.0010109799999999996,0.0009463084615384614,0.0009252673529411763
63,0.00100761,1553666400,0.00101329,0.00100367,0.00101329,3262.19116653,3.28202886,0.00100608,8.753190010000003,6.010614582307691,3.395394834705883,0.0010114799999999995,0.0009528953846153845,0.0009281044117647057
64,0.00100931,1553673600,0.00101463,0.00100743,0.00100743,437.63225247,0.44250922,0.00101114,6.74157368666667,6.01644467076923,3.2076650970588245,0.001011213333333333,0.000959523846153846,0.0009311032352941175
65,0.00101019,1553680800,0.00102586,0.00100475,0.00100954,3194.68402365,3.24907437,0.00101702,2.324537483333336,6.207308335384615,3.2881656958823537,0.0010090366666666664,0.0009662230769230767,0.0009341211764705881
66,0.00101476,1553688000,0.00101476,0.00100447,0.00100944,11165.94616562,11.25879213,0.00100831,4.983458573333336,6.887634605384615,3.5517532405882366,0.0010114199999999999,0.0009731830769230768,0.0009372894117647057
67,0.00103582,1553695200,0.00103961,0.00101033,0.00101264,2924.50343633,3.00918051,0.00102895,5.839015670000002,6.666740779999999,3.6222745223529422,0.0010202566666666663,0.0009817330769230767,0.0009411499999999999
68,0.00102863,1553702400,0.00102942,0.00102093,0.00102916,3982.22676499,4.08502572,0.00102581,6.117666120000003,6.978472306153845,3.732853603235295,0.001026403333333333,0.0009896799999999997,0.0009446458823529412
69,0.00107375,1553709600,0.00107607,0.00102664,0.00102665,28654.44492283,30.32097875,0.00105815,12.47172832666667,9.26234657230769,4.615057771176472,0.0010460666666666663,0.001001097692307692,0.0009494958823529411
70,0.00105427,1553716800,0.00107509,0.0010461,0.00107509,11174.1122363,11.80469377,0.00105643,15.403566080000003,10.168087773846151,4.905464489705884,0.0010522166666666662,0.0010109499999999996,0.0009537511764705882
71,0.00105141,1553724000,0.00107021,0.00105129,0.00105129,6839.68877919,7.27097892,0.00106305,16.46555048,10.68347576153846,5.0462596529411785,0.0010598099999999996,0.0010203746153846151,0.0009577358823529411
72,0.00104296,1553731200,0.00105997,0.00103836,0.00105146,3222.31252568,3.37032787,0.00104593,7.482000186666668,10.09503589,5.1220312608823555,0.0010495466666666663,0.0010278192307692307,0.0009615717647058823
73,0.00105377,1553738400,0.00105503,0.00104035,0.00104216,3727.9321517,3.9149872,0.00105017,4.852097996666668,8.07585526846154,5.230038034411768,0.0010493799999999995,0.0010314853846153846,0.0009657541176470589
74,0.00105633,1553745600,0.00105749,0.00104455,0.0010533,2401.56936755,2.52629735,0.00105193,3.2705374733333343,7.771927511538463,5.240393179117651,0.0010510199999999995,0.001035040769230769,0.0009700441176470587
75,0.0010488,1553752800,0.00105655,0.0010488,0.00105654,404.36255437,0.42630069,0.00105425,2.2891950800000007,6.535475027692309,5.244670288235297,0.0010529666666666661,0.0010375084615384614,0.0009741029411764704
76,0.00105942,1553760000,0.00105942,0.00104705,0.00104877,547.59794867,0.57888534,0.00105713,1.1771611266666675,6.3275409107692315,5.1976006761764735,0.0010548499999999995,0.001041493846153846,0.0009784329411764703
77,0.0010501,1553767200,0.00105968,0.00104878,0.0010596,1203.1637842,1.26757841,0.00105353,0.7575881466666674,6.391007771538463,5.124704187941179,0.0010527733333333328,0.0010446315384615385,0.0009827035294117643
78,0.00105604,1553774400,0.00105604,0.00105099,0.00105099,499.58635791,0.52644693,0.00105376,0.7909702266666674,6.181574891538462,4.892278647941179,0.0010551866666666662,0.0010481584615384615,0.000986965882352941
79,0.00106537,1553781600,0.00107008,0.00105301,0.00105567,6309.51098397,6.71310078,0.00106396,2.8357087066666673,5.831906326153847,5.089009887941179,0.0010571699999999996,0.0010520515384615384,0.0009914229411764706
80,0.001064,1553788800,0.00106975,0.0010605,0.00106357,1206.93983621,1.28528299,0.00106491,2.841610233333334,5.699298824615386,5.126812328823532,0.001061803333333333,0.0010542192307692309,0.0009958397058823529
81,0.00105113,1553796000,0.00106758,0.00104689,0.001065,4968.44700822,5.24361803,0.00105538,4.4140006000000005,5.78842131,5.23421059911765,0.001060166666666666,0.0010559500000000002,0.0009995047058823528
82,0.00106007,1553803200,0.00106007,0.00104757,0.00105122,1357.70437546,1.43188555,0.00105463,2.653595523333334,3.5661833715384628,5.222524433529414,0.0010583999999999995,0.0010548976923076925,0.0010034335294117646
83,0.00105459,1553810400,0.00106201,0.001054,0.00106007,1207.0501702,1.27881914,0.00105945,2.6514409066666675,2.756500707692309,5.242433747058826,0.0010552633333333328,0.0010549223076923079,0.0010073629411764707
84,0.00105432,1553817600,0.00106257,0.00105324,0.00105458,1985.84714622,2.10243573,0.0010587,1.604380140000001,2.3589204623076943,5.3013290873529435,0.0010563266666666661,0.0010551461538461542,0.001011255294117647
85,0.00105771,1553824800,0.00105975,0.00105427,0.00105427,558.56434602,0.5898762,0.00105605,1.3237103566666677,2.145039564615386,5.307892561764708,0.0010555399999999996,0.0010562807692307695,0.0010152132352941176
86,0.00104866,1553832000,0.00105685,0.00104538,0.00105602,2255.90326466,2.37311679,0.00105195,1.688476240000001,2.0264341484615405,5.355106387058826,0.0010535633333333327,0.0010558876923076927,0.0010189061764705881
87,0.00104252,1553839200,0.00104999,0.00103955,0.00104921,5092.45993145,5.31793691,0.00104427,2.760309966666668,2.241175653076925,5.440500101470591,0.0010496299999999993,0.001054825384615385,0.0010223838235294115
88,0.00106412,1553846400,0.00107648,0.00104117,0.00104117,15160.37243115,16.11964962,0.00106327,7.936901106666668,3.448356340000002,5.74164273029412,0.001051766666666666,0.0010560038461538467,0.0010264852941176468
89,0.00105634,1553853600,0.00106823,0.00105168,0.0010646,1589.0714193,1.67769385,0.00105576,7.705093460000001,3.5328800715384636,5.79003031764706,0.001054326666666666,0.0010557669230769234,0.0010303388235294118
90,0.00106009,1553860800,0.0010605,0.00105276,0.00105527,431.73412148,0.45563765,0.00105536,6.084327040000002,3.470423090000002,5.784883975294119,0.001060183333333333,0.001056535384615385,0.0010343026470588234
91,0.0010565,1553868000,0.00106053,0.00105501,0.00105926,10088.30213565,10.68423389,0.00105907,4.272521796666667,4.25179131769231,6.098242085294119,0.001057643333333333,0.0010565707692307695,0.001038135294117647
92,0.00105093,1553875200,0.0010565,0.00104924,0.0010565,739.958572,0.77773943,0.00105105,3.9725369900000005,3.795225060000002,6.104324566176472,0.0010558399999999997,0.0010554600000000005,0.0010417247058823527
93,0.00104265,1553882400,0.00105209,0.00104265,0.00104982,4214.99809377,4.41138594,0.00104659,5.291119753333334,4.03569451769231,5.909952205588237,0.0010500266666666664,0.0010538176923076928,0.0010445620588235293
94,0.00104677,1553889600,0.00104677,0.00103876,0.0010454,6328.97811734,6.59161368,0.00104149,3.9269130166666675,4.139386490769233,5.216636864411766,0.001046783333333333,0.0010534823076923082,0.0010457579411764705
95,0.00104893,1553896800,0.00105252,0.0010488,0.00104915,965.03914242,1.01365436,0.00105037,4.005551326666668,4.107214860769234,5.055939692941179,0.0010461166666666662,0.001052625384615385,0.001046899705882353
96,0.00104435,1553904000,0.00104886,0.0010413,0.00104885,1989.73424069,2.07570432,0.0010432,3.226990786666667,4.168513720769233,4.631690320588238,0.001046683333333333,0.0010518376923076929,0.0010477123529411766
97,0.001035,1553911200,0.00104402,0.00103,0.00104402,6373.02962774,6.60524547,0.00103643,3.2315347166666673,4.514883700769233,4.729431985588238,0.00104276,0.0010503515384615387,0.0010485179411764706
98,0.00103257,1553918400,0.00103868,0.00102811,0.0010374,3664.3607126,3.78851934,0.00103388,4.156489710000001,4.760933173076926,4.827844047941178,0.0010373066666666665,0.0010484176923076928,0.0010492020588235298
99,0.00103248,1553925600,0.00103723,0.00103207,0.00103207,594.24149085,0.61480749,0.0010346,3.6695241000000007,4.625678611538464,4.75036561029412,0.0010333499999999997,0.0010471730769230773,0.0010498576470588238
100,0.0010325,1553932800,0.00103727,0.00102854,0.00103727,2250.49401936,2.31666054,0.0010294,2.2399957900000005,4.394811198461541,4.4873617400000025,0.0010325166666666663,0.0010464023076923081,0.001050379411764706
101,0.00103655,1553940000,0.00103661,0.00102663,0.00103265,1976.54100291,2.04427395,0.00103426,1.6585806600000008,3.312089993076925,4.45898213529412,0.001033843333333333,0.001044281538461539,0.0010504008823529413
102,0.00103003,1553947200,0.00103578,0.00103003,0.00103512,1804.15084702,1.86242674,0.0010323,2.074453743333334,3.326300215384618,4.3936115770588255,0.0010330266666666666,0.001042257692307693,0.0010504420588235296
103,0.00102746,1553954400,0.00103489,0.00102746,0.00103424,5978.7580065,6.18140041,0.00103389,3.3627003666666675,3.766743504615387,3.6836239788235314,0.0010313466666666666,0.0010397476923076929,0.0010490805882352942
104,0.00100755,1553961600,0.00102819,0.00098449,0.00102747,31765.08172868,32.19614708,0.00101357,13.413324743333336,5.42150605769231,4.283372605588237,0.0010216799999999999,0.0010359823076923082,0.0010477064705882355
105,0.00101552,1553968800,0.00101552,0.00100755,0.00100755,2385.40940239,2.41252298,0.00101136,13.596690156666668,5.547258638461542,4.140476842647061,0.0010168433333333333,0.001033258461538462,0.0010466508823529412
106,0.00102,1553976000,0.00102075,0.00101338,0.001015,1533.32865495,1.55588204,0.0010147,12.054850700000001,5.327604492307695,4.087110788823531,0.0010143566666666664,0.0010315161538461542,0.001045975588235294
107,0.00100989,1553983200,0.00101946,0.00100798,0.00101823,7870.09829765,7.986173,0.00101474,3.98485934,5.4348782861538485,4.2068515476470605,0.0010151366666666663,0.001028679230769231,0.0010446849999999998
108,0.00100521,1553990400,0.0010099,0.00100045,0.0010099,9014.76623966,9.08279266,0.00100754,6.208282566666668,6.055581232307694,4.399689645000002,0.0010117,0.0010253161538461542,0.001043181470588235
109,0.00100411,1553997600,0.00100666,0.001,0.00100521,1066.42765925,1.06891383,0.00100233,6.045959830000001,5.978135810000002,4.418590031470591,0.0010064033333333333,0.0010222207692307697,0.0010418670588235293
110,0.00100573,1554004800,0.0010076,0.00100414,0.00100414,306.67621462,0.30871701,0.00100665,3.4868078333333337,5.493787466923079,4.4106439041176495,0.0010050166666666664,0.0010199692307692311,0.0010402879411764705
111,0.00100651,1554012000,0.00100743,0.00100421,0.00100714,1469.02508263,1.47657813,0.00100514,0.9514029900000001,5.315945835384617,4.416790954705885,0.0010054499999999995,0.0010179646153846158,0.0010390058823529413
112,0.00103443,1554019200,0.00103443,0.0010055,0.001007,1736.47727422,1.77640875,0.00102299,1.18723463,5.40529977846154,4.4535545376470616,0.0010155566666666662,0.0010181146153846157,0.0010383702941176472
113,0.0010282,1554026400,0.00103535,0.001025,0.00103446,334.96127458,0.34534077,0.00103098,1.1994425499999999,5.2536597961538485,4.266267478529415,0.0010230466666666662,0.0010177838461538464,0.0010372770588235295
114,0.00102,1554033600,0.00102717,0.00102,0.00102717,837.6245178,0.85642687,0.00102244,0.9927254633333332,5.162286943846155,4.253654063235297,0.001027543333333333,0.0010165107692307696,0.0010359829411764705
115,0.00101217,1554040800,0.00102494,0.00101,0.00102488,1216.78958007,1.24167228,0.00102044,0.8144799733333331,5.114536600769232,4.135949776470591,0.0010201233333333329,0.0010151369230769233,0.0010348370588235294
116,0.00101461,1554048000,0.00102,0.00100966,0.00101116,254.95063399,0.25904174,0.00101604,0.7857136299999997,4.65897054923077,4.10145437029412,0.001015593333333333,0.0010141484615384618,0.0010335
117,0.00101431,1554055200,0.00101974,0.00101431,0.00101503,17.12508074,0.01744583,0.00101873,0.5060532833333332,2.1836858376923085,4.064355155294121,0.0010136966666666662,0.001014668461538462,0.001032315294117647
118,0.00102055,1554062400,0.00102055,0.00101491,0.00101491,291.99957305,0.29700964,0.00101715,0.1911657366666665,2.020954042307693,4.01125438794118,0.0010164899999999999,0.001015055384615385,0.0010313220588235293
119,0.00102255,1554069600,0.00103114,0.00101778,0.0010179,5874.20326546,6.00959043,0.00102304,2.1080153,2.3635469953846164,4.170657747647063,0.0010191366666666664,0.0010152515384615388,0.0010302879411764703
120,0.00102232,1554076800,0.00102281,0.00101744,0.00102281,625.71237767,0.63889182,0.00102106,2.315163963333333,1.798371520000001,4.119651130882356,0.0010218066666666664,0.0010162076923076928,0.0010295132352941174
121,0.00102708,1554084000,0.00102943,0.0010215,0.0010215,183.53782902,0.18871646,0.00102821,2.2790662366666665,1.1142118123076932,3.9687917058823565,0.001023983333333333,0.0010178900000000005,0.0010290591176470587
122,0.00101898,1554091200,0.00102694,0.00101898,0.00102675,452.39881243,0.46232283,0.00102193,0.4299770366666665,1.067550966153847,3.508282094411768,0.0010227933333333329,0.0010190338461538466,0.001027731470588235
123,0.00102078,1554098400,0.00102248,0.00101811,0.00102122,121.69732498,0.1243113,0.00102147,0.2584501966666665,1.0533659115384624,3.4625943723529446,0.0010222799999999995,0.001020191538461539,0.0010266855882352939
124,0.00101769,1554105600,0.00102231,0.001017,0.00102204,770.91181214,0.78543073,0.00101883,0.45735495333333315,1.0002007269230777,3.472294168823533,0.0010191499999999995,0.001021051538461539,0.0010254385294117645
125,0.00101823,1554112800,0.00102043,0.00101,0.00101926,5747.61246244,5.85829875,0.00101925,2.2560135933333334,1.314192265384616,3.3303549000000037,0.0010188999999999995,0.0010198053846153853,0.0010243129411764704
126,0.00101545,1554120000,0.00102236,0.00101379,0.00101514,320.89073273,0.32715979,0.00101953,2.3236297566666666,1.3127937284615392,3.3171025576470625,0.001017123333333333,0.0010188246153846159,0.0010232694117647057
127,0.0010038,1554127200,0.00101809,0.0010038,0.00101545,6553.06461283,6.58397947,0.00100471,4.256479336666667,1.7533746976923084,3.381002367352945,0.0010124933333333329,0.001017578461538462,0.001022126764705882
128,0.0010111,1554134400,0.00101523,0.00100602,0.00100794,7966.95065554,8.07472138,0.00101352,4.995286880000001,2.27899385923077,3.424623182058827,0.0010101166666666662,0.0010174961538461545,0.0010210776470588234
129,0.00100728,1554141600,0.00101,0.00100599,0.00101,2998.92026338,3.01877702,0.00100662,5.892492623333333,2.491281188461539,3.48359737794118,0.0010073933333333328,0.0010169323076923084,0.001019852647058823
130,0.00101448,1554148800,0.00102198,0.00100595,0.00100831,2004.64363324,2.03295053,0.00101412,4.375482976666667,2.646320011538462,3.4823399135294153,0.0010109533333333327,0.0010169453846153853,0.0010189741176470585
131,0.00101807,1554156000,0.00101874,0.00101384,0.00101411,310.68185511,0.31556498,0.00101571,1.7890975100000006,2.647747345384616,3.297349310882357,0.0010132766666666661,0.001016754615384616,0.0010184761764705879
132,0.00101062,1554163200,0.00101569,0.00101062,0.001015,79.56552721,0.0806126,0.00101315,0.8097093700000008,2.1916721276923083,3.1882932302941214,0.0010143899999999996,0.0010158369230769237,0.0010178305882352935
133,0.00100192,1554170400,0.00101253,0.00099932,0.00101253,6203.10627825,6.22727099,0.00100389,2.2078161900000004,2.621547448461539,3.353365686176474,0.0010102033333333328,0.0010142676923076928,0.001016931764705882
134,0.0009629,1554177600,0.00100373,0.00092589,0.00100373,43286.92507518,42.02030449,0.00097073,16.10939602666667,5.839361912307694,4.521119920000004,0.0009918133333333328,0.00100933076923077,0.0010148847058823525
135,0.000979,1554184800,0.00098182,0.00096332,0.00096332,9163.34686076,8.9700788,0.0009789,19.072551426666667,6.493804679230769,4.724820062647063,0.0009812733333333327,0.0010062553846153855,0.0010131920588235292
136,0.00096122,1554192000,0.00097932,0.00095717,0.00097932,1723.58913914,1.66640671,0.00096682,17.552263333333332,6.612427403076923,4.719054767647063,0.000967706666666666,0.0010016738461538469,0.0010111682352941173
137,0.00096772,1554199200,0.00096788,0.00095807,0.00095807,1463.94396271,1.41298254,0.00096518,4.016489349999998,6.66070061923077,4.578807183235298,0.0009693133333333327,0.0009978300000000008,0.001009411176470588
138,0.00100206,1554206400,0.001004,0.00096771,0.00096775,4134.47722065,4.06062211,0.00098213,2.380003786666665,6.522417800769231,3.7512917429411807,0.0009769999999999996,0.0009965861538461546,0.0010092497058823524
139,0.0009879,1554213600,0.001002,0.0009851,0.001002,4072.64633671,4.02837852,0.00098913,3.1673277233333317,6.807126933846154,3.7988169058823567,0.0009858933333333328,0.0009944669230769238,0.001008437352941176
140,0.001007,1554220800,0.00100851,0.00098479,0.0009879,1958.30728363,1.96018411,0.00100095,3.349728246666665,6.451450367692308,3.810708143235298,0.000998986666666666,0.0009947130769230779,0.0010080549999999995
141,0.0010175,1554228000,0.0010175,0.0010032,0.00100498,1273.92367639,1.28785632,0.00101093,2.4254729833333317,5.929383824615385,3.613698829117651,0.0010041333333333329,0.0009952053846153856,0.0010082788235294112
142,0.00101891,1554235200,0.00102073,0.00100901,0.001018,1509.43965443,1.53354211,0.00101596,1.593860846666665,5.815134985384616,3.391662048235298,0.0010144699999999993,0.000996100000000001,0.0010086817647058817
143,0.00103615,1554242400,0.00104328,0.00101452,0.00101545,5384.09661099,5.56837582,0.00103422,2.796591416666665,6.087090776923078,3.5239991655882394,0.001024186666666666,0.0009977669230769241,0.001009624117647058
144,0.0010641,1554249600,0.001065,0.00103002,0.0010322,7808.57937124,8.21566289,0.00105213,5.105860273333332,6.694790616153847,3.756556397352945,0.0010397199999999992,0.0010013076923076933,0.0010113408823529404
145,0.00104769,1554256800,0.00109187,0.00102587,0.00106542,34588.78424041,37.3832394,0.00108079,17.05575937,9.564223446923078,4.812634670000003,0.0010493133333333326,0.0010041592307692318,0.0010125520588235284
146,0.00104692,1554264000,0.00105148,0.00103129,0.00104765,2937.58585536,3.05791843,0.00104096,16.21894024,9.320427096153848,4.850326131176474,0.0010529033333333327,0.0010076207692307703,0.001012919411764705
147,0.00103776,1554271200,0.00105284,0.00103776,0.00104692,5705.06469916,5.98347155,0.00104879,15.474876459999999,6.548363023846155,5.016153507058826,0.0010441233333333326,0.0010133792307692319,0.001013200588235293
148,0.00104359,1554278400,0.00104873,0.00103575,0.00103738,1041.90572766,1.08212451,0.0010386,3.3745048299999993,5.9415973092307715,5.022791672941179,0.0010427566666666658,0.0010183476923076933,0.0010138944117647048
149,0.0010466,1554285600,0.00105368,0.0010429,0.0010429,968.45121227,1.01579937,0.00104889,2.693798476666666,5.891550590769232,5.016148352058827,0.0010426499999999991,0.0010249153846153857,0.0010149070588235283
150,0.00105407,1554292800,0.001055,0.00104289,0.0010473,11214.87298785,11.75051084,0.00104776,4.6161449066666655,6.686745075384617,5.354132737352945,0.0010480866666666658,0.0010315576923076934,0.0010160676470588224
151,0.00104871,1554300000,0.00105272,0.00104443,0.00105113,926.67226088,0.97242356,0.00104937,4.579577923333332,6.449191340769232,5.382220317647062,0.0010497933333333323,0.001035146153846155,0.0010170794117647047
152,0.00107115,1554307200,0.00107669,0.00105047,0.00105047,22043.4549406,23.3667188,0.00106002,12.029884399999998,7.936755977692309,6.060741175294121,0.0010579766666666659,0.0010415500000000011,0.0010185676470588225
153,0.00110688,1554314400,0.00111102,0.001065,0.00107193,9354.5424795,10.17373677,0.00108757,11.504293043333329,8.568567720769233,6.183216067647062,0.0010755799999999994,0.001049233076923078,0.0010210479411764694
154,0.00110512,1554321600,0.00114504,0.00109418,0.00111,18187.67018019,20.38419179,0.00112076,17.97488245333333,10.037516603076925,6.763960184411768,0.0010943833333333327,0.0010559730769230781,0.0010234832352941166
155,0.00105492,1554328800,0.001109,0.00098175,0.00110868,43613.96844998,45.16830247,0.00103563,25.242077009999992,13.394036630769232,8.086889184705885,0.0010889733333333325,0.0010587430769230782,0.0010243020588235285
156,0.00104871,1554336000,0.00105539,0.00104424,0.00105245,2220.37400152,2.33155142,0.00105007,22.62801522666666,13.14505013846154,8.141866496176473,0.0010695833333333323,0.001059709230769232,0.0010251764705882342
157,0.00103801,1554343200,0.00105688,0.00103645,0.00105067,2235.59665832,2.3393788,0.00104642,16.613077563333324,12.693028285384617,8.20701554029412,0.0010472133333333323,0.001057702307692309,0.0010256832352941165
158,0.00104899,1554350400,0.00104899,0.00103478,0.00103941,454.43052508,0.47522712,0.00104576,1.7153857799999912,9.853950417692309,8.197891904705886,0.0010452366666666658,0.001057802307692309,0.0010266038235294105
159,0.00104199,1554357600,0.001049,0.001041,0.001049,3288.28247237,3.43414005,0.00104435,2.0829153233333244,9.882890542307694,8.126593119411767,0.001042996666666666,0.0010574230769230782,0.0010273026470588222
160,0.00104128,1554364800,0.00105191,0.00103825,0.00104333,829.69222414,0.8653126,0.00104293,1.5915599233333246,9.48918600769231,8.142421143235296,0.001044086666666666,0.0010576938461538473,0.0010280623529411751
161,0.0010491,1554372000,0.00104998,0.00103381,0.001039,3190.53838504,3.31729197,0.00103972,2.5389148733333244,9.661121966153846,8.04634209911765,0.0010441233333333326,0.0010581176923076935,0.0010293947058823516
162,0.00103674,1554379200,0.001049,0.00103602,0.001049,1211.32849352,1.25872246,0.00103912,1.8137756766666577,9.679808357692309,7.845871542647063,0.0010423733333333326,0.001057359230769232,0.0010301488235294105
163,0.00103409,1554386400,0.00103834,0.00100474,0.00103834,14460.62014141,14.80110089,0.00102354,6.4590384399999925,9.91446913076923,8.192410480000003,0.0010399766666666658,0.0010558223076923088,0.0010309373529411752
164,0.00100205,1554393600,0.00103259,0.00098997,0.00103259,7955.45903786,8.01679802,0.00100771,8.02554045666666,10.45634408923077,8.368405994411768,0.0010242933333333324,0.001052233076923078,0.0010305717647058812
165,0.00101691,1554400800,0.00101945,0.000998,0.00099812,4248.94230604,4.29640168,0.00101116,9.038100196666658,8.989396618461539,8.48548942676471,0.0010176833333333326,0.0010480607692307702,0.0010305376470588223
166,0.00103107,1554408000,0.00104487,0.00101691,0.00101691,4086.20366209,4.21789738,0.00103222,5.510365693333324,8.531255126923076,8.607174273235298,0.0010166766666666659,0.0010422292307692318,0.0010311391176470576
167,0.00103563,1554415200,0.00103823,0.00103001,0.00103134,2150.16797937,2.22176645,0.00103329,3.578688503333325,7.134145485384615,8.489365316176475,0.0010278699999999993,0.0010368838461538475,0.001032130588235293
168,0.00104537,1554422400,0.00105208,0.00103279,0.00103279,1820.65902865,1.89754146,0.00104222,2.7790684299999917,3.805625407692307,7.309284050588239,0.0010373566666666658,0.0010361492307692322,0.001034556176470587
169,0.00104805,1554429600,0.00105192,0.00104017,0.001043,17.77212488,0.01860881,0.00104707,1.379305573333325,3.6277067453846152,7.046005521470592,0.0010430166666666656,0.0010360984615384629,0.0010365870588235281
170,0.00105889,1554436800,0.00107632,0.00104636,0.0010471,3949.0438858,4.20350095,0.00106443,2.039883739999991,3.771100756923077,7.120625940294122,0.0010507699999999988,0.0010377046153846167,0.0010394597058823517
171,0.00105592,1554444000,0.00106258,0.0010543,0.00105783,1849.57214585,1.95942222,0.00105939,2.060510659999991,3.885269610769231,7.136697695588239,0.0010542866666666656,0.0010382376923076936,0.0010420538235294107
172,0.00105592,1554451200,0.00106338,0.001054,0.00105719,102.82374588,0.10865875,0.00105674,2.0905273066666576,3.629463356923077,7.020463479117651,0.0010569099999999988,0.001039309230769232,0.0010436379411764695
173,0.00106084,1554458400,0.00106396,0.00105796,0.00105796,840.03361051,0.89360356,0.00106377,0.9872281766666579,3.631639584615385,6.928264215588239,0.001057559999999999,0.0010408138461538475,0.0010457832352941167
174,0.001053,1554465600,0.00106028,0.00105101,0.00106028,427.62433255,0.45073876,0.00105405,0.48433368999999127,3.4111354915384617,6.8838687641176515,0.0010565866666666656,0.0010411138461538475,0.001047136176470587
175,0.00104935,1554472800,0.00105429,0.0010428,0.00105429,1826.195785,1.91002348,0.0010459,1.0847885999999913,3.46123557,6.902167798235299,0.0010543966666666656,0.0010420838461538474,0.0010480729411764694
176,0.00105624,1554480000,0.001057,0.001045,0.00104842,649.70811441,0.68478758,0.00105399,1.0151832733333246,2.3753653153846153,6.877204429705887,0.0010528633333333323,0.0010437876923076936,0.0010491708823529402
177,0.0010542,1554487200,0.00105473,0.001051,0.00105394,144.03011739,0.1515979,0.00105254,0.9154696533333246,1.7703499215384613,6.717887432058828,0.0010532633333333325,0.0010477992307692321,0.0010497017647058812
178,0.0010544,1554494400,0.00105778,0.001052,0.00105638,265.79582545,0.28017689,0.0010541,0.3721874566666579,1.4614095530769229,6.484490785000005,0.0010549466666666658,0.0010506830769230783,0.0010494164705882342
179,0.0010626,1554501600,0.00106272,0.00105453,0.00105453,1017.08243357,1.07854334,0.00106042,0.503439376666658,1.2199207807692305,5.416705606764711,0.0010570666666666658,0.001053108461538463,0.0010498549999999988
180,0.00106295,1554508800,0.00106295,0.00105918,0.00106239,21.9615154,0.02332153,0.00106192,0.4606805866666579,1.050809633076923,5.3274527567647105,0.0010599833333333325,0.0010552100000000013,0.001050326470588234
181,0.00105363,1554516000,0.00106019,0.00104903,0.00106019,1537.89448942,1.61779328,0.00105195,0.9065527166666579,1.0292905423076921,5.199050454705888,0.0010597266666666656,0.001055845384615386,0.0010507932352941166
182,0.00105898,1554523200,0.00105898,0.00105241,0.00105241,381.5406399,0.4037191,0.00105812,0.6816113033333245,1.0589144107692308,5.17909735441177,0.001058519999999999,0.0010566861538461553,0.0010512458823529402
183,0.00105668,1554530400,0.001059,0.00105432,0.00105899,2704.62445954,2.85685786,0.00105628,1.6261234133333247,0.9553264807692307,5.233246133529416,0.0010564299999999988,0.0010565161538461552,0.0010515423529411753
184,0.001051,1554537600,0.00105621,0.00105,0.00105442,1386.38789117,1.46259073,0.00105496,1.5743892299999915,0.9171086738461537,4.930660247941181,0.0010555533333333322,0.0010561376923076938,0.0010514520588235285
185,0.00105516,1554544800,0.00105658,0.00105102,0.00105102,535.40086584,0.56452503,0.00105439,1.627991206666658,0.9521753107692307,4.918663232352945,0.0010542799999999988,0.001056079230769232,0.0010516417647058814
186,0.00105508,1554552000,0.00105848,0.00105196,0.00105457,378.50141749,0.39963109,0.00105582,0.808915616666658,0.9141774284615383,4.243160652647063,0.0010537466666666656,0.0010556361538461552,0.001051169117647058
187,0.00108635,1554559200,0.0010977,0.001051,0.00105192,9886.5648292,10.69715371,0.00108198,3.887103276666658,1.7023631938461536,4.258555268529416,0.0010655299999999988,0.0010582015384615396,0.001050565294117646
188,0.00108053,1554566400,0.00109451,0.0010751,0.00108816,7184.28060375,7.79311533,0.00108474,6.296633376666659,2.154908720769231,3.8882294902941226,0.0010739866666666653,0.0010606000000000014,0.0010498420588235286
189,0.00108495,1554573600,0.001085,0.0010779,0.0010779,209.4615719,0.22683867,0.00108296,6.239035903333325,2.1196818815384613,2.5664217314705935,0.001083943333333332,0.0010628084615384628,0.0010507252941176462
190,0.00105407,1554580800,0.00108353,0.00102634,0.00107888,20608.68888334,21.66310985,0.00105116,9.894354616666659,3.77441357,3.13499697941177,0.0010731833333333322,0.0010627984615384628,0.0010508829411764696
191,0.00105475,1554588000,0.00106277,0.001054,0.00105406,1954.47799548,2.07141794,0.00105983,7.987122153333325,3.912201343076923,3.127115777647064,0.001064589999999999,0.0010628253846153859,0.001051375294117646
192,0.001053,1554595200,0.00105739,0.001053,0.00105739,30.14261875,0.03183812,0.00105624,7.922121969999992,3.8316855569230768,3.1140749247058874,0.0010539399999999989,0.0010620869230769244,0.0010514932352941166
193,0.00105902,1554602400,0.00105902,0.00105333,0.00105333,275.56441634,0.29135313,0.00105729,0.7982030633333252,3.8523033723076923,3.021640015294123,0.0010555899999999988,0.0010617846153846166,0.0010519941176470578
194,0.001064,1554609600,0.00106598,0.00105511,0.00105511,4463.06861236,4.74008627,0.00106206,1.6877591733333253,4.092479756153846,3.1356039467647117,0.001058673333333332,0.001062582307692309,0.0010526623529411756
195,0.0010585,1554616800,0.00106295,0.00105331,0.00106037,3920.10798428,4.15548211,0.00106004,3.062307169999992,4.38107691076923,3.160256597941182,0.0010605066666666656,0.001062545384615386,0.001052938823529411
196,0.00105487,1554624000,0.00106101,0.00105487,0.00106013,561.53098663,0.59350985,0.00105694,3.163026076666659,4.206973217692307,3.140691521176476,0.0010591233333333324,0.0010624061538461551,0.0010534720588235285
197,0.00105159,1554631200,0.00105892,0.00104686,0.00105445,1269.65420982,1.3324471,0.00104945,2.027146353333326,4.196962169230769,2.7445546450000053,0.0010549866666666656,0.0010624515384615397,0.0010539867647058813
198,0.00105497,1554638400,0.00105561,0.00104908,0.00105165,1898.84881748,2.0014663,0.00105404,1.3091410833333255,4.3074961130769225,2.5676331238235353,0.001053809999999999,0.0010624369230769243,0.0010555432352941168
199,0.00104805,1554645600,0.00106023,0.00104349,0.00105501,3557.38013989,3.73074284,0.00104873,2.3548854133333257,4.563735478461537,2.550996099117653,0.0010515366666666653,0.001061896153846155,0.001056459117647058
200,0.00104983,1554652800,0.00105399,0.00103706,0.00104611,4544.24493678,4.76423523,0.00104841,3.4988147899999924,4.107357133846153,2.5670648594117704,0.0010509499999999986,0.0010590869230769245,0.0010570108823529402
201,0.00105034,1554660000,0.00105253,0.00104765,0.00104765,113.76675482,0.11956276,0.00105094,2.8715136099999925,3.5170838592307687,2.5052353391176525,0.0010494066666666656,0.0010567646153846167,0.0010574435294117637
202,0.00105555,1554667200,0.00105971,0.00104865,0.00105167,1103.17555388,1.1636633,0.00105483,2.0158204299999927,3.5891472923076924,2.4836506873529465,0.0010519066666666655,0.0010545030769230784,0.0010577429411764696
203,0.001048,1554674400,0.00105904,0.001048,0.00105576,7283.91125413,7.67899967,0.00105424,2.9874085766666596,2.5134465092307696,2.7089563008823583,0.0010512966666666656,0.0010540361538461554,0.0010577414705882342
204,0.00105769,1554681600,0.00106878,0.00104953,0.00104953,2589.01142191,2.74191563,0.00105905,3.8615261999999926,2.5650232546153853,2.665968497352946,0.0010537466666666656,0.0010542623076923092,0.0010577061764705873
205,0.0010494,1554688800,0.00106295,0.00104409,0.00105863,2536.06688805,2.67049088,0.001053,4.363802059999993,2.7679965438461545,2.6868822814705933,0.0010516966666666656,0.001053985384615386,0.0010575144117647049
206,0.001047,1554696000,0.00105172,0.001047,0.0010494,477.81728966,0.50068492,0.00104785,1.9710304766666595,2.78409898923077,2.6984124629411816,0.0010513633333333321,0.0010530607692307706,0.0010572520588235284
207,0.00103716,1554703200,0.00104787,0.00103648,0.00104787,3315.98165156,3.44789879,0.00103978,2.2063581966666597,2.6846999523076933,2.773538793235299,0.001044519999999999,0.0010509961538461552,0.001056555588235293
208,0.00103996,1554710400,0.00104193,0.00103509,0.00104025,1252.6374158,1.30017461,0.00103794,1.7495861066666596,2.4650609138461546,2.7985222005882404,0.0010413733333333322,0.0010495700000000012,0.0010561720588235285
209,0.001033,1554717600,0.00103766,0.00102498,0.00103765,1967.30431736,2.02440766,0.00102902,2.2574936866666593,2.575129976153847,2.801886441176475,0.0010367066666666655,0.0010478876923076935,0.0010556911764705874
210,0.00103252,1554724800,0.001043,0.00103162,0.00103523,837.69873066,0.86602518,0.00103381,1.3968691499999928,2.539251366923078,2.807216958823534,0.001035159999999999,0.0010464207692307706,0.0010549935294117637
211,0.00104475,1554732000,0.0010459,0.00103444,0.00103444,2718.26459197,2.83334719,0.00104233,1.9079266766666594,2.603242204615386,2.8860919379411807,0.0010367566666666657,0.0010456346153846167,0.0010547155882352933
212,0.00103816,1554739200,0.00104762,0.00103808,0.00104514,745.63470587,0.77564957,0.00104025,1.4916739799999927,2.3759273376923087,2.9006646638235334,0.0010384766666666656,0.0010448738461538475,0.0010542379411764698
213,0.00105135,1554746400,0.0010775,0.00104113,0.00104203,11067.38237064,11.75952286,0.00106253,5.122839873333327,2.9140263861538473,3.214811120294122,0.0010447533333333321,0.0010449907692307704,0.0010539070588235287
214,0.0010575,1554753600,0.00105795,0.00104255,0.00105039,2368.26479537,2.48447509,0.00104906,5.006549173333328,3.09594271923077,3.2871979897058865,0.0010490033333333322,0.0010455415384615396,0.0010537467647058817
215,0.001047,1554760800,0.001054,0.00104616,0.001054,240.59282919,0.25214665,0.00104802,4.832048199999995,3.0258260538461546,3.2470319123529454,0.0010519499999999988,0.0010448838461538472,0.0010535517647058817
216,0.00104113,1554768000,0.00104969,0.00103881,0.00104835,960.77660983,1.00221255,0.00104312,1.2462780966666607,2.5122270446153854,3.264634660882357,0.001048543333333332,0.0010443553846153856,0.0010530267647058818
217,0.00103889,1554775200,0.00104226,0.00103214,0.00104199,3104.59501786,3.23063373,0.00104059,1.4949976433333274,2.5498207446153853,3.275628068823533,0.0010423399999999986,0.001042909230769232,0.0010525035294117642
218,0.00104259,1554782400,0.00104589,0.00103583,0.00103895,540.69032281,0.56261291,0.00104054,1.5984863966666607,2.387676285384616,3.24915813294118,0.0010408699999999984,0.0010423853846153856,0.0010522561764705878
219,0.00104011,1554789600,0.00104596,0.00104007,0.00104214,306.04568258,0.31949002,0.00104392,1.370912219999994,2.3737382161538467,3.2419512208823567,0.0010405299999999983,0.0010418553846153857,0.0010518135294117642
220,0.00104932,1554796800,0.00104932,0.00103988,0.00104276,417.66262136,0.43726817,0.00104694,0.43979036666666066,2.142151245384616,3.2430581938235328,0.001044006666666665,0.0010427907692307703,0.0010516441176470581
221,0.00107039,1554804000,0.00108068,0.00104815,0.00104815,4665.76421705,4.99599927,0.00107077,1.917585819999994,2.4264454500000006,3.0753771808823567,0.0010532733333333316,0.0010451315384615394,0.0010511747058823523
222,0.00106913,1554811200,0.00107739,0.00106504,0.00107102,1789.86606004,1.90884724,0.00106647,2.447371559999994,2.4175561869230773,2.9023104723529447,0.0010629466666666652,0.00104791076923077,0.0010508394117647053
223,0.00106753,1554818400,0.00107128,0.00105598,0.00106845,22071.5389581,23.45445233,0.00106265,10.119766279999995,4.155127506153847,3.5854755800000033,0.0010690166666666651,0.001050603846153847,0.0010503270588235285
224,0.00107467,1554825600,0.00107594,0.00106417,0.00106734,18257.86114364,19.55712415,0.00107116,14.973474573333329,5.441571887692309,3.5235348241176503,0.0010704433333333316,0.0010529053846153854,0.0010509329411764697
225,0.00107215,1554832800,0.001085,0.00107215,0.001076,5296.8097544,5.71622307,0.00107918,16.242599849999994,5.821616003076924,3.6307349750000033,0.0010714499999999983,0.0010555200000000008,0.0010514447058823523
226,0.001071,1554840000,0.00108272,0.001071,0.00107684,4933.12938983,5.31654116,0.00107772,10.196629459999995,5.326002026153846,3.786167417352945,0.001072606666666665,0.0010570315384615392,0.0010519741176470581
227,0.00107348,1554847200,0.00107459,0.00107002,0.00107009,427.55951457,0.45755254,0.00107014,3.830105589999995,5.170084906923076,3.791055635294121,0.0010722099999999986,0.00105826076923077,0.0010523994117647053
228,0.00111761,1554854400,0.001129,0.00107001,0.0010704,9865.39161204,10.9934614,0.00111434,5.5891850333333295,5.996339887692307,3.974978433235297,0.0010873633333333317,0.0010636923076923085,0.0010539761764705876
229,0.00110716,1554861600,0.00112008,0.00110241,0.00111403,3130.81025902,3.48159296,0.00111204,4.977535633333329,6.187061457692308,3.95515816411765,0.0010994166666666652,0.0010687715384615393,0.0010554073529411758
230,0.00111408,1554868800,0.00111766,0.00110675,0.00110675,4330.9746749,4.8124975,0.00111118,6.429183953333329,6.308743286153847,4.079246036176474,0.0011129499999999986,0.0010745553846153854,0.0010571488235294113
231,0.00111,1554876000,0.0011207,0.00110661,0.00111277,4999.92289194,5.58052684,0.00111612,4.624872433333329,6.6947366653846165,4.20418955794118,0.0011104133333333318,0.00107974076923077,0.001058866764705882
232,0.00110869,1554883200,0.00111349,0.00110869,0.001111,722.76689376,0.80226818,0.00110999,3.7317641733333295,6.731873446923078,4.168919025000003,0.0011109233333333318,0.0010850161538461546,0.001060446764705882
233,0.00111771,1554890400,0.00112116,0.001106,0.00110859,2537.07715066,2.82937607,0.00111521,3.0707236966666627,6.915881746923078,4.142408237647062,0.0011121333333333318,0.001090276923076924,0.0010624955882352937
234,0.00112376,1554897600,0.00114271,0.00111743,0.00111771,7896.09148498,8.93997911,0.0011322,4.190541119999995,7.219264811538462,4.26522423411765,0.0011167199999999983,0.0010943823076923086,0.0010646699999999995
235,0.00112748,1554904800,0.00112748,0.00111963,0.00112061,2817.63958634,3.16693513,0.00112396,4.978763436666662,7.316040803076924,4.354852833235297,0.0011229833333333318,0.0010988707692307703,0.0010669388235294115
236,0.0011174,1554912000,0.00113365,0.00111167,0.00112937,2118.02083372,2.37347966,0.00112061,4.826797966666662,5.694427520769232,4.390435667352944,0.0011228799999999986,0.0011027069230769239,0.0010687579411764701
237,0.00108829,1554919200,0.00111493,0.00108407,0.00111493,2723.70758347,2.97355747,0.00109173,2.8379907533333295,4.418768545384617,4.2520403085294145,0.0011110566666666655,0.0011037546153846163,0.00106994294117647
238,0.00108082,1554926400,0.00109017,0.00103974,0.00108711,20090.52361723,21.44654717,0.00106749,8.931194766666662,5.628793476153847,4.802176530294121,0.001095503333333332,0.0011044215384615394,0.0010706232352941172
239,0.00110196,1554933600,0.00111132,0.001081,0.00108405,5281.67148211,5.80566769,0.00109921,10.075257443333328,5.6664185938461555,4.8943876129411805,0.0010903566666666652,0.0011068030769230779,0.0010721691176470583
240,0.0010897,1554940800,0.00109943,0.00108393,0.00109935,1009.07006812,1.09784132,0.00108797,9.450018726666661,5.7156715769230795,4.911951036470591,0.0010908266666666653,0.0011080507692307702,0.0010734249999999996
241,0.00107586,1554948000,0.00108881,0.00107265,0.00108881,1693.72459101,1.82499927,0.0010775,2.909502759999995,5.0104052592307715,4.864218697647062,0.001089173333333332,0.0011048392307692319,0.001074563235294117
242,0.00108405,1554955200,0.00108673,0.001068,0.00107487,3441.68342421,3.70186567,0.00107559,2.2082354199999954,5.027349313846157,4.934856670000003,0.0010832033333333319,0.0011030615384615395,0.0010758599999999997
243,0.001084,1554962400,0.00108859,0.00108099,0.00108306,1138.24670913,1.23776575,0.00108743,2.254876896666662,4.752369948461541,4.911720143235296,0.001081303333333332,0.0011007476923076934,0.0010773599999999996
244,0.00108429,1554969600,0.00108432,0.00106393,0.00108331,3672.34648799,3.94333083,0.00107379,2.9609874166666628,4.626431793846157,5.002229132941179,0.001084113333333332,0.001098770000000001,0.0010788826470588232
245,0.00104878,1554976800,0.00108498,0.001024,0.00108144,7830.11206294,8.20402738,0.00104775,4.461707986666663,5.195797886153849,5.160190315000001,0.001072356666666665,0.0010941615384615394,0.001079001176470588
246,0.00104908,1554984000,0.00105937,0.00104599,0.00105134,3026.61690635,3.18483286,0.00105227,5.110730356666663,5.223140716153849,5.231048647058825,0.001060716666666665,0.0010888823076923085,0.001079322352941176
247,0.001029,1554991200,0.00105294,0.001029,0.00104599,2501.36279782,2.6015354,0.00104004,4.663465213333329,4.735568123076926,4.961696074705883,0.0010422866666666651,0.0010815930769230778,0.0010786649999999997
248,0.00103724,1554998400,0.0010403,0.001025,0.00103515,5198.0334676,5.37281683,0.00103362,3.719728363333329,4.905251330769234,5.046647302352943,0.0010384399999999983,0.0010746515384615393,0.0010780691176470584
249,0.00104093,1555005600,0.00104336,0.00103621,0.00103889,360.48951362,0.3750934,0.00104051,2.783148543333329,4.751529310769234,5.050263383235296,0.0010357233333333318,0.0010687692307692316,0.0010778905882352938
250,0.00103794,1555012800,0.00104038,0.00103305,0.00104038,517.23919202,0.53535021,0.00103501,2.0944201466666628,4.563974906153849,5.036532137941178,0.0010387033333333318,0.0010648961538461546,0.0010777967647058822
251,0.00105195,1555020000,0.0010577,0.0010335,0.00103802,3566.24130749,3.73105417,0.00104621,1.547165926666663,3.201244675384618,5.051250386176472,0.001043606666666665,0.0010626753846153855,0.001078180882352941
252,0.00104443,1555027200,0.00105603,0.00104443,0.00105075,865.1359861,0.91024891,0.00105214,1.7255510966666632,2.8246740000000026,5.061474974411766,0.0010447733333333318,0.001058250000000001,0.0010782349999999997
