,close,date,high,low,open,quoteVolume,volume,weightedAverage,avg_vol_3,avg_vol_13,avg_vol_34,avg_close_3,avg_close_13,avg_close_34
0,4.639e-05,1553040817,4.639e-05,4.639e-05,4.639e-05,0.0,0.0,4.639e-05,-99999.0,-99999.0,-99999.0,-99999.0,-99999.0,-99999.0
1,4.664e-05,1553047200,4.664e-05,4.658e-05,4.658e-05,354.59922819,0.01653509,4.663e-05,-99999.0,-99999.0,-99999.0,-99999.0,-99999.0,-99999.0
2,4.639e-05,1553054400,4.639e-05,4.639e-05,4.639e-05,2.495,0.00011574,4.639e-05,0.005550276666666666,-99999.0,-99999.0,4.647333333333333e-05,-99999.0,-99999.0
3,4.844e-05,1553061600,4.844e-05,4.672e-05,4.672e-05,13422.18341596,0.6303771,4.696e-05,0.21567597666666669,-99999.0,-99999.0,4.715666666666666e-05,-99999.0,-99999.0
4,4.792e-05,1553068800,4.861e-05,4.792e-05,4.861e-05,2471.94108714,0.11985825,4.848e-05,0.25011703,-99999.0,-99999.0,4.7583333333333336e-05,-99999.0,-99999.0
5,4.783e-05,1553076000,4.792e-05,4.783e-05,4.792e-05,18.30887774,0.00087609,4.785e-05,0.25037048,-99999.0,-99999.0,4.806333333333334e-05,-99999.0,-99999.0
6,4.746e-05,1553083200,4.776e-05,4.746e-05,4.776e-05,543.2363872,0.0259164,4.77e-05,0.04888357999999996,-99999.0,-99999.0,4.773666666666668e-05,-99999.0,-99999.0
7,4.856e-05,1553090400,4.905e-05,4.761e-05,4.761e-05,8521.29741494,0.41222065,4.837e-05,0.1463377133333333,-99999.0,-99999.0,4.795000000000002e-05,-99999.0,-99999.0
8,4.835e-05,1553097600,4.856e-05,4.835e-05,4.856e-05,289.88215697,0.01403817,4.842e-05,0.15072507333333332,-99999.0,-99999.0,4.8123333333333354e-05,-99999.0,-99999.0
9,4.839e-05,1553104800,4.839e-05,4.839e-05,4.839e-05,9.37702627,0.00045375,4.839e-05,0.1422375233333333,-99999.0,-99999.0,4.843333333333334e-05,-99999.0,-99999.0
10,4.82e-05,1553112000,4.867e-05,4.82e-05,4.846e-05,11464.5176022,0.55716764,4.859e-05,0.19055318666666662,-99999.0,-99999.0,4.8313333333333344e-05,-99999.0,-99999.0
11,4.819e-05,1553119200,4.82e-05,4.819e-05,4.82e-05,114.48601882,0.00551811,4.819e-05,0.18771316666666663,-99999.0,-99999.0,4.826e-05,-99999.0,-99999.0
12,4.818e-05,1553126400,4.818e-05,4.75e-05,4.801e-05,1619.70183749,0.07709989,4.76e-05,0.21326187999999993,0.1430905292307692,-99999.0,4.8190000000000004e-05,4.776461538461539e-05,-99999.0
13,4.818e-05,1553133600,4.818e-05,4.818e-05,4.818e-05,0.0,0.0,4.818e-05,0.027539333333333287,0.1430905292307692,-99999.0,4.818333333333333e-05,4.79023076923077e-05,-99999.0
14,4.844e-05,1553140800,4.844e-05,4.817e-05,4.817e-05,2468.10692303,0.11894324,4.819e-05,0.06534770999999996,0.15096807923076921,-99999.0,4.826666666666666e-05,4.804076923076923e-05,-99999.0
15,4.89e-05,1553148000,4.917e-05,4.814e-05,4.869e-05,7810.90475927,0.3772348,4.829e-05,0.16539267999999993,0.17997723769230767,-99999.0,4.850666666666667e-05,4.823384615384616e-05,-99999.0
16,4.846e-05,1553155200,4.857e-05,4.846e-05,4.857e-05,201.63781148,0.0097732,4.846e-05,0.16865041333333328,0.13223847615384615,-99999.0,4.860000000000001e-05,4.823538461538462e-05,-99999.0
17,4.801e-05,1553162400,4.828e-05,4.801e-05,4.828e-05,505.13576864,0.02426585,4.803e-05,0.13709128333333329,0.12488521461538458,-99999.0,4.845666666666667e-05,4.82423076923077e-05,-99999.0
18,4.75e-05,1553169600,4.801e-05,4.738e-05,4.801e-05,4940.93803346,0.23576274,4.771e-05,0.08993392999999994,0.14295341846153845,-99999.0,4.799000000000001e-05,4.821692307692308e-05,-99999.0
19,4.677e-05,1553176800,4.76e-05,4.674e-05,4.737e-05,1378.95114036,0.06494921,4.71e-05,0.10832593333333328,0.14595594230769227,-99999.0,4.7426666666666685e-05,4.8163846153846154e-05,-99999.0
20,4.726e-05,1553184000,4.726e-05,4.711e-05,4.715e-05,2838.76496168,0.13405725,4.722e-05,0.1449230666666666,0.12455875769230765,-99999.0,4.7176666666666685e-05,4.806384615384616e-05,-99999.0
21,4.726e-05,1553191200,4.734e-05,4.725e-05,4.726e-05,563.83326408,0.02666148,4.728e-05,0.0752226466666666,0.12552978153846148,-99999.0,4.709666666666669e-05,4.798000000000001e-05,-99999.0
22,4.725e-05,1553198400,4.739e-05,4.725e-05,4.739e-05,523.07996892,0.02471788,4.725e-05,0.06181220333333328,0.12739625307692304,-99999.0,4.72566666666667e-05,4.78923076923077e-05,-99999.0
23,4.739e-05,1553205600,4.739e-05,4.739e-05,4.739e-05,1032.56319899,0.04893317,4.739e-05,0.03343750999999995,0.0883012938461538,-99999.0,4.730000000000003e-05,4.783000000000001e-05,-99999.0
24,4.7e-05,1553212800,4.741e-05,4.7e-05,4.741e-05,1209.09756151,0.05728688,4.737e-05,0.04364597666666661,0.09228350692307688,-99999.0,4.7213333333333365e-05,4.773846153846154e-05,-99999.0
25,4.73e-05,1553220000,4.73e-05,4.7e-05,4.7e-05,644.75289085,0.03030698,4.7e-05,0.04550900999999994,0.08868405230769226,-99999.0,4.723000000000002e-05,4.7670769230769234e-05,-99999.0
26,4.734e-05,1553227200,4.734e-05,4.721e-05,4.721e-05,117.74901288,0.00556047,4.722e-05,0.03105144333333328,0.08911178076923074,-99999.0,4.721333333333335e-05,4.760615384615385e-05,-99999.0
27,4.68e-05,1553234400,4.711e-05,4.68e-05,4.711e-05,24509.25195728,1.1472247,4.68e-05,0.3943640499999999,0.16821035461538456,-99999.0,4.714666666666669e-05,4.748000000000001e-05,-99999.0
28,4.762e-05,1553241600,4.811e-05,4.726e-05,4.726e-05,4304.16156757,0.20494518,4.761e-05,0.45257678333333323,0.15495730692307688,-99999.0,4.725333333333335e-05,4.7381538461538466e-05,-99999.0
29,4.779e-05,1553248800,4.779e-05,4.779e-05,4.779e-05,250.0,0.0119475,4.779e-05,0.4547057933333332,0.1551245607692307,-99999.0,4.7403333333333354e-05,4.733000000000001e-05,-99999.0
30,4.824e-05,1553256000,4.824e-05,4.771e-05,4.778e-05,911.91731235,0.04374165,4.796e-05,0.08687810999999994,0.15662269923076916,-99999.0,4.788333333333335e-05,4.734769230769231e-05,-99999.0
31,4.828e-05,1553263200,4.828e-05,4.828e-05,4.828e-05,2.24489795,0.00010838,4.828e-05,0.018599176666666606,0.13849544076923068,-99999.0,4.8103333333333344e-05,4.7407692307692316e-05,-99999.0
32,4.79e-05,1553270400,4.792e-05,4.79e-05,4.792e-05,644.46726297,0.03088274,4.791e-05,0.02491092333333327,0.135874943076923,-99999.0,4.814000000000001e-05,4.749461538461539e-05,-99999.0
33,4.828e-05,1553277600,4.828e-05,4.828e-05,4.828e-05,5.78392894,0.00027924,4.828e-05,0.01042345333333327,0.12558432692307686,0.13111057117647062,4.815333333333334e-05,4.757307692307693e-05,4.7732647058823524e-05
34,4.828e-05,1553284800,4.828e-05,4.828e-05,4.828e-05,0.0,0.0,4.828e-05,0.010387326666666603,0.12353344384615378,0.13111057117647062,4.815333333333334e-05,4.765153846153847e-05,4.7788235294117636e-05
35,4.77e-05,1553292000,4.807e-05,4.714e-05,4.783e-05,10078.72502779,0.47578987,4.72e-05,0.15868970333333324,0.15823128923076918,0.1446180647058824,4.808666666666667e-05,4.768615384615386e-05,4.781941176470587e-05
36,4.77e-05,1553299200,4.77e-05,4.77e-05,4.77e-05,0.0,0.0,4.77e-05,0.15859662333333324,0.15446719923076915,0.14461466058823533,4.789333333333334e-05,4.771000000000001e-05,4.785794117647057e-05
37,4.785e-05,1553306400,4.785e-05,4.785e-05,4.785e-05,2.09195402,0.00010009,4.785e-05,0.15862998666666658,0.15006821538461532,0.1260771014705883,4.775e-05,4.777538461538463e-05,4.7840588235294095e-05
38,4.752e-05,1553313600,4.777e-05,4.746e-05,4.777e-05,837.36163952,0.03984945,4.758e-05,0.013316513333333224,0.15080225153846147,0.1237239014705883,4.7690000000000006e-05,4.779230769230771e-05,4.782882352941174e-05
39,4.793e-05,1553320800,4.811e-05,4.77e-05,4.77e-05,754.96031916,0.0361569,4.789e-05,0.025368813333333223,0.15315582307692302,0.12476157235294123,4.776666666666668e-05,4.783769230769232e-05,4.783176470588233e-05
40,4.831e-05,1553328000,4.831e-05,4.792e-05,4.792e-05,9321.78761112,0.44909564,4.817e-05,0.17503399666666655,0.09945358769230764,0.13720802058823536,4.7920000000000016e-05,4.795384615384616e-05,4.785676470588233e-05
41,4.898e-05,1553335200,5.086e-05,4.836e-05,4.836e-05,16918.50473834,0.84064085,4.968e-05,0.4419644633333333,0.14835325461538457,0.14980861470588241,4.8406666666666685e-05,4.805846153846155e-05,4.7869117647058794e-05
42,4.997e-05,1553342400,5.048e-05,4.865e-05,4.899e-05,14276.70360503,0.71213314,4.988e-05,0.6672898766666666,0.2022136884615384,0.1703408197058824,4.908666666666667e-05,4.8226153846153856e-05,4.791676470588233e-05
43,4.992e-05,1553349600,5.084e-05,4.939e-05,5.016e-05,18582.69601296,0.92533544,4.979e-05,0.8260364766666667,0.2700285953846153,0.19754322235294122,4.962333333333334e-05,4.835538461538462e-05,4.7961764705882334e-05
44,4.96e-05,1553356800,4.984e-05,4.911e-05,4.975e-05,8278.12178464,0.40943991,4.946e-05,0.6823028299999999,0.30151563615384613,0.1931982891176471,4.983e-05,4.8456923076923083e-05,4.8002941176470566e-05
45,4.948e-05,1553364000,5.016e-05,4.928e-05,4.984e-05,20137.12070158,1.00998402,5.015e-05,0.7815864566666666,0.3768311192307692,0.22274140411764712,4.966666666666666e-05,4.857846153846154e-05,4.804088235294115e-05
46,4.999e-05,1553371200,5e-05,4.948e-05,4.948e-05,190.5785208,0.0095056,4.987e-05,0.4763098433333332,0.37754083923076914,0.2207533367647059,4.9689999999999994e-05,4.870999999999999e-05,4.809411764705879e-05
47,5.012e-05,1553378400,5.012e-05,4.993e-05,5e-05,3399.58444552,0.16995153,4.999e-05,0.3964803833333332,0.39061403384615373,0.22575191117647062,4.986333333333332e-05,4.885153846153845e-05,4.8151176470588204e-05
48,4.967e-05,1553385600,4.967e-05,4.945e-05,4.966e-05,34.30488016,0.00170096,4.958e-05,0.06038602999999979,0.3541456561538461,0.22230360882352942,4.992666666666666e-05,4.900307692307691e-05,4.818735294117644e-05
49,4.967e-05,1553392800,4.967e-05,4.967e-05,4.967e-05,0.0,0.0,4.967e-05,0.05721749666666646,0.3541456561538461,0.21120846764705883,4.981999999999999e-05,4.9154615384615374e-05,4.820999999999997e-05
50,4.957e-05,1553400000,4.957e-05,4.957e-05,4.957e-05,6.43899474,0.00031918,4.957e-05,0.0006733799999997977,0.35416250923076914,0.21093040823529413,4.963666666666666e-05,4.928692307692307e-05,4.82426470588235e-05
51,4.957e-05,1553407200,4.957e-05,4.932e-05,4.939e-05,81.08698874,0.00400086,4.934e-05,0.0014400133333331312,0.35140492538461526,0.21033437911764707,4.9603333333333327e-05,4.944461538461537e-05,4.8288529411764674e-05
52,4.913e-05,1553414400,4.929e-05,4.913e-05,4.929e-05,28.7768248,0.00141754,4.925e-05,0.0019125266666664646,0.3487326669230768,0.20344187323529414,4.942333333333332e-05,4.9536923076923066e-05,4.833647058823527e-05
53,4.952e-05,1553421600,4.952e-05,4.929e-05,4.929e-05,242.17864312,0.01198554,4.949e-05,0.005801313333333131,0.31510881307692296,0.20188411823529415,4.9406666666666656e-05,4.962999999999999e-05,4.841735294117644e-05
54,4.911e-05,1553428800,4.911e-05,4.911e-05,4.911e-05,9.33519896,0.00045845,4.911e-05,0.0046205099999997975,0.2504793976923076,0.19795474176470593,4.925333333333332e-05,4.963999999999999e-05,4.847176470588233e-05
55,4.909e-05,1553436000,4.917e-05,4.887e-05,4.91e-05,2319.57499839,0.11379159,4.905e-05,0.04207852666666647,0.2044531246153845,0.20051739205882357,4.923999999999998e-05,4.957230769230769e-05,4.8525588235294086e-05
56,4.897e-05,1553443200,4.915e-05,4.863e-05,4.915e-05,1613.00155035,0.07881624,4.886e-05,0.06435542666666647,0.13933626307692298,0.20210852029411772,4.9056666666666654e-05,4.9499230769230766e-05,4.857617647058821e-05
57,4.897e-05,1553450400,4.897e-05,4.897e-05,4.897e-05,0.0,0.0,4.897e-05,0.0642026099999998,0.10784088538461527,0.20066930941176478,4.900999999999999e-05,4.945076923076922e-05,4.86226470588235e-05
58,4.863e-05,1553457600,4.87e-05,4.863e-05,4.863e-05,773.50843595,0.03763189,4.865e-05,0.03881604333333313,0.033044567692307576,0.2000912214705883,4.8856666666666656e-05,4.938538461538461e-05,4.8670588235294086e-05
59,4.854e-05,1553464800,4.896e-05,4.828e-05,4.863e-05,2618.20434296,0.1273688,4.864e-05,0.055000229999999796,0.04211096769230757,0.20294598088235302,4.871333333333332e-05,4.9273846153846155e-05,4.870705882352938e-05
60,4.815e-05,1553472000,4.819e-05,4.815e-05,4.819e-05,480.58893,0.02314106,4.815e-05,0.06271391666666647,0.030817854615384502,0.20346305705882362,4.8439999999999983e-05,4.912230769230769e-05,4.873088235294115e-05
61,4.819e-05,1553479200,4.82e-05,4.817e-05,4.817e-05,57.32369623,0.00276241,4.818e-05,0.05109075666666646,0.030899504615384505,0.16980240147058834,4.829333333333331e-05,4.900846153846154e-05,4.877176470588232e-05
62,4.758e-05,1553486400,4.811e-05,4.748e-05,4.81e-05,18657.72063467,0.88814195,4.76e-05,0.3046818066666665,0.09921811615384604,0.18989642411764712,4.797333333333331e-05,4.88476923076923e-05,4.877058823529409e-05
63,4.759e-05,1553493600,4.759e-05,4.758e-05,4.759e-05,1554.47004371,0.07397704,4.758e-05,0.3216271333333331,0.10488410538461526,0.19172082235294124,4.778666666666664e-05,4.869538461538461e-05,4.876470588235291e-05
64,4.923e-05,1553500800,5.024e-05,4.759e-05,4.759e-05,23509.44649669,1.13225073,4.816e-05,0.6981232399999998,0.1916725569230768,0.22373579529411772,4.813333333333331e-05,4.866923076923077e-05,4.879382352941173e-05
65,4.892e-05,1553508000,4.949e-05,4.882e-05,4.923e-05,1493.18634136,0.07364153,4.931e-05,0.42662309999999987,0.19722824846153839,0.22589853500000004,4.857999999999997e-05,4.865307692307693e-05,4.88126470588235e-05
66,4.844e-05,1553515200,4.891e-05,4.818e-05,4.884e-05,2944.66566873,0.14296439,4.855e-05,0.4496188833333332,0.20730354461538453,0.22919505411764712,4.88633333333333e-05,4.857e-05,4.882852941176468e-05
67,4.856e-05,1553522400,4.971e-05,4.855e-05,4.855e-05,744.85096895,0.03649348,4.899e-05,0.08436646666666658,0.2100754699999999,0.23026017882352945,4.863999999999997e-05,4.852769230769231e-05,4.883676470588233e-05
68,4.911e-05,1553529600,5.298e-05,4.836e-05,4.856e-05,25598.5848236,1.31357118,5.131e-05,0.49767634999999993,0.3023662076923076,0.26889462529411773,4.8703333333333305e-05,4.852923076923077e-05,4.886117647058821e-05
69,4.911e-05,1553536800,4.911e-05,4.911e-05,4.911e-05,0.0,0.0,4.911e-05,0.4500215533333333,0.2963034199999999,0.25490080558823536,4.892666666666664e-05,4.8540000000000006e-05,4.890264705882351e-05
70,4.911e-05,1553544000,4.911e-05,4.911e-05,4.911e-05,0.0,0.0,4.911e-05,0.43785705999999996,0.2963034199999999,0.25490080558823536,4.910999999999997e-05,4.855076923076924e-05,4.89441176470588e-05
71,4.997e-05,1553551200,5.067e-05,4.931e-05,4.931e-05,2175.95618933,0.10886865,5.003e-05,0.03628954999999993,0.3017831707692306,0.25809988088235297,4.939666666666664e-05,4.865384615384616e-05,4.900647058823528e-05
72,5.087e-05,1553558400,5.157e-05,5.013e-05,5.013e-05,2816.65052338,0.14377151,5.104e-05,0.0842133866666666,0.3030449176923075,0.2611564120588236,4.998333333333331e-05,4.883307692307692e-05,4.9104999999999985e-05
73,5.18e-05,1553565600,5.4e-05,5.061e-05,5.061e-05,43254.68906251,2.27309311,5.255e-05,0.84191109,0.47611815230769206,0.3269486535294118,5.087999999999998e-05,4.911384615384615e-05,4.9218823529411753e-05
74,5.05e-05,1553572800,5.126e-05,5.05e-05,5.126e-05,516.47672158,0.02618796,5.07e-05,0.8143508600000001,0.47792011769230747,0.31451019235294125,5.105666666666665e-05,4.929153846153845e-05,4.9283235294117634e-05
75,4.984e-05,1553580000,5.097e-05,4.984e-05,5.052e-05,3084.37789839,0.15470106,5.015e-05,0.8179940433333334,0.42150158769230744,0.29433549264705894,5.0713333333333314e-05,4.9465384615384614e-05,4.9308529411764694e-05
76,4.898e-05,1553587200,4.978e-05,4.898e-05,4.976e-05,4443.52193025,0.21953557,4.94e-05,0.13347486333333336,0.43269839769230745,0.2798473288235295,4.977333333333331e-05,4.957230769230769e-05,4.927941176470587e-05
77,4.912e-05,1553594400,4.912e-05,4.899e-05,4.899e-05,184.35530482,0.00905083,4.909e-05,0.1277624866666667,0.3462984053846151,0.2528977814705883,4.931333333333331e-05,4.956384615384615e-05,4.925588235294116e-05
78,4.911e-05,1553601600,4.932e-05,4.911e-05,4.913e-05,12553.38239783,0.61675912,4.913e-05,0.28178184,0.3880766815384613,0.2589954052941177,4.906999999999997e-05,4.957846153846153e-05,4.924147058823528e-05
79,5.021e-05,1553608800,5.021e-05,4.909e-05,4.911e-05,6332.196114,0.31188238,4.925e-05,0.31256411,0.40107037307692284,0.23846300411764715,4.947999999999997e-05,4.9714615384615375e-05,4.926294117647058e-05
80,5.124e-05,1553616000,5.126e-05,5.021e-05,5.021e-05,6187.09340301,0.31476634,5.087e-05,0.41446928,0.42247597769230744,0.24744126117647067,5.018666666666664e-05,4.992076923076922e-05,4.9299705882352926e-05
81,5.017e-05,1553623200,5.079e-05,5.004e-05,5.079e-05,14619.00887023,0.7341707,5.022e-05,0.4536064733333333,0.37790670999999976,0.2640359426470589,5.053999999999998e-05,5.000230769230768e-05,4.930117647058822e-05
82,5.093e-05,1553630400,5.097e-05,4.996e-05,5.016e-05,3890.34516827,0.19596426,5.037e-05,0.4149671,0.3929808838461536,0.2697495691176471,5.077999999999998e-05,5.014230769230769e-05,4.933823529411763e-05
83,5.177e-05,1553637600,5.195e-05,5.054e-05,5.093e-05,5275.84696111,0.27135487,5.143e-05,0.40049661000000003,0.41385433538461514,0.27773059470588235,5.0956666666666646e-05,5.0346923076923074e-05,4.939999999999999e-05
84,5.159e-05,1553644800,5.2e-05,5.117e-05,5.195e-05,5200.91443631,0.26968091,5.185e-05,0.24566668000000003,0.426224509230769,0.2856529985294118,5.142999999999999e-05,5.047153846153846e-05,4.945941176470587e-05
85,5.104e-05,1553652000,5.144e-05,5.099e-05,5.117e-05,400.38041587,0.02045173,5.108e-05,0.18716250333333337,0.4167383723076921,0.2861368476470588,5.146666666666665e-05,5.048461538461539e-05,4.9502647058823515e-05
86,5.116e-05,1553659200,5.138e-05,5.112e-05,5.137e-05,160.15813996,0.00819917,5.119e-05,0.09944393666666669,0.24251576153846136,0.2863363073529412,5.1263333333333314e-05,5.043538461538462e-05,4.956235294117645e-05
87,5.181e-05,1553666400,5.181e-05,5.106e-05,5.106e-05,550.80804825,0.02838905,5.154e-05,0.019013316666666707,0.24268507615384596,0.28681876352941177,5.1336666666666646e-05,5.053615384615385e-05,4.9629705882352924e-05
88,5.211e-05,1553673600,5.211e-05,5.157e-05,5.16e-05,4172.33065998,0.21695075,5.199e-05,0.08451299000000005,0.24747351384615365,0.2931861841176471,5.169333333333332e-05,5.071076923076924e-05,4.971794117647057e-05
89,5.217e-05,1553680800,5.4e-05,5.2e-05,5.214e-05,20290.9513251,1.08053421,5.325e-05,0.4419580033333334,0.3137041784615383,0.3216197905882353,5.2029999999999995e-05,5.095615384615385e-05,4.980852941176469e-05
90,5.523e-05,1553688000,6.198e-05,5.136e-05,5.228e-05,156189.55301914,8.89639236,5.695e-05,3.397959106666667,0.9973458346153845,0.5809602647058824,5.316999999999999e-05,5.1426153846153846e-05,4.999264705882352e-05
91,5.472e-05,1553695200,5.554e-05,5.329e-05,5.525e-05,28654.82361842,1.55101615,5.412e-05,3.8426475733333336,1.06921176,0.6265783867647059,5.403999999999999e-05,5.185769230769231e-05,5.0161764705882347e-05
92,5.356e-05,1553702400,5.483e-05,5.323e-05,5.45e-05,2118.56456297,0.11457395,5.408e-05,3.5206608200000002,1.0540341884615385,0.6288413885294117,5.450333333333332e-05,5.211538461538462e-05,5.0306764705882346e-05
93,5.428e-05,1553709600,5.493e-05,5.3e-05,5.356e-05,10760.17904281,0.57858376,5.377e-05,0.7480579533333339,1.0743278361538462,0.642112416764706,5.4186666666666654e-05,5.234923076923077e-05,5.047558823529411e-05
94,5.368e-05,1553716800,5.489e-05,5.368e-05,5.429e-05,2869.55231136,0.15634629,5.448e-05,0.2831680000000007,1.0298798046153848,0.6460302176470588,5.383999999999999e-05,5.261923076923076e-05,5.0638235294117644e-05
95,5.432e-05,1553724000,5.442e-05,5.367e-05,5.367e-05,4770.94242295,0.25913505,5.431e-05,0.331355033333334,1.034739096153846,0.6535705894117648,5.409333333333333e-05,5.287999999999999e-05,5.08185294117647e-05
96,5.354e-05,1553731200,5.446e-05,5.314e-05,5.43e-05,1883.44257517,0.10092474,5.358e-05,0.17213536000000065,1.0216290861538462,0.6304171420588236,5.384666666666667e-05,5.3016153846153836e-05,5.0993823529411756e-05
97,5.336e-05,1553738400,5.366e-05,5.3e-05,5.365e-05,720.11108388,0.03845307,5.339e-05,0.13283762000000066,1.0038423292307692,0.6293723194117647,5.3740000000000004e-05,5.3152307692307684e-05,5.11635294117647e-05
98,5.253e-05,1553745600,5.364e-05,5.253e-05,5.311e-05,1890.46200442,0.10020765,5.3e-05,0.07986182000000065,1.0099774,0.5990181111764707,5.314333333333334e-05,5.3266923076923066e-05,5.1260588235294113e-05
99,5.347e-05,1553752800,5.347e-05,5.27e-05,5.295e-05,16060.59331679,0.85254029,5.308e-05,0.3304003366666673,1.074926716923077,0.6219268982352942,5.3120000000000006e-05,5.3444615384615375e-05,5.139441176470588e-05
100,5.445e-05,1553760000,5.445e-05,5.341e-05,5.341e-05,2519.96326823,0.13632514,5.409e-05,0.36302436000000066,1.083229493076923,0.6217316261764707,5.3483333333333344e-05,5.3647692307692304e-05,5.157117647058823e-05
101,5.368e-05,1553767200,5.445e-05,5.368e-05,5.445e-05,99.13280425,0.00538504,5.432e-05,0.33141682333333394,1.0669552076923077,0.6208166720588236,5.386666666666668e-05,5.376846153846153e-05,5.1721764705882345e-05
102,5.387e-05,1553774400,5.433e-05,5.361e-05,5.386e-05,14489.44960576,0.78434362,5.413e-05,0.30868460000000064,1.0441713161538462,0.6052511555882355,5.400000000000001e-05,5.3899230769230765e-05,5.186176470588234e-05
103,5.362e-05,1553781600,5.364e-05,5.324e-05,5.357e-05,589.75068999,0.03141691,5.327e-05,0.2737151900000006,0.3622501276923078,0.6061751823529413,5.372333333333334e-05,5.377538461538461e-05,5.199441176470587e-05
104,5.365e-05,1553788800,5.365e-05,5.31e-05,5.34e-05,1395.80984431,0.07419974,5.315e-05,0.29665342333333394,0.24864886538461553,0.6083575276470591,5.3713333333333346e-05,5.369307692307692e-05,5.212794117647058e-05
105,5.31e-05,1553796000,5.366e-05,5.31e-05,5.366e-05,508.65337592,0.02703029,5.314e-05,0.044215646666667295,0.2419147376923078,0.6059505170588236,5.345666666666668e-05,5.365769230769231e-05,5.2219999999999985e-05
106,5.38e-05,1553803200,5.38e-05,5.301e-05,5.309e-05,1404.75186984,0.07492448,5.333e-05,0.05871817000000063,0.20317171615384627,0.6039256044117648,5.351666666666668e-05,5.3620769230769236e-05,5.2306176470588214e-05
107,5.387e-05,1553810400,5.387e-05,5.349e-05,5.38e-05,1424.64671275,0.07643731,5.365e-05,0.0594640266666673,0.19702487153846168,0.539318080882353,5.3590000000000014e-05,5.363538461538462e-05,5.236705882352939e-05
108,5.385e-05,1553817600,5.385e-05,5.385e-05,5.385e-05,438.68133705,0.02362299,5.385e-05,0.05832826000000063,0.17890855923076937,0.5392426405882353,5.384000000000002e-05,5.3599230769230784e-05,5.24655882352941e-05
109,5.339e-05,1553824800,5.386e-05,5.339e-05,5.386e-05,421.48882105,0.02261479,5.365e-05,0.040891696666667296,0.17288471692307705,0.5353577502941176,5.370333333333335e-05,5.358769230769232e-05,5.256999999999998e-05
110,5.371e-05,1553832000,5.371e-05,5.344e-05,5.369e-05,114.8831,0.00615664,5.359e-05,0.0174648066666673,0.1704003761538463,0.5290818994117646,5.365000000000002e-05,5.36146153846154e-05,5.27091176470588e-05
111,5.387e-05,1553839200,5.387e-05,5.305e-05,5.319e-05,3466.87784075,0.18442622,5.319e-05,0.07106588333333397,0.1768787276923078,0.534239999117647,5.3656666666666684e-05,5.371769230769233e-05,5.2848823529411744e-05
112,5.431e-05,1553846400,5.457e-05,5.354e-05,5.354e-05,16683.48804529,0.90073404,5.398e-05,0.36377230000000066,0.18058593923076938,0.5425922026470587,5.3963333333333346e-05,5.378230769230771e-05,5.300176470588233e-05
113,5.309e-05,1553853600,5.398e-05,5.309e-05,5.398e-05,548.19071323,0.02930379,5.345e-05,0.37148801666666736,0.17235352769230786,0.5342810676470586,5.375666666666668e-05,5.367769230769232e-05,5.308647058823527e-05
114,5.203e-05,1553860800,5.315e-05,5.203e-05,5.314e-05,4210.17443596,0.22167506,5.265e-05,0.3839042966666673,0.18899122153846168,0.5315430888235293,5.3143333333333343e-05,5.355076923076925e-05,5.310970588235292e-05
115,5.247e-05,1553868000,5.247e-05,5.196e-05,5.212e-05,398.01120918,0.02073843,5.21e-05,0.09057242666666732,0.13025236076923094,0.5105597867647058,5.2530000000000014e-05,5.344307692307694e-05,5.317735294117645e-05
116,5.202e-05,1553875200,5.284e-05,5.202e-05,5.229e-05,2650.3562463,0.13849671,5.225e-05,0.1269700666666673,0.13848926846153864,0.5088695647058822,5.217333333333335e-05,5.332000000000001e-05,5.320941176470586e-05
117,5.218e-05,1553882400,5.225e-05,5.196e-05,5.225e-05,621.97264927,0.03236392,5.203e-05,0.06386635333333397,0.13527112846153863,0.501840419117647,5.222333333333335e-05,5.3206923076923084e-05,5.3221470588235274e-05
118,5.217e-05,1553889600,5.219e-05,5.194e-05,5.194e-05,186.68962243,0.00971018,5.201e-05,0.060190270000000635,0.1339388123076925,0.49419422117647044,5.212333333333336e-05,5.3135384615384624e-05,5.3238529411764686e-05
119,5.248e-05,1553896800,5.248e-05,5.193e-05,5.225e-05,8994.02575074,0.46961436,5.221e-05,0.17056282000000064,0.1642995723076925,0.5074048867647057,5.227666666666669e-05,5.303384615384617e-05,5.328088235294115e-05
120,5.151e-05,1553904000,5.206e-05,5.151e-05,5.193e-05,1349.58314146,0.06981508,5.173e-05,0.18304654000000065,0.16379017000000015,0.5092171194117645,5.205333333333335e-05,5.28523076923077e-05,5.329117647058821e-05
121,5.18e-05,1553911200,5.18e-05,5.151e-05,5.163e-05,598.23182054,0.03082168,5.152e-05,0.1900837066666673,0.16434391538461554,0.509288667352941,5.193000000000002e-05,5.269461538461539e-05,5.329088235294116e-05
122,5.173e-05,1553918400,5.179e-05,5.101e-05,5.179e-05,12391.07009886,0.6392253,5.158e-05,0.24662068666666728,0.21177549307692325,0.5217085070588233,5.168000000000002e-05,5.256692307692309e-05,5.3279705882352925e-05
123,5.106e-05,1553925600,5.147e-05,5.106e-05,5.146e-05,1023.10413411,0.05258151,5.139e-05,0.24087616333333395,0.2153466369230771,0.4914746041176469,5.153000000000002e-05,5.236307692307694e-05,5.3247058823529395e-05
124,5.143e-05,1553932800,5.143e-05,5.117e-05,5.143e-05,2909.05441515,0.14960961,5.142e-05,0.28047214000000065,0.21266843615384634,0.23421628794117624,5.1406666666666684e-05,5.217538461538463e-05,5.313529411764704e-05
125,5.118e-05,1553940000,5.152e-05,5.098e-05,5.117e-05,8466.44770802,0.4326143,5.109e-05,0.21160180666666736,0.17665922538461556,0.20132211588235274,5.1223333333333355e-05,5.193461538461539e-05,5.303117647058822e-05
126,5.203e-05,1553947200,5.203e-05,5.159e-05,5.159e-05,3913.01856328,0.20333021,5.196e-05,0.261851373333334,0.19004587307692322,0.20393259411764686,5.1546666666666686e-05,5.185307692307693e-05,5.2986176470588214e-05
127,5.208e-05,1553954400,5.208e-05,5.2e-05,5.2e-05,164.98328285,0.00858084,5.201e-05,0.21484178333333404,0.17365401000000016,0.18716780235294098,5.1763333333333347e-05,5.185692307692309e-05,5.292147058823527e-05
128,5.487e-05,1553961600,5.626e-05,5.196e-05,5.196e-05,27076.1223554,1.48756178,5.493e-05,0.566490943333334,0.2864865753846155,0.22632119911764687,5.299333333333334e-05,5.204153846153848e-05,5.295647058823527e-05
129,5.375e-05,1553968800,5.542e-05,5.34e-05,5.532e-05,7476.9412336,0.40769113,5.452e-05,0.6346112500000006,0.3071938384615386,0.23069049558823512,5.356666666666668e-05,5.21746153846154e-05,5.293970588235292e-05
130,5.426e-05,1553976000,5.44e-05,5.387e-05,5.388e-05,3849.2796884,0.20870019,5.421e-05,0.7013177000000006,0.32075816692307707,0.23386036176470568,5.4293333333333344e-05,5.23346153846154e-05,5.2960882352941154e-05
131,5.466e-05,1553983200,5.495e-05,5.442e-05,5.442e-05,5858.20142943,0.32153187,5.488e-05,0.31264106333333386,0.34474445076923094,0.2421862088235292,5.422333333333335e-05,5.252615384615386e-05,5.29991176470588e-05
132,5.4e-05,1553990400,5.466e-05,5.359e-05,5.436e-05,1062.37438686,0.05747672,5.41e-05,0.1959029266666672,0.31304155538461553,0.2409294167647057,5.430666666666667e-05,5.2643076923076935e-05,5.3042352941176445e-05
133,5.465e-05,1553997600,5.465e-05,5.376e-05,5.4e-05,1069.35967928,0.05840912,5.462e-05,0.14580590333333385,0.3121641738461541,0.21757261764705865,5.443666666666667e-05,5.28846153846154e-05,5.3077058823529395e-05
134,5.465e-05,1554004800,5.465e-05,5.387e-05,5.458e-05,1717.35540497,0.09292078,5.41e-05,0.06960220666666718,0.3169410276923079,0.21629601882352922,5.443333333333334e-05,5.310384615384618e-05,5.308294117647057e-05
135,5.445e-05,1554012000,5.445e-05,5.387e-05,5.426e-05,139.24665618,0.00754384,5.417e-05,0.05295791333333385,0.2683501461538464,0.21635951294117628,5.458333333333333e-05,5.331307692307695e-05,5.31055882352941e-05
136,5.384e-05,1554019200,5.44e-05,5.378e-05,5.44e-05,211.00377532,0.0113646,5.385e-05,0.03727640666666718,0.26517961461538486,0.19362483588235277,5.431333333333333e-05,5.3526923076923094e-05,5.3104705882352934e-05
137,5.425e-05,1554026400,5.425e-05,5.41e-05,5.41e-05,89.65517058,0.00485563,5.415e-05,0.007921356666667179,0.2540446930769233,0.1928436217647057,5.417999999999999e-05,5.374384615384618e-05,5.312323529411764e-05
138,5.414e-05,1554033600,5.446e-05,5.4e-05,5.425e-05,383.13187413,0.02077078,5.421e-05,0.012330336666667182,0.22236442230769254,0.19127218176470573,5.4076666666666657e-05,5.397153846153849e-05,5.3137647058823524e-05
139,5.483e-05,1554040800,5.484e-05,5.389e-05,5.405e-05,1581.9320448,0.08615004,5.445e-05,0.03725881666666718,0.21335056307692332,0.1930109979411763,5.440666666666667e-05,5.4186923076923105e-05,5.3188529411764705e-05
140,5.469e-05,1554048000,5.486e-05,5.468e-05,5.483e-05,220.53722196,0.01208453,5.479e-05,0.039668450000000514,0.21362007769230795,0.1911627641176469,5.455333333333334e-05,5.4387692307692334e-05,5.3214705882352945e-05
141,5.445e-05,1554055200,5.455e-05,5.371e-05,5.452e-05,15950.79839088,0.85794693,5.378e-05,0.31872716666666717,0.16518816615384638,0.2141483411764704,5.4656666666666675e-05,5.435538461538464e-05,5.3231764705882356e-05
142,5.446e-05,1554062400,5.446e-05,5.423e-05,5.423e-05,28.07908546,0.00152462,5.429e-05,0.29051869333333386,0.1339445884615387,0.21349838911764688,5.453333333333334e-05,5.441000000000003e-05,5.324970588235295e-05
143,5.414e-05,1554069600,5.441e-05,5.373e-05,5.415e-05,195.53198662,0.01057607,5.408e-05,0.29001587333333384,0.11870427153846178,0.21314430911764687,5.435e-05,5.4400769230769266e-05,5.3271764705882356e-05
144,5.362e-05,1554076800,5.426e-05,5.362e-05,5.426e-05,636.91504625,0.03416473,5.364e-05,0.015421806666667185,0.09659910692307716,0.21396807647058802,5.4073333333333336e-05,5.4320769230769266e-05,5.326911764705883e-05
145,5.414e-05,1554084000,5.414e-05,5.378e-05,5.379e-05,2808.11223498,0.15110504,5.381e-05,0.06528194666666719,0.10380128538461562,0.21298804176470568,5.3966666666666666e-05,5.43315384615385e-05,5.3277058823529427e-05
146,5.494e-05,1554091200,5.494e-05,5.379e-05,5.413e-05,10907.34835666,0.58794643,5.39e-05,0.2577387333333338,0.14453492461538484,0.20378840617647037,5.4233333333333335e-05,5.435384615384618e-05,5.329558823529414e-05
147,5.543e-05,1554098400,5.591e-05,5.494e-05,5.494e-05,5589.29314951,0.30906022,5.529e-05,0.3493705633333338,0.1611610353846156,0.21201653647058802,5.483666666666667e-05,5.441384615384618e-05,5.33644117647059e-05
148,5.708e-05,1554105600,5.748e-05,5.528e-05,5.528e-05,12003.14423857,0.67658878,5.636e-05,0.5245318100000005,0.21262603076923098,0.22539635176470568,5.581666666666668e-05,5.461615384615387e-05,5.3512941176470606e-05
149,5.683e-05,1554112800,5.777e-05,5.632e-05,5.719e-05,10246.31988488,0.58771807,5.735e-05,0.5244556900000004,0.2569609130769233,0.24207222352941157,5.6446666666666676e-05,5.484615384615387e-05,5.364117647058825e-05
150,5.717e-05,1554120000,5.717e-05,5.626e-05,5.671e-05,465.76907909,0.02650933,5.691e-05,0.43027206000000034,0.2586265823076926,0.23877847705882332,5.7026666666666674e-05,5.507076923076926e-05,5.3792647058823544e-05
151,5.604e-05,1554127200,5.687e-05,5.604e-05,5.687e-05,593.11103079,0.03327492,5.61e-05,0.21583410666666702,0.2595884392307695,0.2388052711764704,5.668000000000001e-05,5.52169230769231e-05,5.3906176470588246e-05
152,5.57e-05,1554134400,5.677e-05,5.557e-05,5.636e-05,12350.76869957,0.68921144,5.58e-05,0.2496652300000004,0.30597777769230794,0.25879060235294093,5.630333333333335e-05,5.528384615384618e-05,5.4010000000000006e-05
153,5.542e-05,1554141600,5.572e-05,5.542e-05,5.572e-05,329.05589857,0.01825702,5.548e-05,0.2469144600000004,0.3064525846153849,0.24551538647058802,5.5720000000000015e-05,5.534000000000003e-05,5.409647058823531e-05
154,5.574e-05,1554148800,5.574e-05,5.533e-05,5.535e-05,2648.79060518,0.14709074,5.553e-05,0.28485306666666704,0.2517713392307695,0.2477881999999998,5.562000000000002e-05,5.543923076923079e-05,5.422088235294119e-05
155,5.573e-05,1554156000,5.613e-05,5.53e-05,5.605e-05,480.68072255,0.02670795,5.556e-05,0.0640185700000004,0.25370851846153875,0.24766720794117625,5.5630000000000015e-05,5.5536923076923104e-05,5.433647058823531e-05
156,5.591e-05,1554163200,5.591e-05,5.573e-05,5.573e-05,18.6399073,0.00103972,5.577e-05,0.05827947000000041,0.25297495307692336,0.22889704382352918,5.579333333333335e-05,5.567307692307694e-05,5.445941176470589e-05
157,5.397e-05,1554170400,5.551e-05,5.397e-05,5.551e-05,4255.20591228,0.23269886,5.468e-05,0.08681551000000041,0.26824680923076955,0.23419461294117624,5.520333333333335e-05,5.570000000000001e-05,5.454500000000001e-05
158,4.977e-05,1554177600,5.446e-05,4.905e-05,5.397e-05,11861.25359295,0.61507551,5.185e-05,0.2829380300000004,0.30393684538461563,0.24788478647058798,5.321666666666669e-05,5.5363846153846167e-05,5.449617647058824e-05
159,5.173e-05,1554184800,5.177e-05,4.991e-05,4.991e-05,6761.69485621,0.34564261,5.111e-05,0.3978056600000004,0.2852980900000002,0.24532679558823503,5.182333333333335e-05,5.511692307692309e-05,5.451235294117648e-05
160,5.126e-05,1554192000,5.181e-05,5.061e-05,5.173e-05,13506.73326548,0.68678291,5.084e-05,0.5491670100000005,0.31435368153846177,0.2595459926470585,5.0920000000000014e-05,5.479615384615387e-05,5.448970588235295e-05
161,5.17e-05,1554199200,5.181e-05,5.126e-05,5.126e-05,226.04730751,0.01169058,5.171e-05,0.3480387000000004,0.2632076661538464,0.259637455588235,5.156333333333335e-05,5.438230769230771e-05,5.4478529411764714e-05
162,5.242e-05,1554206400,5.291e-05,5.172e-05,5.197e-05,1306.60657457,0.0684504,5.238e-05,0.255641296666667,0.22326399923076945,0.21789888558823498,5.179333333333335e-05,5.4043076923076935e-05,5.4406470588235304e-05
163,5.173e-05,1554213600,5.292e-05,5.126e-05,5.292e-05,1513.76246551,0.07888039,5.21e-05,0.05300712333333368,0.22729254230769252,0.20822798147058794,5.1950000000000016e-05,5.36246153846154e-05,5.434705882352942e-05
164,5.181e-05,1554220800,5.181e-05,5.126e-05,5.126e-05,1564.6101265,0.08039292,5.138e-05,0.07590790333333368,0.23091700384615405,0.20445423823529382,5.198666666666668e-05,5.3299230769230784e-05,5.427500000000001e-05
165,5.247e-05,1554228000,5.247e-05,5.162e-05,5.163e-05,4342.22840199,0.22717056,5.231e-05,0.12881462333333368,0.19537539769230788,0.201678905588235,5.200333333333335e-05,5.305076923076924e-05,5.421058823529413e-05
166,5.173e-05,1554235200,5.237e-05,5.139e-05,5.237e-05,9625.68512408,0.49695888,5.162e-05,0.26817412000000035,0.2321986176923079,0.21460485147058794,5.200333333333335e-05,5.276692307692309e-05,5.414382352941178e-05
167,5.03e-05,1554242400,5.173e-05,5.03e-05,5.164e-05,3487.22274456,0.17832536,5.113e-05,0.300818266666667,0.234601280769231,0.21813179970588203,5.150000000000001e-05,5.234846153846155e-05,5.401588235294119e-05
168,4.948e-05,1554249600,5.088e-05,4.948e-05,5.067e-05,3096.16192263,0.15481477,5e-05,0.27669967000000034,0.24445565153846174,0.21995221117647026,5.050333333333335e-05,5.186769230769232e-05,5.3863823529411774e-05
169,4.942e-05,1554256800,5.009e-05,4.875e-05,4.948e-05,16496.2961218,0.81085211,4.915e-05,0.38133074666666694,0.3067489123076925,0.24357892499999967,4.973333333333335e-05,5.136846153846155e-05,5.371588235294118e-05
170,4.93e-05,1554264000,4.94e-05,4.875e-05,4.94e-05,120.32201183,0.00591328,4.914e-05,0.3238600533333336,0.28930386769230787,0.24341859205882319,4.9400000000000015e-05,5.100923076923078e-05,5.358235294117648e-05
171,4.966e-05,1554271200,4.991e-05,4.945e-05,4.947e-05,880.17246164,0.04386322,4.983e-05,0.28687620333333363,0.24536446076923096,0.24456587411764671,4.9460000000000025e-05,5.100076923076924e-05,5.344735294117647e-05
172,4.978e-05,1554278400,4.988e-05,4.935e-05,4.966e-05,4042.77037298,0.2014147,4.982e-05,0.08373040000000027,0.23427000615384633,0.249878930588235,4.958000000000002e-05,5.085076923076924e-05,5.3319117647058825e-05
173,4.993e-05,1554285600,4.993e-05,4.981e-05,4.984e-05,1283.80648653,0.06398597,4.984e-05,0.1030879633333336,0.18636254923076942,0.2492270461764703,4.979000000000002e-05,5.0748461538461545e-05,5.317499999999999e-05
174,5.247e-05,1554292800,5.298e-05,5e-05,5e-05,12102.24789278,0.62352889,5.152e-05,0.29630985333333365,0.23342703461538486,0.2672107038235291,5.0726666666666684e-05,5.080769230769231e-05,5.310970588235293e-05
175,5.29e-05,1554300000,5.298e-05,5.187e-05,5.241e-05,14562.74990352,0.75935415,5.214e-05,0.4822896700000003,0.28657347692307716,0.2643109161764703,5.176666666666669e-05,5.084461538461539e-05,5.306411764705882e-05
176,5.17e-05,1554307200,5.29e-05,5.092e-05,5.258e-05,5400.81080671,0.28058186,5.195e-05,0.5544883000000003,0.30208897461538486,0.27251848205882323,5.2356666666666687e-05,5.08423076923077e-05,5.298294117647058e-05
177,5.132e-05,1554314400,5.221e-05,5.051e-05,5.155e-05,5568.38343089,0.28582531,5.133e-05,0.4419204400000003,0.31789146615384634,0.2806140479411761,5.1973333333333367e-05,5.0804615384615394e-05,5.289999999999999e-05
178,4.917e-05,1554321600,5.132e-05,4.87e-05,5.132e-05,10626.14535618,0.5269536,4.959e-05,0.36445359000000027,0.34095170000000014,0.2951078382352938,5.0730000000000024e-05,5.055076923076923e-05,5.276911764705882e-05
179,4.971e-05,1554328800,4.971e-05,4.87e-05,4.892e-05,1748.28097169,0.0856026,4.896e-05,0.29946050333333357,0.30930890923076937,0.2931812958823526,5.006666666666669e-05,5.039538461538462e-05,5.263882352941175e-05
180,4.954e-05,1554336000,4.981e-05,4.911e-05,4.95e-05,1295.00208905,0.06400745,4.942e-05,0.2255212166666669,0.300515223846154,0.2777713258823526,4.947333333333336e-05,5.0336923076923086e-05,5.2479999999999985e-05
181,4.94e-05,1554343200,4.94e-05,4.929e-05,4.929e-05,17.33780965,0.00085599,4.937e-05,0.05015534666666691,0.28867224076923087,0.26870649558823495,4.955000000000003e-05,5.033076923076924e-05,5.2302647058823516e-05
182,4.968e-05,1554350400,4.968e-05,4.955e-05,4.955e-05,20.7361843,0.00102835,4.959e-05,0.021963930000000253,0.22637810538461547,0.24883707117647028,4.9540000000000024e-05,5.035076923076924e-05,5.2084999999999993e-05
183,5.097e-05,1554357600,5.103e-05,4.98e-05,4.98e-05,8035.10145986,0.40660543,5.06e-05,0.13616325666666693,0.25720057846153854,0.24351022882352916,5.00166666666667e-05,5.047923076923078e-05,5.191264705882353e-05
184,5.105e-05,1554364800,5.15e-05,5.105e-05,5.105e-05,596.59012358,0.03054342,5.119e-05,0.14605906666666693,0.2561759784615385,0.24362887852941154,5.056666666666669e-05,5.0586153846153854e-05,5.1732647058823526e-05
185,5.079e-05,1554372000,5.13e-05,5.079e-05,5.13e-05,8595.53603178,0.44021948,5.121e-05,0.2924561100000002,0.274545576923077,0.25559783617647036,5.093666666666669e-05,5.066384615384616e-05,5.157823529411764e-05
186,5.048e-05,1554379200,5.06e-05,5.043e-05,5.06e-05,101.62126593,0.005131,5.049e-05,0.15863130000000022,0.2700182715384616,0.2354778232352939,5.077333333333335e-05,5.070615384615385e-05,5.142470588235294e-05
187,5.003e-05,1554386400,5.041e-05,5e-05,5.041e-05,432.09639436,0.02164554,5.009e-05,0.15566534000000024,0.22371955230769236,0.23557748558823507,5.043333333333336e-05,5.051846153846154e-05,5.126617647058823e-05
188,4.949e-05,1554393600,5.003e-05,4.949e-05,5.003e-05,2641.27497004,0.13106749,4.962e-05,0.052614676666666894,0.17538980923076927,0.23510621352941152,5.000000000000002e-05,5.025615384615385e-05,5.1082352941176464e-05
189,4.985e-05,1554400800,4.995e-05,4.908e-05,4.949e-05,863.12729116,0.04262392,4.938e-05,0.0651123166666669,0.15708535230769238,0.23557433029411737,4.979000000000002e-05,5.011384615384616e-05,5.090941176470587e-05
190,4.972e-05,1554408000,5.018e-05,4.972e-05,5.004e-05,799.99444046,0.03998804,4.998e-05,0.07122648333333358,0.13817479307692315,0.23671986911764684,4.968666666666669e-05,4.999076923076923e-05,5.0727352941176465e-05
191,4.95e-05,1554415200,4.966e-05,4.95e-05,4.966e-05,62.16030652,0.00308053,4.955e-05,0.02856416333333357,0.09787686461538468,0.22996638882352918,4.969000000000002e-05,5.001615384615385e-05,5.059588235294117e-05
192,4.983e-05,1554422400,4.983e-05,4.966e-05,4.966e-05,50.32644739,0.00250056,4.968e-05,0.015189710000000233,0.09148440000000006,0.21194947852941154,4.968333333333336e-05,5.002538461538462e-05,5.059764705882353e-05
193,4.966e-05,1554429600,4.991e-05,4.966e-05,4.991e-05,238.05662902,0.01183978,4.973e-05,0.0058069566666669,0.08747150230769238,0.2021317482352939,4.9663333333333356e-05,5.0034615384615386e-05,5.053676470588235e-05
194,4.95e-05,1554436800,4.973e-05,4.95e-05,4.966e-05,2085.2559357,0.10365041,4.97e-05,0.03933025000000023,0.09537876538461544,0.18498079235294096,4.966333333333335e-05,5.004230769230769e-05,5.0485e-05
195,4.991e-05,1554444000,4.991e-05,4.966e-05,4.966e-05,242.77942664,0.01207512,4.973e-05,0.04252177000000023,0.09622851692307699,0.18499210235294097,4.969000000000002e-05,5.006e-05,5.043235294117647e-05
196,5.066e-05,1554451200,5.085e-05,5.004e-05,5.018e-05,1578.72931274,0.0799986,5.067e-05,0.06524137666666689,0.07110491461538468,0.18533175529411744,5.002333333333335e-05,5.003615384615385e-05,5.0380588235294115e-05
197,5.057e-05,1554458400,5.067e-05,5.041e-05,5.067e-05,309.1431514,0.01565121,5.062e-05,0.03590831000000023,0.06995936000000007,0.18347207352941156,5.038000000000002e-05,4.999923076923077e-05,5.0346470588235286e-05
198,5.036e-05,1554465600,5.041e-05,5.014e-05,5.041e-05,426.34698943,0.02140876,5.021e-05,0.03901952333333356,0.03774315076923084,0.18173724529411742,5.053000000000002e-05,4.996615384615384e-05,5.0303823529411754e-05
199,5.036e-05,1554472800,5.036e-05,5.036e-05,5.036e-05,77.7612322,0.00391605,5.036e-05,0.013658673333333565,0.037649693076923146,0.17517093617647037,5.043000000000002e-05,4.995692307692307e-05,5.0241764705882346e-05
200,5.02e-05,1554480000,5.02e-05,5.02e-05,5.02e-05,64.52988081,0.0032394,5.02e-05,0.009521403333333567,0.036233836153846226,0.16064977499999977,5.0306666666666684e-05,4.997e-05,5.019676470588234e-05
201,5.057e-05,1554487200,5.057e-05,5.031e-05,5.031e-05,34.44171581,0.00173919,5.049e-05,0.0029648800000002342,0.026285505384615455,0.15545606411764684,5.037666666666668e-05,5.005307692307692e-05,5.020470588235293e-05
202,5.067e-05,1554494400,5.067e-05,5.03e-05,5.057e-05,563.1656754,0.02837533,5.038e-05,0.01111797333333357,0.02518946000000007,0.15173725705882332,5.048000000000002e-05,5.011615384615385e-05,5.0239705882352933e-05
203,5.088e-05,1554501600,5.088e-05,5.046e-05,5.046e-05,575.19308274,0.02922203,5.08e-05,0.019778850000000237,0.024361305384615454,0.12874813705882332,5.070666666666669e-05,5.020538461538462e-05,5.028264705882351e-05
204,5.088e-05,1554508800,5.088e-05,5.045e-05,5.079e-05,142.35944548,0.00723732,5.083e-05,0.021611560000000238,0.02468105846153853,0.12878707941176448,5.081000000000002e-05,5.0311538461538466e-05,5.0329117647058815e-05
205,5.046e-05,1554516000,5.087e-05,5.045e-05,5.087e-05,190.12929738,0.00963694,5.068e-05,0.015365430000000235,0.025230010769230836,0.12778042411764684,5.074000000000002e-05,5.036000000000001e-05,5.0352647058823516e-05
206,5.088e-05,1554523200,5.088e-05,5.061e-05,5.061e-05,13.06623428,0.00066373,5.079e-05,0.005845996666666902,0.024370314615384678,0.1218759838235292,5.074000000000002e-05,5.045384615384617e-05,5.038499999999999e-05
207,5.088e-05,1554530400,5.088e-05,5.088e-05,5.088e-05,0.0,0.0,5.088e-05,0.0034335566666669026,0.016397206153846218,0.11999404352941155,5.074000000000002e-05,5.056000000000002e-05,5.0412941176470585e-05
208,5.088e-05,1554537600,5.088e-05,5.088e-05,5.088e-05,0.0,0.0,5.088e-05,0.0002212433333335691,0.015468350769230834,0.10165495852941155,5.088000000000002e-05,5.06346153846154e-05,5.036617647058823e-05
209,5.105e-05,1554544800,5.114e-05,5.081e-05,5.081e-05,1773.64247506,0.09029286,5.09e-05,0.030097620000000238,0.016260216923076987,0.08197668529411742,5.093666666666668e-05,5.06646153846154e-05,5.031176470588234e-05
210,5.155e-05,1554552000,5.199e-05,5.105e-05,5.105e-05,410.12616507,0.02109283,5.143e-05,0.037128563333333565,0.01667880307692314,0.07434465499999979,5.116000000000002e-05,5.074000000000001e-05,5.030735294117646e-05
211,5.063e-05,1554559200,5.155e-05,5.063e-05,5.155e-05,301.13169542,0.01535153,5.097e-05,0.04224574000000023,0.016212862307692373,0.0663895438235292,5.1076666666666685e-05,5.0760769230769246e-05,5.02870588235294e-05
212,4.947e-05,1554566400,5.063e-05,4.836e-05,5.063e-05,5359.4393699,0.26527949,4.949e-05,0.1005746166666669,0.03631774230769237,0.05869324647058802,5.0550000000000016e-05,5.069230769230772e-05,5.0295882352941165e-05
213,4.92e-05,1554573600,4.952e-05,4.92e-05,4.952e-05,281.62078876,0.01386506,4.923e-05,0.09816536000000022,0.03713510076923083,0.0565833188235292,4.9766666666666686e-05,5.0615384615384635e-05,5.0280882352941166e-05
214,4.954e-05,1554580800,4.954e-05,4.915e-05,4.915e-05,42.68915656,0.00209896,4.916e-05,0.09374783666666688,0.037162775384615446,0.05476248088235273,4.940333333333335e-05,5.053615384615387e-05,5.0280882352941166e-05
215,4.954e-05,1554588000,4.954e-05,4.954e-05,4.954e-05,0.0,0.0,4.954e-05,0.0053213400000002116,0.034980057692307755,0.05473730470588214,4.942666666666668e-05,5.04492307692308e-05,5.028499999999999e-05
216,4.915e-05,1554595200,4.915e-05,4.915e-05,4.915e-05,11.743607,0.00057719,4.915e-05,0.0008920500000002106,0.03277660846153852,0.054724035294117436,4.941000000000001e-05,5.031615384615388e-05,5.0269411764705865e-05
217,4.9e-05,1554602400,4.915e-05,4.9e-05,4.915e-05,71.443965,0.00350548,4.906e-05,0.0013608900000002106,0.03248954384615391,0.042868154411764496,4.9230000000000015e-05,5.017153846153849e-05,5.021147058823528e-05
218,4.892e-05,1554609600,4.9e-05,4.892e-05,4.9e-05,9.96850001,0.00048786,4.894e-05,0.0015235100000002104,0.03178576846153853,0.041984167352940964,4.9023333333333356e-05,5.0053076923076954e-05,5.014882352941175e-05
219,4.953e-05,1554616800,4.953e-05,4.915e-05,4.915e-05,276.87840769,0.0136838,4.942e-05,0.005892380000000211,0.03278731230769238,0.029439000294117428,4.915000000000002e-05,4.9949230769230804e-05,5.0111764705882345e-05
220,4.953e-05,1554624000,4.953e-05,4.953e-05,4.953e-05,2.60448213,0.00012899,4.953e-05,0.0047668833333335435,0.03279723461538468,0.029291882352940963,4.9326666666666683e-05,4.984538461538465e-05,5.008382352941175e-05
221,5.055e-05,1554631200,5.055e-05,4.954e-05,4.954e-05,1894.08984456,0.0943692,4.982e-05,0.03606066333333354,0.040056403846153915,0.03143081352941155,4.9870000000000015e-05,4.9820000000000035e-05,5.009911764705881e-05
222,5.005e-05,1554638400,5.055e-05,5.005e-05,5.055e-05,189.29130864,0.0094753,5.005e-05,0.034657830000000216,0.033839668461538526,0.027854572647058616,5.004333333333335e-05,4.974307692307696e-05,5.011558823529411e-05
223,5.021e-05,1554645600,5.03e-05,4.976e-05,5.03e-05,240.06167568,0.01201366,5.004e-05,0.03861938666666688,0.03314127076923083,0.02695427088235273,5.027000000000002e-05,4.964000000000003e-05,5.012617647058823e-05
224,5.079e-05,1554652800,5.105e-05,5.03e-05,5.03e-05,3154.02067455,0.16033083,5.083e-05,0.06060659666666688,0.04429352461538468,0.030493764705882144,5.035000000000001e-05,4.965230769230773e-05,5.015764705882352e-05
225,5.047e-05,1554660000,5.099e-05,5.047e-05,5.079e-05,868.98315361,0.04400052,5.063e-05,0.07211500333333355,0.02727206538461545,0.031697293823529205,5.049000000000001e-05,4.972923076923081e-05,5.018617647058822e-05
226,5.041e-05,1554667200,5.047e-05,5.041e-05,5.047e-05,83.31742234,0.00420474,5.046e-05,0.06951203000000021,0.02652896384615391,0.03174741676470567,5.0556666666666683e-05,4.982230769230773e-05,5.020323529411764e-05
227,4.99e-05,1554674400,5.073e-05,4.985e-05,5.041e-05,3190.18002355,0.1608725,5.042e-05,0.06969258666666688,0.03874231307692314,0.03613073205882331,5.026000000000002e-05,4.985000000000003e-05,5.021029411764705e-05
228,4.962e-05,1554681600,4.976e-05,4.957e-05,4.976e-05,1285.25826663,0.06377092,4.961e-05,0.0762827200000002,0.04364776846153852,0.03495780588235273,4.9976666666666686e-05,4.985615384615387e-05,5.021382352941175e-05
229,4.896e-05,1554688800,4.991e-05,4.876e-05,4.991e-05,40733.01440492,1.98749372,4.879e-05,0.7373790466666669,0.1964875015384616,0.09305835294117626,4.949333333333335e-05,4.984153846153849e-05,5.018588235294117e-05
230,4.869e-05,1554696000,4.881e-05,4.847e-05,4.875e-05,2384.8767903,0.1160965,4.868e-05,0.7224537133333335,0.20514834923076927,0.09412005588235271,4.909000000000001e-05,4.9817692307692335e-05,5.0127941176470584e-05
231,4.851e-05,1554703200,4.851e-05,4.801e-05,4.847e-05,40230.45039643,1.93227206,4.803e-05,1.345287426666667,0.3537471338461539,0.15049125735294097,4.8720000000000015e-05,4.978615384615387e-05,5.006735294117647e-05
232,4.828e-05,1554710400,4.878e-05,4.828e-05,4.849e-05,4125.53751862,0.2001922,4.852e-05,0.7495202533333337,0.3680939338461539,0.1557495938235292,4.849333333333335e-05,4.969000000000003e-05,5.000617647058823e-05
233,4.755e-05,1554717600,4.868e-05,4.755e-05,4.868e-05,6748.33884952,0.32621296,4.833e-05,0.8195590733333337,0.3931773161538462,0.16522891470588216,4.8113333333333346e-05,4.953769230769234e-05,4.99235294117647e-05
234,4.744e-05,1554724800,4.755e-05,4.728e-05,4.755e-05,311.87731209,0.01479651,4.744e-05,0.18040055666666702,0.38705634000000005,0.16556882970588216,4.7756666666666676e-05,4.929846153846157e-05,4.984235294117647e-05
235,4.722e-05,1554732000,4.756e-05,4.71e-05,4.719e-05,7282.76886036,0.34416031,4.725e-05,0.22838992666666705,0.41280134076923086,0.17564003911764686,4.740333333333335e-05,4.908076923076927e-05,4.974382352941176e-05
236,4.76e-05,1554739200,4.764e-05,4.71e-05,4.755e-05,1135.23008921,0.05397071,4.754e-05,0.13764251000000038,0.41602880615384624,0.1763928444117645,4.742000000000001e-05,4.8880000000000033e-05,4.96535294117647e-05
237,4.76e-05,1554746400,4.76e-05,4.76e-05,4.76e-05,0.0,0.0,4.76e-05,0.1327103400000004,0.40369566538461543,0.17553337294117627,4.7473333333333345e-05,4.863461538461542e-05,4.955705882352941e-05
238,4.754e-05,1554753600,4.764e-05,4.754e-05,4.762e-05,6068.90797706,0.28865371,4.756e-05,0.11420814000000039,0.4225151415384616,0.1838103255882351,4.758000000000001e-05,4.8409230769230795e-05,4.945882352941176e-05
239,4.7e-05,1554760800,4.719e-05,4.7e-05,4.719e-05,8141.36251625,0.38292949,4.703e-05,0.22386106666666705,0.4516478146153847,0.19478951823529395,4.738000000000002e-05,4.81469230769231e-05,4.93570588235294e-05
240,4.71e-05,1554768000,4.745e-05,4.71e-05,4.734e-05,1433.67611926,0.06798808,4.742e-05,0.2465237600000004,0.4445028592307694,0.19676964617647041,4.721333333333335e-05,4.793153846153849e-05,4.9245882352941166e-05
241,4.646e-05,1554775200,4.696e-05,4.646e-05,4.696e-05,2551.77432531,0.11948215,4.682e-05,0.19013324000000034,0.4487883384615386,0.20028382705882333,4.685333333333336e-05,4.768846153846157e-05,4.9115882352941166e-05
242,4.571e-05,1554782400,4.665e-05,4.568e-05,4.646e-05,4126.06418198,0.19050509,4.617e-05,0.1259917733333337,0.310558443846154,0.20588691794117628,4.6423333333333354e-05,4.743846153846157e-05,4.896382352941175e-05
243,4.563e-05,1554789600,4.577e-05,4.528e-05,4.577e-05,1258.51736585,0.05722329,4.546e-05,0.12240351000000037,0.30602973538461553,0.20491428352941157,4.5933333333333357e-05,4.720307692307695e-05,4.880441176470587e-05
244,4.589e-05,1554796800,4.596e-05,4.559e-05,4.559e-05,2771.7053313,0.12697393,4.581e-05,0.12490077000000037,0.1671606484615386,0.20802843352941158,4.574333333333335e-05,4.700153846153849e-05,4.8637941176470576e-05
245,4.61e-05,1554804000,4.61e-05,4.559e-05,4.559e-05,214.21870534,0.00977014,4.56e-05,0.06465578666666703,0.15251279769230783,0.2078642749999998,4.587333333333336e-05,4.683384615384618e-05,4.850470588235293e-05
246,4.628e-05,1554811200,4.628e-05,4.568e-05,4.568e-05,243.5676305,0.01119445,4.596e-05,0.04931284000000036,0.12828060461538476,0.20039118558823507,4.609000000000002e-05,4.673615384615387e-05,4.841088235294116e-05
247,4.569e-05,1554818400,4.569e-05,4.569e-05,4.569e-05,58.13905034,0.00265637,4.569e-05,0.007873653333333683,0.12734674769230783,0.20006151823529392,4.602333333333336e-05,4.660153846153848e-05,4.8307647058823504e-05
248,4.618e-05,1554825600,4.618e-05,4.614e-05,4.614e-05,20.80891915,0.00096046,4.615e-05,0.004937093333333684,0.10094675923076937,0.2000280329411763,4.6050000000000015e-05,4.6521538461538484e-05,4.820882352941174e-05
249,4.636e-05,1554832800,4.636e-05,4.618e-05,4.618e-05,728.14279345,0.03374463,4.634e-05,0.01245382000000035,0.09939090692307707,0.20102052205882334,4.6076666666666686e-05,4.642615384615387e-05,4.8115294117647035e-05
250,4.604e-05,1554840000,4.648e-05,4.603e-05,4.648e-05,145.45890104,0.00673104,4.627e-05,0.013812043333333683,0.09990867923076938,0.20120151764705865,4.619333333333335e-05,4.6306153846153875e-05,4.802382352941174e-05
251,4.6e-05,1554847200,4.603e-05,4.6e-05,4.603e-05,504.42651864,0.02320375,4.6e-05,0.021226473333333686,0.07948945153846168,0.2017808785294116,4.6133333333333355e-05,4.618769230769234e-05,4.79355882352941e-05
