,close,date,high,low,open,quoteVolume,volume,weightedAverage,avg_vol_3,avg_vol_13,avg_vol_34,avg_close_3,avg_close_13,avg_close_34
0,0.00015132,1553040817,0.00015132,0.00015132,0.00015132,0.0,0.0,0.00015132,-99999.0,-99999.0,-99999.0,-99999.0,-99999.0,-99999.0
1,0.00015136,1553047200,0.00015136,0.00015136,0.00015136,0.6607426,0.0001,0.00015136,-99999.0,-99999.0,-99999.0,-99999.0,-99999.0,-99999.0
2,0.00015043,1553054400,0.00015194,0.00015043,0.00015136,18.14593165,0.00274602,0.00015132,0.0009486733333333333,-99999.0,-99999.0,0.00015103666666666668,-99999.0,-99999.0
3,0.00015043,1553061600,0.00015043,0.00015043,0.00015043,0.0,0.0,0.00015043,0.0009486733333333333,-99999.0,-99999.0,0.00015074,-99999.0,-99999.0
4,0.00015151,1553068800,0.00015151,0.0001497,0.00015143,144.62190007,0.02177564,0.00015056,0.008173886666666666,-99999.0,-99999.0,0.00015079,-99999.0,-99999.0
5,0.00015151,1553076000,0.00015151,0.00015151,0.00015151,0.0,0.0,0.00015151,0.007258546666666667,-99999.0,-99999.0,0.00015115,-99999.0,-99999.0
6,0.0001516,1553083200,0.00015175,0.00014996,0.00015058,2047.08640448,0.31012568,0.00015149,0.11063377333333334,-99999.0,-99999.0,0.00015154,-99999.0,-99999.0
7,0.00015258,1553090400,0.00015258,0.0001516,0.0001516,107.00549033,0.01629662,0.00015229,0.10880743333333333,-99999.0,-99999.0,0.00015189666666666667,-99999.0,-99999.0
8,0.00015097,1553097600,0.00015182,0.00015005,0.0001516,131.06990068,0.01976754,0.00015081,0.11539661333333333,-99999.0,-99999.0,0.00015171666666666665,-99999.0,-99999.0
9,0.00014998,1553104800,0.00015188,0.00014998,0.00015002,160.13297366,0.02411017,0.00015056,0.02005810999999998,-99999.0,-99999.0,0.00015117666666666666,-99999.0,-99999.0
10,0.00015185,1553112000,0.00015185,0.00015064,0.0001514,25.94499269,0.0039192,0.00015105,0.015932303333333314,-99999.0,-99999.0,0.0001509333333333333,-99999.0,-99999.0
11,0.00015185,1553119200,0.00015185,0.00015185,0.00015185,0.0,0.0,0.00015185,0.009343123333333314,-99999.0,-99999.0,0.00015122666666666666,-99999.0,-99999.0
12,0.00015072,1553126400,0.00015173,0.00014996,0.00015162,138.24190731,0.02084284,0.00015077,0.008254013333333315,0.032283362307692305,-99999.0,0.00015147333333333333,0.00015123923076923077,-99999.0
13,0.00015072,1553133600,0.00015072,0.00015072,0.00015072,15.84367573,0.00238795,0.00015072,0.007743596666666647,0.03246705076923077,-99999.0,0.00015109666666666665,0.00015119307692307694,-99999.0
14,0.00015072,1553140800,0.00015072,0.00015072,0.00015072,0.0,0.0,0.00015072,0.007743596666666647,0.03245935846153846,-99999.0,0.00015072,0.00015114384615384617,-99999.0
15,0.00015148,1553148000,0.00015148,0.00014996,0.00015002,233.45272258,0.03504513,0.00015011,0.012477693333333312,0.03494390538461538,-99999.0,0.00015097333333333329,0.00015122461538461538,-99999.0
16,0.00015026,1553155200,0.00015026,0.00014996,0.00015026,230.73392442,0.03464989,0.00015017,0.023231673333333314,0.037609281538461534,-99999.0,0.00015081999999999994,0.00015121153846153846,-99999.0
17,0.00015106,1553162400,0.0001519,0.00014966,0.00015096,206.48077547,0.03109874,0.00015061,0.03359791999999998,0.038326443076923074,-99999.0,0.00015093333333333325,0.00015117692307692308,-99999.0
18,0.00015288,1553169600,0.00015288,0.00015106,0.00015106,41.61944744,0.00628873,0.0001511,0.024012453333333312,0.03881019153846153,-99999.0,0.0001513999999999999,0.0001512823076923077,-99999.0
19,0.00014727,1553176800,0.00015349,0.00014498,0.00015349,563.29195898,0.08326,0.0001478,0.04021582333333331,0.021358985384615375,-99999.0,0.00015040333333333323,0.00015094923076923079,-99999.0
20,0.0001472,1553184000,0.0001472,0.0001472,0.0001472,3.057,0.00044999,0.0001472,0.02999957333333331,0.02014001384615384,-99999.0,0.0001491166666666666,0.00015053538461538466,-99999.0
21,0.00014815,1553191200,0.00014815,0.0001472,0.0001472,58.52832963,0.00866342,0.00014802,0.030791136666666646,0.019285850769230763,-99999.0,0.0001475399999999999,0.00015031846153846162,-99999.0
22,0.00014746,1553198400,0.00014828,0.00014561,0.00014809,367.47424477,0.05398344,0.0001469,0.021032283333333308,0.021583794615384608,-99999.0,0.00014760333333333321,0.00015012461538461543,-99999.0
23,0.00014648,1553205600,0.00014819,0.00014648,0.00014819,1.35824659,0.0002001,0.00014732,0.02094898666666664,0.02129770999999999,-99999.0,0.00014736333333333323,0.0001497115384615385,-99999.0
24,0.00014311,1553212800,0.00014751,0.00014311,0.00014648,778.45364404,0.11283706,0.00014495,0.05567353333333331,0.029977483846153837,-99999.0,0.00014568333333333323,0.00014903923076923083,-99999.0
25,0.0001484,1553220000,0.0001484,0.00014658,0.00014658,254.74408178,0.03763728,0.00014774,0.05022481333333331,0.031269363846153836,-99999.0,0.00014599666666666658,0.00014886076923076929,-99999.0
26,0.00014808,1553227200,0.00014808,0.00014749,0.00014749,19.1778,0.00283804,0.00014798,0.051104126666666645,0.03130398615384614,-99999.0,0.0001465299999999999,0.00014865769230769236,-99999.0
27,0.00014853,1553234400,0.0001491,0.00014749,0.0001491,20.22413355,0.0030051,0.00014859,0.014493473333333317,0.03153514769230768,-99999.0,0.00014833666666666656,0.00014848923076923084,-99999.0
28,0.00014853,1553241600,0.00014853,0.00014853,0.00014853,7.16301021,0.00106392,0.00014853,0.002302353333333317,0.02892120846153845,-99999.0,0.0001483799999999999,0.00014826230769230775,-99999.0
29,0.00014853,1553248800,0.00014853,0.00014853,0.00014853,0.0,0.0,0.00014853,0.0013563399999999837,0.026255832307692295,-99999.0,0.0001485299999999999,0.0001481292307692308,-99999.0
30,0.00014853,1553256000,0.00014853,0.00014853,0.00014853,0.0,0.0,0.00014853,0.0003546399999999836,0.023863621538461523,-99999.0,0.0001485299999999999,0.00014793461538461543,-99999.0
31,0.00014853,1553263200,0.00014853,0.00014853,0.00014853,0.0,0.0,0.00014853,0.0,0.02337987307692306,-99999.0,0.0001485299999999999,0.0001476,-99999.0
32,0.00015285,1553270400,0.00016299,0.00014952,0.00014952,8777.98202916,1.39508877,0.00015893,0.46502959000000005,0.12428977846153844,-99999.0,0.00014996999999999992,0.0001480292307692308,-99999.0
33,0.00015209,1553277600,0.00015375,0.00015125,0.00015375,450.76551996,0.06841865,0.00015178,0.48783580666666665,0.1295181369230769,0.06754705647058823,0.0001511566666666666,0.00014840538461538463,0.0001499108823529412
34,0.000152,1553284800,0.000152,0.00015199,0.00015199,20.3613394,0.00309477,0.00015199,0.4888673966666666,0.1290897792307692,0.06763807911764706,0.00015231333333333324,0.00014870153846153848,0.00014993088235294122
35,0.000152,1553292000,0.000152,0.000152,0.000152,0.0,0.0,0.000152,0.02383780666666661,0.12493720692307689,0.06763513794117647,0.0001520299999999999,0.00014905076923076924,0.000149949705882353
36,0.00015128,1553299200,0.00015155,0.00015128,0.00015155,22.56979531,0.00341453,0.00015128,0.0021697666666666096,0.12518447076923073,0.0676548,0.00015175999999999992,0.00014942,0.000149974705882353
37,0.00015177,1553306400,0.00015177,0.00015049,0.00015119,155.20298253,0.02353446,0.00015163,0.008982996666666609,0.11831503999999995,0.06834699,0.00015168333333333324,0.00015008615384615382,0.0001500141176470589
38,0.00015183,1553313600,0.00015183,0.00015183,0.00015183,6.07870408,0.00092292,0.00015183,0.00929063666666661,0.11549085846153842,0.06773367470588235,0.0001516266666666666,0.00015035,0.00015002352941176478
39,0.00015082,1553320800,0.0001512,0.0001502,0.00015049,95.2926415,0.01433871,0.00015047,0.012932029999999943,0.11637552538461535,0.06815540147058823,0.00015147333333333324,0.0001505607692307692,0.00015000323529411775
40,0.00015136,1553328000,0.00015328,0.00015136,0.00015199,1720.83025046,0.26332804,0.00015302,0.09286322333333329,0.1364003669230769,0.06677900029411764,0.00015133666666666658,0.00015077846153846151,0.0001499961764705883
41,0.0001507,1553335200,0.00015257,0.0001507,0.00015155,74.4207218,0.01123203,0.00015092,0.09629959333333328,0.13718252923076918,0.06663004176470587,0.00015095999999999992,0.0001509453846153846,0.00014994088235294124
42,0.00015086,1553342400,0.00015086,0.00015001,0.0001507,398.29381262,0.05989069,0.00015036,0.11148358666666663,0.14178950538461535,0.06781013441176469,0.00015097333333333326,0.00015112461538461538,0.0001499376470588236
43,0.00015086,1553349600,0.00015086,0.00015086,0.00015086,0.0,0.0,0.00015086,0.023707573333333305,0.14178950538461535,0.06710101176470586,0.00015080666666666658,0.00015130384615384614,0.00014996352941176478
44,0.00015002,1553356800,0.00015002,0.00015002,0.00015002,90.35989914,0.01355579,0.00015002,0.02448215999999997,0.14283225846153844,0.06738444088235292,0.00015057999999999988,0.0001514184615384615,0.000149909705882353
45,0.00015086,1553364000,0.00015238,0.00015082,0.00015082,675.90780712,0.10287597,0.0001522,0.03881058666666664,0.0434312738461538,0.07041020470588233,0.00015057999999999985,0.0001512653846153846,0.00014988058823529418
46,0.00015087,1553371200,0.00015274,0.00015086,0.00015086,88.15757203,0.01336775,0.00015163,0.04326650333333331,0.039196589230769185,0.07019034911764704,0.00015058333333333316,0.00015117153846153843,0.00014988500000000005
47,0.00015119,1553378400,0.00015119,0.00015086,0.00015086,15.28169064,0.00230711,0.00015097,0.03951694333333331,0.03913599999999995,0.07018797147058821,0.00015097333333333318,0.00015110923076923076,0.00014989882352941183
48,0.00015164,1553385600,0.00015164,0.00015037,0.00015039,11.84373933,0.00178623,0.00015081,0.00582036333333331,0.03927340230769226,0.0702405076470588,0.00015123333333333318,0.00015108153846153847,0.00014992588235294123
49,0.00015164,1553392800,0.00015164,0.00015164,0.00015164,0.0,0.0,0.00015164,0.0013644466666666432,0.0390107461538461,0.06920976852941174,0.00015148999999999987,0.00015110923076923078,0.00014993058823529416
50,0.00014995,1553400000,0.00015026,0.00014995,0.00015026,933.91728588,0.14009104,0.00015,0.047292423333333306,0.04797663692307686,0.0723109788235294,0.00015107666666666655,0.00015096923076923078,0.00014992147058823533
51,0.00015059,1553407200,0.00015059,0.00015056,0.00015056,4.51961091,0.00068057,0.00015058,0.04692386999999997,0.04795799461538455,0.07141632676470587,0.00015072666666666654,0.00015087384615384617,0.00014990764705882358
52,0.00015058,1553414400,0.00015152,0.00014987,0.00015059,288.37402186,0.0434347,0.00015061,0.0614021033333333,0.05019614769230763,0.07250885529411764,0.00015037333333333322,0.00015085538461538463,0.00014984000000000004
53,0.0001519,1553421600,0.00015198,0.00015078,0.00015079,1183.99009553,0.17854582,0.0001508,0.0742203633333333,0.0436744384615384,0.07531137941176469,0.0001510233333333332,0.00015089692307692309,0.0001499761764705883
54,0.00015084,1553428800,0.00015237,0.00015025,0.00015025,117.29502003,0.01782347,0.00015195,0.07993466333333331,0.044181472307692246,0.07582236411764706,0.00015110666666666653,0.0001509076923076923,0.0001500832352941177
55,0.00015321,1553436000,0.00015321,0.00015026,0.00015163,38.73585732,0.00587882,0.00015176,0.06741603666666664,0.04002671307692301,0.07574046411764705,0.0001519833333333332,0.00015108846153846154,0.00015023205882352947
56,0.00015202,1553443200,0.00015202,0.00015063,0.0001514,110.29737764,0.01671386,0.00015153,0.013472049999999977,0.041312394615384544,0.0746443,0.00015202333333333318,0.0001511776923076923,0.00015036617647058828
57,0.00015029,1553450400,0.00015203,0.00015029,0.00015203,272.3485058,0.04101109,0.00015058,0.02120125666666664,0.043424340769230706,0.07584462323529412,0.00015183999999999985,0.00015119846153846154,0.0001504782352941177
58,0.00015232,1553457600,0.00015232,0.00015054,0.00015156,392.17013036,0.05935722,0.00015135,0.039027389999999974,0.040076744615384546,0.07427168676470587,0.0001515433333333332,0.00015131076923076924,0.0001507491176470589
59,0.00015232,1553464800,0.00015232,0.00015232,0.00015232,0.0,0.0,0.00015232,0.03345610333333331,0.039048456153846084,0.07316470794117647,0.00015164333333333318,0.0001514223076923077,0.00015086441176470595
60,0.00015232,1553472000,0.00015232,0.00015232,0.00015232,0.0,0.0,0.00015232,0.01978573999999998,0.03887098615384609,0.07308123617647058,0.00015231999999999984,0.0001515092307692308,0.00015098911764705887
61,0.0001503,1553479200,0.00015059,0.0001503,0.0001504,145.85728444,0.02193037,0.00015035,0.0073101233333333114,0.04042053538461532,0.07363786176470588,0.00015164666666666652,0.00015140615384615387,0.00015104117647058828
62,0.00015025,1553486400,0.00015201,0.00015025,0.00015201,85.6107766,0.01287573,0.00015039,0.011602033333333312,0.041410976153846084,0.07398526794117646,0.00015095666666666653,0.0001512992307692308,0.00015109176470588242
63,0.00015059,1553493600,0.00015059,0.00014953,0.00014982,188.37036337,0.02818453,0.00014962,0.020996876666666647,0.03280278307692301,0.07481422470588235,0.00015037999999999984,0.00015134846153846157,0.00015115235294117652
64,0.00014936,1553500800,0.00015038,0.00014913,0.00014952,96.37773392,0.01448449,0.00015028,0.018514916666666645,0.03386462307692301,0.07524023911764706,0.00015006666666666653,0.00015125384615384616,0.00015117676470588243
65,0.0001491,1553508000,0.0001491,0.00014895,0.00014895,33.90379463,0.00505086,0.00014897,0.015906626666666642,0.030912019999999932,0.07538879382352941,0.0001496833333333332,0.00015114000000000002,0.00015119352941176477
66,0.00014795,1553515200,0.0001491,0.00014795,0.0001491,40.64586556,0.00603513,0.00014848,0.00852349333333331,0.017641966923076857,0.03453427499999999,0.00014880333333333316,0.00015083615384615387,0.00015104941176470593
67,0.00014925,1553522400,0.00014932,0.00014917,0.00014932,140.4030002,0.02095686,0.00014926,0.010680949999999976,0.017882996923076856,0.03313833999999999,0.0001487666666666665,0.00015071384615384617,0.00015096588235294123
68,0.00014865,1553529600,0.00014911,0.00014801,0.0001491,82.69640573,0.012307,0.00014882,0.01309966333333331,0.018377472307692242,0.033409287941176466,0.0001486166666666665,0.00015036307692307697,0.00015086735294117653
69,0.00014865,1553536800,0.00014865,0.00014865,0.00014865,0.0,0.0,0.00014865,0.01108795333333331,0.017091790769230703,0.033409287941176466,0.00014884999999999985,0.0001501038461538462,0.00015076882352941184
70,0.00014865,1553544000,0.00014865,0.00014865,0.00014865,0.0,0.0,0.00014865,0.004102333333333309,0.013937091538461472,0.03330886058823529,0.00014864999999999985,0.00014997769230769238,0.00015069147058823537
71,0.00014924,1553551200,0.00014936,0.00014755,0.00014922,480.69778871,0.0713902,0.00014851,0.02379673333333331,0.014862705384615319,0.03471638235294117,0.0001488466666666665,0.0001497407692307693,0.0001506170588235295
72,0.00014922,1553558400,0.00014922,0.00014922,0.00014922,7.09808255,0.00105917,0.00014922,0.024149789999999977,0.014944179999999935,0.03472038970588235,0.00014903666666666652,0.00014950230769230773,0.00015054029411764713
73,0.00015179,1553565600,0.00015179,0.00014914,0.00014914,33.69128567,0.00504665,0.00014979,0.025832006666666643,0.01533238384615378,0.0344470938235294,0.00015008333333333318,0.00014946153846153852,0.0001505688235294118
74,0.00015218,1553572800,0.0001588,0.00014923,0.00014963,2831.75025479,0.43818724,0.00015474,0.14809768666666662,0.04735214307692301,0.03959001147058822,0.00015106333333333316,0.0001496061538461539,0.00015059294117647065
75,0.00014853,1553580000,0.00015042,0.00014852,0.00015037,25394.75743144,3.80421833,0.0001498,1.4158174066666664,0.33899388153846144,0.1511484320588235,0.00015083333333333314,0.00014947384615384622,0.0001505291176470589
76,0.00015078,1553587200,0.00015083,0.00014853,0.00014853,2469.30156989,0.36680542,0.00014854,1.5364036633333333,0.3650416423076922,0.16017533588235294,0.00015049666666666647,0.0001494884615384616,0.00015052676470588239
77,0.00015116,1553594400,0.00015121,0.00015039,0.00015039,204.3901156,0.03077072,0.00015054,1.4005981566666665,0.3662944292307691,0.1610803570588235,0.00015015666666666648,0.00014962692307692315,0.00015053558823529417
78,0.00014872,1553601600,0.00015056,0.00014872,0.00015056,717.54719848,0.10769416,0.00015008,0.1684234333333333,0.3741900676923076,0.1638491326470588,0.00015021999999999982,0.00014959769230769236,0.0001504973529411765
79,0.00014931,1553608800,0.00015215,0.00014835,0.00014917,218.2092002,0.03277749,0.00015021,0.05708078999999994,0.3762471723076922,0.16178741264705881,0.0001497299999999998,0.00014970230769230776,0.0001504517647058824
80,0.00014921,1553616000,0.00015067,0.00014919,0.00014919,241.93822689,0.03617266,0.00014951,0.0588814366666666,0.3774176184615384,0.16245814529411765,0.00014907999999999979,0.0001496992307692308,0.00015040294117647064
81,0.00015071,1553623200,0.00015071,0.00015069,0.00015071,149.29329541,0.02249966,0.0001507,0.030483269999999937,0.3782016692307692,0.16305204382352942,0.0001497433333333331,0.00014985769230769236,0.00015038882352941182
82,0.00014982,1553630400,0.00015106,0.00014961,0.00015083,48.22136348,0.00723488,0.00015003,0.021969066666666603,0.37875819846153846,0.16321229823529412,0.00014991333333333313,0.00014994769230769237,0.00015033529411764712
83,0.0001513,1553637600,0.0001513,0.000151,0.0001511,27.63055161,0.00417763,0.00015119,0.011304056666666602,0.3790795546153846,0.16333516970588235,0.0001506099999999998,0.0001501515384615385,0.00015032529411764713
84,0.00015056,1553644800,0.00015274,0.00015005,0.00015153,670.43313567,0.10136703,0.00015119,0.03759317999999993,0.3813854646153846,0.16219622823529412,0.0001505599999999998,0.00015025307692307694,0.0001503432352941177
85,0.00015094,1553652000,0.00015096,0.00015094,0.00015096,11.93481,0.00180148,0.00015094,0.035782046666666595,0.38144256538461535,0.16222919617647058,0.00015093333333333314,0.00015038538461538466,0.00015035352941176477
86,0.00015243,1553659200,0.00015243,0.00015073,0.00015189,382.02500115,0.05801286,0.00015185,0.053727123333333265,0.3855168892307692,0.16265796558823528,0.00015130999999999982,0.0001504346153846154,0.00015040794117647066
87,0.00015272,1553666400,0.00015272,0.00015189,0.00015189,50.72777232,0.00770566,0.0001519,0.022506666666666602,0.3524029215384615,0.157633255,0.00015202999999999983,0.00015047615384615383,0.00015043205882352947
88,0.00015335,1553673600,0.00015425,0.00015274,0.00015274,264.10002424,0.04064448,0.00015389,0.03545433333333327,0.06289724076923073,0.1583044611764706,0.00015283333333333316,0.00015084692307692308,0.00015050588235294125
89,0.00015405,1553680800,0.00015642,0.00015243,0.00015463,236.99255572,0.03641663,0.00015366,0.02825558999999993,0.03748271846153841,0.1592026320588235,0.00015337333333333315,0.00015109846153846154,0.0001505305882352942
90,0.00015572,1553688000,0.00015628,0.00015397,0.0001552,42.48355962,0.00659783,0.0001553,0.027886313333333263,0.03562326538461534,0.15890510176470585,0.00015437333333333315,0.00015144923076923077,0.00015063941176470596
91,0.00015572,1553695200,0.00015572,0.00015572,0.00015572,0.0,0.0,0.00015572,0.014338153333333265,0.027339099230769184,0.1576988932352941,0.00015516333333333318,0.00015198769230769226,0.0001507991176470589
92,0.00015562,1553702400,0.00015605,0.00015319,0.00015545,241.61605543,0.0371635,0.00015381,0.014587109999999933,0.02767648461538457,0.15704613676470586,0.0001556866666666665,0.00015247307692307688,0.0001508961764705883
93,0.00015505,1553709600,0.00015615,0.00015281,0.00015615,277.94305524,0.0428542,0.00015418,0.026672566666666602,0.028190449230769184,0.1583065544117647,0.00015546333333333316,0.00015292230769230764,0.00015097647058823538
94,0.0001532,1553716800,0.00015492,0.00015317,0.00015317,150.52212737,0.02312795,0.00015365,0.03438188333333327,0.028238779230769187,0.1589867882352941,0.00015462333333333316,0.0001531138461538461,0.00015100235294117654
95,0.00015563,1553724000,0.00015563,0.0001532,0.00015451,129.95594022,0.02015258,0.00015507,0.028711576666666603,0.029232448461538416,0.15893450029411765,0.0001546266666666665,0.00015356076923076916,0.00015115911764705892
96,0.0001528,1553731200,0.00015542,0.00015264,0.00015542,75.79750982,0.01162007,0.0001533,0.018300199999999937,0.0298049438461538,0.15889756911764708,0.0001538766666666665,0.00015367615384615375,0.0001512341176470589
97,0.00015433,1553738400,0.00015466,0.00015286,0.00015353,220.82545593,0.03401115,0.00015401,0.02192793333333327,0.024623722307692258,0.15906894029411767,0.0001542533333333332,0.00015396615384615374,0.0001513441176470589
98,0.00015251,1553745600,0.00015527,0.00015251,0.00015527,414.61912802,0.06348761,0.00015312,0.03637294333333327,0.02936880923076918,0.16051020852941178,0.00015321333333333318,0.00015408692307692295,0.00015143676470588243
99,0.000154,1553752800,0.00015403,0.000154,0.00015403,11.61871696,0.0017896,0.00015402,0.03309611999999994,0.02504394307692303,0.1604142891176471,0.00015361333333333317,0.0001542076923076922,0.00015158088235294124
100,0.00015459,1553760000,0.00015459,0.00015399,0.00015399,21.01968304,0.00324659,0.00015445,0.0228412666666666,0.02470093769230764,0.16033227323529414,0.00015369999999999983,0.00015435153846153838,0.00015177617647058828
101,0.00015322,1553767200,0.00015529,0.0001532,0.00015528,310.15028333,0.04804726,0.00015491,0.01769448333333327,0.025270382307692258,0.16112904970588238,0.00015393666666666648,0.00015434153846153836,0.00015189294117647062
102,0.00015433,1553774400,0.00015435,0.00015299,0.00015321,85.64190774,0.0131355,0.00015337,0.021476449999999935,0.023479526153846107,0.1611534173529412,0.00015404666666666647,0.0001543630769230768,0.00015206000000000006
103,0.00015321,1553781600,0.00015432,0.00015321,0.00015321,8.52632565,0.00130776,0.00015337,0.020830173333333268,0.023072597692307642,0.16119188088235298,0.00015358666666666647,0.0001541699999999999,0.00015219411764705887
104,0.000155,1553788800,0.00015922,0.00015335,0.00015335,825.84257649,0.12934693,0.00015662,0.047930063333333266,0.03302236153846149,0.1649962023529412,0.00015417999999999977,0.0001541146153846153,0.0001523808823529412
105,0.00015501,1553796000,0.00015501,0.00015491,0.00015491,111.60172446,0.01728927,0.00015491,0.049314653333333264,0.031493574615384566,0.1634049985294118,0.00015440666666666645,0.00015406769230769224,0.00015255058823529413
106,0.00015544,1553803200,0.00015544,0.00015336,0.00015336,1279.61730299,0.19810968,0.00015481,0.11491529333333328,0.043436303846153795,0.1692006017647059,0.00015514999999999981,0.00015409769230769225,0.0001527335294117647
107,0.00015552,1553810400,0.00015552,0.00015552,0.00015552,16.3407,0.0025413,0.00015552,0.07264674999999995,0.04185271538461533,0.16912691500000002,0.00015532333333333315,0.0001542761538461538,0.00015284323529411766
108,0.0001532,1553817600,0.0001555,0.0001532,0.0001555,17822.01064126,2.73509436,0.00015346,0.97858178,0.2506943907692307,0.2366830067647059,0.00015471999999999982,0.00015408923076923073,0.00015287323529411767
109,0.00015655,1553824800,0.00015655,0.00015302,0.0001532,10246.55732484,1.57360571,0.00015357,1.4370804566666668,0.3708471323076923,0.17107675323529417,0.00015508999999999984,0.0001543776923076923,0.00015310911764705883
110,0.00015442,1553832000,0.00015444,0.00015442,0.00015444,66.94541248,0.01033885,0.00015443,1.4396796400000003,0.3690261861538461,0.16059244235294123,0.0001547233333333332,0.0001543846153846154,0.00015321617647058824
111,0.0001575,1553839200,0.00015767,0.00015429,0.00015429,150.70824319,0.02357517,0.00015642,0.5358399100000001,0.3659559984615384,0.16038080852941183,0.0001561566666666665,0.00015476846153846156,0.00015340264705882353
112,0.00015734,1553846400,0.00015849,0.000156,0.00015734,819.0180641,0.12894498,0.00015743,0.054286333333333436,0.3757371815384615,0.1610058326470589,0.0001564199999999998,0.00015502538461538467,0.00015365617647058823
113,0.00015835,1553853600,0.00015883,0.00015706,0.0001574,461.18378148,0.07297126,0.00015822,0.07516380333333343,0.38110061769230763,0.16218800235294123,0.00015772999999999983,0.0001553146153846154,0.00015392205882352943
114,0.00015737,1553860800,0.00015841,0.00015509,0.00015743,1140.3048273,0.17835733,0.00015641,0.12675785666666675,0.39112446923076916,0.16636990441176477,0.00015768666666666649,0.00015563384615384617,0.00015416205882352939
115,0.00016071,1553868000,0.00016071,0.00015647,0.00015647,2559.19443472,0.40917207,0.00015988,0.22016688666666676,0.42158882076923077,0.17774262235294125,0.00015880999999999982,0.00015612461538461544,0.00015445617647058822
116,0.00015709,1553875200,0.0001584,0.00015616,0.0001584,547.12309811,0.08583051,0.00015687,0.22445330333333344,0.42809057076923074,0.18005425852941181,0.0001583899999999998,0.00015642307692307697,0.00015466999999999998
117,0.00015818,1553882400,0.00015823,0.00015617,0.0001571,971.52001819,0.15333196,0.00015782,0.21611151333333345,0.4299355730769231,0.18444115058823535,0.00015865999999999979,0.00015666769230769233,0.00015487235294117644
118,0.00015811,1553889600,0.00015818,0.00015811,0.00015818,6.909069,0.00109274,0.00015816,0.08008507000000013,0.4286896861538461,0.18149190676470595,0.0001577933333333331,0.00015690615384615387,0.00015509441176470587
119,0.00015794,1553896800,0.00015814,0.00015559,0.00015726,2176.36228446,0.33921913,0.00015586,0.16454794333333347,0.43954425923076923,0.1914159552941177,0.0001580766666666664,0.00015709846153846155,0.00015530029411764705
120,0.00015879,1553904000,0.00015879,0.00015818,0.00015818,61.06318352,0.00967915,0.00015851,0.11666367333333348,0.44009332461538464,0.18999437558823537,0.00015827999999999974,0.00015734999999999998,0.00015548735294117644
121,0.00015692,1553911200,0.00015878,0.00015567,0.00015651,372.75850403,0.05835323,0.00015654,0.13575050333333347,0.23419016076923074,0.19148401000000007,0.00015788333333333307,0.0001576361538461538,0.00015561088235294113
122,0.00015581,1553918400,0.00015734,0.00015567,0.00015734,79.13313804,0.01234116,0.00015595,0.026791180000000154,0.11409288769230767,0.19065155941176476,0.00015717333333333308,0.00015757923076923074,0.0001556832352941176
123,0.00015601,1553925600,0.00015601,0.00015488,0.00015492,101.33647317,0.0157939,0.00015585,0.028829430000000156,0.11451250692307692,0.19004500852941184,0.0001562466666666664,0.00015770153846153843,0.00015574088235294111
124,0.00015473,1553932800,0.00015656,0.00015473,0.00015655,728.75279887,0.1140428,0.00015649,0.047392620000000156,0.12147155538461538,0.19320515470588243,0.00015551666666666642,0.00015748846153846148,0.0001557117647058823
125,0.00015588,1553940000,0.00015588,0.00015473,0.00015473,100.0455,0.01559504,0.00015587,0.04847724666666683,0.11275232923076922,0.19366383235294127,0.00015553999999999975,0.0001573761538461538,0.00015571647058823523
126,0.00015583,1553947200,0.00015583,0.00015554,0.00015554,128.05818674,0.01993029,0.00015563,0.04985604333333349,0.1086722546153846,0.19315697323529418,0.00015547999999999975,0.00015718230769230765,0.00015572264705882347
127,0.00015659,1553954400,0.00016434,0.00015509,0.0001566,3198.99578075,0.52195472,0.00016316,0.1858266833333335,0.13510282307692306,0.20724816500000007,0.00015609999999999976,0.00015712230769230766,0.00015576794117647051
128,0.00015421,1553961600,0.00015659,0.00015421,0.00015656,872.71085148,0.13465135,0.00015429,0.22551212000000018,0.11398584461538458,0.21052826500000008,0.0001555433333333331,0.00015662230769230765,0.00015579764705882346
129,0.00015651,1553968800,0.00015651,0.00015514,0.00015514,60.0,0.0093221,0.00015536,0.22197605666666684,0.10810058230769225,0.2102097214705883,0.00015576999999999974,0.00015657769230769227,0.00015582352941176462
130,0.00015666,1553976000,0.00015666,0.00015547,0.00015547,722.59023272,0.11284595,0.00015616,0.08560646666666683,0.10498627384615379,0.21318695323529419,0.00015579333333333307,0.00015646076923076917,0.00015593705882352933
131,0.00015646,1553983200,0.00015692,0.00015574,0.00015666,709.52340658,0.11121088,0.00015674,0.07779297666666683,0.11345689999999994,0.2154575335294118,0.00015654333333333306,0.00015633384615384614,0.00015599970588235285
132,0.00015712,1553990400,0.00015712,0.00015415,0.000155,701.70189135,0.10911271,0.00015549,0.1110565133333335,0.09575640615384609,0.21679944823529415,0.00015674666666666638,0.00015627076923076922,0.000156135294117647
133,0.00015397,1553997600,0.0001555,0.00015397,0.0001555,211.11932606,0.0326863,0.00015482,0.08433663000000018,0.09752618692307687,0.21770817470588238,0.00015584999999999972,0.0001559,0.00015613441176470582
134,0.00015603,1554004800,0.00015603,0.00015342,0.00015397,138.04970572,0.02122375,0.00015373,0.05434092000000016,0.09467007307692302,0.21823691470588238,0.00015570666666666643,0.00015583153846153845,0.00015617676470588228
135,0.00015566,1554012000,0.00015566,0.00015525,0.00015525,5.00529758,0.00077795,0.00015542,0.018229333333333497,0.09378059538461533,0.21684664088235298,0.00015521999999999975,0.00015581999999999998,0.00015624852941176464
136,0.00015434,1554019200,0.00015576,0.00015434,0.00015576,1394.23170372,0.21523233,0.00015437,0.07907801000000016,0.10912201307692303,0.22279066529411767,0.00015534333333333308,0.00015569153846153844,0.0001562488235294117
137,0.000153,1554026400,0.00015664,0.000153,0.00015421,733.07514555,0.11306054,0.00015422,0.10969027333333349,0.10904645461538456,0.22607751176470592,0.00015433333333333306,0.0001555584615384615,0.00015624264705882347
138,0.00015431,1554033600,0.00015631,0.000153,0.000153,1023.85947407,0.1584426,0.00015475,0.1622451566666668,0.12003472846153841,0.22693326676470593,0.00015388333333333305,0.00015543769230769226,0.00015622235294117644
139,0.0001543,1554040800,0.00015607,0.00015428,0.0001543,874.18679565,0.13529406,0.00015476,0.13559906666666685,0.1289088646153846,0.23040399588235297,0.00015386999999999974,0.00015531999999999997,0.00015620147058823528
140,0.00015593,1554048000,0.00015606,0.00015593,0.00015606,12.0686163,0.00188323,0.00015604,0.09853996333333352,0.08890336538461535,0.22463262970588238,0.00015484666666666638,0.00015526923076923072,0.0001562158823529412
141,0.000156,1554055200,0.000156,0.000155,0.000155,1563.09448807,0.24230389,0.00015501,0.12649372666666683,0.09718432999999999,0.2316844705882353,0.00015540999999999973,0.00015540692307692303,0.00015623000000000001
142,0.00015537,1554062400,0.00015537,0.00015537,0.00015537,6.01101947,0.00093393,0.00015537,0.08170701666666685,0.09653908615384614,0.1512679873529412,0.0001557666666666664,0.00015531923076923072,0.00015629382352941177
143,0.000156,1554069600,0.00015629,0.000156,0.000156,1689.92463928,0.26369587,0.00015604,0.16897789666666685,0.10814292615384614,0.1127412273529412,0.00015578999999999973,0.0001552684615384615,0.00015627764705882354
144,0.000155,1554076800,0.00015629,0.00015491,0.0001561,1097.06009119,0.17020088,0.00015514,0.1449435600000002,0.11268061846153846,0.11744305176470592,0.0001554566666666664,0.0001551561538461538,0.00015629470588235294
145,0.00015388,1554084000,0.00015722,0.00015388,0.00015423,239.34293205,0.03732611,0.00015595,0.15707428666666687,0.1071585723076923,0.11784749117647063,0.00015495999999999972,0.00015490692307692301,0.00015618823529411766
146,0.00015275,1554091200,0.00015392,0.00015275,0.00015392,2259.48328878,0.34538736,0.00015286,0.18430478333333347,0.13121249999999998,0.12421344352941181,0.0001538766666666664,0.00015481307692307689,0.00015605323529411768
147,0.00015393,1554098400,0.00015413,0.00015393,0.00015413,601.66257413,0.09261533,0.00015393,0.15844293333333348,0.13670415999999996,0.12479121029411769,0.00015351999999999976,0.0001546515384615384,0.0001559232352941177
148,0.00015558,1554105600,0.00015558,0.00015393,0.00015393,1682.18400332,0.25944425,0.00015423,0.2324823133333335,0.15660156769230765,0.12717611970588238,0.00015408666666666643,0.00015464538461538454,0.00015587058823529417
149,0.00015538,1554112800,0.00015575,0.00015538,0.00015575,51.11057613,0.00794197,0.00015538,0.12000051666666683,0.14065615538461534,0.11537523441176475,0.0001549633333333331,0.00015472538461538452,0.00015571382352941182
150,0.00015538,1554120000,0.00015538,0.00015538,0.00015538,0.0,0.0,0.00015538,0.08912874000000016,0.13195919076923074,0.11285080764705886,0.0001554466666666664,0.00015490846153846146,0.00015566352941176476
151,0.0001542,1554127200,0.00015577,0.00015254,0.00015577,661.21926927,0.10217489,0.00015452,0.03670562000000018,0.12763090538461536,0.11134618794117651,0.00015498666666666642,0.00015489999999999994,0.00015554647058823535
152,0.00015255,1554134400,0.00015432,0.00015255,0.00015432,180.67277014,0.02765707,0.00015307,0.04327732000000018,0.11935113692307689,0.11212749176470593,0.0001540433333333331,0.00015476538461538456,0.00015538294117647066
153,0.00015239,1554141600,0.00015257,0.00015239,0.00015257,236.49295408,0.03607757,0.00015255,0.05530317666666685,0.12198147076923074,0.10321156352941181,0.00015304666666666642,0.0001544930769230769,0.000155219705882353
154,0.0001537,1554148800,0.00015409,0.00015125,0.00015238,2750.87511695,0.42205058,0.00015342,0.16192840666666686,0.1358081392307692,0.11534013500000004,0.00015287999999999974,0.00015431615384615382,0.00015507000000000005
155,0.00015415,1554156000,0.00015444,0.0001536,0.00015426,549.99802572,0.08463986,0.00015389,0.1809226700000002,0.1422470569230769,0.11611327117647063,0.00015341333333333308,0.00015422230769230767,0.00015498852941176475
156,0.00015395,1554163200,0.00015418,0.00015395,0.00015415,169.35047606,0.02610759,0.00015416,0.17759934333333352,0.12397103538461536,0.11651816617647062,0.0001539333333333331,0.00015406461538461537,0.00015493382352941182
157,0.00015184,1554170400,0.00015234,0.00015183,0.00015219,218.27609222,0.03316646,0.00015194,0.04797130333333353,0.11342992615384613,0.11702912382352945,0.0001533133333333331,0.0001538215384615384,0.00015481117647058828
158,0.00013915,1554177600,0.00015155,0.00011,0.00015155,13970.81499232,1.97486842,0.00014135,0.6780474900000003,0.26247164230769227,0.1717592891176471,0.0001483133333333331,0.0001526884615384615,0.00015435294117647068
159,0.00014111,1554184800,0.00014454,0.00014007,0.00014065,1089.45368076,0.15421084,0.00014154,0.7207485733333336,0.24776575615384613,0.17583622441176475,0.00014403333333333306,0.00015179307692307688,0.0001539185294117648
160,0.00014121,1554192000,0.00014387,0.00014121,0.00014328,165.33749534,0.02365767,0.00014308,0.717578976666667,0.24246132076923074,0.1759458532352942,0.00014048999999999973,0.00015081461538461535,0.0001534885294117648
161,0.00014077,1554199200,0.00014596,0.00014076,0.00014084,1106.52239661,0.15756232,0.00014239,0.11181027666666694,0.2346242492307692,0.16522842970588242,0.00014102999999999975,0.0001496753846153846,0.00015302323529411773
162,0.00014423,1554206400,0.00014434,0.0001401,0.00014076,1102.98742981,0.15635341,0.00014175,0.11252446666666698,0.24604051384615377,0.16586672558823534,0.00014206999999999973,0.00014881769230769227,0.00015272970588235305
163,0.0001412,1554213600,0.00014485,0.00014119,0.00014485,645.0540672,0.09254956,0.00014347,0.1354884300000003,0.2531597107692307,0.1683145920588236,0.0001420666666666664,0.00014772692307692305,0.00015227941176470597
164,0.00014475,1554220800,0.00014475,0.00014037,0.00014089,475.84524392,0.06812759,0.00014317,0.10567685333333365,0.25054068769230764,0.16699934617647064,0.00014339333333333306,0.00014699999999999997,0.0001519291176470589
165,0.000145,1554228000,0.000145,0.00014188,0.00014297,69.69464467,0.01003453,0.00014397,0.05690389333333365,0.24918510769230762,0.16402357117647065,0.00014364999999999972,0.00014641923076923075,0.0001515920588235295
166,0.00014441,1554235200,0.00014447,0.00014228,0.00014229,154.10072295,0.02221573,0.00014416,0.033459283333333645,0.24811881230769225,0.1614677776470589,0.00014471999999999974,0.0001458053846153846,0.00015121823529411774
167,0.00014336,1554242400,0.00014486,0.00014299,0.00014441,12132.72316236,1.74204701,0.00014358,0.5914324233333337,0.34965699923076926,0.21174309264705893,0.0001442566666666664,0.00014500999999999997,0.00015090617647058835
168,0.00014512,1554249600,0.00014512,0.00014273,0.00014273,20.23165587,0.00292059,0.00014435,0.5890611100000004,0.3433709015384615,0.21120476441176478,0.0001442966666666664,0.00014431538461538457,0.00015058529411764718
169,0.00014628,1554256800,0.00014628,0.0001431,0.00014508,391.05623015,0.05679299,0.00014522,0.6005868633333337,0.3457313169230769,0.2128522655882354,0.00014491999999999974,0.00014372538461538458,0.00015030941176470602
170,0.00014087,1554264000,0.00014452,0.00013983,0.00014451,462.2863249,0.06639497,0.00014362,0.04203618333333359,0.3482873561538461,0.2084746961764707,0.0001440899999999997,0.0001428815384615384,0.0001499132352941178
171,0.0001412,1554271200,0.00014279,0.00014097,0.00014265,1219.1625445,0.17223843,0.00014127,0.09847546333333358,0.20962351076923075,0.21021522235294127,0.00014278333333333303,0.0001430392307692307,0.00014956617647058837
172,0.00014118,1554278400,0.00014396,0.00014031,0.0001421,516.29240339,0.07378639,0.00014291,0.10413993000000026,0.20343701461538458,0.2077253338235295,0.00014108333333333304,0.00014304461538461533,0.00014918000000000014
173,0.00014275,1554285600,0.00014275,0.00014112,0.00014159,708.28479541,0.10006627,0.00014127,0.11536369666666692,0.2093145992307692,0.2066892223529413,0.00014170999999999973,0.00014316307692307685,0.00014884029411764717
174,0.00014424,1554292800,0.00014424,0.00014179,0.00014255,322.10095735,0.04597752,0.00014274,0.07327672666666692,0.20073115307692307,0.20798611323529426,0.00014272333333333306,0.00014342999999999992,0.0001484964705882354
175,0.00014202,1554300000,0.00014209,0.00014138,0.00014209,97.70029727,0.01384585,0.00014171,0.05329654666666692,0.18976903307692308,0.2012667591176472,0.00014300333333333308,0.00014325999999999993,0.00014808529411764718
176,0.00013908,1554307200,0.00014394,0.00013889,0.00014152,4548.66208501,0.64460021,0.00014171,0.23480786000000028,0.2322344676923077,0.22019812029411778,0.00014177999999999974,0.000143096923076923,0.00014760617647058833
177,0.00014063,1554314400,0.00014063,0.00013912,0.00014043,2016.75289107,0.2816636,0.00013966,0.31336988666666693,0.24866031461538463,0.22072658294117659,0.0001405766666666664,0.00014277999999999993,0.00014715411764705893
178,0.00013825,1554321600,0.00013978,0.00013786,0.00013978,348.78020323,0.04827108,0.00013839,0.3248449633333336,0.2516015876923077,0.2171404123529413,0.00013931999999999974,0.00014226076923076915,0.00014666147058823542
179,0.00013474,1554328800,0.00013797,0.00013088,0.00013785,1181.97256335,0.15758147,0.00013332,0.16250538333333361,0.26201433692307696,0.22067733470588247,0.0001378733333333331,0.00014151692307692304,0.00014609852941176483
180,0.00013574,1554336000,0.00013575,0.0001326,0.00013474,530.23171912,0.07095507,0.00013381,0.09226920666666694,0.1334688030769231,0.21260579676470598,0.0001362433333333331,0.00014093076923076916,0.00014559823529411775
181,0.00013522,1554343200,0.00013522,0.00013486,0.00013486,63.13962627,0.00853289,0.00013514,0.07902314333333361,0.13390051846153847,0.2101327838235295,0.0001352333333333331,0.00014016923076923073,0.0001450479411764707
182,0.00013548,1554350400,0.00013566,0.00013548,0.00013548,1009.78252347,0.1368066,0.00013548,0.07209818666666694,0.14005541153846154,0.20652579411764715,0.00013547999999999975,0.0001393384615384615,0.00014445676470588247
183,0.00013548,1554357600,0.00013548,0.00013548,0.00013548,0.48241232,6.535e-05,0.00013548,0.04846828000000027,0.1349531330769231,0.20629412882352952,0.0001353933333333331,0.0001389238461538461,0.00014387147058823543
184,0.0001355,1554364800,0.00013552,0.0001355,0.00013552,82.35102462,0.01116003,0.00013551,0.049343993333333606,0.12256248692307696,0.20662236500000009,0.00013548666666666643,0.00013848538461538456,0.00014328676470588248
185,0.00013477,1554372000,0.0001348,0.00013477,0.0001348,17.564,0.0023672,0.00013477,0.004530860000000266,0.1170687030769231,0.20368684470588247,0.00013524999999999976,0.00013799230769230764,0.0001427152941176472
186,0.0001347,1554379200,0.00013471,0.00013426,0.00013468,78.98995588,0.01062568,0.00013451,0.008050970000000266,0.11018865769230773,0.20318592147058837,0.00013498999999999976,0.00013737307692307686,0.00014219029411764717
187,0.00013467,1554386400,0.00013471,0.00013278,0.00013278,148.66993881,0.01995463,0.00013422,0.0109825033333336,0.10818689692307695,0.2027117173529413,0.0001347133333333331,0.00013663692307692302,0.00014166911764705895
188,0.00013109,1554393600,0.000134,0.00013037,0.00013339,698.34284145,0.09132572,0.00013077,0.040635343333333594,0.11414688692307694,0.19298451558823546,0.00013348666666666647,0.00013579615384615377,0.00014100411764705897
189,0.00013435,1554400800,0.00013435,0.00013277,0.00013287,139.346078,0.01862262,0.00013364,0.04330099000000026,0.06599476461538463,0.1910428320588237,0.00013336999999999982,0.00013543230769230764,0.00014042176470588252
190,0.00013379,1554408000,0.0001347,0.00013256,0.00013458,143.96720338,0.01911875,0.00013279,0.04302236333333359,0.04579900692307693,0.19083727794117664,0.0001330766666666665,0.00013490615384615377,0.00013982882352941192
191,0.00013174,1554415200,0.00013356,0.00013174,0.00013356,98.37225775,0.01311958,0.00013336,0.016953650000000254,0.043095045384615394,0.19024766382352953,0.00013329333333333314,0.00013440538461538456,0.00013923764705882369
192,0.0001339,1554422400,0.00013394,0.0001339,0.00013392,22.1291511,0.0029639,0.00013393,0.01173407666666692,0.031201386153846163,0.13225047205882368,0.00013314333333333314,0.00013434076923076916,0.0001390832352941178
193,0.00013412,1554429600,0.00013412,0.00013367,0.00013369,101.04572119,0.01351099,0.00013371,0.009864823333333588,0.026782610769230778,0.12811224117647074,0.00013325333333333314,0.00013421615384615377,0.00013887764705882368
194,0.00013633,1554436800,0.00013922,0.00013455,0.00013455,461.30436825,0.06273082,0.00013598,0.026401903333333587,0.030951682307692317,0.12926145147058835,0.00013478333333333313,0.0001343015384615384,0.00013873411764705895
195,0.00013567,1554444000,0.00013567,0.00013567,0.00013567,3.02203877,0.00040999,0.00013567,0.025550600000000253,0.020459635384615395,0.12463932411764717,0.00013537333333333312,0.00013431615384615377,0.00013858411764705895
196,0.00013855,1554451200,0.00013855,0.00013555,0.00013567,880.06836619,0.12030065,0.00013669,0.061147153333333586,0.029708504615384625,0.1235789488235295,0.0001368499999999998,0.0001345523076923076,0.00013841705882352954
197,0.00013822,1554458400,0.00013916,0.0001367,0.00013916,70.21527968,0.00966891,0.0001377,0.043459850000000244,0.029593803076923088,0.12114128264705892,0.0001374799999999998,0.00013476153846153838,0.000138329411764706
198,0.00013676,1554465600,0.00013677,0.00013676,0.00013677,6.76147996,0.00092474,0.00013676,0.04363143333333358,0.029482844615384623,0.11916472823529423,0.00013784333333333315,0.00013491461538461534,0.00013809441176470597
199,0.00013767,1554472800,0.00013767,0.00013674,0.00013703,497.32966784,0.06806261,0.00013685,0.02621875333333358,0.033901070000000005,0.12087143647058834,0.00013754999999999985,0.00013514307692307685,0.00013787882352941187
200,0.00013852,1554480000,0.00013852,0.00013766,0.00013767,47.15891628,0.00650479,0.00013793,0.02516404666666691,0.03286646692307693,0.12040935000000011,0.00013764999999999982,0.0001354392307692307,0.0001377055882352942
201,0.00013842,1554487200,0.00013892,0.00013636,0.0001376,958.9397365,0.13168489,0.00013732,0.06875076333333358,0.035971018461538475,0.07304575823529422,0.00013820333333333318,0.00013600307692307687,0.00013756029411764715
202,0.00013946,1554494400,0.0001406,0.00013877,0.00013877,88.72809081,0.01232942,0.00013895,0.05017303333333358,0.03548692615384617,0.07332248852941185,0.00013879999999999982,0.0001363961538461538,0.00013739382352941185
203,0.00013946,1554501600,0.00013946,0.00013946,0.00013946,0.0,0.0,0.00013946,0.048004770000000245,0.03401625307692309,0.07165210647058833,0.00013911333333333317,0.00013683230769230765,0.0001371932352941177
204,0.00014047,1554508800,0.00014047,0.00013854,0.00013854,30.14151109,0.00423035,0.00014034,0.005519923333333575,0.03333246615384616,0.06982373529411773,0.0001397966666666665,0.00013750384615384613,0.00013718147058823537
205,0.00014007,1554516000,0.00014007,0.00013872,0.00013894,99.50235744,0.01383339,0.00013902,0.0060212466666669075,0.03416858076923078,0.06516476352941183,0.00013999999999999983,0.0001379784615384615,0.0001371482352941177
206,0.00014007,1554523200,0.00014007,0.00014007,0.00014007,0.0,0.0,0.00014007,0.0060212466666669075,0.033129273846153856,0.06299457558823537,0.00014020333333333317,0.0001384361538461538,0.00013711558823529418
207,0.00014007,1554530400,0.00014007,0.00014007,0.00014007,0.0,0.0,0.00014007,0.004611130000000241,0.02830382615384616,0.06005145000000007,0.00014006999999999987,0.00013872384615384612,0.0001370367647058824
208,0.00013674,1554537600,0.00013948,0.00013616,0.00013856,504.03643339,0.06954037,0.00013796,0.023180123333333576,0.0336215476923077,0.06074447500000007,0.00013895999999999988,0.0001388061538461538,0.00013681617647058828
209,0.00013726,1554544800,0.00013726,0.00013686,0.00013686,143.88310482,0.0197462,0.00013723,0.029762190000000244,0.025886590000000004,0.06091801470588242,0.00013802333333333322,0.00013870692307692303,0.0001366761764705883
210,0.00013726,1554552000,0.00013726,0.00013726,0.00013726,0.0,0.0,0.00013726,0.029762190000000244,0.025142827692307697,0.041959185000000065,0.00013708666666666653,0.00013863307692307686,0.0001366226470588236
211,0.00013874,1554559200,0.00013892,0.00013721,0.00013726,193.51483291,0.02668561,0.00013789,0.015477270000000242,0.027124433076923086,0.03445983235294124,0.0001377533333333332,0.00013878538461538456,0.00013656705882352947
212,0.00013852,1554566400,0.00014313,0.00013638,0.00013695,1414.04713791,0.1966075,0.00013903,0.07443103666666691,0.03701250153846155,0.038822668235294185,0.0001381733333333332,0.00013885076923076918,0.00013657500000000005
213,0.00013876,1554573600,0.00013876,0.00013641,0.00013858,836.20183742,0.1156706,0.00013832,0.11298790333333358,0.045409871538461544,0.037589995588235364,0.00013867333333333318,0.00013886923076923073,0.00013669323529411767
214,0.00013753,1554580800,0.00013875,0.00013753,0.00013875,101.72494896,0.01407816,0.00013839,0.10878542000000024,0.0363632,0.03591714529411772,0.00013826999999999985,0.00013880076923076918,0.00013674588235294122
215,0.00013753,1554588000,0.00013753,0.00013753,0.00013753,0.0,0.0,0.00013753,0.043249586666666916,0.03541478307692308,0.03566617794117655,0.00013793999999999986,0.00013865230769230765,0.00013681382352941183
216,0.00013874,1554595200,0.00013874,0.00013767,0.00013767,26.13304148,0.00360076,0.00013778,0.005892973333333583,0.03569176461538462,0.03174835911764714,0.00013793333333333318,0.00013859692307692303,0.00013690970588235298
217,0.00013837,1554602400,0.00013872,0.00013739,0.00013872,39.37931332,0.00542912,0.00013786,0.00300996000000025,0.03578397769230769,0.03190611705882361,0.00013821333333333317,0.00013843538461538458,0.00013699470588235296
218,0.00013861,1554609600,0.00013861,0.00013861,0.00013861,28.83922,0.0039974,0.00013861,0.004342426666666917,0.03502736307692308,0.03169545147058832,0.00013857333333333317,0.0001383230769230769,0.00013708617647058825
219,0.00013698,1554616800,0.00013698,0.00013698,0.00013698,4.57867991,0.00062718,0.00013698,0.0033512333333335833,0.03507560769230769,0.03164427441176479,0.0001379866666666665,0.0001380853846153846,0.00013715117647058824
220,0.00013703,1554624000,0.00013802,0.00013703,0.00013802,31.41563103,0.0043334,0.00013793,0.0029859933333335835,0.035408946153846155,0.031459207352941256,0.00013753999999999982,0.00013785153846153844,0.00013721970588235295
221,0.00013703,1554631200,0.00013703,0.00013703,0.00013703,0.0,0.0,0.00013703,0.0016535266666669168,0.030059686923076923,0.030872306470588317,0.00013701333333333317,0.00013787384615384613,0.00013728911764705884
222,0.00013643,1554638400,0.0001385,0.00013643,0.00013715,371.81362393,0.05097064,0.00013708,0.018434680000000248,0.032461566923076925,0.02968539235294126,0.00013682999999999987,0.00013780999999999998,0.00013744617647058822
223,0.00013819,1554645600,0.00013819,0.00013819,0.00013819,72.36413633,0.00999999,0.00013819,0.020323543333333582,0.03323079692307693,0.029431785588235383,0.00013721666666666651,0.00013788153846153845,0.0001375591176470588
224,0.00013768,1554652800,0.00013771,0.00013768,0.0001377,88.29613688,0.01215831,0.00013769,0.024376313333333583,0.032113312307692314,0.02922706676470597,0.0001374333333333332,0.0001378,0.0001376735294117647
225,0.00013837,1554660000,0.0001385,0.00013651,0.0001385,25.60032996,0.00351427,0.00013727,0.008557523333333586,0.01725998692307693,0.028944557647058916,0.00013807999999999984,0.00013778846153846152,0.0001378685294117647
226,0.00013834,1554667200,0.00014101,0.00013816,0.00013816,328.20630474,0.04586453,0.00013974,0.020512370000000252,0.011890289230769235,0.030206340882353033,0.00013812999999999984,0.00013775615384615383,0.0001379991176470588
227,0.00013911,1554674400,0.00013911,0.00013911,0.00013911,10.62363,0.00147785,0.00013911,0.01695221666666692,0.01092103461538462,0.029852425000000085,0.0001386066666666665,0.0001378776923076923,0.00013814588235294115
228,0.00013994,1554681600,0.00014259,0.00013963,0.00013963,395.91582016,0.05566934,0.0001406,0.034337240000000255,0.015203291538461543,0.029644734411764784,0.00013912999999999987,0.0001380630769230769,0.00013825205882352938
229,0.00013993,1554688800,0.00014009,0.00013993,0.00014009,21.45416905,0.0030032,0.00013998,0.020050130000000253,0.015157325384615391,0.029721005294117725,0.00013965999999999987,0.00013815461538461537,0.00013837735294117644
230,0.00014022,1554696000,0.00014022,0.00014008,0.00014008,20.768764,0.00291128,0.00014017,0.020527940000000255,0.01496364538461539,0.026268376764705958,0.00014002999999999986,0.00013829692307692305,0.00013842647058823527
231,0.00014154,1554703200,0.00014154,0.00014154,0.00014154,183.53373602,0.02597736,0.00014154,0.010630613333333589,0.01665441153846154,0.0267480370588236,0.0001405633333333332,0.00013852230769230767,0.0001385241176470588
232,0.00014052,1554710400,0.00014126,0.00014052,0.00014125,421.78932747,0.05956379,0.00014121,0.029484143333333587,0.021187996923076928,0.028472715000000072,0.00014075999999999987,0.00013879461538461534,0.00013863470588235292
233,0.00013751,1554717600,0.00013996,0.00013725,0.00013982,186.53291783,0.02584113,0.00013853,0.03712742666666692,0.022842437692307697,0.027230906764705954,0.0001398566666666665,0.00013883153846153842,0.00013863
234,0.00013813,1554724800,0.00013813,0.00013812,0.00013812,58.29161841,0.0080514,0.00013812,0.03115210666666692,0.023461776153846155,0.027276395294117718,0.00013871999999999984,0.0001389161538461538,0.00013861852941176472
235,0.00013698,1554732000,0.00013876,0.00013698,0.00013746,244.51494007,0.03353631,0.00013715,0.022476280000000255,0.02212067384615385,0.02438967235294125,0.00013753999999999982,0.00013895846153846148,0.00013857617647058823
236,0.0001379,1554739200,0.00014362,0.00013775,0.00013919,1241.466611,0.17400267,0.00014015,0.07186346000000025,0.034736264615384614,0.02914476794117654,0.0001376699999999998,0.0001389361538461538,0.00013853029411764706
237,0.00013815,1554746400,0.00013815,0.0001379,0.0001379,4.51165803,0.00062306,0.0001381,0.06938734666666692,0.03384893769230769,0.029163093235294188,0.0001376766666666665,0.00013897230769230765,0.00013849176470588233
238,0.00013844,1554753600,0.00013844,0.00013844,0.00013844,75.12279687,0.01039999,0.00013844,0.06167524000000026,0.034378608461538465,0.02934455323529419,0.00013816333333333314,0.00013897769230769225,0.0001384320588235294
239,0.00013732,1554760800,0.0001379,0.00013732,0.0001379,30.89723575,0.0042483,0.00013749,0.005090450000000264,0.03117736,0.029062638823529482,0.00013796999999999982,0.0001388992307692307,0.00013835117647058821
240,0.00013521,1554768000,0.00013698,0.00013521,0.00013698,54.70395779,0.00743512,0.00013591,0.007361136666666931,0.03163561153846154,0.029281318823529485,0.00013698999999999984,0.0001385992307692307,0.00013820823529411765
241,0.00013636,1554775200,0.00013636,0.00013636,0.00013636,4.40011733,0.00059999,0.00013636,0.004094470000000265,0.027399507692307694,0.029298965588235366,0.0001362966666666665,0.0001383238461538461,0.00013809911764705882
242,0.00013559,1554782400,0.00013559,0.00013493,0.0001352,30.04365869,0.00406478,0.00013529,0.004033296666666931,0.02748116769230769,0.027373212941176544,0.00013571999999999985,0.00013798999999999997,0.00013806529411764705
243,0.00013463,1554789600,0.00013491,0.00013461,0.00013491,156.83933342,0.02111875,0.00013465,0.00859450666666693,0.028881742307692308,0.0274135820588236,0.0001355266666666665,0.00013755999999999995,0.00013798794117647059
244,0.00013426,1554796800,0.00013463,0.00013426,0.00013463,106.96297029,0.01439851,0.00013461,0.013194013333333596,0.027991061538461537,0.027837067647058896,0.0001348266666666665,0.00013699999999999997,0.00013789970588235292
245,0.00013586,1554804000,0.00013591,0.00013463,0.00013463,81.08423608,0.01101673,0.00013586,0.015511330000000266,0.024256672307692302,0.02737621823529419,0.0001349166666666665,0.00013664153846153841,0.00013781499999999998
246,0.00013693,1554811200,0.00013693,0.00013619,0.00013619,77.79378105,0.0106214,0.00013653,0.012012213333333598,0.023085923846153843,0.021906038823529483,0.00013568333333333315,0.00013659692307692304,0.00013776823529411766
247,0.00013418,1554818400,0.0001376,0.00013418,0.0001376,111.99926545,0.01536868,0.00013722,0.012335603333333597,0.023648791538461538,0.01895598235294125,0.00013565666666666648,0.00013629307692307688,0.00013763352941176471
248,0.00013549,1554825600,0.00013549,0.00013549,0.00013549,10.58923272,0.00143473,0.00013549,0.009141603333333597,0.021179439230769228,0.01858411676470596,0.00013553333333333312,0.0001361784615384615,0.00013757352941176472
249,0.0001352,1554832800,0.0001352,0.00013519,0.00013519,42.01768417,0.00568066,0.00013519,0.007494690000000263,0.008231592307692307,0.018751195000000078,0.00013495666666666646,0.00013597076923076918,0.000137505
250,0.00013653,1554840000,0.00013653,0.00013519,0.00013519,134.67587927,0.01837019,0.0001364,0.008495193333333598,0.009596756153846154,0.019185590000000075,0.00013573999999999978,0.0001358461538461538,0.00013744
