,close,date,high,low,open,quoteVolume,volume,weightedAverage,avg_vol_3,avg_vol_13,avg_vol_34,avg_close_3,avg_close_13,avg_close_34
0,0.00027117,1543168800,0.00027292,0.00027007,0.00027199,302.33955281,0.08243157,0.00027264,-99999.0,-99999.0,-99999.0,-99999.0,-99999.0,-99999.0
1,0.00027291,1543176000,0.00027292,0.0002712,0.0002712,15.56926506,0.00422652,0.00027146,-99999.0,-99999.0,-99999.0,-99999.0,-99999.0,-99999.0
2,0.00027897,1543183200,0.000279,0.00027136,0.00027136,359.63012316,0.09971493,0.00027727,0.06212434,-99999.0,-99999.0,0.00027435,-99999.0,-99999.0
3,0.00027897,1543190400,0.00027898,0.00027526,0.00027526,23.92008758,0.00667137,0.0002789,0.036870940000000005,-99999.0,-99999.0,0.00027695,-99999.0,-99999.0
4,0.00027898,1543197600,0.00027898,0.00027615,0.00027898,0.23891061,6.598e-05,0.00027617,0.035484093333333334,-99999.0,-99999.0,0.00027897333333333333,-99999.0,-99999.0
5,0.000285,1543204800,0.000285,0.00027898,0.00027898,542.01371801,0.15329441,0.00028282,0.05334392000000001,-99999.0,-99999.0,0.0002809833333333333,-99999.0,-99999.0
6,0.0003245,1543212000,0.00035301,0.00028523,0.00028523,19992.56721681,6.49315587,0.00032477,2.21550542,-99999.0,-99999.0,0.00029616,-99999.0,-99999.0
7,0.00032449,1543219200,0.00036,0.00031998,0.00032448,11505.1452806,3.88810373,0.00033794,3.511518003333333,-99999.0,-99999.0,0.0003113299999999999,-99999.0,-99999.0
8,0.00034356,1543226400,0.00035545,0.00031521,0.0003245,7678.29733173,2.5201706,0.00032821,4.300476733333333,-99999.0,-99999.0,0.0003308499999999999,-99999.0,-99999.0
9,0.00039912,1543233600,0.0004178,0.00033644,0.00033996,47002.24268916,18.34349082,0.00039026,8.250588383333334,-99999.0,-99999.0,0.0003557233333333332,-99999.0,-99999.0
10,0.00042587,1543240800,0.000465,0.000376,0.00039912,62023.75863099,26.17672611,0.00042204,15.680129176666668,-99999.0,-99999.0,0.0003895166666666666,-99999.0,-99999.0
11,0.00046432,1543248000,0.00053,0.00042,0.00043295,42204.38417666,19.98190823,0.00047345,21.50070838666667,-99999.0,-99999.0,0.0004297699999999999,-99999.0,-99999.0
12,0.00048672,1543255200,0.00050734,0.000443,0.00046432,37622.87766411,17.7065934,0.00047063,21.28840924666667,7.342811810769231,-99999.0,0.0004589699999999999,0.0003411215384615385,-99999.0
13,0.00048709,1543262400,0.000518,0.00045213,0.0004915,33168.87730282,16.23250693,0.00048938,17.97366952,8.5851253,-99999.0,0.0004793766666666665,0.00035773076923076926,-99999.0
14,0.00048241,1543269600,0.000528,0.0004824,0.00048709,18991.83523672,9.6777945,0.00050957,14.538964943333335,9.329245913846155,-99999.0,0.00048540666666666645,0.0003738461538461538,-99999.0
15,0.00048102,1543276800,0.00053224,0.00047001,0.0004824,42462.36402165,21.12673338,0.00049754,15.679011603333336,10.94670887153846,-99999.0,0.00048350666666666645,0.00038938846153846154,-99999.0
16,0.0004744,1543284000,0.00049983,0.00046367,0.00048102,17620.23613168,8.54122726,0.00048473,13.115251713333336,11.60321317076923,-99999.0,0.00047927666666666653,0.00040442153846153846,-99999.0
17,0.00047371,1543291200,0.00049544,0.00045549,0.0004734,17183.38923695,8.08849449,0.00047071,12.585485043333337,12.225399979230769,-99999.0,0.0004763766666666665,0.0004194007692307693,-99999.0
18,0.00046521,1543298400,0.00048032,0.00045812,0.00047371,8574.42600008,4.00651647,0.00046726,6.878746073333338,12.521801676153846,-99999.0,0.00047110666666666653,0.000433263076923077,-99999.0
19,0.00047726,1543305600,0.00050472,0.00042017,0.00046055,50740.89655315,22.95634469,0.00045242,11.683785216666672,13.788200816153847,-99999.0,0.00047205999999999984,0.0004450138461538462,-99999.0
20,0.00050516,1543312800,0.00052,0.000471,0.00047726,27176.27619915,13.52620823,0.00049772,13.49635646333334,14.52959347,-99999.0,0.0004825433333333332,0.00045891153846153854,-99999.0
21,0.00047308,1543320000,0.00050861,0.000472,0.000505,39116.47168703,19.25819142,0.00049232,18.580248113333337,15.817133533076923,-99999.0,0.00048516666666666657,0.0004688746153846155,-99999.0
22,0.00048458,1543327200,0.00050355,0.000472,0.00047308,11857.82469261,5.75549471,0.00048537,12.846631453333337,14.84882614,-99999.0,0.0004876066666666666,0.0004754484615384616,-99999.0
23,0.00048634,1543334400,0.00048975,0.00047791,0.00048457,4713.13435104,2.28399798,0.0004846,9.099228036666672,13.010923976153846,-99999.0,0.00048133333333333334,0.00048010000000000007,-99999.0
24,0.0004944,1543341600,0.00053169,0.00048533,0.00048634,24202.43639724,12.3863052,0.00051177,6.808599296666672,12.426646820000002,-99999.0,0.0004884399999999999,0.0004824138461538462,-99999.0
25,0.00050456,1543348800,0.00050897,0.00048401,0.0004944,11846.63809457,5.83175934,0.00049227,6.834020840000005,11.513198046153848,-99999.0,0.0004950999999999999,0.0004837861538461539,-99999.0
26,0.00048458,1543356000,0.00052001,0.00048135,0.00050456,14726.04099087,7.30136581,0.00049581,8.506476783333339,10.82618719076923,-99999.0,0.0004945133333333333,0.000483593076923077,-99999.0
27,0.00049756,1543363200,0.00050786,0.00048055,0.0004819,6029.43716549,2.96464797,0.00049169,5.36592437333334,10.309791303846152,-99999.0,0.0004955666666666666,0.00048475846153846165,-99999.0
28,0.00050697,1543370400,0.00051743,0.00049569,0.00049694,4213.54631942,2.13844582,0.00050751,4.134819866666674,8.849153799230766,-99999.0,0.0004963699999999998,0.00048675461538461544,-99999.0
29,0.00054318,1543377600,0.00058583,0.00050708,0.00050708,41728.8542217,23.22828588,0.00055664,9.443793223333342,9.978927539230767,-99999.0,0.0005159033333333331,0.0004920453846153847,-99999.0
30,0.00055584,1543384800,0.00058,0.00053402,0.00054318,13666.31647172,7.64151929,0.00055914,11.002750330000007,9.94454483153846,-99999.0,0.0005353299999999999,0.000498363076923077,-99999.0
31,0.0005872,1543392000,0.0006498,0.00055712,0.00055915,60613.68103286,36.51335841,0.00060239,22.461054526666672,12.445071134615382,-99999.0,0.0005620733333333331,0.0005077469230769231,-99999.0
32,0.00054576,1543399200,0.00059666,0.00052595,0.0005872,27345.39073894,15.11077829,0.00055258,19.755218663333338,11.841566026923074,-99999.0,0.0005629333333333331,0.0005130161538461538,-99999.0
33,0.00050443,1543406400,0.00057899,0.00048121,0.00054526,36154.15533277,18.99104955,0.00052527,23.53839541666667,12.261938436153843,10.559340563529412,0.0005457966666666665,0.00051296,0.00043968588235294124
34,0.00053065,1543413600,0.00053994,0.00048061,0.00050443,19233.74950385,9.7377804,0.00050628,14.613202746666671,11.529599126923072,10.84332141147059,0.0005269466666666666,0.0005173884615384616,0.00044731764705882365
35,0.00050657,1543420800,0.00056,0.00050161,0.00053065,23953.61870483,12.48429912,0.00052118,13.737709690000003,12.047199466153842,11.21038237029412,0.0005138833333333332,0.00051908,0.0004541900000000001
36,0.00051,1543428000,0.00053998,0.00050655,0.00050656,7186.12583805,3.71474568,0.00051693,8.645608400000002,12.157256981538456,11.31670680411765,0.0005157399999999998,0.0005209,0.0004609850000000001
37,0.00049942,1543435200,0.00051459,0.00048062,0.00051,10044.07523035,5.0147811,0.00049927,7.0712753000000035,11.59021666615384,11.46400414911765,0.0005053299999999997,0.000521286153846154,0.00046746882352941184
38,0.00049013,1543442400,0.00052199,0.00049001,0.00049943,8602.40660668,4.32429185,0.00050268,4.351272876666671,11.474257628461533,11.59118726294118,0.0004998499999999997,0.0005201761538461539,0.0004736791176470588
39,0.00049002,1543449600,0.00049852,0.00049,0.00049013,1252.80985689,0.61478965,0.00049072,3.3179542000000044,10.959905616153842,11.604760652352944,0.0004931899999999997,0.0005205946153846154,0.0004797091176470588
40,0.00044897,1543456800,0.00049455,0.00044897,0.00049002,11485.00332402,5.37179925,0.00046772,3.4369602500000043,11.145071099230766,11.57177957529412,0.000476373333333333,0.0005168569230769231,0.00048337
41,0.00046947,1543464000,0.00046947,0.00044877,0.00044897,4092.57501375,1.8745855,0.00045804,2.620391466666671,11.124774151538459,11.512558450882356,0.00046948666666666634,0.0005139723076923077,0.00048763411764705884
42,0.00048099,1543471200,0.00050121,0.0004618,0.00046947,4053.28760027,1.94043376,0.00047873,3.0622728366666707,9.487247065384611,11.495507367352943,0.00046647666666666627,0.0005091884615384616,0.0004916761764705883
43,0.0004825,1543478400,0.00049085,0.00047969,0.00047973,3488.26413586,1.68880322,0.00048413,1.8346074933333378,9.029345829230765,11.005663614411768,0.00047765333333333297,0.0005035469230769231,0.0004941285294117648
44,0.00048132,1543485600,0.00049,0.00047975,0.00048251,5092.54811311,2.45474272,0.00048202,2.0279932333333375,6.409452314615381,10.307958220588239,0.00048160333333333293,0.0004954023076923077,0.000495759411764706
45,0.00048947,1543492800,0.00048949,0.00048034,0.00048132,1982.75163744,0.96031244,0.00048433,1.7012861266666708,5.320954941538458,9.748499520882357,0.0004844299999999996,0.0004910723076923077,0.0004964991176470588
46,0.0004841,1543500000,0.0005012,0.0004841,0.00048636,7602.81754792,3.72729683,0.00049025,2.3807839966666706,4.146820116923073,9.337343739411768,0.0004849633333333329,0.0004895084615384615,0.0004964220588235295
47,0.00045991,1543507200,0.00048765,0.00045612,0.0004841,6848.59735457,3.24166568,0.00047333,2.643091650000004,3.647118984615381,8.955260173235297,0.0004778266666666663,0.00048406692307692307,0.0004956226470588237
48,0.00047067,1543514400,0.000475,0.0004445,0.00045991,10254.39926903,4.66948302,0.00045536,3.8794818433333376,3.0459792846153815,8.807956894411767,0.0004715599999999996,0.00048130538461538464,0.0004952773529411766
49,0.00047243,1543521600,0.0004976,0.00047002,0.00047067,5768.23016037,2.80616339,0.00048648,3.5724373633333375,2.976088339230766,8.269116600588237,0.0004676699999999996,0.00047841538461538467,0.0004950247058823532
50,0.00046756,1543528800,0.00048011,0.00046756,0.00047243,720.78904531,0.33960846,0.00047116,2.6050849566666705,2.6164596746153816,8.027892518235296,0.00047021999999999966,0.0004759646153846154,0.0004948235294117649
51,0.00047527,1543536000,0.0004976,0.00046647,0.00046756,3234.02177083,1.56193296,0.00048296,1.5692349366666702,2.403970529230766,7.835934826176471,0.000471753333333333,0.00047482153846153843,0.0004948694117647061
52,0.0004659,1543543200,0.00047977,0.0004623,0.00047527,2078.27908242,0.97610488,0.00046966,0.959215433333337,2.4317640084615353,7.746805073529411,0.0004695766666666663,0.0004729661538461538,0.0004948897058823532
53,0.00045969,1543550400,0.0004659,0.000458,0.0004659,757.69898048,0.35016156,0.00046213,0.962733133333337,2.045484186153843,7.081917334411764,0.000466953333333333,0.0004737907692307692,0.0004943729411764708
54,0.00045889,1543557600,0.00046769,0.00045889,0.00045969,1137.83065048,0.52374653,0.0004603,0.6166709900000037,1.9415734961538433,6.699491990294117,0.000461493333333333,0.00047297692307692306,0.0004930120588235295
55,0.00046061,1543564800,0.00047572,0.00045889,0.00045889,1330.46775055,0.61891803,0.00046518,0.4976087066666704,1.839918439999997,6.151278067058823,0.0004597299999999996,0.0004714092307692308,0.0004926452941176472
56,0.00045751,1543572000,0.0004653,0.0004575,0.00046061,1991.03566804,0.91247225,0.00045829,0.6850456033333371,1.7802006730769202,6.00883623,0.0004590033333333329,0.00046948692307692314,0.000491849117647059
57,0.00045233,1543579200,0.00049,0.00045011,0.00045751,5933.24492314,2.74667282,0.00046292,1.4260210333333372,1.8026568346153817,6.0224443135294115,0.00045681666666666623,0.0004672569230769231,0.0004908488235294121
58,0.000473,1543586400,0.00047999,0.00045101,0.00045233,4513.95483921,2.10075923,0.00046539,1.9199681000000037,1.8903835107692282,5.7199282555882345,0.0004609466666666662,0.00046599000000000006,0.0004902194117647063
59,0.00044709,1543593600,0.00047402,0.00044709,0.000473,2173.56265982,0.98508575,0.00045321,1.9441726000000035,1.6794441969230742,5.57737903235294,0.0004574733333333329,0.00046314307692307697,0.0004885291176470592
60,0.00044875,1543600800,0.00045108,0.00044568,0.00044651,3725.56380312,1.66417431,0.00044669,1.5833397633333366,1.5580987069230743,5.41157928235294,0.0004562799999999996,0.0004622846153846154,0.0004874752941176475
61,0.00044875,1543608000,0.00045113,0.0004459,0.00044875,722.00285655,0.32275471,0.00044702,0.9906715900000033,1.223734990769228,5.333876539411764,0.00044819666666666625,0.0004605984615384616,0.0004860397058823534
62,0.00044876,1543615200,0.0004695,0.00044589,0.0004459,2682.81949663,1.21457719,0.00045272,1.06716873666667,1.1013052830769203,5.306703932647059,0.00044875333333333286,0.00045877769230769235,0.000484327647058824
63,0.00044655,1543622400,0.00045407,0.00044651,0.00044876,784.59848996,0.35234076,0.00044907,0.62989088666667,1.102284690769228,4.633882017352941,0.00044801999999999955,0.0004571615384615385,0.00048148558823529454
64,0.00045408,1543629600,0.00046241,0.00044655,0.00044655,1843.27484144,0.83607182,0.00045357,0.8009965900000034,1.046449218461536,4.43372179764706,0.00044979666666666624,0.0004555315384615385,0.000478492647058824
65,0.00045577,1543636800,0.00045689,0.00044784,0.0004535,1024.43761115,0.46463904,0.00045355,0.55101720666667,1.0071056923076898,3.373465345588236,0.00045213333333333296,0.0004547523076923078,0.0004746270588235299
66,0.00045365,1543644000,0.00046242,0.0004535,0.00045577,1392.81989088,0.64001909,0.00045951,0.6469099833333367,1.0294024253846128,2.947854780882354,0.0004544999999999996,0.0004542876923076924,0.0004719179411764711
67,0.00045723,1543651200,0.00046291,0.00045355,0.00045811,601.41601403,0.27592128,0.00045878,0.4601931366666701,1.010338944615382,2.397409831764707,0.0004555499999999996,0.0004541600000000001,0.00047052970588235346
68,0.00047208,1543658400,0.00048016,0.00045937,0.00046049,1976.20124036,0.93711573,0.0004742,0.6176853666666701,1.0348156907692283,2.138566753235295,0.0004609866666666662,0.0004550423076923078,0.0004688070588235299
69,0.00047209,1543665600,0.00047209,0.00046889,0.00047133,408.68424085,0.1925463,0.00047113,0.4685277700000034,0.979436771538459,1.7770446114705891,0.00046713333333333294,0.0004561638461538462,0.0004677929411764711
70,0.00047659,1543672800,0.000477,0.00046888,0.00047029,1094.78044599,0.51549434,0.00047086,0.54838545666667,0.8078076576923051,1.6829489838235305,0.0004735866666666663,0.00045803,0.0004668102941176475
71,0.00046589,1543680000,0.00047676,0.00045998,0.00047499,1003.43363189,0.46674496,0.00046514,0.39159520000000336,0.6821142523076897,1.5491832150000011,0.00047152333333333295,0.0004574830769230769,0.0004658241176470593
72,0.00046763,1543687200,0.00047188,0.00046292,0.00046592,575.73946517,0.2681843,0.0004658,0.41680786666666997,0.6269679869230743,1.429885934117648,0.0004700366666666662,0.00045906307692307696,0.00046516235294117697
73,0.00046562,1543694400,0.00046769,0.00046562,0.00046763,8.30238859,0.00388045,0.00046739,0.24626990333333665,0.4992530746153821,1.4119180164705891,0.00046637999999999953,0.00046036076923076924,0.00046444470588235344
74,0.00048033,1543701600,0.000525,0.00046114,0.00046769,6875.30003784,3.44788897,0.00050148,1.2399845733333368,0.7396480176923053,1.355332420000001,0.00047119333333333285,0.00046279,0.00046536705882352993
75,0.00047611,1543708800,0.0004999,0.0004666,0.00048458,2298.70557331,1.11083647,0.00048324,1.5208686300000034,0.7316679623076899,1.332869213235295,0.0004740199999999995,0.0004648938461538461,0.0004655623529411769
76,0.00047488,1543716000,0.00047731,0.0004731,0.00047722,182.75064033,0.08682487,0.0004751,1.5485167700000035,0.7112436630769206,1.2783513047058834,0.0004771066666666662,0.0004670730769230769,0.00046538264705882397
77,0.00050444,1543723200,0.00050769,0.00047724,0.00047724,1098.6972307,0.54438751,0.00049548,0.5806829500000035,0.688806408461536,1.2446920191176483,0.0004851433333333329,0.00047094692307692303,0.000466027941176471
78,0.0005302,1543730400,0.00053308,0.00050332,0.00050922,5148.97392611,2.68575369,0.0005216,1.1056553566666703,0.8596613815384591,1.2514864594117658,0.0005031733333333328,0.00047667230769230765,0.00046746558823529454
79,0.0005385,1543737600,0.00055,0.00051731,0.00052741,5825.03848432,3.13482346,0.00053816,2.1216548866666702,1.0515694099999975,1.315442665882354,0.0005243799999999995,0.00048319923076923073,0.000468907647058824
80,0.0005197,1543744800,0.00053784,0.00051061,0.00053784,4410.48460366,2.27789995,0.00051647,2.69949236666667,1.2055677692307667,1.2728133458823538,0.0005294666666666661,0.0004880046153846153,0.00046995470588235346
81,0.00055995,1543752000,0.00057385,0.00052113,0.00052113,24683.19243341,13.76263688,0.00055757,6.3917867633333385,2.192146319230767,1.5822536752941188,0.0005393833333333329,0.000494763846153846,0.0004728970588235299
82,0.00053661,1543759200,0.00055673,0.00053,0.00055645,7210.61059083,3.90010412,0.00054088,6.646880316666672,2.4773430746153826,1.559624884117648,0.0005387533333333329,0.000499726923076923,0.00047483647058823577
83,0.00054776,1543766400,0.00057,0.00052113,0.0005366,6435.46738833,3.49061285,0.0005424,7.051117950000005,2.706198344615382,1.5797557505882363,0.0005481066666666662,0.0005052015384615384,0.00047705205882353
84,0.00055404,1543773600,0.00055404,0.00053784,0.00054709,567.60047799,0.31047236,0.00054699,2.5670631100000048,2.6941773753846125,1.5788988064705891,0.0005461366666666662,0.0005119823076923075,0.00047959558823529465
85,0.00053874,1543780800,0.00056998,0.00053874,0.00055439,3080.44965008,1.68903212,0.0005483,1.8300391100000049,2.8034733615384586,1.5826370170588244,0.0005468466666666661,0.0005174523076923076,0.000481462352941177
86,0.00053522,1543788000,0.0005467,0.0005346,0.00054036,1974.16803502,1.05970923,0.00053678,1.0197379033333382,2.8846909599999977,1.5850959685294128,0.0005426666666666661,0.0005228061538461537,0.0004835011764705887
87,0.00053784,1543795200,0.00054318,0.00053461,0.00053522,167.5782078,0.0903504,0.00053915,0.9463639166666716,2.6264187623076896,1.5774544638235304,0.0005372666666666661,0.00052723,0.00048579970588235347
88,0.0005341,1543802400,0.00054,0.0005341,0.00054,203.23953843,0.10899763,0.0005363,0.4196857533333383,2.5493542361538433,1.565255966764707,0.0005357199999999994,0.0005316907692307692,0.00048801176470588287
89,0.00053787,1543809600,0.00053788,0.00053,0.00053411,1326.84844874,0.70897078,0.00053432,0.30277293666667165,2.597211613846151,1.5679045770588245,0.0005366033333333328,0.0005365361538461537,0.0004902841176470593
90,0.00052227,1543816800,0.00053788,0.0005175,0.00053787,3201.90472355,1.70110649,0.00053127,0.8396916333333383,2.686189996923074,1.5910997017647068,0.0005314133333333328,0.0005379076923076922,0.0004921888235294122
91,0.00051392,1543824000,0.0005313,0.00051392,0.000521,3164.97697214,1.64336665,0.00051923,1.3511479733333382,2.6060063784615357,1.5586495202941186,0.0005246866666666662,0.0005366553846153845,0.0004940002941176474
92,0.00051459,1543831200,0.00051933,0.00049577,0.00051392,3707.78283385,1.88826643,0.00050927,1.744246523333338,2.5101173761538433,1.5523997320588245,0.0005169266666666662,0.0005348161538461537,0.000495223529411765
93,0.00054583,1543838400,0.00057012,0.00050507,0.00051459,7343.66811148,3.92634356,0.00053465,2.4859922133333376,2.636920730769228,1.6389073147058832,0.0005247799999999995,0.0005368261538461537,0.0004981276470588238
94,0.00052489,1543845600,0.00054849,0.00052479,0.00054583,1132.79277906,0.60561242,0.00053461,2.1400741366666716,1.6248419261538432,1.6077731414705891,0.0005284366666666663,0.0005341292307692307,0.0005003670588235297
95,0.00052331,1543852800,0.00053496,0.00052331,0.00052489,1331.20855042,0.701689,0.0005271,1.7445483266666715,1.3788099938461509,1.6189182676470597,0.0005313433333333329,0.0005331061538461538,0.0005025600000000002
96,0.00052086,1543860000,0.00053205,0.00050148,0.00052331,2117.93251917,1.09586542,0.00051742,0.8010556133333382,1.1945986530769201,1.615426745000001,0.0005230199999999997,0.000531036923076923,0.0005046805882352944
97,0.00051933,1543867200,0.000525,0.00051376,0.00052086,729.41891842,0.37976273,0.00052063,0.7257723833333382,1.1999286815384584,1.616233273529413,0.0005211666666666663,0.0005283669230769229,0.0005068211764705884
98,0.00051521,1543874400,0.00052485,0.00051521,0.00051933,424.68076686,0.21959838,0.00051709,0.5650755100000048,1.086895316923074,1.598101701764707,0.0005184666666666663,0.0005265569230769229,0.0005086191176470591
99,0.00051619,1543881600,0.00053848,0.00051503,0.00051521,1234.83031923,0.6457624,0.00052295,0.41504117000000473,1.05505325307692,1.6034288594117658,0.0005169099999999997,0.0005250930769230768,0.0005103961764705885
100,0.00051552,1543888800,0.00051982,0.00051451,0.00051619,601.77332732,0.31047796,0.00051593,0.39194624666667144,1.0719861423076895,1.5937364732352952,0.0005156399999999995,0.0005233761538461537,0.0005122158823529414
101,0.00050952,1543896000,0.00051977,0.00050951,0.00051552,1937.84356045,0.99116116,0.00051147,0.6491338400000047,1.1398448753846127,1.6147729402941187,0.0005137433333333328,0.0005214853846153844,0.0005137538235294119
102,0.00052786,1543903200,0.0005545,0.00050952,0.00050952,3559.0083701,1.90582027,0.00053549,1.0691531300000048,1.231910220769228,1.6432642502941186,0.0005176333333333327,0.0005207153846153844,0.0005153944117647061
103,0.00052289,1543910400,0.00053101,0.00052288,0.00052786,892.60494808,0.47163218,0.00052837,1.1228712033333381,1.137335273846151,1.6514726585294128,0.0005200899999999994,0.0005207630769230767,0.0005168885294117649
104,0.00051743,1543917600,0.0005346,0.00051502,0.00052289,1980.08412348,1.04392043,0.00052721,1.1404576266666717,1.0912240261538433,1.6670146023529422,0.0005227266666666661,0.0005210330769230767,0.0005180897058823531
105,0.00051575,1543924800,0.00052336,0.00051546,0.00051743,592.98906139,0.30748775,0.00051853,0.6076801200000049,0.9696256661538433,1.662330566764707,0.0005186899999999995,0.0005211223076923075,0.0005195561764705884
106,0.00051839,1543932000,0.0005347,0.00051503,0.00051575,1595.38078096,0.83637579,0.00052424,0.7292613233333384,0.7319358376923049,1.6790420811764715,0.0005171899999999995,0.0005190115384615383,0.000521049117647059
107,0.00050811,1543939200,0.0005197,0.00050811,0.00051775,582.71530514,0.29852909,0.0005123,0.4807975433333384,0.7083140430769203,1.68770821764706,0.0005140833333333329,0.000517720769230769,0.0005222988235294119
108,0.00050903,1543946400,0.00051565,0.00050811,0.00050811,736.04446603,0.37533584,0.00050993,0.5034135733333384,0.683209953846151,1.5973390079411776,0.0005118433333333328,0.0005166223076923074,0.0005231429411764707
109,0.00050903,1543953600,0.00051565,0.00050903,0.00050903,645.733489,0.32896088,0.00050943,0.33427527000000506,0.6242172969230741,1.5743426670588243,0.0005087233333333328,0.0005157123076923074,0.0005241111764705884
110,0.00050956,1543960800,0.00051427,0.00050903,0.00050903,2357.10550423,1.2003308,0.00050923,0.634875840000005,0.6873379176923049,1.6070928414705892,0.0005092066666666662,0.000514960769230769,0.0005251311764705884
111,0.00050906,1543968000,0.00051202,0.00050906,0.00050956,724.83790757,0.36901426,0.00050909,0.6327686466666717,0.6988314469230741,1.6019348047058832,0.0005092166666666662,0.000514487692307692,0.0005252670588235296
112,0.000511,1543975200,0.00051791,0.00050906,0.00050906,803.16777335,0.41191329,0.00051286,0.6604194500000049,0.6808430538461508,1.5350571458823539,0.0005098733333333328,0.0005140884615384612,0.0005247023529411767
113,0.00050906,1543982400,0.00051459,0.00050906,0.000511,493.83008852,0.25157869,0.00050944,0.34416874666667163,0.6763123407692279,1.4502558291176482,0.0005097066666666662,0.0005135915384615381,0.0005238364705882354
114,0.000509,1543989600,0.00051202,0.00050839,0.00050906,503.23624243,0.25608527,0.00050887,0.306525750000005,0.6197680415384585,1.3907906914705894,0.0005096866666666661,0.0005135515384615381,0.0005235217647058824
115,0.00054378,1543996800,0.00057141,0.000509,0.000509,9213.95369821,5.10564203,0.00055412,1.8711019966666715,0.865908176923074,1.136173195882354,0.0005206133333333329,0.0005147761538461535,0.0005230461764705882
116,0.00053528,1544004000,0.00057998,0.0005309,0.00054378,4124.59789303,2.29164743,0.0005556,2.551124910000005,1.005909349999997,1.0888656461764714,0.0005293533333333328,0.0005157292307692304,0.0005230070588235294
117,0.00052405,1544011200,0.00055656,0.00051164,0.0005312,8093.62335075,4.29377844,0.00053051,3.897022633333338,1.2558984276923046,1.1124881635294126,0.0005343699999999994,0.0005162384615384611,0.000522309705882353
118,0.00052603,1544018400,0.00054071,0.00052405,0.00052405,1978.70096032,1.05313055,0.00053223,2.5461854733333382,1.313255566153843,1.134331051470589,0.0005284533333333327,0.0005170292307692305,0.0005214858823529413
119,0.00054816,1544025600,0.00055,0.00052603,0.00052603,1995.52101377,1.07560348,0.000539,2.140837490000005,1.3316576961538429,1.1162890326470596,0.0005327466666666661,0.0005193192307692304,0.0005217629411764707
120,0.00055109,1544032800,0.00055385,0.00054337,0.00054846,747.41110886,0.41054117,0.00054928,0.8464250666666718,1.3402740099999968,1.0971958544117655,0.0005417599999999993,0.0005226253846153842,0.000522229705882353
121,0.00053281,1544040000,0.0005532,0.00052607,0.00055109,1156.4955255,0.6233892,0.00053903,0.7031779500000052,1.3593550376923045,1.1128734661764714,0.0005440199999999993,0.0005244546153846151,0.0005220817647058825
122,0.00055654,1544047200,0.00057282,0.000531,0.000531,8438.59906183,4.73879994,0.00056156,1.924243436666672,1.6985734269230737,1.249044122352942,0.0005468133333333327,0.0005281092307692305,0.0005227417647058826
123,0.00056479,1544054400,0.00056834,0.00055,0.0005555,1415.45242394,0.78960442,0.00055784,2.0505978533333384,1.6669790899999968,1.2514157000000008,0.0005513799999999994,0.000532357692307692,0.0005235335294117649
124,0.00056625,1544061600,0.00057998,0.00056185,0.00056477,1982.14124167,1.13552911,0.00057288,2.221311156666672,1.7259417707692275,1.2347810711764715,0.0005625266666666661,0.0005367569230769227,0.0005248270588235296
125,0.00055672,1544068800,0.00056439,0.00054,0.00056439,3299.14034084,1.81808028,0.00055107,1.247737936666672,1.834108462307689,1.239919707352942,0.0005625866666666662,0.0005402738461538459,0.0005260858823529413
126,0.00055901,1544076000,0.00057992,0.00055673,0.00055673,834.60747698,0.47810061,0.00057284,1.1439033333333388,1.851533225384612,1.1984442420588244,0.0005606599999999996,0.0005441161538461535,0.0005273923529411766
127,0.00055109,1544083200,0.00056195,0.00054456,0.000559,469.61480579,0.25964558,0.00055289,0.8519421566666722,1.8518070953846122,1.0906001838235302,0.0005556066666666661,0.0005473538461538458,0.0005275470588235296
128,0.00054047,1544090400,0.00055426,0.00053269,0.00055109,2571.16745425,1.39417266,0.00054223,0.710639616666672,1.5663094515384581,1.1137931320588244,0.0005501899999999994,0.0005470992307692304,0.0005280052941176472
129,0.00053204,1544097600,0.00055398,0.000532,0.0005385,978.42656378,0.52945307,0.00054112,0.7277571033333387,1.4307560392307654,1.1087273694117654,0.0005411999999999995,0.0005468499999999997,0.0005282620588235296
130,0.00053524,1544104800,0.000554,0.00053326,0.00053478,1558.30582142,0.844091,0.00054167,0.9225722433333386,1.165395466923073,1.1013222394117654,0.0005359166666666662,0.0005477107692307689,0.0005286850000000001
131,0.00054053,1544112000,0.00054586,0.00053524,0.00053524,545.06665285,0.29568911,0.00054248,0.5564110600000054,1.1071307407692268,1.0988494858823534,0.0005359366666666663,0.0005488261538461535,0.0005293085294117649
132,0.00053858,1544119200,0.00054585,0.0005333,0.00054053,2030.4248418,1.09402735,0.00053881,0.7446024866666722,1.1085479615384577,1.1245679850000005,0.0005381166666666663,0.0005480892307692304,0.0005299958823529415
133,0.000539,1544126400,0.00055475,0.000538,0.00053858,1805.16054881,0.97792522,0.00054173,0.7892138933333387,1.1521928884615344,1.1343374797058827,0.0005393699999999996,0.0005471592307692305,0.0005306667647058827
134,0.0005431,1544133600,0.00054318,0.00053801,0.00053801,38.14169271,0.02056766,0.00053924,0.6975067433333387,1.1058220007692268,1.125810706176471,0.0005402266666666663,0.000547950769230769,0.000531477941176471
135,0.00054071,1544140800,0.0005503,0.000532,0.00053802,3026.23750535,1.62337664,0.00053643,0.8739565066666722,0.8661740546153806,1.1444052791176473,0.0005409366666666664,0.0005467330769230766,0.0005323952941176475
136,0.0005169,1544148000,0.00054072,0.000502,0.00054072,2941.62817477,1.51906382,0.0005164,1.0543360400000055,0.9222863161538422,1.133030089411765,0.0005335699999999998,0.0005430492307692305,0.0005320729411764709
137,0.00052306,1544155200,0.00052306,0.0005169,0.0005169,550.07423855,0.28606039,0.00052003,1.142833616666672,0.8569425684615344,1.1275720955882358,0.0005268899999999999,0.0005397269230769228,0.0005320779411764709
138,0.00051969,1544162400,0.00052468,0.000517,0.00052468,444.09496235,0.23042494,0.00051886,0.6785163833333385,0.7348152346153806,1.1036457576470593,0.0005198833333333333,0.0005368784615384612,0.0005321444117647062
139,0.00052226,1544169600,0.00052226,0.00051702,0.00051969,131.65048015,0.06840625,0.0005196,0.19496386000000512,0.7033002838461498,1.0966139488235298,0.0005216699999999999,0.0005340515384615382,0.0005323358823529416
140,0.0005222,1544176800,0.00052226,0.00051701,0.00051701,298.53083271,0.15567989,0.00052148,0.1515036933333385,0.695302923076919,1.0765934811764712,0.0005213833333333333,0.0005318292307692305,0.000532447941176471
141,0.00052218,1544184000,0.0005222,0.00051702,0.00052219,599.77095609,0.31088315,0.00051833,0.1783230966666718,0.6119729607692267,1.0769568358823536,0.0005222133333333334,0.0005304223076923074,0.0005328617647058827
142,0.00052,1544191200,0.00052218,0.00052,0.00052218,129.10234228,0.06726281,0.000521,0.17794195000000512,0.5764198638461498,1.0678958644117653,0.00052146,0.0005294961538461535,0.0005331844117647062
143,0.00051202,1544198400,0.00051798,0.000507,0.00051798,2274.98565986,1.16787784,0.00051335,0.5153412666666718,0.6013265438461498,1.0925698926470597,0.0005180666666666666,0.0005277099999999997,0.0005332723529411767
144,0.00051203,1544205600,0.00051203,0.00051036,0.00051202,69.57580935,0.03562134,0.00051197,0.4235873300000052,0.5813213307692268,1.0583137320588243,0.0005146833333333333,0.0005255176923076919,0.0005333450000000003
145,0.00052227,1544212800,0.00052227,0.00051075,0.00051216,617.87081981,0.31929074,0.00051675,0.5075966400000053,0.5217262069230728,1.056851275588236,0.0005154399999999999,0.0005242630769230766,0.0005337335294117651
146,0.00052483,1544220000,0.00052823,0.00052233,0.00052233,159.86419881,0.08383719,0.00052442,0.14624975666667192,0.4529502046153805,1.0472019785294124,0.0005197099999999999,0.0005231730769230767,0.0005341402941176475
147,0.0005379,1544227200,0.00054335,0.00052289,0.00052483,1659.73194912,0.89569341,0.00053966,0.4329404466666719,0.5202675699999959,1.0661465291176475,0.0005283333333333332,0.0005227730769230767,0.0005349885294117652
148,0.0005359,1544234400,0.00054334,0.00053403,0.00053403,45.78901597,0.02480263,0.00054167,0.33477774333333854,0.3973003384615343,1.0593440985294125,0.0005328766666666665,0.0005224030769230766,0.0005357797058823534
149,0.00052647,1544241600,0.0005405,0.0005095,0.00053589,1071.64815804,0.55696351,0.00051972,0.4924865166666718,0.3232926223076881,0.9255594361764714,0.0005334233333333331,0.0005231392307692305,0.0005352705882352946
150,0.00052048,1544248800,0.00052758,0.0005071,0.00052647,1074.70838767,0.5497463,0.00051153,0.3771708133333385,0.34357615384614965,0.8743270500000008,0.0005276166666666665,0.000522940769230769,0.0005348352941176476
151,0.00052031,1544256000,0.00052717,0.00052031,0.00052048,199.21069231,0.10448194,0.00052447,0.4037305833333386,0.3338882307692266,0.7511124470588243,0.0005224199999999998,0.0005229884615384613,0.0005347252941176476
152,0.00051471,1544263200,0.00052481,0.000507,0.00052031,666.72910342,0.33967448,0.00050946,0.33130090666667195,0.35475501769230355,0.7301284450000008,0.0005184999999999998,0.0005224076923076921,0.000534392352941177
153,0.00051526,1544270400,0.00051533,0.00051472,0.00051533,28.51215553,0.01468755,0.00051513,0.15294799000000525,0.3439094530769189,0.6989250352941184,0.0005167599999999999,0.0005218738461538458,0.0005334247058823534
154,0.00051522,1544277600,0.00051524,0.00051475,0.00051475,214.25214799,0.1103195,0.0005149,0.15489384333333858,0.3284814799999959,0.6900949861764714,0.0005150633333333332,0.0005213384615384613,0.0005323697058823534
155,0.0005219,1544284800,0.0005219,0.00051522,0.00051522,418.68963702,0.21775714,0.00052009,0.11425473000000526,0.3400579669230728,0.6781646314705891,0.0005174599999999999,0.0005214846153846151,0.0005320488235294122
156,0.00052227,1544292000,0.00053107,0.0005069,0.00052189,1638.66359689,0.84717634,0.00051699,0.39175099333333857,0.31538862076922664,0.5637051138235303,0.0005197966666666666,0.0005222730769230767,0.0005310408823529416
157,0.00051984,1544299200,0.00052227,0.00051329,0.00052227,28.01848437,0.01450688,0.00051776,0.3598134533333386,0.3137644315384574,0.540908127352942,0.0005213366666666667,0.0005228738461538459,0.0005297188235294122
158,0.0005197,1544306400,0.00051984,0.0005152,0.00051984,36.08333169,0.018705,0.00051838,0.2934627400000052,0.2906424515384574,0.5080603594117656,0.0005206033333333333,0.0005226761538461535,0.0005283497058823533
159,0.00052222,1544313600,0.00052222,0.0005197,0.0005197,44.81581984,0.02329705,0.00051984,0.018836310000005258,0.2859855176923035,0.45527261735294206,0.0005205866666666666,0.0005224753846153844,0.0005273350000000004
160,0.00051971,1544320800,0.00052225,0.00051523,0.00052222,71.67879717,0.03701716,0.00051643,0.026339736666671925,0.2199334984615343,0.4422995747058832,0.0005205433333333332,0.0005210761538461536,0.0005261791176470593
161,0.00051203,1544328000,0.0005224,0.0005069,0.0005197,484.12437399,0.24909293,0.00051452,0.1031357133333386,0.23718659846153428,0.44198920264705965,0.0005179866666666665,0.0005192399999999997,0.0005250302941176475
162,0.00051529,1544335200,0.00051529,0.0005,0.00051203,1337.37715816,0.67447461,0.00050432,0.3201949000000052,0.24622591384614964,0.4208216129411773,0.0005156766666666665,0.0005183799999999997,0.0005242897058823534
163,0.0005,1544342400,0.00051529,0.0005,0.00051529,926.06157444,0.46519506,0.00050233,0.4629208666666719,0.23972197230768813,0.418931671470589,0.0005091066666666665,0.0005168046153846151,0.0005233473529411769
164,0.00050243,1544349600,0.0005153,0.00049758,0.0005,1469.32791363,0.74394246,0.00050631,0.6278707100000053,0.2889112430769189,0.41598612617647135,0.0005059066666666664,0.0005154292307692304,0.000522382352941177
165,0.0004894,1544356800,0.000505,0.00048513,0.00050444,882.68296368,0.4371746,0.00049527,0.5487707066666719,0.2964112523076881,0.42014746411764786,0.0004972766666666665,0.0005134823076923074,0.0005208785294117652
166,0.00047242,1544364000,0.00048958,0.000465,0.00048958,2990.91994792,1.40304283,0.0004691,0.8613866300000051,0.40320781230768815,0.42923615470588317,0.00048808333333333315,0.0005101869230769228,0.000518932647058824
167,0.00047971,1544371200,0.000489,0.00046501,0.00047243,1445.87805108,0.69241744,0.00047889,0.8442116233333384,0.44798457692307275,0.42083886705882434,0.0004805099999999998,0.0005074553846153843,0.0005171888235294122
168,0.000489,1544378400,0.000489,0.00047309,0.00047971,2316.96524966,1.13136383,0.00048829,1.0756080333333384,0.5182620146153805,0.45350934264705967,0.0004803766666666664,0.0005049246153846151,0.000515597647058824
169,0.0004822,1544385600,0.00048904,0.00048217,0.000489,17.27741072,0.00835452,0.00048355,0.6107119300000052,0.4537372592307651,0.40600869205882434,0.00048363666666666644,0.0005018423076923075,0.0005138767647058827
170,0.00049761,1544392800,0.00049762,0.0004822,0.00048702,349.88883592,0.17026741,0.00048663,0.43666192000000525,0.46571883846153433,0.36633820941176554,0.0004896033333333331,0.0005001323076923075,0.0005133094117647063
171,0.00049825,1544400000,0.00049825,0.0004971,0.00049761,5.55957479,0.00276848,0.00049796,0.06046347000000529,0.4644929523076882,0.35800609441176556,0.0004926866666666664,0.0004984823076923076,0.0005125797058823533
172,0.00049704,1544407200,0.000499,0.00049703,0.0004985,132.59775893,0.06595747,0.00049742,0.07966445333333863,0.46777452307691897,0.35316881588235377,0.0004976333333333332,0.0004965453846153844,0.0005119135294117651
173,0.00047874,1544414400,0.00049705,0.00047601,0.00049705,275.07707376,0.13496059,0.00049062,0.06789551333333861,0.47530863307691895,0.3551262964705891,0.0004913433333333333,0.000493393846153846,0.0005106335294117651
174,0.00048515,1544421600,0.00048521,0.00048213,0.00048213,15.59378147,0.00753864,0.00048343,0.06948556666667195,0.4567275338461497,0.35076920088235375,0.00048697666666666666,0.0004913261538461536,0.0005095438235294121
175,0.00047731,1544428800,0.0004852,0.00047731,0.0004852,70.13703844,0.03360665,0.00047915,0.05870196000000529,0.4074299984615344,0.3426140097058831,0.00048039999999999997,0.0004884046153846151,0.0005082241176470592
176,0.00047871,1544436000,0.00048768,0.0004787,0.00048,462.47121213,0.22180679,0.00047961,0.08765069333333862,0.3887078238461497,0.34715942088235374,0.00048038999999999997,0.00048676692307692286,0.0005070097058823533
177,0.00048004,1544443200,0.00048212,0.00047852,0.00048212,22.7296204,0.01087739,0.00047855,0.08876361000000528,0.33231820307691895,0.31312999588235374,0.0004786866666666666,0.0004850446153846152,0.0005060691176470592
178,0.00046049,1544450400,0.0004821,0.00044768,0.0004821,3526.73725062,1.62987716,0.00046214,0.6208537800000052,0.4240645538461497,0.3600198729411772,0.00047308,0.000482820769230769,0.0005045532352941181
179,0.00045581,1544457600,0.00046291,0.00045,0.00046054,250.32649496,0.11414501,0.00045598,0.5849665200000053,0.32491856769230354,0.35398617500000074,0.0004654466666666667,0.0004815430769230767,0.0005025985294117652
180,0.00045342,1544464800,0.0004558,0.00044768,0.0004558,860.17157719,0.38613497,0.0004489,0.7100523800000053,0.30135837769230356,0.36287728617647136,0.00045657333333333337,0.000479520769230769,0.0005004982352941181
181,0.00044643,1544472000,0.00045342,0.00044304,0.00045108,157.54650412,0.07022444,0.00044573,0.19016814000000526,0.2197322707692266,0.3385987870588243,0.00045188666666666667,0.00047624615384615364,0.000497807941176471
182,0.0004497,1544479200,0.0004497,0.00044362,0.00044421,84.18309136,0.03744766,0.00044483,0.16460235666667192,0.22197020461538045,0.3389706997058831,0.00044984999999999996,0.00047374615384615363,0.000495272647058824
183,0.00044998,1544486400,0.00045106,0.00044653,0.0004497,41.29475939,0.01855203,0.00044925,0.04207471000000527,0.21029979076922659,0.3231350679411773,0.0004487033333333333,0.0004700823076923075,0.000493022941176471
184,0.00044999,1544493600,0.00045001,0.00044998,0.00044999,208.42197101,0.09378882,0.00044999,0.0499295033333386,0.2173013553846112,0.3097245538235302,0.00044988999999999994,0.00046636999999999975,0.0004909497058823534
185,0.00045603,1544500800,0.00046224,0.00044998,0.00045,2049.34809882,0.93184688,0.0004547,0.3480625766666719,0.2839082330769189,0.3340588167647067,0.000452,0.00046321538461538436,0.0004890591176470593
186,0.00046219,1544508000,0.00046224,0.0004505,0.00045604,215.44034619,0.09758344,0.00045294,0.37440638000000526,0.2810330676923036,0.32693849205882436,0.00045607,0.0004619423076923074,0.00048751441176470635
187,0.00045468,1544515200,0.00046219,0.00045468,0.00046219,480.85242207,0.21995158,0.00045742,0.41646063333333866,0.2973725246153805,0.33297566941176554,0.00045763333333333336,0.0004595984615384613,0.00048573264705882395
188,0.00045002,1544522400,0.00045799,0.00045,0.00045468,1216.41542442,0.54805009,0.00045054,0.2885283700000053,0.3369450969230728,0.3458500985294126,0.00045563,0.0004574992307692305,0.0004838150000000004
189,0.00045116,1544529600,0.00045576,0.00044035,0.00044999,1939.36461058,0.86892198,0.00044804,0.545641216666672,0.3867231884615343,0.36500200558823614,0.0004519533333333333,0.0004553799999999997,0.00048173441176470625
190,0.00044103,1544536800,0.00045787,0.00042486,0.00044941,2064.58771343,0.91225031,0.00044185,0.7764074600000054,0.45605956692307276,0.36691594588235377,0.0004474033333333333,0.0004523792307692305,0.0004793450000000003
191,0.00044414,1544544000,0.00045108,0.00044017,0.0004441,3132.97006859,1.39176966,0.00044423,1.057647316666672,0.4377436053846112,0.40742367470588314,0.00044544333333333333,0.0004511215384615381,0.000477118529411765
192,0.00044709,1544551200,0.00045346,0.00044413,0.00044414,149.98473315,0.06732542,0.00044888,0.7904484633333387,0.4341420984615344,0.40885368705882424,0.0004440866666666667,0.0004504507692307689,0.00047498294117647084
193,0.00045117,1544558400,0.00045346,0.00045108,0.00045108,46.8026112,0.02112229,0.0004513,0.49340579000000534,0.40606419999999593,0.40878972352941245,0.00044746666666666663,0.0004502776923076919,0.0004728932352941179
194,0.00045116,1544565600,0.00045117,0.00045116,0.00045116,16.15242784,0.00728736,0.00045116,0.03191169000000538,0.40122288615384216,0.4079153176470595,0.0004498066666666666,0.00045064153846153805,0.0004708770588235296
195,0.00047428,1544572800,0.00050216,0.00043848,0.00045117,2291.92403137,1.06713157,0.0004656,0.365180406666672,0.4804293407692268,0.4319752776470595,0.0004588699999999999,0.0004525323076923073,0.0004697667647058826
196,0.00051217,1544580000,0.00051217,0.00047427,0.00047427,4261.86961887,2.11175934,0.0004955,1.0620594233333387,0.6414452876923036,0.4742483579411771,0.00047920333333333325,0.00045731615384615346,0.0004696750000000002
197,0.00049444,1544587200,0.00051217,0.00048766,0.00051006,1118.72574219,0.56475656,0.00050482,1.2478824900000054,0.6776735753846113,0.4771766373529418,0.00049363,0.0004607353846153842,0.0004695114705882354
198,0.00048311,1544594400,0.00049444,0.00048139,0.00049444,272.17335194,0.1323951,0.00048643,0.9363036666666722,0.6161772846153805,0.4591899502941183,0.0004965733333333333,0.00046281846153846114,0.00046894323529411767
199,0.00049444,1544601600,0.0005153,0.00048695,0.00048699,1727.03420578,0.86731466,0.00050219,0.5214887733333389,0.6753873784615343,0.4718411285294125,0.0004906633333333333,0.00046529923076923035,0.00046909147058823525
200,0.00049447,1544608800,0.0004945,0.000484,0.00049443,739.71545023,0.35882674,0.00048508,0.45284550000000556,0.6860700830769189,0.44112889058823607,0.0004906733333333332,0.0004683599999999996,0.00046973999999999996
201,0.00049445,1544616000,0.00049451,0.00049445,0.00049445,545.50907775,0.26974721,0.00049448,0.4986295366666722,0.664662169230765,0.4286974132352949,0.0004944533333333332,0.0004717776923076919,0.00047017352941176464
202,0.00049761,1544623200,0.00049761,0.00049448,0.00049449,604.60984799,0.30021623,0.00049654,0.3095967266666722,0.6209155730769189,0.4042518955882361,0.0004955099999999999,0.0004753507692307688,0.00047042676470588225
203,0.00049445,1544630400,0.00049803,0.00049445,0.00049761,563.52011018,0.28039271,0.00049757,0.2834520500000055,0.5723111423076881,0.4122530188235302,0.0004955033333333333,0.00047945999999999953,0.00047078705882352934
204,0.00047002,1544637600,0.00049802,0.00046292,0.00049693,664.09480755,0.31795762,0.00047878,0.2995221866666722,0.4897102161538419,0.4165968485294126,0.0004873599999999999,0.00048145076923076873,0.00046997558823529416
205,0.00047483,1544644800,0.00047491,0.00047002,0.00047002,273.02560533,0.12895868,0.00047233,0.2424363366666722,0.4944512361538419,0.4203083250000008,0.00047976666666666655,0.0004835846153846149,0.0004692867647058824
206,0.00047733,1544652000,0.00047733,0.00047211,0.00047484,227.29171796,0.10762829,0.00047352,0.18484819666667218,0.5011055438461496,0.4215339373529419,0.0004740599999999999,0.0004855969230769226,0.00046870705882352945
207,0.00047726,1544659200,0.00048414,0.00047276,0.00047509,499.37363522,0.23870681,0.00047801,0.15843126000000554,0.5189070399999957,0.42458529676470663,0.0004764733333333332,0.0004876046153846149,0.00046866352941176483
208,0.00047977,1544666400,0.00047977,0.00047488,0.00047726,18.42887855,0.00881946,0.00047856,0.11838485333333887,0.43749841615384183,0.4246229679411772,0.00047811999999999985,0.00048802692307692264,0.0004685052941176472
209,0.00047726,1544673600,0.00048032,0.00047308,0.00048032,74.25358958,0.03552753,0.00047846,0.0943512666666722,0.2777882769230727,0.42467946441176546,0.0004780966666666665,0.000485341538461538,0.00046850382352941187
210,0.0005013,1544680800,0.00051217,0.00047726,0.00047726,1171.18112912,0.58994157,0.00050371,0.2114295200000055,0.27972558538461106,0.4355069579411772,0.0004861099999999999,0.0004858692307692303,0.00046916823529411774
211,0.00050193,1544688000,0.00050695,0.00050006,0.0005013,65.23054409,0.03272139,0.00050162,0.2193968300000055,0.2720583769230726,0.4361494285294126,0.0004934966666666666,0.00048731692307692263,0.0004698120588235295
212,0.00049499,1544695200,0.00050006,0.0004814,0.00050006,427.99554249,0.20996846,0.00049058,0.27754380666667217,0.2214932846153803,0.3943874079411773,0.0004994066666666665,0.00048735923076923037,0.0004708267647058824
213,0.00049198,1544702400,0.00049455,0.00048766,0.00049198,103.17162457,0.05058252,0.00049027,0.09775745666667217,0.19778219076922643,0.3925179229411773,0.0004962999999999999,0.0004871676923076919,0.00047189058823529417
214,0.00048466,1544709600,0.00048951,0.0004801,0.00048951,108.44002664,0.05244979,0.00048367,0.10433359000000549,0.18106700461538028,0.38270365294117736,0.0004905433333333332,0.00048641461538461497,0.00047280941176470597
215,0.00048266,1544716800,0.00048466,0.00048216,0.00048466,18.73143264,0.00906189,0.00048378,0.03736473333333883,0.15867051692307255,0.3809047544117656,0.00048643333333333325,0.000485264615384615,0.000473875
216,0.00048951,1544724000,0.00049198,0.00048266,0.00048266,214.55779458,0.10425054,0.00048588,0.055254073333338836,0.14512111923076484,0.38286954500000087,0.00048560999999999987,0.000484884615384615,0.00047504588235294115
217,0.00048471,1544731200,0.00048951,0.00048461,0.00048951,48.19483851,0.0233646,0.00048479,0.045559010000005506,0.1224601176923033,0.3830110911764715,0.00048562666666666655,0.000486014615384615,0.00047606735294117644
218,0.0005,1544738400,0.0005,0.00048866,0.00048866,1396.28096313,0.69247419,0.00049594,0.2733631100000055,0.16580746461538018,0.4006194844117656,0.0004914066666666664,0.00048795076923076883,0.0004775382352941176
219,0.00049999,1544745600,0.0005,0.00049939,0.0005,967.02649435,0.48345309,0.00049993,0.3997639600000055,0.19471706461538016,0.38743143176470674,0.0004948999999999998,0.0004896938461538458,0.0004788311764705882
220,0.00049999,1544752800,0.0005,0.00049695,0.0005,41.14858678,0.02045785,0.00049717,0.39879504333333887,0.17792868307691864,0.3851630320588244,0.0004999933333333332,0.0004914423076923072,0.00047994294117647044
221,0.00049697,1544760000,0.0005,0.00049697,0.00049999,1763.47508723,0.8817369,0.00049999,0.4618826133333389,0.24507617846153404,0.40462730617647147,0.0004989833333333332,0.0004927653846153842,0.0004811867647058822
222,0.00050444,1544767200,0.00050667,0.00049698,0.00050001,91.35654627,0.04580593,0.00050139,0.3160002266666722,0.2458668246153802,0.38985541911764793,0.0005004666666666665,0.0004948561538461534,0.0004827873529411763
223,0.00049693,1544774400,0.00050444,0.00048526,0.00050444,873.41789324,0.42804013,0.00049007,0.4518609866666723,0.23341286769230327,0.3768883058823538,0.0004994466666666665,0.0004945199999999996,0.00048413352941176457
224,0.00049693,1544781600,0.00050667,0.00049199,0.00049693,259.36805671,0.12861186,0.00049586,0.20081930666667225,0.24078905769230327,0.3538401161764715,0.0004994333333333331,0.0004941353846153842,0.0004857776470588234
225,0.00049693,1544788800,0.00049703,0.00049199,0.00049693,32.16724948,0.01583456,0.00049225,0.1908288500000056,0.22585568076922635,0.31337143676470675,0.0004969299999999999,0.000494284615384615,0.00048733029411764697
226,0.00049199,1544796000,0.00050694,0.00049199,0.00049341,806.74936049,0.40167452,0.00049789,0.1820403133333389,0.25286275769230326,0.32320523382353034,0.0004952833333333332,0.0004942853846153843,0.0004886508823529411
227,0.00049702,1544803200,0.00049702,0.0004923,0.00049693,72.67198577,0.03603308,0.00049583,0.15118072000000557,0.2515999338461495,0.32364378647058917,0.0004953133333333331,0.0004952361538461535,0.0004899994117647059
228,0.000505,1544810400,0.000505,0.00049701,0.00049701,334.77284846,0.16799484,0.00050181,0.20190081333333887,0.263825545384611,0.3283704770588245,0.0004980033333333331,0.000496954615384615,0.0004915829411764705
229,0.0004923,1544817600,0.00050499,0.0004923,0.00050193,423.17482795,0.21112052,0.00049889,0.13838281333333888,0.2720463130769187,0.30319368147058917,0.0004981066666666663,0.0004971692307692304,0.0004921129411764705
230,0.00048584,1544824800,0.00049693,0.00048517,0.00049693,233.35936377,0.11365034,0.00048701,0.16425523333333888,0.27899136999999563,0.24442576970588334,0.0004943799999999997,0.0004972561538461535,0.0004913385294117647
231,0.00049952,1544832000,0.00049952,0.00048949,0.00048949,45.67568892,0.02263234,0.0004955,0.11580106666667223,0.22746507384614947,0.22848093970588332,0.000492553333333333,0.0004972192307692304,0.0004914879411764706
232,0.00049941,1544839200,0.00049941,0.00049693,0.00049694,1.21264335,0.00060264,0.00049696,0.04562844000000555,0.19032273153845716,0.2246046908823539,0.000494923333333333,0.0004971746153846151,0.0004919673529411766
233,0.00050192,1544846400,0.00050193,0.000499,0.00049941,35.02521089,0.01754258,0.00050085,0.013592520000005553,0.19009847999999563,0.19961139441176567,0.0005002833333333331,0.0004973230769230767,0.0004921873529411766
234,0.00050183,1544853600,0.00050192,0.00049693,0.00050192,127.98962156,0.06385893,0.00049893,0.027334716666672216,0.12718478999999563,0.19093587058823627,0.000501053333333333,0.0004976969230769228,0.0004924038235294117
235,0.00049693,1544860800,0.00050184,0.00049693,0.00050184,0.38292813,0.00019059,0.00049774,0.027197366666672218,0.12367591769230332,0.18300773470588333,0.0005002266666666665,0.0004971192307692304,0.0004924767647058823
236,0.00048644,1544868000,0.0004973,0.00048644,0.0004973,53.12872874,0.02606907,0.00049067,0.03003953000000555,0.09275506692307255,0.17494458294117743,0.0004950666666666665,0.0004963123076923073,0.0004921482352941177
237,0.00049205,1544875200,0.00049205,0.0004865,0.00048949,41.59398515,0.02025749,0.00048702,0.01550571666667222,0.08442011538461101,0.1672935470588245,0.0004918066666666664,0.0004959369230769227,0.0004920776470588236
238,0.00049443,1544882400,0.00049443,0.0004865,0.00049205,98.62457621,0.04857583,0.00049253,0.031634130000005554,0.08693867461538025,0.1593705532352951,0.0004909733333333332,0.0004957446153846149,0.0004927955882352941
239,0.00049441,1544889600,0.00049443,0.00049441,0.00049442,9.65190923,0.00477215,0.00049442,0.02453515666667222,0.05640772307691871,0.15571800823529508,0.00049363,0.0004959307692307687,0.0004933714705882353
240,0.00048767,1544896800,0.00049441,0.00048767,0.00049441,6.12297805,0.00299527,0.00048918,0.018781083333338885,0.053866353076918706,0.1526405664705892,0.00049217,0.000495211538461538,0.0004936755882352941
241,0.00048766,1544904000,0.00049438,0.00048766,0.00048767,50.42347434,0.02486265,0.00049307,0.01087669000000555,0.042856184615380245,0.14635103235294214,0.0004899133333333333,0.0004938776923076918,0.0004939814705882353
242,0.00048338,1544911200,0.00048949,0.00048338,0.00048766,1562.43334998,0.75807002,0.00048518,0.26197598000000555,0.08492922307691872,0.16838781352941273,0.0004862366666666666,0.000493191538461538,0.0004940876470588234
243,0.00048202,1544918400,0.00048277,0.00048155,0.00048277,20.94580451,0.01009941,0.00048216,0.2643440266666722,0.07696376692307257,0.16763992764705976,0.0004843533333333333,0.0004928976923076918,0.0004942276470588235
244,0.00048155,1544925600,0.00048203,0.00048094,0.000482,86.23100492,0.04152888,0.0004816,0.2698994366666722,0.07841734692307258,0.15151014264705978,0.0004823166666666667,0.0004915153846153841,0.0004936467647058823
245,0.00048154,1544932800,0.00048155,0.00048033,0.00048094,2.92137505,0.00140424,0.00048067,0.01767751000000554,0.0784790084615341,0.15058905000000097,0.0004817033333333333,0.0004901407692307687,0.0004930470588235293
246,0.00048202,1544940000,0.00048204,0.00048031,0.00048033,101.85292026,0.04901603,0.00048124,0.030649716666672207,0.08090004307691873,0.14585515500000099,0.0004817033333333333,0.0004886099999999995,0.000492665588235294
247,0.00048216,1544947200,0.00048702,0.00047852,0.00048031,365.50380927,0.1771766,0.00048474,0.07586562333333886,0.08961678692307255,0.14957851029411864,0.0004819066666666666,0.0004870969230769225,0.0004923767647058822
248,0.00048698,1544954400,0.00048698,0.00047542,0.00048216,742.40843322,0.35603774,0.00047957,0.19407679000000555,0.11698964461538022,0.1585075676470598,0.00048371999999999993,0.0004863315384615379,0.0004924449999999999
249,0.00048799,1544961600,0.0004891,0.00048276,0.00048276,324.73524644,0.15848473,0.00048804,0.23056635666667222,0.12717546461538023,0.1629023570588245,0.0004857099999999999,0.00048645076923076863,0.0004926017647058822
250,0.00049693,1544968800,0.0004999,0.00048908,0.00048908,245.84679835,0.12184394,0.0004956,0.2121221366666722,0.13498980692307255,0.16341981000000097,0.0004906333333333332,0.0004868261538461532,0.0004928199999999999
251,0.00049264,1544976000,0.00049703,0.00047687,0.00049693,495.15948344,0.24128264,0.00048728,0.1738704366666722,0.14981340769230328,0.16982916411764803,0.00049252,0.0004866884615384609,0.0004930532352941175
