,close,date,high,low,open,quoteVolume,volume,weightedAverage,avg_vol_3,avg_vol_13,avg_vol_34,avg_close_3,avg_close_13,avg_close_34
0,1.831e-05,1552914661,1.831e-05,1.831e-05,1.831e-05,0.0,0.0,1.831e-05,-99999.0,-99999.0,-99999.0,-99999.0,-99999.0,-99999.0
1,1.831e-05,1552917600,1.831e-05,1.825e-05,1.831e-05,30529.04676597,0.55874505,1.83e-05,-99999.0,-99999.0,-99999.0,-99999.0,-99999.0,-99999.0
2,1.832e-05,1552924800,1.836e-05,1.831e-05,1.831e-05,22261.50874261,0.40767735,1.831e-05,0.32214079999999995,-99999.0,-99999.0,1.8313333333333333e-05,-99999.0,-99999.0
3,1.836e-05,1552932000,1.837e-05,1.836e-05,1.837e-05,16.75396886,0.00030771,1.836e-05,0.32224337,-99999.0,-99999.0,1.833e-05,-99999.0,-99999.0
4,1.837e-05,1552939200,1.847e-05,1.837e-05,1.845e-05,2140.7901621,0.03950742,1.845e-05,0.14916416,-99999.0,-99999.0,1.8349999999999995e-05,-99999.0,-99999.0
5,1.848e-05,1552946400,1.848e-05,1.848e-05,1.848e-05,487.6555186,0.00901187,1.848e-05,0.01627566666666665,-99999.0,-99999.0,1.8403333333333327e-05,-99999.0,-99999.0
6,1.882e-05,1552953600,1.89e-05,1.84e-05,1.848e-05,20030.67644771,0.373164,1.862e-05,0.14056109666666664,-99999.0,-99999.0,1.855666666666666e-05,-99999.0,-99999.0
7,1.906e-05,1552960800,1.939e-05,1.866e-05,1.882e-05,31217.63250853,0.5932331,1.9e-05,0.32513632333333325,-99999.0,-99999.0,1.878666666666666e-05,-99999.0,-99999.0
8,1.897e-05,1552968000,1.909e-05,1.872e-05,1.909e-05,7385.56613908,0.13962982,1.89e-05,0.36867563999999997,-99999.0,-99999.0,1.8949999999999996e-05,-99999.0,-99999.0
9,1.882e-05,1552975200,1.886e-05,1.868e-05,1.886e-05,14260.1315618,0.26640206,1.868e-05,0.33308832666666666,-99999.0,-99999.0,1.8949999999999996e-05,-99999.0,-99999.0
10,1.889e-05,1552982400,1.897e-05,1.881e-05,1.881e-05,4111.89793587,0.07780138,1.892e-05,0.1612777533333333,-99999.0,-99999.0,1.889333333333333e-05,-99999.0,-99999.0
11,1.892e-05,1552989600,1.898e-05,1.878e-05,1.898e-05,1179.2747942,0.02217293,1.88e-05,0.12212545666666663,-99999.0,-99999.0,1.8876666666666665e-05,-99999.0,-99999.0
12,1.929e-05,1552996800,1.973e-05,1.892e-05,1.892e-05,554505.93971627,10.84302555,1.955e-05,3.6476666199999994,1.0254367876923076,-99999.0,1.903333333333333e-05,1.8686153846153844e-05,-99999.0
13,1.914e-05,1553004000,1.934e-05,1.906e-05,1.93e-05,18701.25080104,0.35955834,1.922e-05,3.741585606666666,1.0530951215384614,-99999.0,1.9116666666666663e-05,1.875e-05,-99999.0
14,1.913e-05,1553011200,1.924e-05,1.892e-05,1.914e-05,11779.72773303,0.22450326,1.905e-05,3.8090290499999995,1.0273842146153844,-99999.0,1.918666666666666e-05,1.881307692307692e-05,-99999.0
15,1.892e-05,1553018400,1.915e-05,1.892e-05,1.913e-05,5815.82518641,0.11113521,1.91e-05,0.2317322699999996,1.0045732807692307,-99999.0,1.9063333333333328e-05,1.885923076923077e-05,-99999.0
16,1.9e-05,1553025600,1.9e-05,1.899e-05,1.899e-05,380.37997476,0.00722427,1.899e-05,0.11428757999999961,1.0051053238461538,-99999.0,1.9016666666666664e-05,1.890846153846154e-05,-99999.0
17,1.961e-05,1553032800,1.961e-05,1.906e-05,1.906e-05,33177.5055817,0.64477827,1.943e-05,0.2543792499999996,1.05166462,-99999.0,1.9176666666666662e-05,1.9003846153846156e-05,-99999.0
18,1.934e-05,1553040000,1.969e-05,1.908e-05,1.961e-05,16523.5016019,0.31888081,1.929e-05,0.323627783333333,1.0755006923076922,-99999.0,1.931666666666666e-05,1.9070000000000005e-05,-99999.0
19,1.92e-05,1553047200,1.924e-05,1.918e-05,1.924e-05,36154.89904841,0.69404532,1.919e-05,0.5525681333333329,1.1001838707692309,-99999.0,1.9383333333333324e-05,1.9099230769230773e-05,-99999.0
20,1.914e-05,1553054400,1.941e-05,1.914e-05,1.934e-05,2390.38909684,0.04631126,1.937e-05,0.3530791299999996,1.05811296,-99999.0,1.922666666666666e-05,1.910538461538462e-05,-99999.0
21,1.945e-05,1553061600,1.945e-05,1.921e-05,1.921e-05,4044.45092342,0.07846518,1.94e-05,0.27294058666666626,1.053407987692308,-99999.0,1.9263333333333326e-05,1.9142307692307696e-05,-99999.0
22,1.944e-05,1553068800,1.948e-05,1.939e-05,1.946e-05,7670.65435277,0.14924794,1.945e-05,0.09134145999999958,1.0443961323076925,-99999.0,1.9343333333333325e-05,1.9190000000000004e-05,-99999.0
23,1.93e-05,1553076000,1.948e-05,1.93e-05,1.944e-05,2263.34298943,0.04381763,1.935e-05,0.09051024999999957,1.0417819976923077,-99999.0,1.939666666666666e-05,1.9221538461538468e-05,-99999.0
24,2.043e-05,1553083200,2.191e-05,1.947e-05,1.947e-05,1244569.818751,25.25889356,2.029e-05,8.483986376666667,2.9830682,-99999.0,1.9723333333333325e-05,1.9337692307692312e-05,-99999.0
25,2.001e-05,1553090400,2.041e-05,1.979e-05,2.041e-05,65922.79479007,1.3318363,2.02e-05,8.878182496666668,2.2514382576923073,-99999.0,1.9913333333333328e-05,1.9393076923076926e-05,-99999.0
26,2.024e-05,1553097600,2.042e-05,1.973e-05,2.001e-05,39646.31836615,0.78964752,1.991e-05,9.12679246,2.2845220407692306,-99999.0,2.0226666666666657e-05,1.947769230769231e-05,-99999.0
27,2.002e-05,1553104800,2.03e-05,1.996e-05,2.005e-05,9484.78471074,0.19058644,2.009e-05,0.7706900866666674,2.2819130546153845,-99999.0,2.0089999999999996e-05,1.9546153846153846e-05,-99999.0
28,2.023e-05,1553112000,2.023e-05,2.003e-05,2.013e-05,5500.6024795,0.11070985,2.012e-05,0.36364793666666745,2.2818803346153844,-99999.0,2.0163333333333327e-05,1.9646923076923073e-05,-99999.0
29,2.033e-05,1553119200,2.053e-05,2.02e-05,2.021e-05,16998.18170674,0.3476164,2.045e-05,0.21630423000000076,2.3080643446153846,-99999.0,2.0193333333333325e-05,1.9749230769230768e-05,-99999.0
30,2.101e-05,1553126400,2.2e-05,2.056e-05,2.056e-05,270000.79905336,5.73973483,2.125e-05,2.066020360000001,2.6999840799999997,-99999.0,2.0523333333333327e-05,1.985692307692308e-05,-99999.0
31,2.077e-05,1553133600,2.118e-05,2.071e-05,2.101e-05,21784.17146634,0.45676788,2.096e-05,2.1813730366666673,2.7105907776923073,-99999.0,2.0703333333333325e-05,1.9966923076923077e-05,-99999.0
32,2.117e-05,1553140800,2.131e-05,2.064e-05,2.072e-05,19018.02035038,0.39952603,2.1e-05,2.1986762466666674,2.6879354476923067,-99999.0,2.0983333333333323e-05,2.011846153846154e-05,-99999.0
33,2.085e-05,1553148000,2.129e-05,2.073e-05,2.119e-05,16704.71275916,0.35198368,2.107e-05,0.4027591966666675,2.71144871076923,1.4995867123529412,2.092999999999999e-05,2.0249999999999998e-05,1.94014705882353e-05
34,2.07e-05,1553155200,2.09e-05,2.045e-05,2.09e-05,89600.29933356,1.85930632,2.075e-05,0.8702720100000008,2.84843649076923,1.5542721923529412,2.0906666666666657e-05,2.0346153846153846e-05,1.947176470588236e-05
35,2.068e-05,1553162400,2.092e-05,2.05e-05,2.052e-05,21929.14603064,0.45250766,2.063e-05,0.8879325533333341,2.8717641615384606,1.5511475632352942,2.074333333333332e-05,2.044153846153846e-05,1.9541470588235302e-05
36,1.997e-05,1553169600,2.16e-05,1.988e-05,2.075e-05,45014.31006341,0.93002158,2.066e-05,1.0806118533333342,2.9399336961538456,1.5665106288235295,2.0449999999999992e-05,2.0493076923076926e-05,1.9590000000000007e-05
37,1.99e-05,1553176800,2.013e-05,1.956e-05,2.008e-05,80861.92229232,1.60625363,1.986e-05,0.9962609566666675,1.1204998553846144,1.6137443323529412,2.0183333333333324e-05,2.0452307692307695e-05,1.9635294117647064e-05
38,1.985e-05,1553184000,1.985e-05,1.969e-05,1.985e-05,1212.34328044,0.02388957,1.97e-05,0.8533882600000009,1.0198885684615375,1.6132849838235295,1.990666666666666e-05,2.0440000000000004e-05,1.967882352941177e-05
39,1.995e-05,1553191200,1.995e-05,1.985e-05,1.985e-05,2749.66596266,0.05476864,1.991e-05,0.5616372800000008,0.9633594238461528,1.6146307711764705,1.9899999999999992e-05,2.0417692307692315e-05,1.972205882352942e-05
40,1.98e-05,1553198400,1.994e-05,1.98e-05,1.987e-05,3524.20192048,0.06999836,1.986e-05,0.04955219000000081,0.9540834176923065,1.6057141347058823,1.986666666666666e-05,2.040076923076924e-05,1.9750882352941185e-05
41,1.989e-05,1553205600,1.989e-05,1.989e-05,1.989e-05,25.84747681,0.0005141,1.989e-05,0.04176036666666747,0.9456068215384605,1.5882812229411762,1.9879999999999996e-05,2.0374615384615392e-05,1.977529411764707e-05
42,2.009e-05,1553212800,2.069e-05,1.992e-05,1.995e-05,76223.23966872,1.54491597,2.026e-05,0.5384761433333342,1.0377067884615374,1.6296131685294115,1.9926666666666663e-05,2.0356153846153857e-05,1.9808235294117656e-05
43,2.031e-05,1553220000,2.034e-05,2.015e-05,2.015e-05,3110.33142713,0.063048,2.027e-05,0.5361593566666675,0.6010385707692298,1.6236321667647058,2.0096666666666663e-05,2.03023076923077e-05,1.985205882352942e-05
44,2.016e-05,1553227200,2.034e-05,2.016e-05,2.018e-05,1322.87117102,0.02678352,2.024e-05,0.5449158300000008,0.5679628507692298,1.6221316414705882,2.0186666666666664e-05,2.0255384615384627e-05,1.988941176470589e-05
45,2e-05,1553234400,2.015e-05,1.99e-05,2.003e-05,10058.92328609,0.20057619,1.994e-05,0.09680257000000081,0.552659016923076,1.6273787961764705,2.0156666666666663e-05,2.0165384615384627e-05,1.9921176470588245e-05
46,2e-05,1553241600,2.01e-05,2e-05,2e-05,733.06970066,0.01466204,2e-05,0.08067391666666747,0.5267111984615375,1.308897516470588,2.005333333333333e-05,2.0100000000000014e-05,1.994205882352942e-05
47,2e-05,1553248800,2.007e-05,1.98e-05,1.988e-05,5601.87495623,0.11169506,1.993e-05,0.10897776333333414,0.39227956307692213,1.3016074199999998,1.9999999999999998e-05,2.004615384615386e-05,1.9967352941176485e-05
48,1.998e-05,1553256000,2.009e-05,1.995e-05,1.995e-05,3082.96220249,0.06191521,2.008e-05,0.06275743666666748,0.36223398999999906,1.2968254185294117,1.999333333333333e-05,1.9992307692307706e-05,1.9992352941176482e-05
49,2.022e-05,1553263200,2.022e-05,2.013e-05,2.013e-05,2168.2135232,0.04380117,2.02e-05,0.07247048000000082,0.2940631892307683,1.2948450055882352,2.0066666666666665e-05,2.0011538461538475e-05,2.0030588235294133e-05
50,2.006e-05,1553270400,2.011e-05,1.987e-05,2.011e-05,6099.78667475,0.12224276,2.004e-05,0.07598638000000081,0.17990850692307594,1.298227902352941,2.0086666666666665e-05,2.002384615384617e-05,2.0061764705882367e-05
51,1.995e-05,1553277600,2.014e-05,1.988e-05,1.988e-05,15425.97655518,0.30957702,2.006e-05,0.15854031666666746,0.20188446461538362,1.2883690420588234,2.0076666666666667e-05,2.003153846153848e-05,2.007176470588237e-05
52,2e-05,1553284800,2e-05,1.994e-05,1.994e-05,1498.7986997,0.02993596,1.997e-05,0.15391858000000078,0.19997425846153746,1.279870664117647,2.0003333333333332e-05,2.003538461538463e-05,2.0091176470588252e-05
53,2.009e-05,1553292000,2.009e-05,1.998e-05,1.998e-05,4992.75301259,0.10030266,2.008e-05,0.14660521333333412,0.20230535846153747,1.262407644705882,2.001333333333333e-05,2.0057692307692322e-05,2.0117352941176485e-05
54,2.004e-05,1553299200,2.017e-05,2.004e-05,2.017e-05,11288.94289658,0.22769668,2.016e-05,0.11931176666666747,0.21978094153846056,1.2677425099999997,2.0043333333333332e-05,2.0069230769230782e-05,2.0143823529411782e-05
55,2.018e-05,1553306400,2.018e-05,2.008e-05,2.008e-05,689.0362025,0.01387193,2.013e-05,0.1139570900000008,0.1020083230769221,1.2658427085294113,2.010333333333333e-05,2.007615384615386e-05,2.0165294117647078e-05
56,2.014e-05,1553313600,2.017e-05,2.003e-05,2.01e-05,368.83268263,0.00740559,2.007e-05,0.08299140000000081,0.09772813769230672,1.2616708747058818,2.012e-05,2.0063076923076935e-05,2.0185882352941194e-05
57,2.012e-05,1553320800,2.014e-05,2.001e-05,2.006e-05,15461.1227668,0.30966736,2.002e-05,0.11031496000000081,0.11948843307692211,1.2694899844117642,2.0146666666666665e-05,2.0060000000000008e-05,2.0210000000000018e-05
58,2.023e-05,1553328000,2.027e-05,2.01e-05,2.013e-05,7816.78436572,0.15791336,2.02e-05,0.1583287700000008,0.11620667692307594,0.5312258608823524,2.0163333333333334e-05,2.0077692307692315e-05,2.020411764705884e-05
59,2.001e-05,1553335200,2.022e-05,1.993e-05,2.022e-05,9268.18285432,0.18585255,2.005e-05,0.21781109000000085,0.12937517769230672,0.49752045647058774,2.012e-05,2.0078461538461546e-05,2.020411764705884e-05
60,1.988e-05,1553342400,2.005e-05,1.988e-05,2.005e-05,21051.06495971,0.41986879,1.994e-05,0.25454490000000085,0.15308084923076826,0.4866446114705877,2.004e-05,2.006923076923078e-05,2.0193529411764723e-05
61,1.99e-05,1553349600,2.001e-05,1.99e-05,2.001e-05,18654.63352786,0.37141768,1.991e-05,0.3257130066666675,0.17688873153846055,0.49196317735294065,1.9929999999999997e-05,2.006307692307693e-05,2.0190000000000015e-05
62,2.018e-05,1553356800,2.018e-05,2.002e-05,2.007e-05,6498.47596955,0.13069655,2.011e-05,0.30732767333333416,0.18357299153846054,0.4925510214705877,1.9986666666666666e-05,2.0060000000000008e-05,2.018852941176472e-05
63,2.01e-05,1553364000,2.022e-05,2.002e-05,2.017e-05,6872.46538379,0.13813554,2.009e-05,0.21341659000000082,0.18479551307692207,0.48638981970588185,2.0059999999999998e-05,2.006307692307693e-05,2.0181764705882366e-05
64,2.026e-05,1553371200,2.036e-05,2.01e-05,2.01e-05,20011.00825021,0.40688857,2.033e-05,0.22524022000000085,0.19228101692307592,0.32954140029411716,2.0179999999999997e-05,2.008692307692308e-05,2.0159705882352954e-05
65,2.041e-05,1553378400,2.041e-05,2.027e-05,2.027e-05,15690.36479004,0.31952241,2.036e-05,0.2881821733333342,0.21455689769230668,0.3255047688235289,2.0256666666666662e-05,2.0118461538461542e-05,2.0149117647058836e-05
66,2.034e-05,1553385600,2.043e-05,2.031e-05,2.033e-05,2590.76369238,0.05278916,2.037e-05,0.25973338000000085,0.21090201307692208,0.31530662558823475,2.033666666666666e-05,2.013769230769231e-05,2.012470588235295e-05
67,2.023e-05,1553392800,2.034e-05,2.022e-05,2.023e-05,1337.93129089,0.02708418,2.024e-05,0.13313191666666754,0.19547028230769128,0.3057507579411759,2.0326666666666663e-05,2.0152307692307695e-05,2.0106470588235304e-05
68,1.999e-05,1553400000,2.022e-05,1.999e-05,2.022e-05,30773.73491642,0.6158351,2.001e-05,0.2319028133333342,0.24177514153846053,0.26917807499999946,2.0186666666666664e-05,2.013769230769231e-05,2.0085588235294128e-05
69,1.993e-05,1553407200,2.019e-05,1.993e-05,1.999e-05,33987.46200394,0.67858696,1.996e-05,0.4405020800000008,0.2934044776923067,0.27582746617647,2.0049999999999996e-05,2.0121538461538462e-05,2.0063529411764716e-05
70,1.993e-05,1553414400,1.996e-05,1.985e-05,1.993e-05,33803.84429185,0.67343922,1.992e-05,0.6559537600000008,0.32138692846153744,0.26828092617647004,1.9949999999999994e-05,2.010692307692308e-05,2.006235294117648e-05
71,2.017e-05,1553421600,2.02e-05,1.993e-05,2e-05,25851.16385228,0.51642011,1.997e-05,0.622815430000001,0.34896437076922976,0.23622699911764655,2.0009999999999993e-05,2.0102307692307697e-05,2.007029411764707e-05
72,2.028e-05,1553428800,2.034e-05,2.006e-05,2.017e-05,14473.61303036,0.29194112,2.017e-05,0.49393348333333426,0.35712502999999896,0.24411086823529365,2.012666666666666e-05,2.0123076923076927e-05,2.00829411764706e-05
73,2.009e-05,1553436000,2.018e-05,1.993e-05,2.005e-05,14524.97252799,0.29087722,2.002e-05,0.3664128166666676,0.3472026015384605,0.25105523823529363,2.0179999999999993e-05,2.0139230769230776e-05,2.008705882352942e-05
74,1.993e-05,1553443200,2.01e-05,1.993e-05,2e-05,4197.3228649,0.08430352,2.008e-05,0.22237395333333423,0.3251168969230759,0.25147597823529366,2.0099999999999994e-05,2.0141538461538465e-05,2.0090882352941185e-05
75,2.009e-05,1553450400,2.009e-05,1.993e-05,1.993e-05,1508.49820002,0.03007396,1.993e-05,0.1350849000000009,0.3173766976923067,0.25234538588235245,2.003666666666666e-05,2.0134615384615387e-05,2.009676470588236e-05
76,1.995e-05,1553457600,2.01e-05,1.993e-05,1.993e-05,370.5428543,0.00740337,1.997e-05,0.040593616666667574,0.3073203769230759,0.20712442705882306,1.9989999999999993e-05,2.0123076923076927e-05,2.0092647058823538e-05
77,2.009e-05,1553464800,2.009e-05,2.004e-05,2.004e-05,205.95235906,0.00412804,2.004e-05,0.01386845666666757,0.2763387976923067,0.20539148705882307,2.0043333333333325e-05,2.011000000000001e-05,2.008617647058824e-05
78,1.984e-05,1553472000,2.001e-05,1.984e-05,1.996e-05,9088.55295912,0.18092111,1.99e-05,0.06415084000000089,0.26567715923076823,0.20992494558823482,1.9959999999999995e-05,2.0066153846153855e-05,2.007676470588236e-05
79,1.981e-05,1553479200,1.997e-05,1.981e-05,1.984e-05,1958.03764176,0.03885574,1.984e-05,0.07463496333333423,0.26460535769230664,0.2051684617647054,1.9913333333333328e-05,2.0025384615384624e-05,2.0071176470588242e-05
80,1.957e-05,1553486400,1.984e-05,1.956e-05,1.98e-05,7018.02539022,0.13839441,1.971e-05,0.11939042000000089,0.273167683076922,0.2088076491176466,1.9739999999999994e-05,1.9974615384615396e-05,2.0058529411764712e-05
81,1.952e-05,1553493600,1.966e-05,1.952e-05,1.963e-05,1614.58272348,0.03162819,1.958e-05,0.06962611333333422,0.22822868999999898,0.20645274117647014,1.9633333333333327e-05,1.9938461538461547e-05,2.0044411764705886e-05
82,1.953e-05,1553500800,1.96e-05,1.942e-05,1.953e-05,35174.83562913,0.68680133,1.952e-05,0.28560797666666754,0.2288605646153836,0.2248317447058819,1.9539999999999992e-05,1.990769230769232e-05,2.003117647058824e-05
83,2.032e-05,1553508000,2.071e-05,1.953e-05,1.953e-05,172723.93651511,3.47848564,2.013e-05,1.3989717200000011,0.4446333661538452,0.32585187617647016,1.978999999999999e-05,1.9937692307692323e-05,2.0034117647058828e-05
84,1.974e-05,1553515200,2.033e-05,1.964e-05,2.032e-05,38790.40076215,0.76520891,1.972e-05,1.6434986266666678,0.46377096615384517,0.3447626452941172,1.986333333333332e-05,1.9904615384615398e-05,2.0024705882352942e-05
85,1.974e-05,1553522400,1.975e-05,1.972e-05,1.972e-05,695.56824713,0.01372061,1.972e-05,1.4191383866666678,0.4423693884615375,0.3360609861764701,1.993333333333332e-05,1.9863076923076937e-05,2.0018529411764705e-05
86,1.989e-05,1553529600,1.999e-05,1.972e-05,1.972e-05,2333.14663349,0.04646615,1.991e-05,0.275131890000001,0.42356853692307594,0.3365471682352937,1.978999999999999e-05,1.9847692307692322e-05,2.0015294117647057e-05
87,1.989e-05,1553536800,1.989e-05,1.989e-05,1.989e-05,0.0,0.0,1.989e-05,0.020062253333334296,0.4170836507692298,0.33359708999999954,1.983999999999999e-05,1.9844615384615402e-05,2.0009411764705887e-05
88,1.989e-05,1553544000,1.989e-05,1.989e-05,1.989e-05,0.0,0.0,1.989e-05,0.01548871666666763,0.41477026923076826,0.326900128823529,1.988999999999999e-05,1.9829230769230784e-05,2.0005000000000002e-05
89,1.99e-05,1553551200,1.99e-05,1.976e-05,1.989e-05,4622.3931846,0.09158889,1.981e-05,0.03052963000000097,0.4212460784615375,0.32918592176470546,1.9893333333333325e-05,1.982538461538463e-05,1.9996764705882357e-05
90,1.99e-05,1553558400,1.99e-05,1.989e-05,1.989e-05,1419.13826043,0.02824059,1.989e-05,0.03994316000000097,0.42310088999999906,0.3297987158823525,1.9896666666666655e-05,1.9810769230769243e-05,1.9989705882352947e-05
91,1.972e-05,1553565600,1.989e-05,1.969e-05,1.989e-05,6242.64214711,0.12312756,1.972e-05,0.08098568000000096,0.4186552323076914,0.32431225117647017,1.983999999999999e-05,1.9801538461538475e-05,1.9977941176470593e-05
92,1.961e-05,1553572800,1.973e-05,1.961e-05,1.973e-05,3758.45768742,0.07382673,1.964e-05,0.07506496000000097,0.4213453084615376,0.32183911499999956,1.9743333333333324e-05,1.9786153846153858e-05,1.9959705882352946e-05
93,1.954e-05,1553580000,1.974e-05,1.954e-05,1.974e-05,1735.12838824,0.03394669,1.956e-05,0.0769669933333343,0.41331086846153753,0.31737129558823485,1.962333333333333e-05,1.978384615384617e-05,1.994588235294118e-05
94,1.952e-05,1553587200,1.958e-05,1.937e-05,1.954e-05,36907.36682053,0.71585613,1.939e-05,0.27454318333333433,0.465943786923076,0.3260768055882349,1.9556666666666662e-05,1.978384615384617e-05,1.993529411764706e-05
95,1.981e-05,1553594400,2.015e-05,1.942e-05,1.95e-05,131339.87716995,2.60837084,1.985e-05,1.119391220000001,0.6137568261538452,0.3918695455882349,1.962333333333333e-05,1.9805384615384627e-05,1.9932647058823533e-05
96,1.943e-05,1553601600,1.997e-05,1.935e-05,1.997e-05,2618.59866599,0.05130264,1.959e-05,1.1251765366666675,0.35012736461538363,0.3895344305882349,1.958666666666666e-05,1.973692307692309e-05,1.991058823529412e-05
97,2.043e-05,1553608800,2.043e-05,1.926e-05,1.935e-05,32047.10909415,0.6284918,1.961e-05,1.0960550933333342,0.3396106638461528,0.40395667352941134,1.988999999999999e-05,1.9790000000000012e-05,1.9920294117647062e-05
98,1.98e-05,1553616000,2.045e-05,1.978e-05,2.041e-05,29846.24742369,0.59726452,2.001e-05,0.4256863200000008,0.38449865692307594,0.40955596617647017,1.9886666666666657e-05,1.9794615384615394e-05,1.9906764705882356e-05
99,1.926e-05,1553623200,2.005e-05,1.881e-05,2.005e-05,226775.709181,4.35527512,1.92e-05,1.860343813333334,0.7159455007692297,0.5282545752941172,1.982999999999999e-05,1.9746153846153855e-05,1.9872941176470593e-05
100,1.94e-05,1553630400,1.953e-05,1.937e-05,1.937e-05,50052.56046554,0.97125771,1.94e-05,1.9745991166666672,0.7906576323076913,0.5552683561764702,1.9486666666666657e-05,1.9708461538461544e-05,1.9845294117647064e-05
101,1.948e-05,1553637600,1.948e-05,1.946e-05,1.947e-05,31375.88608344,0.61088139,1.946e-05,1.9791380733333341,0.8376485084615374,0.5724388623529407,1.937999999999999e-05,1.9676923076923085e-05,1.9823235294117652e-05
102,1.957e-05,1553644800,1.957e-05,1.942e-05,1.951e-05,76435.9676871,1.49488853,1.955e-05,1.0256758766666676,0.9455946346153835,0.5982933749999996,1.9483333333333324e-05,1.965153846153847e-05,1.981088235294118e-05
103,1.971e-05,1553652000,1.972e-05,1.962e-05,1.962e-05,16007.37555188,0.31551782,1.971e-05,0.8070959133333342,0.967692883076922,0.5876148708823524,1.9586666666666656e-05,1.9636923076923085e-05,1.9804411764705888e-05
104,1.949e-05,1553659200,1.958e-05,1.949e-05,1.958e-05,3722.46312072,0.07258127,1.949e-05,0.627662540000001,0.963804706923076,0.5699425782352937,1.9589999999999994e-05,1.9619230769230778e-05,1.97914705882353e-05
105,1.95e-05,1553666400,1.95e-05,1.95e-05,1.95e-05,55.350694,0.00107933,1.95e-05,0.12972614000000093,0.958208753076922,0.5547854964705878,1.956666666666666e-05,1.9610769230769238e-05,1.9771764705882358e-05
106,1.958e-05,1553673600,1.962e-05,1.951e-05,1.953e-05,32941.65610975,0.64562245,1.959e-05,0.23976101666666763,1.0052607346153835,0.5651878885294114,1.9523333333333327e-05,1.961384615384616e-05,1.975117647058824e-05
107,1.957e-05,1553680800,1.969e-05,1.952e-05,1.969e-05,12437.74076521,0.2446035,1.966e-05,0.29710176000000094,0.9690105323076911,0.5638268967647055,1.954999999999999e-05,1.9617692307692316e-05,1.973588235294118e-05
108,1.969e-05,1553688000,1.971e-05,1.957e-05,1.957e-05,1321.56286294,0.02601502,1.968e-05,0.3054136566666676,0.7703677769230759,0.5621125291176468,1.9613333333333324e-05,1.960846153846155e-05,1.972882352941177e-05
109,1.988e-05,1553695200,2.001e-05,1.969e-05,1.97e-05,7183.44026646,0.14279307,1.987e-05,0.1378038633333343,0.7774055023076912,0.5654277970588232,1.9713333333333326e-05,1.9643076923076932e-05,1.9722647058823536e-05
110,1.981e-05,1553702400,1.994e-05,1.981e-05,1.992e-05,791.13712316,0.01573773,1.989e-05,0.061515273333334314,0.7302705738461527,0.5656729252941174,1.9793333333333326e-05,1.9595384615384624e-05,1.9718529411764712e-05
111,1.999e-05,1553709600,1.999e-05,1.977e-05,1.982e-05,1166.45384415,0.02311234,1.981e-05,0.060547713333334315,0.6861050215384605,0.5662312870588233,1.9893333333333328e-05,1.9610000000000007e-05,1.9715588235294123e-05
112,2.004e-05,1553716800,2.004e-05,1.984e-05,1.988e-05,5577.05239521,0.11103018,1.99e-05,0.04996008333333432,0.3596246415384605,0.564175671470588,1.9946666666666663e-05,1.9670000000000006e-05,1.97214705882353e-05
113,2.002e-05,1553724000,2.005e-05,1.991e-05,2.003e-05,5125.49458855,0.10270417,2.003e-05,0.07894889666666766,0.29281283076922976,0.566053566470588,2.001666666666666e-05,1.9717692307692315e-05,1.9727647058823537e-05
114,1.978e-05,1553731200,2.002e-05,1.976e-05,2.002e-05,7034.05806422,0.13955273,1.983e-05,0.117762360000001,0.256556779999999,0.5660876347058821,1.994666666666666e-05,1.974076923076924e-05,1.973382352941177e-05
115,1.97e-05,1553738400,1.986e-05,1.969e-05,1.977e-05,2375.18603751,0.04686956,1.973e-05,0.09637548666666766,0.1451707053846144,0.5665359102941174,1.983333333333333e-05,1.9750769230769237e-05,1.973911764705883e-05
116,1.978e-05,1553745600,1.978e-05,1.96e-05,1.969e-05,66480.86511662,1.31225021,1.973e-05,0.499557500000001,0.2218424276923067,0.584931465588235,1.975333333333333e-05,1.9756153846153853e-05,1.97464705882353e-05
117,1.958e-05,1553752800,1.978e-05,1.958e-05,1.978e-05,47914.89254229,0.93958954,1.96e-05,0.7662364366666675,0.28853537153846054,0.5102580508823527,1.968666666666666e-05,1.976307692307693e-05,1.972470588235295e-05
118,1.96e-05,1553760000,1.974e-05,1.955e-05,1.958e-05,2890.82030229,0.05655902,1.956e-05,0.7694662566666675,0.29280303999999896,0.48941540705882336,1.9653333333333327e-05,1.977076923076924e-05,1.9720588235294127e-05
119,1.979e-05,1553767200,1.986e-05,1.957e-05,1.974e-05,16016.11325227,0.31638334,1.975e-05,0.43751063333333423,0.2674769546153836,0.4983172520588234,1.9656666666666657e-05,1.9786923076923085e-05,1.972205882352942e-05
120,1.979e-05,1553774400,1.986e-05,1.971e-05,1.986e-05,3870.7420642,0.07660311,1.979e-05,0.1498484900000009,0.2545538476923067,0.499203633235294,1.972666666666666e-05,1.980384615384616e-05,1.9719117647058835e-05
121,1.984e-05,1553781600,1.992e-05,1.976e-05,1.976e-05,1713.10174089,0.0340744,1.989e-05,0.14235361666666754,0.255173799999999,0.5002058214705881,1.9806666666666658e-05,1.9815384615384625e-05,1.9717647058823542e-05
122,1.989e-05,1553788800,1.995e-05,1.981e-05,1.992e-05,4448.37452121,0.08836329,1.986e-05,0.06634693333333423,0.25098689384615286,0.5028047417647058,1.983999999999999e-05,1.9816153846153856e-05,1.9717647058823542e-05
123,1.989e-05,1553796000,1.989e-05,1.989e-05,1.989e-05,2204.95550326,0.04385656,1.989e-05,0.05543141666666756,0.2531498807692298,0.5014008497058822,1.9873333333333325e-05,1.9822307692307703e-05,1.9717352941176486e-05
124,1.989e-05,1553803200,1.989e-05,1.981e-05,1.985e-05,4606.10134614,0.09153519,1.987e-05,0.07458501333333423,0.25841317692307597,0.5032624555882351,1.988999999999999e-05,1.9814615384615394e-05,1.971705882352943e-05
125,1.981e-05,1553810400,1.995e-05,1.981e-05,1.995e-05,1184.84377256,0.02347251,1.981e-05,0.052954753333334235,0.25167797153846055,0.5003314247058822,1.9863333333333327e-05,1.979692307692309e-05,1.9719705882352958e-05
126,1.977e-05,1553817600,1.994e-05,1.977e-05,1.981e-05,90416.82022472,1.78829301,1.977e-05,0.6344335700000009,0.3813386515384606,0.5507569035294116,1.9823333333333324e-05,1.977769230769232e-05,1.97244117647059e-05
127,1.984e-05,1553824800,1.989e-05,1.972e-05,1.989e-05,2587.5558292,0.05108383,1.974e-05,0.6209497833333343,0.3745333515384605,0.5512609370588234,1.9806666666666658e-05,1.9782307692307707e-05,1.9733235294117668e-05
128,1.989e-05,1553832000,1.989e-05,1.989e-05,1.989e-05,10.0,0.0001989,1.989e-05,0.6131919133333342,0.37094330076922977,0.5302121949999998,1.9833333333333322e-05,1.9796923076923094e-05,1.9744117647058842e-05
129,1.968e-05,1553839200,1.991e-05,1.968e-05,1.98e-05,15480.96608934,0.3073367,1.985e-05,0.11953981000000098,0.2936422615384605,0.4625347202941176,1.9803333333333324e-05,1.9789230769230785e-05,1.9740294117647078e-05
130,1.991e-05,1553846400,1.991e-05,1.968e-05,1.972e-05,2139.31375284,0.04242705,1.983e-05,0.11665421666666766,0.22462976230769133,0.46227367352941173,1.982666666666666e-05,1.98146153846154e-05,1.9754411764705904e-05
131,1.984e-05,1553853600,1.996e-05,1.984e-05,1.987e-05,4437.14184902,0.08842426,1.992e-05,0.14606267000000098,0.22708093461538364,0.446389334117647,1.980999999999999e-05,1.9833076923076935e-05,1.9737058823529436e-05
132,1.962e-05,1553860800,1.977e-05,1.938e-05,1.977e-05,181623.2821831,3.54338109,1.95e-05,1.2247441333333342,0.47531153076922983,0.5330398214705881,1.978999999999999e-05,1.9820000000000014e-05,1.9731764705882375e-05
133,1.979e-05,1553868000,1.979e-05,1.964e-05,1.97e-05,5042.22269894,0.09958114,1.974e-05,1.2437954966666676,0.4770790715384606,0.4078723514705882,1.974999999999999e-05,1.9820000000000014e-05,1.9747352941176494e-05
134,2.013e-05,1553875200,2.016e-05,1.974e-05,1.978e-05,32195.77620974,0.64462825,2.002e-05,1.4291968266666677,0.5240447523076914,0.3982656026470588,1.9846666666666654e-05,1.9842307692307706e-05,1.9768823529411786e-05
135,2.013e-05,1553882400,2.016e-05,1.999e-05,2.008e-05,14942.01818519,0.30027924,2.009e-05,0.34816287666666773,0.5403459792307683,0.38913024529411766,2.0016666666666654e-05,1.9860769230769244e-05,1.9787941176470613e-05
136,2.015e-05,1553889600,2.017e-05,2.015e-05,2.017e-05,7977.55947418,0.16076382,2.015e-05,0.3685571033333344,0.5493388453846144,0.34989128323529406,2.0136666666666653e-05,1.988076923076924e-05,1.9805000000000025e-05
137,2.041e-05,1553896800,2.045e-05,2.015e-05,2.015e-05,30789.14053141,0.62242903,2.021e-05,0.3611573633333344,0.5901768330769221,0.3589180835294117,2.0229999999999988e-05,1.992076923076924e-05,1.982558823529414e-05
138,2.005e-05,1553904000,2.069e-05,2.001e-05,2.05e-05,39062.69225014,0.79663914,2.039e-05,0.5266106633333344,0.6496511892307684,0.380213903235294,2.020333333333332e-05,1.993923076923078e-05,1.9842058823529432e-05
139,2.015e-05,1553911200,2.026e-05,1.999e-05,2.022e-05,5854.12051554,0.11757848,2.008e-05,0.5122155500000011,0.5211346869230761,0.3836403488235294,2.020333333333332e-05,1.996846153846155e-05,1.9861176470588256e-05
140,1.982e-05,1553918400,2.012e-05,1.976e-05,2.012e-05,9664.52114573,0.19234506,1.99e-05,0.36885422666666773,0.5320009353846146,0.37030866088235287,2.0006666666666652e-05,1.9966923076923083e-05,1.9868235294117672e-05
141,1.986e-05,1553925600,1.986e-05,1.975e-05,1.977e-05,2151.68163832,0.04271399,1.985e-05,0.1175458433333344,0.5352713269230761,0.364370734117647,1.994333333333332e-05,1.9964615384615394e-05,1.9876764705882378e-05
142,1.986e-05,1553932800,1.99e-05,1.986e-05,1.99e-05,3406.94951118,0.0677969,1.989e-05,0.1009519833333344,0.5168451884615377,0.3655996129411764,1.9846666666666654e-05,1.9978461538461547e-05,1.988176470588238e-05
143,2.053e-05,1553940000,2.177e-05,1.988e-05,1.988e-05,150463.08253925,3.17464852,2.109e-05,1.0950531366666676,0.7577853015384607,0.45477183205882343,2.008333333333332e-05,2.0026153846153855e-05,1.9900882352941203e-05
144,2.062e-05,1553947200,2.088e-05,2.043e-05,2.063e-05,11529.35342726,0.2376964,2.061e-05,1.1600472733333342,0.7692677738461531,0.4613000282352941,2.0336666666666654e-05,2.0086153846153855e-05,1.9924705882352967e-05
145,2.05e-05,1553954400,2.05e-05,2.025e-05,2.045e-05,4150.52999622,0.0847494,2.041e-05,1.1656981066666676,0.5032191823076915,0.46311288294117636,2.0549999999999985e-05,2.0153846153846163e-05,1.9939705882352966e-05
146,2.035e-05,1553961600,2.056e-05,2.035e-05,2.047e-05,3210.90730768,0.06578677,2.048e-05,0.1294108566666677,0.5006196153846145,0.46178219441176466,2.048999999999999e-05,2.0196923076923086e-05,1.9948823529411788e-05
147,2.043e-05,1553968800,2.043e-05,2.035e-05,2.035e-05,195.82664607,0.00398553,2.035e-05,0.051507233333334373,0.45133940615384527,0.4588787049999999,2.0426666666666652e-05,2.022000000000001e-05,1.99608823529412e-05
148,2.079e-05,1553976000,2.1e-05,2.037e-05,2.04e-05,6639.46975084,0.13864787,2.088e-05,0.06947339000000104,0.4389062238461529,0.45885209147058814,2.0523333333333317e-05,2.0270769230769242e-05,1.9990588235294143e-05
149,2.108e-05,1553983200,2.121e-05,2.072e-05,2.085e-05,33506.75841065,0.70119487,2.092e-05,0.28127609000000103,0.4804778430769222,0.47809695352941156,2.076666666666665e-05,2.0342307692307705e-05,2.0031176470588263e-05
150,2.086e-05,1553990400,2.104e-05,2.073e-05,2.104e-05,20433.60384855,0.42624801,2.086e-05,0.42203025000000105,0.4653869953846145,0.4520380652941174,2.0909999999999978e-05,2.0376923076923088e-05,2.0062941176470617e-05
151,2.055e-05,1553997600,2.079e-05,2.053e-05,2.072e-05,10054.60601845,0.20808018,2.069e-05,0.4451743533333344,0.4201132292307683,0.4305230841176468,2.082999999999998e-05,2.041538461538463e-05,2.0091470588235326e-05
152,2.016e-05,1554004800,2.053e-05,1.982e-05,2.053e-05,67278.28165773,1.35297942,2.011e-05,0.6624358700000009,0.51514407076923,0.4686530958823527,2.0523333333333314e-05,2.0416153846153863e-05,2.0107941176470617e-05
153,2.013e-05,1554012000,2.013e-05,2.013e-05,2.013e-05,293.72944721,0.00591277,2.013e-05,0.5223241233333343,0.5008031253846146,0.45952160852941154,2.027999999999998e-05,2.0440000000000018e-05,2.011794117647062e-05
154,2.034e-05,1554019200,2.034e-05,2.012e-05,2.022e-05,12400.70833269,0.2512836,2.026e-05,0.5367252633333343,0.5168469415384607,0.4646592699999998,2.020999999999998e-05,2.047692307692309e-05,2.0134117647058854e-05
155,2.052e-05,1554026400,2.052e-05,2.029e-05,2.033e-05,26197.05825372,0.53615854,2.046e-05,0.2644516366666676,0.5528747599999991,0.47942645058823496,2.032999999999998e-05,2.052769230769232e-05,2.0154117647058854e-05
156,2.065e-05,1554033600,2.073e-05,2.05e-05,2.05e-05,32990.0501808,0.6823862,2.068e-05,0.48994278000000097,0.36116227384615296,0.4968977126470585,2.0503333333333314e-05,2.053692307692309e-05,2.0176470588235326e-05
157,2.057e-05,1554040800,2.087e-05,2.057e-05,2.065e-05,4113.67550311,0.08515713,2.07e-05,0.434567290000001,0.34942848384615294,0.49811243529411736,2.0579999999999983e-05,2.0533076923076932e-05,2.019647058823533e-05
158,2.079e-05,1554048000,2.079e-05,2.057e-05,2.057e-05,5228.35530792,0.10820428,2.069e-05,0.291915870000001,0.3512327053846145,0.4986027026470585,2.066999999999998e-05,2.0555384615384628e-05,2.0222941176470625e-05
159,2.062e-05,1554055200,2.07e-05,2.045e-05,2.07e-05,9959.02217578,0.20506343,2.059e-05,0.132808280000001,0.3619462946153837,0.5039436120588232,2.0659999999999982e-05,2.057615384615386e-05,2.0246764705882386e-05
160,2.046e-05,1554062400,2.046e-05,2.046e-05,2.046e-05,39.24139839,0.00080287,2.046e-05,0.10469019333333433,0.36170147461538377,0.4513703726470585,2.0623333333333316e-05,2.057846153846155e-05,2.0267058823529446e-05
161,2.07e-05,1554069600,2.082e-05,2.046e-05,2.046e-05,6925.0422553,0.14362982,2.074e-05,0.11649870666666767,0.36208470153846073,0.45409231352941143,2.0593333333333318e-05,2.0571538461538473e-05,2.0292352941176507e-05
162,2.069e-05,1554076800,2.071e-05,2.047e-05,2.062e-05,50178.5137914,1.03736119,2.067e-05,0.3939312933333343,0.38794364923076835,0.48459708676470553,2.061666666666665e-05,2.0541538461538475e-05,2.0315882352941208e-05
163,2.06e-05,1554084000,2.082e-05,2.059e-05,2.072e-05,4159.1149957,0.08632554,2.075e-05,0.422438850000001,0.361795766923076,0.4780967585294114,2.066333333333332e-05,2.052153846153848e-05,2.034294117647062e-05
164,2.06e-05,1554091200,2.062e-05,2.06e-05,2.06e-05,4640.0,0.095624,2.06e-05,0.406436910000001,0.35314529153846064,0.479661374705882,2.0629999999999984e-05,2.0525384615384633e-05,2.0363235294117677e-05
165,2.046e-05,1554098400,2.059e-05,2.046e-05,2.059e-05,78867.34925078,1.61369563,2.046e-05,0.5985483900000012,0.37320038461538374,0.5245222973529408,2.0553333333333315e-05,2.0548461538461553e-05,2.0381470588235324e-05
166,2.071e-05,1554105600,2.071e-05,2.046e-05,2.046e-05,1812.08499131,0.037366,2.062e-05,0.5822285433333344,0.3756198638461529,0.4214042064705878,2.058999999999998e-05,2.0593076923076938e-05,2.041352941176473e-05
167,2.09e-05,1554112800,2.098e-05,2.073e-05,2.08e-05,6003.76674288,0.1249851,2.081e-05,0.5920155766666678,0.3659045946153837,0.42215138176470546,2.068999999999998e-05,2.0636153846153865e-05,2.044617647058826e-05
168,2.121e-05,1554120000,2.14e-05,2.09e-05,2.09e-05,10462.24849582,0.22128943,2.115e-05,0.12788017666666773,0.34168389384615294,0.4097002399999996,2.0939999999999976e-05,2.068923076923079e-05,2.0477941176470615e-05
169,2.126e-05,1554127200,2.134e-05,2.1e-05,2.121e-05,87524.03203945,1.86440522,2.13e-05,0.736893250000001,0.43260843384615294,0.45570394529411723,2.112333333333331e-05,2.0736153846153867e-05,2.051117647058826e-05
170,2.175e-05,1554134400,2.194e-05,2.122e-05,2.133e-05,55376.93288234,1.2035667,2.173e-05,1.0964204500000012,0.5186399392307683,0.4863746182352937,2.1406666666666642e-05,2.08269230769231e-05,2.055823529411767e-05
171,2.137e-05,1554141600,2.176e-05,2.131e-05,2.176e-05,52962.49737548,1.13114542,2.135e-05,1.3997057800000012,0.5973277192307683,0.5013368649999996,2.1459999999999974e-05,2.087153846153848e-05,2.058647058823532e-05
172,2.152e-05,1554148800,2.152e-05,2.136e-05,2.136e-05,15350.44001423,0.32987659,2.148e-05,0.8881962366666679,0.6069287315384607,0.487608554705882,2.154666666666664e-05,2.094076923076925e-05,2.0629705882352968e-05
173,2.177e-05,1554156000,2.234e-05,2.15e-05,2.152e-05,34492.20463005,0.75731384,2.195e-05,0.7394452833333346,0.6651218830769222,0.506424300588235,2.155333333333331e-05,2.1041538461538484e-05,2.0677352941176497e-05
174,2.171e-05,1554163200,2.209e-05,2.154e-05,2.204e-05,43986.52328017,0.95773888,2.177e-05,0.6816431033333347,0.727745656923076,0.5289358835294113,2.1666666666666643e-05,2.1119230769230787e-05,2.0732941176470612e-05
175,2.129e-05,1554170400,2.15e-05,2.113e-05,2.15e-05,35879.09340064,0.76402791,2.129e-05,0.8263602100000015,0.706720019999999,0.550150998823529,2.1589999999999978e-05,2.116538461538463e-05,2.0775000000000024e-05
176,1.891e-05,1554177600,2.13e-05,1.769e-05,2.129e-05,414174.40629407,8.06074246,1.946e-05,3.260836416666668,1.3201367061538452,0.7852376329411761,2.063666666666664e-05,2.1035384615384633e-05,2.0747058823529435e-05
177,1.96e-05,1554184800,1.96e-05,1.891e-05,1.891e-05,135164.09408688,2.60485036,1.927e-05,3.809873576666668,1.5131541184615374,0.7684788635294114,1.993333333333331e-05,2.0958461538461554e-05,2.0719705882352965e-05
178,1.932e-05,1554192000,1.989e-05,1.927e-05,1.962e-05,12121.36678804,0.23835418,1.966e-05,3.6346490000000014,1.4073586223076915,0.7684982099999997,1.9276666666666644e-05,2.087076923076925e-05,2.0681470588235318e-05
179,1.951e-05,1554199200,1.954e-05,1.935e-05,1.935e-05,8715.70271999,0.16971361,1.947e-05,1.0043060500000014,1.417539207692307,0.7709971573529408,1.9476666666666646e-05,2.0778461538461556e-05,2.0652352941176493e-05
180,1.987e-05,1554206400,1.987e-05,1.951e-05,1.951e-05,28573.59687173,0.56198085,1.966e-05,0.3233495466666681,1.4511542653846148,0.7855911008823526,1.9566666666666646e-05,2.0699230769230784e-05,2.063823529411767e-05
181,1.955e-05,1554213600,2.01e-05,1.955e-05,1.987e-05,65086.76756007,1.28423744,1.973e-05,0.6719773000000014,1.5329194969230762,0.8232455688235291,1.9643333333333312e-05,2.0571538461538477e-05,2.0612352941176493e-05
182,1.975e-05,1554220800,1.975e-05,1.93e-05,1.952e-05,47688.54953279,0.92468279,1.939e-05,0.9236336933333348,1.4606331561538453,0.8463642429411761,1.9723333333333314e-05,2.0455384615384632e-05,2.0581764705882376e-05
183,1.988e-05,1554228000,1.991e-05,1.975e-05,1.976e-05,3561.14737416,0.07067793,1.984e-05,0.7598660533333348,1.373487866153845,0.8278196270588232,1.972666666666665e-05,2.031153846153848e-05,2.0546470588235317e-05
184,1.973e-05,1554235200,1.991e-05,1.961e-05,1.988e-05,4456.06740615,0.08793942,1.973e-05,0.3611000466666681,1.29324125076923,0.8178693744117644,1.9786666666666648e-05,2.018538461538463e-05,2.0513235294117667e-05
185,1.944e-05,1554242400,1.994e-05,1.944e-05,1.98e-05,8902.43632551,0.17592569,1.976e-05,0.11151434666666811,1.2813988738461528,0.8169236541176468,1.9683333333333318e-05,2.002538461538463e-05,2.0480588235294137e-05
186,1.913e-05,1554249600,1.945e-05,1.894e-05,1.944e-05,63704.48880998,1.21436113,1.906e-05,0.49274208000000136,1.3165563576923067,0.8128466455882349,1.943333333333332e-05,1.9822307692307706e-05,2.045029411764708e-05
187,1.877e-05,1554256800,1.912e-05,1.855e-05,1.911e-05,72234.60823474,1.35496071,1.875e-05,0.9150825100000014,1.3471118830769222,0.8525245261764703,1.9113333333333322e-05,1.959615384615386e-05,2.041029411764708e-05
188,1.87e-05,1554264000,1.877e-05,1.854e-05,1.876e-05,20818.0654389,0.3880653,1.864e-05,0.9857957133333347,1.3181916823076916,0.8565475173529409,1.886666666666665e-05,1.9396923076923094e-05,2.036205882352943e-05
189,1.877e-05,1554271200,1.877e-05,1.867e-05,1.872e-05,20161.98566476,0.37781147,1.873e-05,0.7069458266666682,0.7271969907692301,0.8518902505882351,1.874666666666665e-05,1.938615384615386e-05,2.0310588235294137e-05
190,1.875e-05,1554278400,1.882e-05,1.867e-05,1.87e-05,22219.97051936,0.41700723,1.876e-05,0.39429466666666807,0.5589013653846145,0.8440849867647057,1.8739999999999983e-05,1.9320769230769246e-05,2.0254705882352962e-05
191,1.882e-05,1554285600,1.884e-05,1.869e-05,1.869e-05,1731.0458901,0.03255227,1.88e-05,0.27579032333333475,0.5430704492307684,0.8425377849999999,1.8779999999999983e-05,1.9282307692307708e-05,2.0203235294117665e-05
192,1.92e-05,1554292800,1.931e-05,1.882e-05,1.882e-05,200335.81787902,3.82951107,1.911e-05,1.4263568566666682,0.82459333076923,0.9519879847058822,1.8923333333333315e-05,1.9258461538461554e-05,2.0156470588235312e-05
193,1.933e-05,1554300000,1.933e-05,1.92e-05,1.92e-05,4726.25901398,0.09080045,1.921e-05,1.3176212633333348,0.7883486846153839,0.9486273088235293,1.9116666666666652e-05,1.9216923076923092e-05,2.0118529411764728e-05
194,1.911e-05,1554307200,1.939e-05,1.91e-05,1.934e-05,29689.14769642,0.57047446,1.921e-05,1.4969286600000016,0.7334438399999992,0.9653823555882352,1.9213333333333318e-05,1.918307692307694e-05,2.0078823529411785e-05
195,1.886e-05,1554314400,1.91e-05,1.883e-05,1.91e-05,43046.83580725,0.81478299,1.892e-05,0.49201930000000155,0.7249900092307684,0.985122154705882,1.9099999999999987e-05,1.91146153846154e-05,2.0024705882352963e-05
196,1.848e-05,1554321600,1.88e-05,1.836e-05,1.88e-05,18427.00912062,0.34149352,1.853e-05,0.5755836566666682,0.7458219776923068,0.9646554585294115,1.8816666666666652e-05,1.900692307692309e-05,1.9959705882352962e-05
197,1.8e-05,1554328800,1.857e-05,1.745e-05,1.848e-05,174973.28133307,3.12150547,1.783e-05,1.4259273266666683,0.9791732123076914,1.0539254564705882,1.844666666666665e-05,1.887384615384617e-05,1.9883235294117668e-05
198,1.791e-05,1554336000,1.795e-05,1.772e-05,1.785e-05,40835.09211962,0.7292782,1.785e-05,1.3974257300000017,1.021738789999999,1.0725623447058823,1.8129999999999984e-05,1.8756153846153862e-05,1.9804117647058845e-05
199,1.78e-05,1554343200,1.792e-05,1.766e-05,1.787e-05,9181.11320907,0.16413561,1.787e-05,1.3383064266666682,0.9409522115384606,1.0299282264705882,1.7903333333333315e-05,1.865384615384617e-05,1.9725882352941198e-05
200,1.79e-05,1554350400,1.79e-05,1.77e-05,1.77e-05,9062.14199115,0.16060759,1.772e-05,0.3513404666666681,0.8490788946153837,1.033552979117647,1.786999999999998e-05,1.8586923076923093e-05,1.964323529411767e-05
201,1.812e-05,1554357600,1.813e-05,1.799e-05,1.8e-05,2104.45523112,0.03806604,1.808e-05,0.12093641333333476,0.8221558746153838,1.0309965361764704,1.793999999999998e-05,1.8542307692307708e-05,1.9561470588235315e-05
202,1.829e-05,1554364800,1.859e-05,1.811e-05,1.826e-05,31438.69039427,0.5801636,1.845e-05,0.2596124100000014,0.8377214230769223,1.0415516588235292,1.8103333333333316e-05,1.8505384615384632e-05,1.947558823529414e-05
203,1.803e-05,1554372000,1.835e-05,1.803e-05,1.81e-05,4268.91435828,0.07750891,1.815e-05,0.23191285000000142,0.811606167692307,0.9889958849999997,1.814666666666665e-05,1.8450000000000018e-05,1.938058823529414e-05
204,1.807e-05,1554379200,1.814e-05,1.792e-05,1.812e-05,28328.4063353,0.51212397,1.807e-05,0.38993216000000147,0.8484962984615377,0.9686593341176466,1.812999999999998e-05,1.839230769230771e-05,1.9272352941176496e-05
205,1.812e-05,1554386400,1.817e-05,1.8e-05,1.808e-05,8427.24665021,0.15283062,1.813e-05,0.24748783333333482,0.5656747253846146,0.9398853694117644,1.807333333333331e-05,1.8309230769230785e-05,1.9176764705882378e-05
206,1.782e-05,1554393600,1.802e-05,1.774e-05,1.792e-05,31332.00941459,0.56192218,1.793e-05,0.4089589233333349,0.6019148584615377,0.9467102397058821,1.8003333333333314e-05,1.819307692307694e-05,1.906794117647061e-05
207,1.79e-05,1554400800,1.79e-05,1.767e-05,1.772e-05,184241.63644994,3.26978543,1.774e-05,1.3281794100000015,0.8095541638461531,1.020606462941176,1.7946666666666645e-05,1.810000000000002e-05,1.895411764705885e-05
208,1.793e-05,1554408000,1.793e-05,1.774e-05,1.791e-05,1459.16512083,0.02608651,1.787e-05,1.2859313733333348,0.7488852038461532,0.9932049226470584,1.7883333333333315e-05,1.802846153846156e-05,1.8842941176470615e-05
209,1.779e-05,1554415200,1.795e-05,1.775e-05,1.775e-05,5622.62968284,0.09996741,1.777e-05,1.1319464500000016,0.7303062723076916,0.9736737314705877,1.7873333333333317e-05,1.797538461538464e-05,1.8740000000000027e-05
210,1.793e-05,1554422400,1.815e-05,1.792e-05,1.795e-05,244252.02755984,4.38869957,1.796e-05,1.5049178300000012,0.8277827415384608,0.8656724699999994,1.7883333333333315e-05,1.7970000000000023e-05,1.871117647058826e-05
211,1.829e-05,1554429600,1.846e-05,1.8e-05,1.8e-05,8053.10681769,0.14627938,1.816e-05,1.5449821200000013,0.7829366784615377,0.7933615588235288,1.8003333333333317e-05,1.7999230769230793e-05,1.8672647058823555e-05
212,1.832e-05,1554436800,1.85e-05,1.823e-05,1.838e-05,9153.57069002,0.16815226,1.837e-05,1.567710403333335,0.7832456515384607,0.7912967964705875,1.8179999999999982e-05,1.8039230769230793e-05,1.864323529411767e-05
213,1.842e-05,1554444000,1.842e-05,1.828e-05,1.833e-05,596.47441179,0.01093994,1.834e-05,0.10845719333333499,0.7717327553846146,0.7866269826470581,1.8343333333333318e-05,1.8079230769230796e-05,1.8611176470588256e-05
214,1.849e-05,1554451200,1.854e-05,1.832e-05,1.84e-05,54539.71539879,1.00125994,1.835e-05,0.393450713333335,0.845824593846153,0.7995469558823523,1.8409999999999985e-05,1.8107692307692336e-05,1.857058823529414e-05
215,1.856e-05,1554458400,1.863e-05,1.849e-05,1.849e-05,4105.58090295,0.07633266,1.859e-05,0.3628441800000017,0.8070683676923068,0.7640203447058816,1.8489999999999984e-05,1.8128461538461566e-05,1.854147058823532e-05
216,1.847e-05,1554465600,1.862e-05,1.824e-05,1.862e-05,30214.64297369,0.55289435,1.829e-05,0.5434956500000016,0.8436364784615377,0.7530853905882346,1.8506666666666653e-05,1.8162307692307722e-05,1.850382352941179e-05
217,1.848e-05,1554472800,1.85e-05,1.835e-05,1.84e-05,8811.67397475,0.16261226,1.845e-05,0.2639464233333349,0.8167509623076915,0.7557893414705876,1.850333333333332e-05,1.8193846153846185e-05,1.8462647058823555e-05
218,1.841e-05,1554480000,1.848e-05,1.84e-05,1.84e-05,2293.10465027,0.04227297,1.843e-05,0.2525931933333349,0.808246527692307,0.7544462105882346,1.8453333333333318e-05,1.8216153846153874e-05,1.8423823529411788e-05
219,1.849e-05,1554487200,1.85e-05,1.841e-05,1.841e-05,4345.60779283,0.08016071,1.844e-05,0.0950153133333349,0.7711879530769223,0.751629593529411,1.8459999999999982e-05,1.826769230769234e-05,1.83958823529412e-05
220,1.843e-05,1554494400,1.843e-05,1.832e-05,1.841e-05,5151.42702353,0.09439317,1.832e-05,0.07227561666666825,0.5269270099999992,0.718689359411764,1.8443333333333317e-05,1.830846153846157e-05,1.8375294117647083e-05
221,1.858e-05,1554501600,1.858e-05,1.841e-05,1.841e-05,19001.88130308,0.35087483,1.846e-05,0.17514290333333493,0.5519107269230762,0.6891574217647052,1.8499999999999982e-05,1.8358461538461572e-05,1.8369705882352966e-05
222,1.854e-05,1554508800,1.87e-05,1.854e-05,1.858e-05,6556.15906354,0.1221239,1.862e-05,0.1891306333333349,0.5536150723076916,0.6813356158823521,1.8516666666666648e-05,1.841615384615388e-05,1.8365000000000028e-05
223,1.854e-05,1554516000,1.862e-05,1.854e-05,1.862e-05,187.41134158,0.00348325,1.858e-05,0.15882732666666824,0.21629073999999934,0.6703259623529403,1.8553333333333317e-05,1.8463076923076957e-05,1.8358235294117675e-05
224,1.853e-05,1554523200,1.867e-05,1.853e-05,1.867e-05,33.14792282,0.00061734,1.862e-05,0.04207483000000158,0.205085967692307,0.6580792008823522,1.853666666666665e-05,1.8481538461538498e-05,1.8351764705882382e-05
225,1.855e-05,1554530400,1.864e-05,1.852e-05,1.853e-05,5808.58721849,0.10804938,1.86e-05,0.03738332333333492,0.20046266923076855,0.6602997041176463,1.8539999999999985e-05,1.8499230769230805e-05,1.8343823529411792e-05
226,1.847e-05,1554537600,1.852e-05,1.847e-05,1.852e-05,518.52341739,0.00959175,1.849e-05,0.039419490000001584,0.20035896230769162,0.5479491358823522,1.8516666666666655e-05,1.850307692307696e-05,1.83223529411765e-05
227,1.872e-05,1554544800,1.884e-05,1.864e-05,1.865e-05,18646.50596257,0.35046518,1.879e-05,0.15603543666666822,0.15029782692307625,0.5555863338235286,1.8579999999999988e-05,1.8520769230769267e-05,1.830441176470591e-05
228,1.877e-05,1554552000,1.881e-05,1.868e-05,1.871e-05,16178.30159106,0.30332119,1.874e-05,0.22112604000000158,0.1677584830769224,0.5477288847058815,1.865333333333332e-05,1.8536923076923116e-05,1.8294411764705908e-05
229,1.87e-05,1554559200,1.88e-05,1.86e-05,1.867e-05,6901.61638167,0.12872964,1.865e-05,0.26083867000000155,0.1351304284615378,0.5275508449999992,1.872999999999999e-05,1.8554615384615423e-05,1.8289705882352967e-05
230,1.825e-05,1554566400,1.863e-05,1.75e-05,1.863e-05,557513.46886868,9.94352163,1.783e-05,3.4585241533333346,0.8875080723076916,0.8099634364705873,1.857333333333332e-05,1.853692307692312e-05,1.8282941176470613e-05
231,1.812e-05,1554573600,1.831e-05,1.805e-05,1.831e-05,6321.20429527,0.11470423,1.814e-05,3.3956518333333343,0.8930797076923068,0.721528105882352,1.8356666666666653e-05,1.8514615384615427e-05,1.828647058823532e-05
232,1.815e-05,1554580800,1.842e-05,1.815e-05,1.816e-05,127400.70660793,2.33383655,1.831e-05,4.130687470000002,1.066439387692307,0.768720998529411,1.8173333333333317e-05,1.848846153846158e-05,1.8293529411764735e-05
233,1.794e-05,1554588000,1.826e-05,1.783e-05,1.815e-05,8261.09084562,0.14827299,1.794e-05,0.865604590000002,1.0705839892307685,0.7682544508823521,1.8069999999999985e-05,1.8450769230769273e-05,1.829764705882356e-05
234,1.802e-05,1554595200,1.803e-05,1.794e-05,1.794e-05,5496.27503527,0.09864898,1.794e-05,0.860252840000002,1.05118200076923,0.7664321388235286,1.8036666666666653e-05,1.840769230769235e-05,1.830117647058826e-05
235,1.792e-05,1554602400,1.8e-05,1.78e-05,1.795e-05,4374.90251673,0.07803239,1.783e-05,0.10831812000000207,1.0477903461538456,0.7676076197058815,1.7959999999999987e-05,1.836000000000004e-05,1.8295294117647084e-05
236,1.792e-05,1554609600,1.792e-05,1.792e-05,1.792e-05,0.0,0.0,1.792e-05,0.058893790000002076,1.0475224038461532,0.750543984411764,1.795333333333332e-05,1.8312307692307736e-05,1.828441176470591e-05
237,1.804e-05,1554616800,1.804e-05,1.793e-05,1.793e-05,7048.51053387,0.12666004,1.796e-05,0.06823081000000208,1.0572179961538455,0.7519896058823522,1.7959999999999987e-05,1.8274615384615426e-05,1.8284705882352966e-05
238,1.819e-05,1554624000,1.819e-05,1.799e-05,1.804e-05,3303.64989708,0.05972007,1.807e-05,0.06212670333333542,1.053500356923076,0.7386836088235287,1.804999999999998e-05,1.824692307692312e-05,1.828823529411767e-05
239,1.822e-05,1554631200,1.822e-05,1.818e-05,1.818e-05,16581.08021448,0.30201244,1.821e-05,0.16279751666666875,1.0759942561538454,0.7430713094117639,1.814999999999998e-05,1.822769230769235e-05,1.8291176470588256e-05
240,1.802e-05,1554638400,1.815e-05,1.793e-05,1.815e-05,3831.5974611,0.0689103,1.798e-05,0.1435476033333354,1.0543361884615376,0.7285709599999992,1.8143333333333313e-05,1.8173846153846196e-05,1.8297058823529433e-05
241,1.821e-05,1554645600,1.822e-05,1.802e-05,1.802e-05,1285.99951764,0.02329833,1.811e-05,0.1314070233333354,1.0327959684615378,0.6330860452941168,1.814999999999998e-05,1.8130769230769272e-05,1.8306176470588258e-05
242,1.824e-05,1554652800,1.824e-05,1.812e-05,1.812e-05,28.28375366,0.00051413,1.817e-05,0.030907586666668745,1.0229332369230761,0.6323339164705875,1.8156666666666648e-05,1.8095384615384658e-05,1.831529411764708e-05
243,1.831e-05,1554660000,1.839e-05,1.831e-05,1.831e-05,2036.28707723,0.03741699,1.837e-05,0.020409816666668742,0.260925187692307,0.6304941982352933,1.8253333333333313e-05,1.810000000000004e-05,1.8330588235294142e-05
244,1.829e-05,1554667200,1.829e-05,1.829e-05,1.829e-05,109.23,0.00199781,1.829e-05,0.013309643333335409,0.25225546307692237,0.5014735582352933,1.8279999999999977e-05,1.8113076923076965e-05,1.834117647058826e-05
245,1.845e-05,1554674400,1.845e-05,1.829e-05,1.829e-05,3957.25754444,0.07269303,1.836e-05,0.03736927666666875,0.07832134615384545,0.4993092538235286,1.8349999999999975e-05,1.8136153846153885e-05,1.83458823529412e-05
246,1.827e-05,1554681600,1.878e-05,1.827e-05,1.845e-05,50410.25556759,0.94294564,1.87e-05,0.33921216000000204,0.13945001153846084,0.5220972944117639,1.8336666666666643e-05,1.81615384615385e-05,1.834441176470591e-05
247,1.808e-05,1554688800,1.821e-05,1.796e-05,1.821e-05,3566.72601078,0.06463318,1.812e-05,0.3600906166666687,0.13683341153846085,0.5236765073529405,1.8266666666666642e-05,1.8166153846153883e-05,1.8334411764705907e-05
248,1.789e-05,1554696000,1.806e-05,1.789e-05,1.806e-05,2386.56521818,0.04289871,1.797e-05,0.35015917666666874,0.13413082076923008,0.4954894123529404,1.8079999999999976e-05,1.8163846153846194e-05,1.8316764705882376e-05
249,1.814e-05,1554703200,1.814e-05,1.812e-05,1.814e-05,1206.267916,0.02187949,1.813e-05,0.04313712666666877,0.13581385846153776,0.49388784852941103,1.8036666666666642e-05,1.818076923076927e-05,1.8304411764705906e-05
250,1.775e-05,1554710400,1.8e-05,1.769e-05,1.8e-05,6890.40005833,0.12261888,1.779e-05,0.062465693333335424,0.13550299999999932,0.4812326876470582,1.7926666666666642e-05,1.8158461538461578e-05,1.828323529411767e-05
251,1.69e-05,1554717600,1.775e-05,1.687e-05,1.775e-05,39947.91357632,0.67978191,1.701e-05,0.2747600933333354,0.18320006461538393,0.49644355970588167,1.7596666666666643e-05,1.805923076923081e-05,1.8236764705882377e-05
252,1.713e-05,1554724800,1.725e-05,1.685e-05,1.689e-05,14545.39259268,0.24685183,1.697e-05,0.3497508733333354,0.17895694076923008,0.5024605849999993,1.7259999999999977e-05,1.7975384615384656e-05,1.8199117647058846e-05
