,close,date,high,low,open,quoteVolume,volume,weightedAverage,avg_vol_3,avg_vol_13,avg_vol_34,avg_close_3,avg_close_13,avg_close_34
0,0.02058003,1543183200,0.02151974,0.01910901,0.01938236,9754.98711469,200.14021441,0.0205167,-99999.0,-99999.0,-99999.0,-99999.0,-99999.0,-99999.0
1,0.02148486,1543190400,0.02196236,0.02044627,0.02063799,12553.25714158,268.92493649,0.02142272,-99999.0,-99999.0,-99999.0,-99999.0,-99999.0,-99999.0
2,0.0229,1543197600,0.02309995,0.02101213,0.02148483,9463.89729853,211.86040821,0.02238616,226.97518637,-99999.0,-99999.0,0.021654963333333332,-99999.0,-99999.0
3,0.02279934,1543204800,0.0234442,0.02219059,0.0229,5836.74833253,133.47880617,0.02286869,204.75471695666667,-99999.0,-99999.0,0.022394733333333333,-99999.0,-99999.0
4,0.02339001,1543212000,0.02343629,0.0225,0.02279934,7218.75480419,164.93224562,0.02284774,170.09048666666666,-99999.0,-99999.0,0.02302978333333333,-99999.0,-99999.0
5,0.02800005,1543219200,0.0285,0.02298489,0.02339,30834.26321715,793.33504904,0.025729,363.9153669433333,-99999.0,-99999.0,0.024729799999999996,-99999.0,-99999.0
6,0.0274738,1543226400,0.02949572,0.02480005,0.02800005,36593.13842345,981.53281476,0.02682286,646.6000364733333,-99999.0,-99999.0,0.026287953333333326,-99999.0,-99999.0
7,0.0239,1543233600,0.029,0.0237,0.0274738,31708.85684522,837.70522054,0.02641865,870.8576947799999,-99999.0,-99999.0,0.026457949999999994,-99999.0,-99999.0
8,0.026354,1543240800,0.0269999,0.02150013,0.02390001,48690.02701851,1177.49376521,0.02418346,998.9106001699998,-99999.0,-99999.0,0.025909266666666663,-99999.0,-99999.0
9,0.02488947,1543248000,0.02681976,0.02430001,0.02639997,17742.39596156,458.28344128,0.02582985,824.4941423433332,-99999.0,-99999.0,0.02504782333333333,-99999.0,-99999.0
10,0.02445346,1543255200,0.02525794,0.022,0.025,11792.28410659,285.05589335,0.02417308,640.2776999466665,-99999.0,-99999.0,0.025232309999999994,-99999.0,-99999.0
11,0.0267046,1543262400,0.027,0.02434052,0.0245,8352.27175239,215.92900825,0.02585272,319.75611429333327,-99999.0,-99999.0,0.025349176666666657,-99999.0,-99999.0
12,0.027,1543269600,0.027449,0.02581065,0.0267046,8209.13169765,217.57330712,0.02650381,239.5194029066666,457.40347003461545,-99999.0,0.026052686666666658,0.02460997076923077,-99999.0
13,0.02973752,1543276800,0.03076326,0.02695636,0.027,17790.22180039,520.77701961,0.02927321,318.0931116599999,482.06783966538467,-99999.0,0.027814039999999995,0.025314393076923077,-99999.0
14,0.0285,1543284000,0.0302456,0.0275,0.02973751,9045.46509942,262.1117287,0.02897714,333.48735180999995,481.54374675846157,-99999.0,0.02841250666666666,0.025854019230769236,-99999.0
15,0.02772862,1543291200,0.02870057,0.02618,0.0285,5508.3198284,152.24102678,0.02763837,311.70992502999997,476.95764049461536,-99999.0,0.028655379999999994,0.026225451538461543,-99999.0
16,0.02650806,1543298400,0.0278,0.02650806,0.0276948,4756.28988589,130.20969417,0.02737631,181.52081654999992,476.70617034076923,-99999.0,0.027578893333333326,0.026510737692307697,-99999.0
17,0.02540368,1543305600,0.0267,0.02450001,0.02669996,10544.2956097,271.45190706,0.02574395,184.63420933666657,484.8999904515385,-99999.0,0.02654678666666666,0.026665635384615385,-99999.0
18,0.0232818,1543312800,0.0255,0.023134,0.02540385,9634.87702884,233.54928641,0.02423998,211.7369625466666,441.8395471723077,-99999.0,0.02506451333333333,0.02630269307692308,-99999.0
19,0.02466559,1543320000,0.02581305,0.0225,0.0232818,11385.62791689,273.33898155,0.02400736,259.44672500666655,387.36309846384614,-99999.0,0.024450356666666662,0.026086676923076927,-99999.0
20,0.02375073,1543327200,0.0248875,0.023001,0.02466556,3520.11930445,84.0378812,0.02387358,196.97538305333327,329.38868774538463,-99999.0,0.02389937333333333,0.02607519461538462,-99999.0
21,0.02398298,1543334400,0.02449948,0.02371543,0.02375079,1946.6935208,47.03013884,0.02415898,134.80233386333325,242.4299472553847,-99999.0,0.0241331,0.025892808461538467,-99999.0
22,0.02388605,1543341600,0.02403663,0.0235,0.02400015,1337.64660323,31.85809003,0.02381652,54.30870335666655,209.62799715923086,-99999.0,0.02387325333333333,0.025815622307692312,-99999.0
23,0.02125,1543348800,0.02401233,0.02125,0.02388605,9727.06768958,219.39537136,0.02255513,99.42786674333321,204.5771877753847,-99999.0,0.023039676666666665,0.025569202307692312,-99999.0
24,0.02224,1543356000,0.02318091,0.02104,0.02125002,10822.26567786,239.71499664,0.02215016,163.65615267666655,206.40687919000007,-99999.0,0.02245868333333333,0.02522577153846154,-99999.0
25,0.02025,1543363200,0.0221577,0.02025,0.0221577,6683.58026667,140.47979766,0.02101864,199.86338855333324,200.4766092315385,-99999.0,0.021246666666666664,0.02470654076923077,-99999.0
26,0.02002786,1543370400,0.02100776,0.02001001,0.02025,5806.00791626,118.58242521,0.02042408,166.25907316999988,169.53856350846158,-99999.0,0.020839286666666665,0.023959643846153844,-99999.0
27,0.01884133,1543377600,0.02055,0.01800001,0.02002786,10877.17726373,206.939034,0.01902506,155.3337522899999,165.29451007000003,-99999.0,0.019706396666666667,0.023216669230769225,-99999.0
28,0.02197818,1543384800,0.0225,0.01865319,0.01883336,15143.07239482,313.06001834,0.02067348,212.86049251666654,177.66520172846157,-99999.0,0.020282456666666667,0.02277432769230769,-99999.0
29,0.02183928,1543392000,0.02234034,0.02090854,0.02193845,3893.03386557,83.92583779,0.02155795,201.3082967099999,174.10490508384618,-99999.0,0.020886263333333332,0.022415190769230767,-99999.0
30,0.02322,1543399200,0.02350747,0.02140769,0.02161079,5348.98683878,121.50501286,0.02271551,172.83028966333322,162.57052860692312,-99999.0,0.02234582,0.022247215384615385,-99999.0
31,0.02177497,1543406400,0.02322,0.021153,0.02322,4010.24502242,87.6395017,0.0218539,97.69011744999987,151.3466990138462,-99999.0,0.022278083333333334,0.022131305384615385,-99999.0
32,0.0214494,1543413600,0.02199222,0.0212,0.02180752,3753.84734755,80.63093736,0.02147954,96.59181730666654,136.52300330692313,-99999.0,0.02214812333333333,0.021883906153846153,-99999.0
33,0.02112395,1543420800,0.02198509,0.02092583,0.02154494,3380.37682989,72.20599179,0.02136033,80.15881028333321,135.61285796769238,283.4391114561765,0.021449439999999997,0.021681846153846156,0.023863812352941178
34,0.02059996,1543428000,0.02166525,0.02040912,0.02112395,3667.6699937,76.56516442,0.02087569,76.46736452333322,137.88478301230774,279.804551162353,0.021057769999999993,0.021421613846153844,0.023864398529411766
35,0.02133248,1543435200,0.02168084,0.02039476,0.02059899,2557.23264712,53.83628426,0.02105255,67.53581348999988,139.57541333769234,273.4784143320589,0.021018796666666662,0.021225185384615382,0.02385991676470588
36,0.02136001,1543442400,0.0216062,0.02099868,0.0214077,1687.60996271,35.99920097,0.02133146,55.46688321666655,125.46801561538464,268.3060258838236,0.02109748333333333,0.02123364769230769,0.023814622941176467
37,0.02072979,1543449600,0.02157337,0.02063871,0.02136006,3892.93255921,82.14864216,0.02110199,57.32804246333322,113.3475268092308,266.7963151776471,0.021140759999999995,0.021117477692307693,0.023753753823529407
38,0.02127989,1543456800,0.02172602,0.02072964,0.02080016,2568.06149513,54.91551944,0.02138403,57.68778752333321,106.76565925384618,263.5605291135294,0.021123229999999993,0.021196700000000006,0.02369169147058823
39,0.02117693,1543464000,0.02134355,0.02102149,0.02120504,994.45899108,21.05909631,0.02117643,52.70775263666655,99.26386472307695,240.84653050382357,0.021062203333333324,0.021285090000000003,0.02349101147058823
40,0.02114988,1543471200,0.02139321,0.02080887,0.02124999,846.6569517,17.86991484,0.02110644,31.28151019666655,84.72008632615388,212.50350403558826,0.021202233333333324,0.021462670769230772,0.023305013823529407
41,0.0215017,1543478400,0.02193308,0.02080111,0.02102331,3701.37685299,78.88268453,0.02131171,39.27056522666655,66.70644526384619,190.18519415294122,0.021276169999999994,0.021426018461538465,0.023234475588235288
42,0.02071401,1543485600,0.02137319,0.02063871,0.02137296,3530.31638729,73.98862401,0.02095807,56.913741126666544,65.94204420384618,157.72916058823535,0.021121863333333327,0.021339459230769235,0.023068593529411756
43,0.02040912,1543492800,0.02094811,0.02040912,0.02071353,3581.61143244,74.10360405,0.02069001,75.65830419666655,62.295781987692344,146.42975361088241,0.02087494333333333,0.021123237692307693,0.022936818529411755
44,0.02142983,1543500000,0.0217,0.02020001,0.02040912,5177.89700853,108.30932446,0.02091762,85.46718417333322,63.88576835384619,141.23132511411774,0.020850986666666665,0.021096688461538463,0.022847888235294107
45,0.0211686,1543507200,0.02151299,0.021,0.02142983,1380.74245118,29.18258664,0.02113543,70.53183838333322,59.92820291384619,135.73878330205892,0.02100251666666666,0.02107508846153846,0.022685064705882343
46,0.02149999,1543514400,0.02149999,0.0208228,0.0211143,1594.36172324,33.69172983,0.02113179,57.061213643333225,56.96556737846158,130.33050161705893,0.021366139999999992,0.021104014615384616,0.022523299705882342
47,0.02200001,1543521600,0.02274899,0.02131323,0.02149995,3541.84364773,77.59501187,0.02190808,46.823109446666564,57.04478641307696,117.29573668352953,0.021556199999999994,0.021211710769230768,0.02229572588235293
48,0.02215894,1543528800,0.02232301,0.02153,0.02208059,2439.05742544,53.31884698,0.02186043,54.86852955999989,57.00498354538466,111.15476957411775,0.021886313333333327,0.021275284615384617,0.02210922411764705
49,0.02406114,1543536000,0.02456641,0.02136992,0.022036,5332.74862996,124.62264156,0.0233693,85.1788334699999,63.82217128307697,110.34246412647069,0.022740029999999994,0.021483063846153845,0.02200135705882352
50,0.02325022,1543543200,0.02406114,0.02300011,0.02406114,3348.52613942,78.75234486,0.0235185,85.56461113333323,63.56091764461543,108.82901267617657,0.02315676666666666,0.021676943076923076,0.02190553823529411
51,0.02342571,1543550400,0.02365616,0.02315283,0.02317281,1398.36296632,32.72911574,0.0234053,78.70136738666656,61.85427120615389,101.80775410794128,0.023579023333333327,0.021842006153846148,0.021847362647058815
52,0.02279328,1543557600,0.0235072,0.0223333,0.0235072,2810.16306173,64.13010592,0.02282077,58.53718883999989,65.1674257915385,96.82483703470598,0.023156403333333325,0.021966340769230763,0.0218329944117647
53,0.02314424,1543564800,0.02327974,0.02190303,0.02279487,3958.76861804,89.63484196,0.0226421,62.16468787333323,70.68780480076929,91.42177410558833,0.023121076666666657,0.022119753076923068,0.021788248823529404
54,0.02374448,1543572000,0.02420954,0.02276054,0.0231582,6992.78552896,165.71047857,0.02369734,106.49180881666655,77.36686588076928,93.82390932235303,0.023227333333333322,0.02229227461538461,0.021788064999999992
55,0.0232,1543579200,0.02400001,0.02271737,0.0238,7908.54899581,185.40173036,0.0234432,146.91568362999988,85.93710483076929,97.89366201411774,0.023362906666666655,0.022483504615384606,0.02176503617647058
56,0.0234,1543586400,0.02399348,0.02321698,0.02321698,2752.49401899,64.90200415,0.02357934,138.67140435999985,85.2292894538462,98.86554184117657,0.023448159999999992,0.022713572307692297,0.021750740588235284
57,0.02368661,1543593600,0.02393445,0.02338634,0.0234,930.9239484,22.01270202,0.02364607,90.77214550999986,78.59108772769235,93.0601692135295,0.02342886999999999,0.02288717076923076,0.021822405588235286
58,0.0242,1543600800,0.0244,0.0234502,0.02368697,2746.74329359,65.40949688,0.02381347,50.77473434999987,81.37777313076928,87.93353686764715,0.023762203333333325,0.023120355384615376,0.021880052647058813
59,0.02413791,1543608000,0.02422846,0.02376,0.02419998,1386.61312182,33.26398299,0.02398937,40.22872729666653,81.34486952769235,84.78013055382361,0.024008173333333323,0.023323272307692298,0.021994402941176463
60,0.02350001,1543615200,0.02423001,0.02350001,0.02413737,835.71503162,20.06342929,0.0240075,39.57896971999986,76.91936317538466,81.88251302676478,0.023945973333333325,0.023438656923076912,0.022096524999999992
61,0.02327769,1543622400,0.02369,0.02280001,0.0235006,3143.0559218,72.64727872,0.02311358,41.99156366666653,78.40616561692312,77.93275551852949,0.023638536666666658,0.023524714615384603,0.022227006176470582
62,0.02264432,1543629600,0.0234995,0.02264432,0.0232777,1799.95504508,41.5499034,0.02308385,44.75353713666652,72.0159549892308,69.94716390264713,0.023140673333333323,0.02341572846153845,0.02224659852941176
63,0.02219744,1543636800,0.02279328,0.02197349,0.02266372,2566.35991818,57.38656352,0.02236107,57.194581879999866,70.37243334769235,69.16659701235301,0.022706483333333322,0.023334745384615378,0.02225713264705882
64,0.02225841,1543644000,0.02240619,0.02197178,0.022175,497.78418584,11.0741345,0.02224685,36.67020047333319,68.70666556000005,65.91863000176478,0.022366723333333324,0.02324495307692307,0.022228850588235288
65,0.02267951,1543651200,0.02275743,0.02225574,0.02228124,1431.93130348,32.37110837,0.0226066,33.610602129999855,66.26366574846158,64.29308902147066,0.022378453333333326,0.023236201538461534,0.022255454705882347
66,0.02240662,1543658400,0.02286208,0.0223,0.02269696,2667.50879705,60.2707128,0.02259438,34.57198522333318,64.00488658230773,63.694258887353016,0.022448179999999995,0.023179461538461534,0.022283608235294114
67,0.02280863,1543665600,0.02294166,0.02212001,0.02236039,1861.57182423,41.98684206,0.02255451,44.8762210766665,54.48768377384619,62.805460365882425,0.022631586666666658,0.023107473076923072,0.02233315764705882
68,0.02270024,1543672800,0.02294162,0.02265,0.02280888,2388.7380098,54.39614209,0.02277191,52.21789898333318,44.410330830000035,62.15343029735301,0.022638496666666657,0.023069029999999994,0.022394930588235294
69,0.02253918,1543680000,0.02274299,0.02219126,0.02270036,2118.72007337,47.40814024,0.02237583,47.93037479666651,43.064648990769264,61.964367237941254,0.022682683333333318,0.023002813076923073,0.02243042176470588
70,0.02232303,1543687200,0.02285111,0.02228465,0.02250812,2481.65247217,56.11093915,0.02261031,52.63840715999985,45.68759030846157,62.55588894911772,0.022520816666666655,0.022897922307692307,0.022458745882352943
71,0.02252942,1543694400,0.02262999,0.02222666,0.02231002,177.35037552,3.97722274,0.02242579,35.83210070999986,40.96203075923081,60.25672955441184,0.022463876666666657,0.022769416153846152,0.02251167617647059
72,0.02230197,1543701600,0.0225987,0.02203872,0.02247032,758.72869917,16.95977951,0.02235289,25.682647133333187,39.70786126076926,59.14038426235302,0.022384806666666656,0.02262819,0.02254173735294118
73,0.02239571,1543708800,0.02285113,0.02195345,0.02226002,4314.24732233,97.60186901,0.02262315,39.51295708666652,45.67235662384618,61.391642282941255,0.022409033333333318,0.022543243846153846,0.022577583823529413
74,0.02260277,1543716000,0.02272137,0.02226128,0.02239571,1909.93564098,43.02845859,0.02252874,52.53003570333319,43.39398584461541,62.13159945205889,0.02243348333333332,0.022491326923076923,0.022620315882352943
75,0.02290043,1543723200,0.02307374,0.02245966,0.02265171,2112.6292005,48.11811323,0.02277641,62.91614694333319,43.899232754615404,61.226759119705946,0.022632969999999985,0.02251102769230769,0.022661455000000004
76,0.02346185,1543730400,0.02409,0.02277346,0.02297163,2894.92457428,68.3461376,0.02360895,53.16423647333318,44.74227691461541,61.06080363705889,0.022988349999999987,0.022608289999999996,0.02274227382352942
77,0.02438671,1543737600,0.0245,0.02322,0.02343065,2662.67171364,63.61101818,0.02388992,60.02508966999985,48.78357565923079,60.75219817029419,0.02358299666666665,0.02277200538461538,0.02285926176470589
78,0.0244326,1543744800,0.0245,0.02368681,0.02437462,3879.9789563,93.91916904,0.0242061,75.29210827333317,53.51804186461541,60.32895830500007,0.024093719999999985,0.022906858461538452,0.022947578529411775
79,0.02399,1543752000,0.0245043,0.02375707,0.02426025,2623.24792908,63.17452702,0.02408256,73.56823807999983,53.7414121892308,61.32872125735301,0.024269769999999986,0.023028656923076915,0.02303056088235295
80,0.02389392,1543759200,0.02422894,0.02382113,0.02382113,1377.2371768,33.1401702,0.02406279,63.41128875333316,53.0608989692308,61.31249891529418,0.024105506666666655,0.023112140769230762,0.023100970588235303
81,0.0239,1543766400,0.024399,0.02389699,0.02389699,850.84116894,20.5630852,0.02416794,38.959260806666485,50.458356131538494,59.635089307353,0.023927973333333324,0.023204429999999995,0.023156852647058832
82,0.02403,1543773600,0.02420997,0.02382218,0.02395076,503.43093347,12.13905962,0.02411266,21.94743833999982,47.74534993000004,58.42391909088241,0.02394130666666666,0.023319108461538455,0.023211883823529424
83,0.02378588,1543780800,0.0242192,0.02363615,0.02403,824.47322164,19.66910247,0.02385656,17.45708242999982,44.94213172384619,55.33705029411771,0.023905293333333324,0.023431635384615377,0.02320378794117648
84,0.02407224,1543788000,0.02444432,0.02367905,0.02378556,1511.29457117,36.35153475,0.02405324,22.719898946666486,47.43246341692311,54.08996764382359,0.023962706666666656,0.023550313846153838,0.02322796500000001
85,0.02370779,1543795200,0.02420723,0.0237,0.02407226,785.8116604,18.89317248,0.02404287,24.97126989999982,47.58118595307696,53.68302813617653,0.023855303333333328,0.023658453846153837,0.023236261470588243
86,0.02333196,1543802400,0.024,0.02331009,0.02370777,2376.99560258,56.48563299,0.02376345,37.24344673999982,44.418398566923116,53.45819069705888,0.02370399666666666,0.023730473076923067,0.02325210500000001
87,0.02382438,1543809600,0.02382438,0.02327785,0.02333202,562.54012267,13.22831128,0.02351532,29.535705583333154,42.126079543076955,51.21093979470594,0.023621376666666666,0.023824443076923066,0.02327210911764707
88,0.02334118,1543816800,0.02378255,0.02334118,0.02371454,1071.59205775,25.20578425,0.0235218,31.639909506666488,40.363592698461574,47.07844878529418,0.023499173333333335,0.02385834692307691,0.023260247352941184
89,0.02355883,1543824000,0.0238,0.02331009,0.02344145,1426.04781971,33.50583268,0.02349558,23.97997606999982,37.68356924307696,42.61092238294124,0.023574796666666672,0.023865806923076906,0.023270801176470596
90,0.02336157,1543831200,0.0238,0.023361,0.02346161,388.23478019,9.13094241,0.02351912,22.61418644666649,33.492794183846186,40.97059703764712,0.023420526666666674,0.023786949999999987,0.023269670882352954
91,0.02359714,1543838400,0.0238,0.02336156,0.02336156,906.84227273,21.41566964,0.02361564,21.350814909999826,27.915601922307726,40.95303726176477,0.023505846666666674,0.023722683846153836,0.023267039411764716
92,0.02383756,1543845600,0.02421008,0.02354413,0.02367672,4709.3445171,112.6028045,0.0239105,47.71647218333316,31.71777711307696,42.34107572117654,0.023598756666666675,0.02371095769230768,0.023256379411764717
93,0.02409987,1543852800,0.0243102,0.02366641,0.02383744,3669.56789708,87.91439226,0.02395769,73.97762213333316,35.931178810000034,43.94844069970594,0.023844856666666674,0.02372679999999999,0.023255260588235308
94,0.02431415,1543860000,0.024521,0.02404011,0.02409999,2372.66494484,57.64613856,0.02429594,86.05444510666649,38.783721376153885,45.05381450176477,0.02408386000000001,0.02375865769230768,0.023279205882352955
95,0.02415788,1543867200,0.02445862,0.02405,0.02431404,973.94186744,23.61351297,0.0242453,56.391347929999824,39.6663716338462,43.61164492088242,0.02419063333333334,0.023768494615384606,0.023305093823529424
96,0.02421,1543874400,0.02433,0.02388001,0.02414918,954.27055745,23.00674727,0.02410924,34.755466266666495,39.923113541538505,43.06625797588242,0.024227343333333342,0.023801119230769222,0.023351143235294126
97,0.02397254,1543881600,0.02423916,0.02388002,0.02420999,576.48393772,13.88296401,0.02408213,20.16774141666649,38.19476194615389,41.786740343235365,0.02411347333333334,0.02379344999999999,0.02340335205882354
98,0.02362893,1543888800,0.02430067,0.02350006,0.02392589,2860.08875135,68.75176189,0.02403833,35.21382438999982,42.030038054615424,43.4831411488236,0.02393715666666667,0.023787383846153833,0.023443661470588247
99,0.02348324,1543896000,0.02362895,0.02312515,0.02361036,2248.3189068,52.54204874,0.02336948,45.058924879999815,41.726685420000045,44.07640410088242,0.02369490333333334,0.02379902076923076,0.023467300588235304
100,0.023485,1543903200,0.02361908,0.02320026,0.02348323,780.64489353,18.30857694,0.02345314,46.53412918999982,42.117475086153895,42.84222363441183,0.02353239000000001,0.023772914615384607,0.023499017647058834
101,0.0231734,1543910400,0.0235,0.0231734,0.023485,1039.83635733,24.3319137,0.02339975,31.727513126666484,42.05025427461543,42.32296103558831,0.02338054666666668,0.023760008461538452,0.023509746176470597
102,0.02353015,1543917600,0.02353017,0.0229359,0.02315486,1764.468568,41.1206563,0.02330483,27.92038231333315,42.63600993769235,41.93250557117654,0.023396183333333345,0.023757802307692297,0.023534155294117655
103,0.02323887,1543924800,0.02356,0.0230944,0.02353014,886.85570568,20.70672654,0.02334847,28.719765513333147,43.52645487076927,41.14716987411772,0.02331414000000001,0.02374836384615384,0.023554734411764717
104,0.02295044,1543932000,0.02323887,0.02294215,0.02323875,474.55600441,10.94783359,0.02306963,24.258405476666482,42.721236713076955,39.81884324000008,0.02323982000000001,0.023698617692307685,0.023573187647058833
105,0.02298786,1543939200,0.02344127,0.02290004,0.0229505,2276.64255693,52.76791871,0.02317795,28.14082627999981,38.11855319076927,41.25386370970597,0.023059056666666678,0.023633256153846146,0.023586671176470595
106,0.02283908,1543946400,0.02298772,0.02274212,0.0229876,433.93536778,9.9053127,0.0228267,24.540354999999806,32.11785476307696,41.04637939176479,0.022925793333333347,0.0235362723076923,0.023602468529411773
107,0.02294017,1543953600,0.02323534,0.02283908,0.02283909,870.0981445,20.01488694,0.02300302,27.562706116666472,29.223143100000037,38.76440933088243,0.02292237000000001,0.023430581538461528,0.02361848205882354
108,0.02284956,1543960800,0.02304985,0.02265717,0.02294016,498.11740207,11.37475425,0.02283548,13.764984629999804,28.281700121538503,37.83341802676479,0.022876270000000015,0.023329941538461525,0.023625740588235307
109,0.02261001,1543968000,0.02275429,0.02260611,0.02275351,499.70193782,11.33760216,0.02268872,14.242414449999805,27.384073574615424,36.751638289411844,0.02279991333333335,0.023206865384615374,0.023617198823529424
110,0.02253001,1543975200,0.02273854,0.02236776,0.02273854,2283.10500374,51.55785468,0.02258234,24.7567370299998,30.282142087692346,36.25786526235302,0.02266319333333335,0.023095901538461527,0.023589791764705895
111,0.02245078,1543982400,0.02274035,0.02241,0.02253,878.5888038,19.83222659,0.02257281,27.575894476666473,26.519100910769268,34.97025374500008,0.022530266666666684,0.023005274615384604,0.023532852647058834
112,0.02249998,1543989600,0.02269,0.02232203,0.0225,1705.80177377,38.43529953,0.0225321,36.60846026666648,25.433966356153885,33.338375230000075,0.022493590000000018,0.022929639230769218,0.02347601088235295
113,0.02210499,1543996800,0.02255416,0.02204,0.02249998,1091.51908516,24.40627125,0.02235991,27.557932456666475,25.903019764615422,32.19813241323537,0.022351916666666683,0.022823484615384602,0.023420569411764715
114,0.02280567,1544004000,0.02301999,0.0221,0.02210499,2276.00852135,51.56060963,0.02265396,38.13406013666647,27.99753483615388,32.73991004352949,0.02247021333333335,0.02279519769230768,0.023388562058823538
115,0.02353629,1544011200,0.0241734,0.02280567,0.02280567,3559.26703816,84.34861103,0.0236983,53.43849730333313,31.32276212307696,34.61595492088243,0.022815650000000017,0.022795669999999987,0.02337786470588236
116,0.02334529,1544018400,0.02357033,0.02288554,0.02353638,925.92933643,21.58152855,0.02330796,52.49691640333313,31.39005458538465,34.8936745952942,0.023229083333333348,0.022803856153846138,0.023357726176470597
117,0.02344906,1544025600,0.0237234,0.02311523,0.02339796,2052.89403283,48.23595427,0.02349656,51.3886979499998,34.25837156076926,35.733876118823616,0.023443546666666686,0.022842211538461523,0.023347819705882362
118,0.02299189,1544032800,0.02349631,0.0229365,0.02343821,1880.22373885,43.48108042,0.02312548,37.766187746666475,33.54399938461542,35.94356863852949,0.02326208000000002,0.022842521538461523,0.02331604470588236
119,0.022723,1544040000,0.02344093,0.02270702,0.0229904,2457.36000033,56.82148663,0.02312298,49.51284043999981,37.15293584076926,37.059107290000085,0.023054650000000013,0.02283359230769229,0.02328708029411766
120,0.02299159,1544047200,0.0231274,0.02272302,0.02272302,960.03404337,22.06592628,0.02298452,40.78949777666648,37.310708097692334,36.04676297500008,0.022902160000000015,0.022837547692307676,0.023277069411764714
121,0.02348261,1544054400,0.02394214,0.02299222,0.02299222,1399.70190059,33.00458601,0.02357972,37.29733297333315,38.97454131000003,36.62841811411772,0.02306573333333335,0.022886243846153835,0.023267017352941184
122,0.02386,1544061600,0.02387672,0.02336361,0.02346268,744.25227984,17.54201651,0.02356998,24.20417626666648,39.45180395230773,36.4030131805883,0.023444733333333346,0.02298239692307691,0.02328227676470589
123,0.02341722,1544068800,0.02390397,0.02341722,0.02385599,949.3518621,22.5532202,0.02375643,24.366607573333145,37.22067822307695,36.080877519411835,0.023586610000000018,0.023050643846153834,0.02327811176470589
124,0.02369961,1544076000,0.02380531,0.0234166,0.02341722,430.68652755,10.17342191,0.0236214,16.756219539999815,36.477693247692336,36.11153868117654,0.02365894333333335,0.02314670769230768,0.023288054117647065
125,0.02332369,1544083200,0.02379503,0.02329353,0.02369813,639.16183478,14.9852746,0.02344519,15.903972236666482,34.673845176153876,35.92240941529418,0.023480173333333354,0.02321006999999999,0.023280011470588242
126,0.0241085,1544090400,0.02416273,0.02325452,0.02332369,2405.6586834,56.98657179,0.02368855,27.381756099999816,37.18002214076927,34.28663786500006,0.023710600000000023,0.023364186153846143,0.02328798029411765
127,0.02575001,1544097600,0.0258,0.02398783,0.024115,6031.87165569,150.41278479,0.02493633,74.12821039333313,44.78403561461542,36.12482588058829,0.02439406666666669,0.023590673846153834,0.023336513823529415
128,0.02785347,1544104800,0.02978999,0.0257703,0.0257703,16079.46809624,446.858461,0.02779062,218.08593919333313,72.6694086892308,47.572247128823584,0.025903993333333358,0.0239227646153846,0.02344061147058824
129,0.02741123,1544112000,0.02824788,0.027,0.02785357,5139.02801173,143.02559613,0.02783125,246.76561397333316,82.01126004153849,51.08436722176476,0.027004903333333358,0.024235529230769215,0.02353629823529412
130,0.02777175,1544119200,0.02869813,0.02709879,0.02732906,3145.6905688,87.71818057,0.02788519,225.8674125666665,85.04835437230771,52.987644671764755,0.02767881666666669,0.02456804384615383,0.0236410555882353
131,0.02782794,1544126400,0.02823573,0.02718879,0.02762012,1463.51621993,40.52866623,0.02769266,90.42414764333317,84.82124558846157,53.7713417958824,0.027670306666666686,0.024940047692307673,0.023754449705882356
132,0.02940001,1544133600,0.0302,0.02751755,0.02781942,4183.18653834,121.78048466,0.02911189,83.34244381999984,89.81809159076926,55.33101011264711,0.028333233333333357,0.025453663846153825,0.023924187352941183
133,0.03183,1544140800,0.03406024,0.02922359,0.02940001,16722.40203386,532.55708761,0.03184692,231.62207949999984,129.0866424623077,69.44909949117653,0.029685983333333357,0.026133541538461518,0.024169680294117653
134,0.03226013,1544148000,0.03400029,0.03075934,0.03182993,3852.98022311,125.77759729,0.03264423,260.0383898533332,136.22302794538464,72.6099530308824,0.031163380000000022,0.026808735384615364,0.02442777235294118
135,0.03070999,1544155200,0.03294899,0.02956351,0.03226009,4116.27609331,128.24991662,0.03115678,262.1948671733332,144.73902026153849,75.66636488147064,0.031600040000000024,0.027335657692307672,0.024649436764705886
136,0.03109999,1544162400,0.03206587,0.03053934,0.03064688,2455.90590226,76.52914189,0.03116126,110.1855519333332,148.89101423769233,76.70779092823534,0.031356703333333354,0.027926639999999982,0.02487207911764706
137,0.03239773,1544169600,0.03327814,0.03118463,0.03118463,3951.40014354,128.30657442,0.03247116,111.02854430999986,157.97817981538464,79.87249233647063,0.03140257000000002,0.02859572615384614,0.02514145735294118
138,0.031,1544176800,0.03252,0.03070002,0.03240586,3718.85122302,116.38596579,0.03129621,107.0738940333332,165.77823298384615,82.97361387176477,0.03149924000000002,0.02918621153846152,0.02537820911764706
139,0.03015273,1544184000,0.031,0.02989974,0.03087011,3865.01941108,118.38103461,0.03062883,121.02452493999988,170.50088396999996,84.90341139823535,0.031183486666666687,0.029651152307692292,0.025588940588235295
140,0.03093001,1544191200,0.03118463,0.03000292,0.0301528,4312.86131999,131.31513447,0.03044733,122.02737828999987,169.0318339453846,88.4742885091177,0.03069424666666669,0.03004961384615383,0.025826909117647057
141,0.03037598,1544198400,0.03137059,0.03000001,0.03093001,2564.34937126,78.91252022,0.03077292,109.53622976666652,140.72830003923073,90.2065718408824,0.030486240000000022,0.030243653076923064,0.026045609411764703
142,0.02850999,1544205600,0.030376,0.02787431,0.03029999,4529.9778891,130.98353812,0.02891482,113.73706426999986,139.80198788461536,93.72447724882358,0.02993866000000002,0.03032817307692306,0.02621209264705882
143,0.0299725,1544212800,0.03040608,0.02819861,0.02850999,1969.79964778,57.89254659,0.02939006,89.26286830999986,137.50770834769227,95.09374032029416,0.029619490000000016,0.030497461538461525,0.02642863647058823
144,0.030303,1544220000,0.03078297,0.02972016,0.02995586,932.87612816,28.20813438,0.03023781,72.36140636333319,136.5599751284615,94.40698384088239,0.02959516333333335,0.030687850769230758,0.026657253823529407
145,0.02898565,1544227200,0.03042186,0.02820001,0.030303,3038.04637837,88.21446733,0.02903657,58.10504943333319,133.97797379538457,96.41822621558828,0.029753716666666683,0.030655976923076915,0.026849455882352935
146,0.02945,1544234400,0.02973343,0.0288375,0.0289857,1307.65187041,38.35150984,0.02932853,51.59137051666653,95.9621601207692,96.41576181294121,0.02957955000000002,0.03047289999999999,0.027053868235294112
147,0.02916,1544241600,0.02982511,0.02884023,0.02941442,836.12453058,24.43116906,0.02921953,50.33238207666653,88.16628102615383,96.41649410147062,0.029198550000000018,0.030234428461538454,0.02726136852941176
148,0.02924758,1544248800,0.02932683,0.02909979,0.02916,649.72604248,18.96563129,0.02919019,27.249436729999868,79.75979753923073,95.4578182679412,0.029285860000000014,0.030121935384615377,0.02745083647058823
149,0.02901001,1544256000,0.02937171,0.02891247,0.02911068,662.38426267,19.35066208,0.02921365,20.915820809999865,75.3614529384615,93.54611388705885,0.029139196666666683,0.02996116769230768,0.027611828235294112
150,0.02957153,1544263200,0.03023513,0.02901002,0.02901003,2008.12603295,59.53829894,0.02964868,32.61819743666653,70.0715855938461,94.66248948676474,0.029276373333333345,0.02974376769230768,0.027794952941176468
151,0.03010999,1544270400,0.03065996,0.0292,0.02957138,2181.47171472,65.08594784,0.02983579,47.991636286666534,66.12543036692303,95.1580775329412,0.02956384333333335,0.029675305384615373,0.02799086264705882
152,0.02953228,1544277600,0.0305,0.02953228,0.03004426,1267.19944064,38.09443273,0.0300619,54.23955983666653,59.949537914615334,94.99964671852943,0.029737933333333345,0.029627578461538448,0.028183227058823524
153,0.02926879,1544284800,0.02966369,0.02892171,0.02966369,569.18370816,16.60447931,0.02917244,39.92828662666653,51.1256413638461,93.81679356205885,0.029637020000000014,0.029499792307692292,0.02837575029411764
154,0.02924872,1544292000,0.02940226,0.02899729,0.0292983,625.52202014,18.23435532,0.02915062,24.311089119999853,46.45809021769225,93.70410029852943,0.029349930000000014,0.029413079999999984,0.028559783529411763
155,0.02951767,1544299200,0.0299999,0.0291,0.02918111,387.61162515,11.35358505,0.02929113,15.397473226666522,37.255786135384554,93.06730615264709,0.029345060000000017,0.02949059384615383,0.028737285294117648
156,0.02840001,1544306400,0.02951451,0.02803536,0.0295,716.17841285,20.59068208,0.02875077,16.726207483333187,34.38641194230764,93.15697278705886,0.029055466666666682,0.02936963307692306,0.028870815
157,0.0278,1544313600,0.02846968,0.02752195,0.0284,606.96104747,16.91470654,0.02786786,16.28632455666652,33.5176867238461,92.99113415000004,0.028572560000000014,0.029177094615384595,0.02899972029411765
158,0.02800071,1544320800,0.02819999,0.02770607,0.02770607,774.62247013,21.63019291,0.02792352,19.711860509999855,28.395819460769175,93.32809800294122,0.028066906666666683,0.029101329999999977,0.029126223235294117
159,0.02713752,1544328000,0.02805668,0.02703814,0.02800028,1834.7297137,51.08088099,0.02784109,29.875260146666523,29.375001856923024,94.38973348500004,0.027646076666666682,0.028923446923076905,0.02923839470588235
160,0.02789001,1544335200,0.02799989,0.02666,0.02720803,1839.60024679,49.69261836,0.02701272,40.801230753333186,31.318190264615332,94.1752054429412,0.02767608000000002,0.028825755384615365,0.02934961558823529
161,0.02756999,1544342400,0.02819764,0.02740101,0.02799,668.53432098,18.48874943,0.02765564,39.75408292666651,31.28150704461533,90.29508675588238,0.02753250666666669,0.02869670999999998,0.0294031444117647
162,0.02755931,1544349600,0.028074,0.02755931,0.02760888,1539.78670026,42.94393199,0.02788953,37.041766593333186,33.09637396076918,78.41524766735297,0.027673103333333355,0.028585117692307673,0.029394492647058817
163,0.02722003,1544356800,0.0276089,0.02709041,0.02751788,681.11729367,18.54690034,0.02723011,26.65986058666652,29.94318945307687,74.75410955588238,0.027449776666666693,0.02840423307692306,0.02938886911764705
164,0.02722955,1544364000,0.02798256,0.02689668,0.02722004,914.31714406,25.00337768,0.0273465,28.831403336666522,26.859914825384557,72.90955652970591,0.027336296666666694,0.028182660769230754,0.029372922058823518
165,0.02663272,1544371200,0.02732399,0.02637072,0.02717026,2201.3593152,58.75092689,0.02668847,34.100401636666525,28.44887591461533,73.44550537264708,0.02702743333333336,0.027959617692307672,0.02933776852941175
166,0.02680537,1544378400,0.02683584,0.02650449,0.02666897,601.85482094,16.08357074,0.02672333,33.27929176999985,28.408806024615327,70.33677261029413,0.026889213333333356,0.02777012384615383,0.029261455588235282
167,0.02737222,1544385600,0.02739963,0.02669009,0.02669009,634.21909962,17.11669433,0.02698861,30.650397319999854,28.32283210230763,55.17676104323532,0.026936770000000023,0.027625777692307674,0.02913034441176469
168,0.0270297,1544392800,0.02735533,0.02691928,0.02735533,273.81264779,7.4163227,0.02708539,13.538862589999852,28.01996576769225,51.6955470847059,0.02706909666666669,0.027434395384615364,0.0289765082352941
169,0.0274153,1544400000,0.02754,0.02679074,0.02700101,491.71576697,13.4280138,0.02730848,12.653676943333187,27.46899128461532,48.31843229588237,0.027272406666666693,0.027358648461538442,0.028879605588235276
170,0.028005,1544407200,0.02845957,0.027435,0.0274421,1293.17677095,36.28647733,0.02805995,19.04360460999985,28.959127499230704,47.134824514705905,0.02748333333333336,0.027374417692307675,0.028788576470588217
171,0.02749727,1544414400,0.02800317,0.02741459,0.02800317,448.71296419,12.44588965,0.02773686,20.720126926666516,28.25264263307686,43.72715731558826,0.027639190000000025,0.027335691538461524,0.028644445294117627
172,0.02756043,1544421600,0.02789001,0.02749727,0.02749728,940.58678101,26.06948333,0.02771619,24.933950103333185,26.328688966923018,41.070790184411784,0.02768756666666669,0.027368223076923062,0.028543281470588218
173,0.02796003,1544428800,0.02833423,0.02754102,0.02764953,1508.63564015,42.38388228,0.02809418,26.966418419999854,25.76647849923071,38.835579821764725,0.027672576666666688,0.027373609230769216,0.02847879029411763
174,0.02756998,1544436000,0.02809843,0.02740001,0.027965,678.38544008,18.79873183,0.02771098,29.08403247999986,25.790323299230714,35.52627386176473,0.02769681333333335,0.027373608461538447,0.028379965882352927
175,0.0276,1544443200,0.02776998,0.02748001,0.02748001,119.13227569,3.29309369,0.02764233,21.49190259999986,22.740258814615327,33.302173081470606,0.027710003333333354,0.027376738461538448,0.02829831941176469
176,0.02726312,1544450400,0.02770319,0.02726181,0.0276,677.61166333,18.5992316,0.02744821,13.563685706666526,22.74428429615379,29.996752301470604,0.02747770000000002,0.02738005307692306,0.028261646764705866
177,0.02741346,1544457600,0.02756,0.027,0.02739832,555.67335453,15.1424194,0.02725057,12.344914896666525,21.985749043846095,28.739395619411784,0.02742552666666669,0.027394199999999983,0.028186380882352927
178,0.02759474,1544464800,0.02770317,0.02727744,0.02737002,480.09597398,13.18064971,0.02745419,15.640766903333194,18.48034310692302,28.297410776176488,0.02742377333333336,0.027468201538461523,0.028106726176470573
179,0.02736001,1544472000,0.02789159,0.02733246,0.02770317,340.29766392,9.42407862,0.02769363,12.582382576666527,17.96807448230763,25.980046402352958,0.027456070000000027,0.02751086615384614,0.028058913235294105
180,0.02736279,1544479200,0.0275,0.0273,0.027361,199.07904296,5.45595018,0.02740594,9.353559503333194,17.071094163076864,25.012529941764722,0.027439180000000025,0.027510140769230754,0.027997524705882338
181,0.0267,1544486400,0.0273628,0.0267,0.02735503,694.58340911,18.70579258,0.02693095,11.195273793333195,17.939514923076864,24.84413651588237,0.027140933333333356,0.027484779230769217,0.02792517176470587
182,0.0267,1544493600,0.02696209,0.0265,0.02670001,2038.37438182,54.29345912,0.02663566,26.151733959999863,21.08301071692302,25.883190275588248,0.026920930000000023,0.027429756153846144,0.02785024294117646
183,0.02696138,1544500800,0.02696138,0.02645013,0.02669082,385.08496299,10.26853817,0.02666564,27.75592995666653,19.081630781538408,25.616068984117664,0.02678712666666669,0.02734947769230768,0.027789989117647046
184,0.02629187,1544508000,0.02696171,0.02624585,0.0269617,707.14144889,18.6996042,0.02644393,27.753867163333194,19.56268574692302,24.414930903529427,0.026651083333333353,0.027256754615384602,0.027693528529411753
185,0.02653002,1544515200,0.0266498,0.02626016,0.02643748,166.38144865,4.40070186,0.02644947,11.122948076666525,17.895856403076866,22.630070727647073,0.026594423333333353,0.02717749230769229,0.027588235294117636
186,0.02621999,1544522400,0.0266585,0.02604,0.02653,477.34024168,12.59604211,0.02638797,11.898782723333191,15.604484082307637,21.880118062352956,0.026347293333333355,0.02704364307692306,0.027490814999999988
187,0.02580013,1544529600,0.02628001,0.02563998,0.02615002,1378.02691555,35.60894944,0.02584053,17.535231136666525,16.89757774461533,22.439073066176487,0.026183380000000023,0.02690750076923075,0.027388795588235284
188,0.02605984,1544536800,0.02616238,0.02579999,0.02590715,277.52234988,7.18881082,0.02590353,18.46460078999986,17.197248293076868,22.114204110294136,0.026026653333333358,0.026789026923076904,0.027295004999999987
189,0.0257,1544544000,0.02605167,0.0255,0.0259455,177.64214978,4.5479742,0.02560188,15.781911486666525,16.116382339230714,21.914039085294135,0.02585332333333336,0.026668786923076906,0.02718272058823528
190,0.02640374,1544551200,0.02687526,0.0257,0.0257,1273.85662315,33.41928696,0.02623473,15.052023993333194,17.52229522846148,22.29135099352943,0.02605452666666669,0.026591116153846135,0.027124006764705867
191,0.0263627,1544558400,0.02644095,0.0259722,0.02640261,192.3923519,5.0406427,0.0261998,14.335967953333194,16.896140843076868,21.942113821764725,0.026155480000000023,0.02649634384615383,0.0270817332352941
192,0.02631082,1544565600,0.02659999,0.02630001,0.02637826,350.46009292,9.27050896,0.02645239,15.910146206666527,16.884327792307637,21.578593705588254,0.026359086666666687,0.02641563692307691,0.027032030588235275
193,0.02582858,1544572800,0.02646284,0.02576189,0.0263758,327.21252112,8.51104634,0.02601075,7.607399333333194,17.119335189230714,20.326539745294138,0.02616736666666669,0.026297620769230753,0.026993532352941156
194,0.02590211,1544580000,0.02600694,0.02576273,0.02578799,46.565864,1.20786973,0.02593895,6.329808343333194,15.773341123846098,18.900517726764726,0.026013836666666693,0.026236244615384596,0.026935064705882333
195,0.02582947,1544587200,0.02591001,0.02571293,0.02591001,145.48035105,3.74671796,0.02575411,4.488544676666526,11.88513026538456,18.466928565882373,0.025853386666666697,0.02616928076923075,0.02688387294117645
196,0.02591563,1544594400,0.02591563,0.02561845,0.0258188,248.41839099,6.39881118,0.0257582,3.784466289999859,11.587458958461484,17.392072071470608,0.02588240333333336,0.026088838461538446,0.02683552941176468
197,0.0259135,1544601600,0.02643805,0.02586203,0.025915,433.74045024,11.36813968,0.02620954,7.17122293999986,11.023500149230715,17.180932052058846,0.025886200000000026,0.02605973307692306,0.02679710205882351
198,0.026,1544608800,0.02610753,0.02587084,0.02600001,223.42265339,5.80353754,0.0259756,7.856829466666528,11.131410586153793,16.61623087147061,0.02594304333333336,0.026018962307692295,0.026760938823529392
199,0.02612159,1544616000,0.02616996,0.02583982,0.026,117.40571817,3.05060566,0.02598345,6.740760959999861,10.397146243846098,14.977986129411786,0.026011696666666695,0.02601139307692307,0.026745905588235277
200,0.02576254,1544623200,0.02619707,0.02560418,0.02612543,201.39589852,5.20038923,0.02582172,4.684844143333193,8.058026227692254,14.657892555588255,0.025961376666666692,0.026008501538461532,0.02671523411764704
201,0.02563029,1544630400,0.02578675,0.02555001,0.02576262,241.91433418,6.21307185,0.02568294,4.82135557999986,7.9829693838461,14.337197776764727,0.025838140000000027,0.025975459230769223,0.026664000882352924
202,0.02578304,1544637600,0.02583627,0.02567174,0.02575656,105.77763202,2.72364082,0.02574874,4.71236729999986,7.842636046923023,14.199177721470608,0.02572529000000003,0.025981846923076916,0.026627334411764687
203,0.02577,1544644800,0.02579973,0.025687,0.02571057,70.78800419,1.82366646,0.02576236,3.5867930433331936,5.412203700769178,13.857873387941199,0.0257277766666667,0.025933097692307686,0.026578943235294097
204,0.02549999,1544652000,0.02577,0.02549,0.02577,243.97312921,6.23109106,0.02554007,3.592799446666527,5.5037766515384074,12.97389143882355,0.025684343333333363,0.025866735384615373,0.026505266470588217
205,0.02544475,1544659200,0.02558108,0.02525,0.02548826,1907.95238713,48.44124772,0.02538912,18.832001746666528,8.516910402307637,14.032578440882373,0.025571580000000028,0.025800114615384603,0.026444898235294098
206,0.02531037,1544666400,0.02549878,0.02530202,0.0254,253.25797662,6.43086265,0.02539253,20.367733809999862,8.356896272307637,13.454971950294137,0.025418370000000027,0.0257602523076923,0.026378719999999984
207,0.02520421,1544673600,0.02546,0.0250001,0.02539997,537.98318737,13.55603884,0.02519788,22.809383069999864,9.30675543461533,12.60709420205884,0.025319776666666696,0.025706567692307686,0.026297666470588215
208,0.02485,1544680800,0.02524,0.02485,0.02512924,322.57441132,8.05317296,0.02496531,9.346691483333196,9.638021203846098,12.291048352941193,0.025121526666666696,0.025631223846153836,0.026217667058823512
209,0.02493111,1544688000,0.0250419,0.02485,0.02485,93.19706255,2.3218602,0.02491344,7.9770239999998624,9.324409589999945,12.262482662058842,0.024995106666666694,0.025555491538461525,0.026139170294117633
210,0.025,1544695200,0.02537,0.0249228,0.02492575,316.71441937,7.97314551,0.02517455,6.116059556666531,9.063256192307637,11.949950718235312,0.02492703666666669,0.025485222307692297,0.026072607941176457
211,0.0251186,1544702400,0.02511995,0.02490027,0.025,232.08821702,5.81417987,0.02505159,5.36972852666653,9.06407483307687,11.67559073205884,0.025016570000000026,0.025417422307692297,0.026005112058823516
212,0.02478,1544709600,0.02511492,0.0247,0.02511492,441.2333142,10.98185593,0.02488899,8.256393769999864,9.674171007692253,11.610920326764722,0.02496620000000002,0.02531422307692307,0.025922325588235283
213,0.02437465,1544716800,0.02482542,0.02437465,0.02477998,469.26059513,11.55579866,0.02462554,9.45061148666653,10.16304865615379,11.673617975000017,0.024757750000000023,0.0252074623076923,0.02583452088235293
214,0.02500059,1544724000,0.02512616,0.02377,0.02441879,3906.97584391,94.03087591,0.02406743,38.856176833333194,16.918264353076868,14.278762849411782,0.024718413333333356,0.025159023846153837,0.025765044411764696
215,0.02470908,1544731200,0.02536875,0.02465414,0.02502287,763.05764568,19.11354905,0.02504863,41.56674120666653,18.179026524615328,14.290755686764724,0.024694773333333354,0.025076411538461532,0.025706487941176463
216,0.0236481,1544738400,0.02470954,0.02333688,0.02469375,929.47524521,22.16212614,0.02384369,45.10218369999986,19.743523423076866,13.345716481470605,0.024452590000000024,0.024913188461538453,0.02561672617647058
217,0.02419869,1544745600,0.02419997,0.02289096,0.02369996,1614.26404345,37.5198141,0.02324267,26.265163096666523,22.150348272307635,14.147224597058841,0.024185290000000022,0.024813088461538454,0.025535470588235284
218,0.02401999,1544752800,0.02485523,0.02382243,0.02419901,1099.84782412,26.57368248,0.02416123,28.751874239999854,20.468227869230716,14.378815134705901,0.023955593333333358,0.024703491538461526,0.025468650588235286
219,0.02438668,1544760000,0.02458151,0.02394938,0.02394938,207.98777011,5.07463653,0.02439872,23.056044369999857,20.36390278307687,14.398636742647076,0.024201786666666687,0.02463243846153845,0.02540561117647058
220,0.02391106,1544767200,0.02440884,0.02382247,0.02438001,442.30465267,10.60289617,0.02397192,14.08373839333319,20.13673796230764,14.340014803235313,0.024105910000000022,0.02453296538461537,0.025337701470588225
221,0.02370063,1544774400,0.02394239,0.02324677,0.02391106,1574.32569886,37.18203294,0.02361775,17.619855213333192,22.37741949923072,14.386281965000018,0.023999456666666686,0.024444552307692293,0.025275951470588226
222,0.02354399,1544781600,0.02371526,0.02350559,0.02370756,379.12939313,8.94369333,0.02359008,18.90954081333319,22.886791278461487,14.437896156470606,0.023718560000000017,0.02433785076923076,0.02520195588235293
223,0.02302675,1544788800,0.02361052,0.02270002,0.02353,1225.6427306,28.51114401,0.02326219,24.878956759999863,24.466637316923027,15.142695268529428,0.023423790000000017,0.024186062307692293,0.02512333088235293
224,0.023,1544796000,0.02326923,0.02277061,0.02301,479.82609058,11.02203463,0.02297089,16.158957323333198,24.86724152923072,14.483952552941192,0.02319024666666668,0.024023093076923067,0.02502322088235293
225,0.02305449,1544803200,0.02321789,0.02293532,0.02293532,1024.352326,23.65818342,0.02309574,21.063787353333197,25.842343643846107,15.031527280000017,0.023027080000000016,0.023890361538461524,0.024925920588235284
226,0.0231,1544810400,0.02314703,0.02301338,0.02303873,123.34658287,2.84871091,0.02309517,12.50964298666653,25.17256766307688,14.84265086676472,0.02305149666666668,0.023792311538461525,0.024831484705882343
227,0.02196582,1544817600,0.0232179,0.02166078,0.02312642,2316.75351957,51.43318576,0.02220054,25.980026696666528,21.89582226692303,16.105066732058837,0.022706770000000015,0.02355886769230768,0.024717874117647053
228,0.0216,1544824800,0.02232951,0.0215,0.02197087,1945.35938696,42.43988964,0.02181596,32.240595436666524,23.69015615846149,17.317773200000016,0.02222194000000002,0.023319707692307682,0.024591341470588227
229,0.02137864,1544832000,0.02164006,0.0209,0.02164006,1986.4712364,41.98107616,0.02113349,45.28471718666652,25.214690775384568,18.442313147058844,0.021648153333333354,0.023145133846153836,0.024460434705882345
230,0.02163419,1544839200,0.02163419,0.02112647,0.02137427,756.44533926,16.21588483,0.02143695,33.54561687666652,23.575926985384566,18.73105060735296,0.021537610000000023,0.022947864615384603,0.024334509999999993
231,0.02185294,1544846400,0.02259912,0.02162926,0.02162926,1302.07930681,28.71390854,0.02205234,28.970289843333187,23.740559759230717,19.241220279705903,0.02162192333333336,0.02278116846153845,0.024215081764705874
232,0.02189,1544853600,0.02220827,0.02164025,0.02185293,250.99139123,5.51349422,0.02196686,16.81442919666652,23.774318043076867,19.23268959382355,0.021792376666666686,0.022589116153846144,0.024094199411764695
233,0.02182339,1544860800,0.02214447,0.02162,0.02186495,395.56380117,8.63514872,0.02182997,14.287517159999853,23.62295285461533,19.396940860294137,0.021855443333333353,0.022428526153846145,0.023967781764705872
234,0.02170401,1544868000,0.02193466,0.02167482,0.02174928,292.09974593,6.35401036,0.02175287,6.834217766666519,21.25156650230764,19.43087089352943,0.021805800000000018,0.02227493999999999,0.023848413235294106
235,0.0212511,1544875200,0.02179419,0.02115583,0.02179241,291.5682149,6.26508524,0.02148754,7.084748106666519,21.045519726153795,19.432400699117665,0.02159283333333335,0.022098563846153836,0.02371961352941175
236,0.02034001,1544882400,0.02136,0.02022848,0.02119944,2624.99655672,54.32092011,0.02069371,22.313338569999853,23.030887118461486,20.949967737058838,0.021098373333333347,0.021891891538461532,0.023559524411764694
237,0.02074,1544889600,0.02084952,0.02025223,0.0204099,1773.22300989,36.70336064,0.02069867,32.429788663333184,25.00637373461533,21.975841095294133,0.020777036666666682,0.021718045384615376,0.023411583235294103
238,0.02149857,1544896800,0.02149857,0.02051577,0.02075999,548.93036016,11.48664866,0.02092551,34.17030980333318,24.070101829999945,22.130416318823542,0.020859526666666683,0.021598359230769224,0.02329389441176469
239,0.02123972,1544904000,0.02161007,0.02115594,0.0213874,295.13815729,6.28442328,0.02129315,18.158144193333182,24.33438739692302,20.890509717647074,0.021159430000000017,0.021455260769230763,0.023170217058823515
240,0.02106513,1544911200,0.02115582,0.02068,0.02115582,223.1136784,4.6620931,0.02089559,7.477721679999848,20.736611038461483,20.838487083823544,0.021267806666666684,0.021385976923076915,0.023045357058823514
241,0.02390008,1544918400,0.02425999,0.02088082,0.02104047,3285.94451671,76.74238834,0.02335474,29.229634906666515,23.37526478461533,22.696909127941193,0.022068310000000018,0.021562906153846144,0.023007000294117633
242,0.02323485,1544925600,0.02475,0.02316,0.02390008,3907.53485351,92.93495414,0.02378352,58.113145193333175,27.294793859999945,25.193432103823543,0.02273335333333335,0.021705691538461528,0.022959495882352927
243,0.02359244,1544932800,0.02411111,0.02332131,0.02332131,662.33411197,15.68403677,0.02367994,61.78712641666652,27.253882470769174,25.58643729705884,0.023575790000000017,0.021856326153846143,0.022920123235294104
244,0.02285502,1544940000,0.02359852,0.02277024,0.02359805,555.82771423,12.98073753,0.02335388,40.53324281333318,26.04363854692302,25.733719415294136,0.023227436666666684,0.02193340923076922,0.022857035588235278
245,0.02301981,1544947200,0.02314583,0.02253795,0.0227496,201.19948047,4.58185281,0.02277268,11.082209036666512,25.97197382307687,25.697474501764727,0.023155756666666683,0.022020317692307684,0.02279530647058822
246,0.02264,1544954400,0.02305327,0.02259035,0.02305096,361.64291943,8.29071895,0.02292515,8.617769763333179,25.945479225384556,25.61832341411767,0.022838276666666685,0.02208313384615384,0.022732365294117627
247,0.02329291,1544961600,0.02354536,0.02255555,0.02273538,955.72195143,22.21268549,0.02324178,11.695085749999846,27.165377312307633,25.931761262058842,0.022984240000000017,0.022205356923076916,0.022700549411764685
248,0.02382494,1544968800,0.02394669,0.02297685,0.02320462,1381.20137921,32.39425387,0.02345367,20.965886103333176,29.17531336076917,24.118919437352957,0.023252616666666684,0.022403344615384607,0.022665971470588214
249,0.02396,1544976000,0.02438,0.02364114,0.02382545,1122.65890887,26.92093949,0.02397962,27.175959616666507,27.0676225438461,24.348548567941197,0.023692616666666683,0.022681805384615374,0.02264393970588233
250,0.02393,1544983200,0.024076,0.02372041,0.02394998,1495.20372702,35.80140585,0.02394416,31.705533069999845,26.99824140615379,24.749703853529432,0.02390498000000002,0.02292718999999999,0.022652230882352922
251,0.02339375,1544990400,0.02408,0.02314719,0.02393,1564.09109998,37.00943376,0.02366194,33.24392636666651,28.96153256769225,24.734692667058845,0.023761250000000022,0.02307297307692307,0.02262855617647057
