,close,date,high,low,open,quoteVolume,volume,weightedAverage,avg_vol_3,avg_vol_13,avg_vol_34,avg_close_3,avg_close_13,avg_close_34
0,0.00121,1553218424,0.00121,0.00121,0.00121,0.0,0.0,0.00121,-99999.0,-99999.0,-99999.0,-99999.0,-99999.0,-99999.0
1,0.00121649,1553220000,0.00123845,0.00121,0.00121,1329.84445222,1.62841936,0.00122451,-99999.0,-99999.0,-99999.0,-99999.0,-99999.0,-99999.0
2,0.00122256,1553227200,0.00123703,0.00120931,0.001218,914.76170088,1.11722475,0.00122132,0.9152147033333334,-99999.0,-99999.0,0.00121635,-99999.0,-99999.0
3,0.0012225,1553234400,0.00122275,0.00121138,0.00122275,2251.05056805,2.74428269,0.00121911,1.8299756,-99999.0,-99999.0,0.0012205166666666668,-99999.0,-99999.0
4,0.00121783,1553241600,0.00123366,0.00121606,0.00121974,418.3314764,0.51220827,0.0012244,1.457905236666667,-99999.0,-99999.0,0.0012209633333333336,-99999.0,-99999.0
5,0.00122501,1553248800,0.00122999,0.00121616,0.00122129,220.23408648,0.26902567,0.00122154,1.1751722100000002,-99999.0,-99999.0,0.0012217800000000002,-99999.0,-99999.0
6,0.00124248,1553256000,0.00124549,0.00122817,0.00122999,3976.76616201,4.92139193,0.00123753,1.90087529,-99999.0,-99999.0,0.0012284400000000001,-99999.0,-99999.0
7,0.00122018,1553263200,0.00123699,0.00121803,0.00123699,1204.45091361,1.4790759,0.001228,2.2231644999999998,-99999.0,-99999.0,0.0012292233333333334,-99999.0,-99999.0
8,0.00122,1553270400,0.001228,0.00121346,0.00122203,993.290345,1.20933097,0.00121749,2.5365996,-99999.0,-99999.0,0.0012275533333333335,-99999.0,-99999.0
9,0.00121739,1553277600,0.0012215,0.00121201,0.00122,375.94736421,0.45730567,0.0012164,1.0485708466666666,-99999.0,-99999.0,0.0012191900000000002,-99999.0,-99999.0
10,0.00121193,1553284800,0.00122101,0.00121193,0.00121334,210.90353862,0.25594103,0.00121354,0.6408592233333332,-99999.0,-99999.0,0.0012164400000000003,-99999.0,-99999.0
11,0.00121423,1553292000,0.00122348,0.0012129,0.00121599,95.57094798,0.11613316,0.00121515,0.27645995333333334,-99999.0,-99999.0,0.0012145166666666669,-99999.0,-99999.0
12,0.0012119,1553299200,0.00121735,0.0012119,0.0012142,81.06923058,0.09856452,0.0012158,0.15687957,1.1391464553846156,-99999.0,0.001212686666666667,0.0012194230769230771,-99999.0
13,0.0012119,1553306400,0.00121734,0.0012119,0.00121563,178.9740979,0.21756708,0.00121563,0.14408825333333333,1.1558823846153847,-99999.0,0.0012126766666666667,0.0012195692307692308,-99999.0
14,0.00121349,1553313600,0.0012145,0.00120664,0.00121127,769.11496807,0.9326811,0.00121266,0.41627090000000005,1.102364056923077,-99999.0,0.0012124300000000002,0.0012193384615384617,-99999.0
15,0.00121418,1553320800,0.00121419,0.001207,0.00121253,155.46999371,0.18803809,0.00120948,0.4460954233333334,1.0308881600000002,-99999.0,0.00121319,0.001218693846153846,-99999.0
16,0.00122095,1553328000,0.00122095,0.0012108,0.00121418,185.52271652,0.22556927,0.00121585,0.44876282000000006,0.8371409738461538,-99999.0,0.0012162066666666666,0.001218574615384615,-99999.0
17,0.0012175,1553335200,0.00122343,0.00121643,0.00121643,180.21681128,0.22001504,0.00122083,0.21120746666666676,0.8146645715384615,-99999.0,0.0012175433333333331,0.0012185492307692305,-99999.0
18,0.00122,1553342400,0.00122,0.00121391,0.0012175,379.35815973,0.46108637,0.00121543,0.30222356000000006,0.8294384715384615,-99999.0,0.001219483333333333,0.001218163846153846,-99999.0
19,0.00121449,1553349600,0.00122,0.00121449,0.00121912,1103.26910243,1.34209085,0.00121646,0.6743974200000001,0.5541076192307692,-99999.0,0.0012173299999999998,0.001216010769230769,-99999.0
20,0.00120417,1553356800,0.00121482,0.00120338,0.00121371,1503.97356477,1.81953031,0.00120981,1.2075691766666667,0.5802964199999999,-99999.0,0.0012128866666666664,0.0012147792307692304,-99999.0
21,0.00120278,1553364000,0.0012115,0.00120278,0.00120748,202.01508279,0.24371385,0.00120641,1.1351116700000001,0.50601818,-99999.0,0.0012071466666666664,0.001213454615384615,-99999.0
22,0.00120942,1553371200,0.00120942,0.00120022,0.00120278,823.25476762,0.99139693,0.00120424,1.0182136966666668,0.547102123076923,-99999.0,0.0012054566666666665,0.0012128415384615383,-99999.0
23,0.00121746,1553378400,0.00122092,0.00121409,0.00121409,624.55528246,0.76043749,0.00121756,0.6651827566666669,0.585909543076923,-99999.0,0.0012098866666666664,0.0012132669230769228,-99999.0
24,0.0012082,1553385600,0.00121801,0.0012082,0.00121464,249.82190208,0.30362788,0.00121537,0.6851541000000001,0.6003322138461538,-99999.0,0.0012116933333333332,0.0012128030769230766,-99999.0
25,0.00120742,1553392800,0.00121299,0.00119739,0.0012082,136.70252949,0.16446313,0.00120307,0.40950950000000014,0.6054013376923075,-99999.0,0.0012110266666666666,0.0012124584615384613,-99999.0
26,0.00120141,1553400000,0.00120494,0.00119853,0.00120494,69.72045534,0.08369625,0.00120045,0.18392908666666677,0.5951035815384613,-99999.0,0.0012056766666666665,0.0012116515384615384,-99999.0
27,0.00119,1553407200,0.00120045,0.00119,0.00120045,1790.98464892,2.14185813,0.00119591,0.7966725033333334,0.688117199230769,-99999.0,0.0011996099999999998,0.0012098446153846153,-99999.0
28,0.00120666,1553414400,0.00120666,0.00119105,0.00119447,1156.7704009,1.38472088,0.00119705,1.2034250866666667,0.7801697215384613,-99999.0,0.0011993566666666665,0.001209266153846154,-99999.0
29,0.00120289,1553421600,0.00120349,0.0011955,0.00119867,34.70291908,0.04164374,0.0012,1.1894075833333335,0.7660216038461537,-99999.0,0.0011998499999999997,0.0012078769230769236,-99999.0
30,0.00120699,1553428800,0.00120699,0.00119972,0.00120229,393.12383627,0.47264513,0.00120228,0.6330032500000001,0.7854546876923075,-99999.0,0.001205513333333333,0.0012070684615384621,-99999.0
31,0.0011975,1553436000,0.00120249,0.0011955,0.00119797,268.32168408,0.32129432,0.00119742,0.27852773000000003,0.7747014530769228,-99999.0,0.0012024599999999996,0.001205337692307693,-99999.0
32,0.00120242,1553443200,0.00120996,0.00119281,0.00119281,379.57430759,0.45691338,0.00120375,0.4169509433333334,0.7066108784615382,-99999.0,0.001202303333333333,0.0012044092307692315,-99999.0
33,0.001197,1553450400,0.001202,0.00119663,0.001202,130.13933713,0.15607476,0.00119928,0.3114274866666667,0.578652759230769,0.8158225852941179,0.001198973333333333,0.001203857692307693,0.0012123332352941172
34,0.0012,1553457600,0.00120447,0.00119682,0.00119682,192.77308936,0.23128873,0.00119979,0.2814256233333334,0.5776969807692305,0.8226251950000002,0.0011998066666666664,0.0012036438461538468,0.0012120391176470584
35,0.00120464,1553464800,0.00120699,0.001203,0.001203,354.96792543,0.42740065,0.00120405,0.2715880466666667,0.5343126515384613,0.7873011152941178,0.0012005466666666664,0.0012032761538461544,0.0012116905882352935
36,0.00120007,1553472000,0.00120549,0.00120007,0.00120359,148.23275657,0.17823592,0.0012024,0.27897510000000003,0.4895279153846151,0.759683796764706,0.0012015699999999997,0.0012019384615384622,0.0012110291176470583
37,0.00120073,1553479200,0.00120311,0.00120073,0.00120283,43.38226837,0.05214947,0.00120209,0.2192620133333334,0.47018342230769206,0.6805034079411767,0.0012018133333333329,0.0012013638461538469,0.001210388823529411
38,0.00120119,1553486400,0.00120119,0.00119643,0.00119878,1183.81592536,1.41658133,0.00119662,0.5489889066666667,0.5665002069230767,0.7071026155882355,0.0012006633333333332,0.0012008846153846162,0.001209899411764705
39,0.00119541,1553493600,0.00120095,0.00119237,0.00120095,81.74192938,0.09770681,0.0011953,0.52214587,0.5675779423076921,0.7020638255882354,0.0011991099999999998,0.0012004230769230779,0.001209028823529411
40,0.00118186,1553500800,0.00119541,0.00118186,0.00119541,3983.23264503,4.74310321,0.00119076,2.085797116666667,0.7676737176923074,0.6968200397058825,0.0011928199999999998,0.0011997969230769239,0.0012072458823529405
41,0.00118397,1553508000,0.00119049,0.00118126,0.00118126,257.77697394,0.3054524,0.00118494,1.715420806666667,0.6846530653846151,0.6623017014705883,0.0011870799999999999,0.0011980515384615394,0.0012061808823529403
42,0.00118644,1553515200,0.00118644,0.00118249,0.00118442,570.97951813,0.67704268,0.00118575,1.9085327633333335,0.7335299069230766,0.6466461635294118,0.0011840899999999998,0.0011967861538461546,0.001205193823529411
43,0.0011717,1553522400,0.00118788,0.00117169,0.00118644,1491.59086501,1.75817508,0.00117872,0.9135567200000002,0.8324168261538458,0.6849070285294118,0.0011807033333333331,0.0011940715384615391,0.0012038499999999991
44,0.00117812,1553529600,0.00118424,0.00116508,0.00117169,615.22641689,0.72098619,0.0011719,1.0520679833333335,0.8631623546153843,0.6985848273529413,0.001178753333333333,0.00119258076923077,0.0012028555882352932
45,0.00117812,1553536800,0.00117812,0.00117812,0.00117812,0.0,0.0,0.00117812,0.8263870900000002,0.8280151715384612,0.6951691461764707,0.0011759799999999996,0.0011907115384615394,0.0012017935294117638
46,0.00117812,1553544000,0.00117812,0.00117812,0.00117812,0.0,0.0,0.00117812,0.24032873000000018,0.8160094207692304,0.6922701897058825,0.0011781199999999997,0.0011892592307692317,0.001200799999999999
47,0.001192,1553551200,0.001192,0.00117847,0.00117847,155.00144632,0.1838315,0.00118599,0.06127716666666686,0.8123588646153844,0.691277966764706,0.0011827466666666662,0.001188643846153847,0.001200214705882352
48,0.00118544,1553558400,0.001193,0.00118476,0.00119243,922.79728805,1.09430305,0.00118585,0.4260448500000002,0.8636590492307691,0.6960315535294119,0.0011851866666666663,0.0011871669230769238,0.001199389705882352
49,0.00118424,1553565600,0.00119021,0.00118424,0.00118765,155.84465382,0.18461101,0.00118458,0.48758185333333354,0.8641494407692305,0.6959307570588238,0.0011872266666666663,0.0011859492307692316,0.0011985091176470578
50,0.0011802,1553572800,0.0011898,0.0011802,0.00118424,131.36919945,0.15564781,0.00118481,0.4781872900000002,0.8721108515384614,0.693874243529412,0.001183293333333333,0.0011843700000000008,0.0011973105882352932
51,0.00118134,1553580000,0.001185,0.00117883,0.00117972,353.67874203,0.4180014,0.00118186,0.25275340666666696,0.7952970107692305,0.6996973717647061,0.0011819266666666661,0.0011828430769230778,0.0011962470588235286
52,0.00118134,1553587200,0.00118511,0.00118134,0.001185,100.70557918,0.1193244,0.00118488,0.2309912033333336,0.7969599023076921,0.6896455491176473,0.0011809599999999993,0.00118176076923077,0.0011951099999999992
53,0.0011838,1553594400,0.0011838,0.00118176,0.00118234,14.01008915,0.0165624,0.00118217,0.18462940000000025,0.43337983999999974,0.6506594182352944,0.0011821599999999992,0.0011819100000000009,0.0011942073529411757
54,0.00117249,1553601600,0.00118386,0.0011717,0.00118386,161.93872265,0.19073863,0.00117784,0.10887514333333358,0.4245557038461536,0.6027537805882355,0.0011792099999999993,0.0011810269230769237,0.0011932755882352933
55,0.00117153,1553608800,0.00117836,0.00117153,0.00117261,710.60521443,0.83271122,0.00117183,0.3466707500000002,0.43653020692307665,0.620077232647059,0.0011759399999999992,0.0011798800000000008,0.0011923564705882345
56,0.00117021,1553616000,0.001172,0.00116751,0.00117153,600.01644106,0.70252705,0.00117084,0.5753256333333335,0.3553265123076921,0.6115810597058826,0.0011714099999999992,0.0011797653846153855,0.0011912032352941167
57,0.00117199,1553623200,0.00117199,0.00116701,0.00117109,280.20500332,0.32718992,0.00116768,0.6208093966666669,0.32503449153846137,0.5988384841176472,0.0011712433333333327,0.001179293846153847,0.0011898658823529403
58,0.00116708,1553630400,0.00117226,0.00116708,0.00117188,100.95918236,0.11802391,0.00116902,0.3825802933333336,0.33411325384615365,0.5933795438235296,0.0011697599999999993,0.0011784446153846162,0.0011886564705882344
59,0.00117645,1553637600,0.00118,0.00116833,0.00116833,265.94261623,0.31311106,0.00117736,0.2527749633333336,0.3581987199999998,0.597751541764706,0.001171839999999999,0.0011783161538461548,0.0011877455882352932
60,0.00118094,1553644800,0.00119128,0.00118094,0.00118133,279.93565415,0.33188547,0.00118557,0.25434014666666693,0.3695874869230767,0.6050512247058826,0.0011748233333333323,0.0011774653846153855,0.0011871435294117639
61,0.00118164,1553652000,0.00118496,0.00117846,0.00118092,224.97723076,0.26544873,0.00117989,0.3034817533333336,0.3058294623076921,0.5498627129411766,0.0011796766666666656,0.0011771730769230778,0.0011868976470588224
62,0.00118299,1553659200,0.00118547,0.00118061,0.00118112,84.27702776,0.09976911,0.00118382,0.23236777000000028,0.29930316230769216,0.5120700138235296,0.0011818566666666657,0.0011770769230769241,0.0011862014705882344
63,0.00117998,1553666400,0.0011835,0.00117826,0.001183,235.12257994,0.27813429,0.00118293,0.21445071000000027,0.3087251992307691,0.5190256182352943,0.0011815366666666656,0.001177060000000001,0.0011855276470588226
64,0.00118867,1553673600,0.00118867,0.00117849,0.00117861,869.48566957,1.0292872,0.00118378,0.46906353333333356,0.3557471838461537,0.5353974438235296,0.001183879999999999,0.0011776238461538473,0.001184988823529411
65,0.00119185,1553680800,0.00120093,0.00118988,0.00119011,238.7181145,0.28557613,0.00119629,0.5309992066666669,0.36853577846153834,0.5343469088235295,0.001186833333333332,0.001178432307692309,0.0011848226470588228
66,0.00118637,1553688000,0.001196,0.00118494,0.001196,695.83444226,0.82941308,0.00119196,0.7147588033333335,0.4310627538461537,0.5453027823529413,0.001188963333333332,0.0011786300000000013,0.0011843505882352932
67,0.00118493,1553695200,0.00119,0.00118441,0.00118702,385.7122628,0.45701005,0.00118484,0.5239997533333336,0.4515451707692307,0.5541538202941177,0.0011877166666666654,0.0011795869230769242,0.0011839955882352933
68,0.00118279,1553702400,0.00118492,0.00118131,0.00118492,110.65073896,0.13097455,0.00118367,0.4724658933333336,0.39756542692307684,0.5512034032352943,0.001184696666666665,0.001180453076923078,0.0011834894117647053
69,0.00118767,1553709600,0.00118767,0.00118019,0.00118264,3865.88556278,4.57243879,0.00118276,1.72014113,0.6952509453846153,0.6731162897058826,0.0011851299999999986,0.0011817961538461551,0.0011829902941176466
70,0.00118799,1553716800,0.00118799,0.00118205,0.00118767,2808.24053342,3.32565119,0.00118424,2.6763548433333337,0.9259018123076922,0.7656873270588237,0.0011861499999999987,0.0011830269230769246,0.0011826349999999996
71,0.00118491,1553724000,0.00118832,0.00118346,0.00118463,81.80750561,0.09709678,0.00118689,2.6650622533333332,0.924292033076923,0.7670093067647061,0.0011868566666666653,0.001184398461538463,0.0011821697058823524
72,0.00118346,1553731200,0.00118792,0.00118346,0.00118792,61.80089702,0.07320262,0.00118449,1.1653168633333333,0.9058375376923075,0.7274981682352943,0.001185453333333332,0.0011849376923076939,0.001181648235294117
73,0.00118406,1553738400,0.00118592,0.00117705,0.00118549,272.65233711,0.32150249,0.00117916,0.1639339633333332,0.9050388469230768,0.7340803941176474,0.001184143333333332,0.0011851776923076937,0.0011813144117647054
74,0.00118237,1553745600,0.00118406,0.00118237,0.00118406,48.90891938,0.05787261,0.00118327,0.15085923999999987,0.889071453076923,0.5962794941176474,0.0011832966666666656,0.0011852338461538477,0.0011813294117647055
75,0.001175,1553752800,0.00118237,0.001175,0.00118237,1528.56397614,1.79664809,0.00117538,0.7253410633333331,1.0196006053846154,0.6401381908823532,0.0011804766666666654,0.0011846192307692323,0.0011810655882352938
76,0.00117053,1553760000,0.00117849,0.00116931,0.00117749,1445.28066871,1.69602117,0.00117348,1.1835139566666666,1.1286688269230767,0.6701081464705886,0.0011759666666666653,0.0011838923076923093,0.0011805976470588234
77,0.00117195,1553767200,0.001175,0.00117195,0.00117206,196.19839813,0.23008303,0.0011727,1.2409174299999999,1.0671915830769227,0.6251642626470592,0.0011724933333333318,0.0011826061538461558,0.0011806049999999997
78,0.00117052,1553774400,0.00117287,0.00117051,0.00117248,129.48077813,0.15176228,0.00117208,0.6926221599999997,1.0568982099999997,0.6084223829411768,0.0011709999999999986,0.0011809653846153866,0.0011803814705882351
79,0.00117642,1553781600,0.00117649,0.00117056,0.00117056,1199.23402497,1.40471575,0.00117134,0.5955203533333331,1.1011522615384612,0.6497375520588239,0.001172963333333332,0.001180200000000002,0.0011803314705882352
80,0.00116931,1553788800,0.00117349,0.00116931,0.00117118,614.41556689,0.71903164,0.00117026,0.7585032233333332,1.1213077684615382,0.6708855414705885,0.0011720833333333323,0.0011789984615384634,0.0011800723529411764
81,0.00117219,1553796000,0.00117477,0.00116931,0.0011704,768.75812728,0.90009275,0.00117083,1.0079467133333333,1.1804707069230767,0.6919520488235298,0.0011726399999999989,0.0011781830769230788,0.0011794897058823531
82,0.00116892,1553803200,0.00117324,0.00116881,0.0011699,255.64230374,0.29912038,0.00117007,0.6394149233333334,0.8517539061538459,0.6685643232352945,0.001170139999999999,0.0011767407692307712,0.0011790038235294116
83,0.00116892,1553810400,0.00117399,0.00116892,0.00116948,485.22217253,0.56828698,0.00117118,0.5891667033333334,0.6396489669230767,0.6798489105882356,0.001170009999999999,0.001175273846153848,0.0011785532352941175
84,0.00116929,1553817600,0.00117249,0.00116881,0.00116892,301.01444027,0.35213204,0.00116981,0.4065131333333334,0.6592670638461537,0.6856278585294121,0.0011690433333333323,0.0011740723076923095,0.001178232352941176
85,0.00116881,1553824800,0.0011745,0.00116881,0.00117349,558.75495752,0.65610651,0.00117422,0.5255085100000001,0.7041058246153846,0.6926309500000003,0.0011690066666666659,0.0011729453846153863,0.0011778638235294112
86,0.00117486,1553832000,0.0011749,0.00116813,0.00116881,2733.06869765,3.19718723,0.00116981,1.4018085933333335,0.9253123430769231,0.7831563273529415,0.0011709866666666658,0.0011722376923076938,0.001177673235294117
87,0.00116287,1553839200,0.00117194,0.0011624,0.00117194,269.52894756,0.31455211,0.00116704,1.3892819500000002,0.94505692,0.7919207305882355,0.001168846666666666,0.0011707376923076938,0.0011770576470588232
88,0.00116503,1553846400,0.001173,0.00116255,0.00116287,643.15695697,0.75144007,0.00116836,1.4210598033333337,0.864656303076923,0.8084119494117651,0.001167586666666666,0.0011699707692307707,0.0011768382352941172
89,0.0011664,1553853600,0.00117622,0.00116503,0.00116503,818.63264463,0.95943005,0.00117199,0.6751407433333337,0.8079954476923076,0.8121389738235298,0.001164766666666666,0.0011696530769230785,0.0011766873529411761
90,0.00117126,1553860800,0.00117583,0.00116694,0.00116694,768.02847824,0.89926217,0.00117087,0.870044096666667,0.8594707661538461,0.8179253008823534,0.0011675633333333324,0.0011696000000000015,0.0011767182352941173
91,0.0012044,1553868000,0.0012044,0.00117325,0.00117325,10504.19027811,12.56638414,0.00119632,4.808358786666667,1.8144416784615383,1.1779016014705885,0.0011806866666666657,0.0011722061538461553,0.001177671470588235
92,0.0012,1553875200,0.00121404,0.00119566,0.0012044,4908.45776807,5.92424459,0.00120694,6.463296966666667,2.162097743076923,1.3486727979411768,0.0011918866666666657,0.0011740200000000015,0.0011786397058823528
93,0.0012,1553882400,0.00120294,0.00119382,0.00120164,730.23998018,0.87385124,0.00119666,6.454826656666667,2.1740069430769227,1.365165156176471,0.0012014666666666657,0.0011763807692307708,0.0011793323529411762
94,0.00118971,1553889600,0.00120003,0.00118968,0.0012,176.6237421,0.21097576,0.00119449,2.336357196666667,2.1209979438461537,1.3616089882352944,0.001196569999999999,0.0011777284615384631,0.0011795902941176466
95,0.001185,1553896800,0.00119666,0.001185,0.00119666,15.52170525,0.01852613,0.00119356,0.3677843766666671,2.099413770769231,1.3543465588235295,0.0011915699999999992,0.0011789653846153861,0.0011796891176470584
96,0.00118184,1553904000,0.00118968,0.00118126,0.0011894,119.05347671,0.14140238,0.00118772,0.12363475666666705,2.0665764938461537,1.355571066764706,0.0011855166666666658,0.0011799592307692322,0.0011796552941176468
97,0.00117462,1553911200,0.00118737,0.001172,0.00118737,2205.79166438,2.59656211,0.00117715,0.918830206666667,2.2392249607692305,1.423760120294118,0.001180486666666666,0.0011803692307692322,0.0011794976470588232
98,0.00117424,1553918400,0.00118153,0.00117341,0.00117341,712.59090249,0.84159833,0.00118103,1.193187606666667,2.253493562307692,1.418239859411765,0.0011768999999999992,0.0011807869230769247,0.0011790732352941174
99,0.0011795,1553925600,0.0011832,0.001174,0.001174,143.45997293,0.1691246,0.00117889,1.202428346666667,2.020565667692307,1.414814814411765,0.0011761199999999992,0.0011811438461538477,0.0011787099999999997
100,0.00118,1553932800,0.00118,0.00117158,0.00117796,179.15727647,0.21056581,0.00117531,0.40709624666666694,2.012566721538461,1.3966134241176473,0.0011779133333333328,0.00118246153846154,0.0011785226470588232
101,0.00117746,1553940000,0.0011815,0.001175,0.00117949,131.18863187,0.15442018,0.00117708,0.1780368633333336,1.9666421146153839,1.3877137220588238,0.0011789866666666662,0.001183417692307694,0.0011783029411764703
102,0.0011794,1553947200,0.00118129,0.00117187,0.00118129,72.97620024,0.08564991,0.00117366,0.15021196666666695,1.899428257692307,1.386380644411765,0.0011789533333333329,0.0011844176923076941,0.0011782032352941172
103,0.00117331,1553954400,0.00117959,0.00116812,0.00117959,125.19656212,0.14657189,0.00117073,0.12888066000000029,1.8415290053846147,1.256208088529412,0.001176723333333333,0.0011845753846153862,0.0011777808823529405
104,0.00116735,1553961600,0.00117183,0.00116,0.00117183,491.59315007,0.5739348,0.00116749,0.26871886666666694,0.9190329023076915,1.1752752535294118,0.0011733533333333328,0.0011817253846153864,0.001177173823529411
105,0.0011714,1553968800,0.00117173,0.00116509,0.00117,288.81278324,0.33791052,0.00116999,0.352805736666667,0.48931489692307617,1.1823580105882354,0.001170686666666666,0.0011795253846153865,0.0011767764705882347
106,0.001171,1553976000,0.001171,0.00116515,0.00116891,102.11545693,0.11917378,0.00116704,0.3436730333333337,0.4312627846153838,1.183710103529412,0.0011699166666666661,0.0011772946153846171,0.0011764099999999995
107,0.00116799,1553983200,0.00116949,0.00116309,0.00116766,1811.01755907,2.10854996,0.00116429,0.8552114200000004,0.5772300307692299,1.236270323235294,0.0011701299999999993,0.001175623846153848,0.001175937352941176
108,0.00116678,1553990400,0.00117145,0.00116329,0.00117145,45.42312934,0.05306368,0.0011682,0.7602624733333339,0.5798867653846146,1.2361288841176472,0.0011685899999999993,0.0011742223076923095,0.001175478823529411
109,0.00116649,1553997600,0.00116747,0.00116311,0.00116311,7.56292374,0.00881218,0.00116518,0.7234752733333338,0.5696875192307684,1.1835454750000003,0.0011670866666666658,0.0011730415384615402,0.001175228529411764
110,0.00116282,1554004800,0.00116399,0.00116282,0.00116302,38.00327988,0.04421333,0.0011634,0.0353630633333338,0.37335299769230684,1.1349628914705883,0.0011653633333333325,0.0011721338461538478,0.0011750017647058817
111,0.00116282,1554012000,0.00116699,0.00116282,0.00116318,214.35143764,0.24954302,0.00116417,0.10085617666666713,0.3278102815384607,1.135535244117647,0.0011640433333333325,0.0011712553846153864,0.001174733235294117
112,0.00117145,1554019200,0.00117145,0.00116025,0.00116282,1173.24731703,1.36717494,0.00116529,0.5536437633333338,0.4199679999999991,1.1712826752941174,0.001165696666666666,0.0011706361538461557,0.0011747605882352933
113,0.00117356,1554026400,0.00117771,0.00116816,0.00117145,295.93493649,0.3474181,0.00117396,0.6547120200000004,0.43049509923076834,1.140185685588235,0.0011692766666666658,0.001170140769230771,0.0011746764705882345
114,0.001173,1554033600,0.001173,0.00117109,0.00117273,19.17767205,0.02248856,0.00117264,0.5790272000000004,0.4203465130769222,1.1196991244117647,0.001172669999999999,0.0011697976923076942,0.0011747849999999994
115,0.00116796,1554040800,0.00117307,0.00116796,0.0011704,40.83724215,0.04780353,0.00117058,0.13923673000000036,0.41743525307692225,1.0946317944117647,0.0011715066666666656,0.0011689176923076942,0.0011746605882352935
116,0.00117386,1554048000,0.001174,0.00116783,0.00116783,345.02920057,0.40340586,0.00116919,0.15789931666666704,0.4371917123076915,1.0976990144117647,0.0011716066666666658,0.0011689600000000017,0.0011748058823529406
117,0.00116926,1554055200,0.001175,0.00116697,0.0011689,200.11923141,0.23428408,0.00117072,0.22849782333333368,0.41106473384615305,1.0878753997058823,0.0011703599999999992,0.001169106923076925,0.0011748158823529408
118,0.00117268,1554062400,0.001176,0.00116814,0.00116902,821.72077843,0.96293773,0.00117185,0.5335425566666671,0.4591437499999992,1.1058402729411765,0.0011719333333333325,0.0011692053846153866,0.0011749155882352937
119,0.00117803,1554069600,0.00117912,0.00117043,0.00117154,105.96859008,0.12438329,0.00117377,0.4405350333333337,0.4595444815384608,1.0902013547058822,0.0011733233333333325,0.0011697461538461558,0.0011751867647058819
120,0.00116494,1554076800,0.0011776,0.00116182,0.0011776,537.79583767,0.62740543,0.00116662,0.5715754833333336,0.34561028692307616,1.0146195370588236,0.0011718833333333326,0.0011695115384615406,0.0011748949999999996
121,0.00116802,1554084000,0.00116919,0.00116259,0.0011645,1212.2983328,1.41175535,0.00116452,0.7211813566666669,0.45012503076923,1.0468902205882353,0.0011703299999999992,0.0011696069230769251,0.0011750464705882347
122,0.00116822,1554091200,0.00116961,0.00116279,0.00116358,201.12088637,0.23435881,0.00116526,0.7578398633333335,0.4674747715384608,1.0316819482352941,0.0011670599999999993,0.0011697400000000022,0.0011751402941176466
123,0.00116306,1554098400,0.00116931,0.00116211,0.00116832,772.13222512,0.90079638,0.00116663,0.8489701800000002,0.5333657753846146,1.029957428529412,0.0011664333333333329,0.0011697584615384638,0.0011750420588235288
124,0.0011625,1554105600,0.001168,0.00116111,0.00116309,197.10576279,0.22934408,0.00116355,0.45483309000000033,0.53181201076923,1.0102539552941177,0.001164593333333333,0.0011697338461538482,0.0011747844117647053
125,0.00116377,1554112800,0.00116685,0.00116072,0.001162,885.75907495,1.02907026,0.00116179,0.7197369066666669,0.5058039584615377,0.6709211941176471,0.0011631099999999995,0.001169143076923079,0.0011735894117647053
126,0.00116595,1554120000,0.00116692,0.00116352,0.00116392,126.39451516,0.14743367,0.00116645,0.46861600333333353,0.49042054076923003,0.5010149905882353,0.0011640733333333328,0.0011685576923076942,0.00117258794117647
127,0.00116141,1554127200,0.00116647,0.00116014,0.00116596,656.2132534,0.76482719,0.00116551,0.6471103733333335,0.5475235123076916,0.49780840088235284,0.0011637099999999997,0.0011676661538461558,0.00117145294117647
128,0.00115884,1554134400,0.00116281,0.001158,0.00116141,1747.66631856,2.0288253,0.00116087,0.9803620533333334,0.6999098023076916,0.5512745638235294,0.0011620666666666663,0.0011669646153846175,0.0011705449999999996
129,0.00115684,1554141600,0.0011605,0.00115649,0.00115858,532.95163759,0.61728551,0.00115823,1.1369793333333333,0.7163620830769225,0.5688851338235292,0.00115903,0.0011656553846153867,0.0011697167647058818
130,0.00115999,1554148800,0.00115999,0.00115695,0.00115695,15.71450616,0.01821347,0.00115902,0.8881080933333334,0.6997412669230763,0.5652619305882352,0.0011585566666666668,0.0011649423076923098,0.0011690741176470583
131,0.00116499,1554156000,0.00116499,0.00116,0.00116,12.90035456,0.01499698,0.00116252,0.21683198666666673,0.626822747692307,0.4893335444117645,0.0011606066666666668,0.0011643507692307713,0.0011687908823529406
132,0.001157,1554163200,0.00115901,0.001157,0.00115901,68.33532476,0.07917069,0.00115856,0.03746038000000007,0.6233448553846146,0.4669092020588234,0.00116066,0.001162733076923079,0.0011682838235294111
133,0.00115249,1554170400,0.00115726,0.00115097,0.001157,633.95270216,0.73220794,0.00115498,0.27545853666666675,0.6314065869230762,0.4834704767647057,0.0011581599999999999,0.0011617753846153865,0.001167489411764705
134,0.00108,1554177600,0.00115097,0.00101967,0.00115097,35224.04397018,37.92192239,0.00107659,12.911100339999999,3.439880974615384,1.592628023235294,0.0011298299999999999,0.0011550046153846175,0.001164548235294117
135,0.001093,1554184800,0.00109445,0.00107,0.0010739,1910.46451011,2.06705332,0.00108196,13.573727883333333,3.5808574753846143,1.6488819391176468,0.0011084966666666666,0.0011492184615384635,0.0011620641176470579
136,0.00107437,1554192000,0.00109036,0.00106448,0.00109036,1231.93644133,1.32336978,0.00107421,13.770781829999999,3.6133631215384603,1.6852854647058821,0.0010824566666666664,0.0011423961538461558,0.0011589749999999992
137,0.00108154,1554199200,0.0010925,0.001071,0.00107101,631.14763437,0.68238499,0.00108118,1.3576026966666674,3.6482124223076915,1.7010446735294116,0.0010829699999999997,0.0011361684615384634,0.0011562758823529405
138,0.00110489,1554206400,0.00111789,0.00108251,0.0010845,1902.80547805,2.10217975,0.00110477,1.3693115066666675,3.7307593061538453,1.7459930544117646,0.001086933333333333,0.0011316392307692325,0.001154438823529411
139,0.00110449,1554213600,0.0011178,0.00109889,0.00110782,2446.78532948,2.69638124,0.001102,1.826981993333334,3.9268321961538457,1.8153598402941176,0.0010969733333333332,0.0011269115384615403,0.0011524708823529403
140,0.00112311,1554220800,0.00113807,0.0011035,0.0011035,3259.46702864,3.67430571,0.00112727,2.824288900000001,4.150638236153846,1.919922544117647,0.00111083,0.0011239653846153864,0.0011510623529411759
141,0.00111867,1554228000,0.001125,0.00111493,0.00112262,418.1792042,0.46743507,0.00111778,2.279374006666668,4.030531295384614,1.871654459117647,0.001115423333333333,0.0011208753846153865,0.0011496117647058818
142,0.00110847,1554235200,0.00112197,0.00110837,0.00112197,984.82506852,1.09613389,0.00111302,1.7459582233333346,4.067365786153845,1.9023329947058822,0.00111675,0.0011171546153846172,0.0011478967647058818
143,0.00111861,1554242400,0.00111899,0.00110686,0.00110838,2596.891981,2.88962626,0.00111272,1.4843984066666678,4.2882436930769225,1.987062820588235,0.00111525,0.0011139715384615402,0.001146488529411764
144,0.00112848,1554249600,0.00114582,0.00111491,0.00111581,1932.38937299,2.19146805,0.00113407,2.059076066666668,4.4556645446153835,2.05021737117647,0.00111852,0.0011111630769230787,0.0011454785294117641
145,0.00115451,1554256800,0.00120625,0.00112415,0.00112415,6009.09643568,7.05719099,0.00117441,4.046095100000001,4.992435336923076,2.2504423114705876,0.0011338666666666664,0.0011109715384615402,0.001145234117647058
146,0.00114416,1554264000,0.0011694,0.00112606,0.001155,3943.19383337,4.55164563,0.0011543,4.600101556666668,5.286238236153845,2.3441032141176463,0.0011423833333333332,0.0011103307692307712,0.0011444314705882346
147,0.00113839,1554271200,0.00115096,0.00113306,0.00114035,3145.48909726,3.59985235,0.00114444,5.0695629900000005,2.6460790023076917,2.4397630449999994,0.0011456866666666665,0.0011148223076923097,0.0011433970588235287
148,0.00113335,1554278400,0.00113949,0.00112557,0.00113949,1818.24293401,2.05321216,0.00112922,3.401570046666668,2.645014297692307,2.4994902097058818,0.0011386333333333332,0.0011179261538461559,0.0011422308823529404
149,0.00113162,1554285600,0.0011375,0.00113077,0.00113335,94.63280363,0.1073239,0.0011341,1.9201294700000011,2.5514723069230762,2.5012408088235287,0.001134453333333333,0.001122330000000002,0.0011411620588235288
150,0.001158,1554292800,0.00116871,0.00113247,0.00113247,1157.91622652,1.32707832,0.00114609,1.162538126666668,2.6010641015384603,2.528407645882352,0.00114099,0.0011282115384615404,0.0011406955882352933
151,0.0011445,1554300000,0.0011585,0.0011365,0.0011585,528.61265029,0.60417418,0.00114294,0.6795254666666679,2.485832903846153,2.5392867664705876,0.0011447066666666666,0.0011312584615384635,0.0011399673529411758
152,0.00115837,1554307200,0.0011766,0.00114062,0.0011445,7838.23210227,9.07425998,0.00115769,3.6685041600000012,2.97643896076923,2.777855067941176,0.0011536233333333333,0.001135403076923079,0.0011395464705882346
153,0.00117326,1554314400,0.00117448,0.00115138,0.00115138,6503.67985678,7.55959511,0.00116235,5.746009756666669,3.275307376153845,2.9965377685294112,0.0011587099999999996,0.001139260769230771,0.0011394061764705874
154,0.00114045,1554321600,0.001182,0.00114045,0.0011745,4846.12619892,5.65081743,0.00116604,7.4282241733333345,3.6740290961538453,3.1442851802941174,0.0011573599999999999,0.0011409361538461558,0.0011386858823529402
155,0.00109371,1554328800,0.00114778,0.00105,0.00114045,9823.89520163,10.72456695,0.00109168,7.978326496666668,4.4146777930769225,3.4181914038235295,0.0011358066666666668,0.0011398007692307712,0.0011365002941176462
156,0.0010932,1554336000,0.00111,0.0010805,0.00109741,2315.67300791,2.5270265,0.00109127,6.300803626666667,4.386785503846154,3.4856228064705883,0.0011091200000000001,0.0011378461538461557,0.001134293823529411
157,0.001092,1554343200,0.00109731,0.00107772,0.0010932,2748.38277478,3.00379967,0.00109293,5.418464373333333,4.449272551538462,3.547475844411765,0.0010929700000000002,0.0011350400000000019,0.0011322038235294111
158,0.00110616,1554350400,0.00111549,0.00108506,0.00108506,2330.47781104,2.58296664,0.00110834,2.704597603333333,4.105101447692308,3.616700037352941,0.0010971200000000003,0.001131320769230771,0.0011305467647058818
159,0.00110026,1554357600,0.00110781,0.00109688,0.00110486,5625.43846625,6.20481795,0.00110299,3.930528086666666,4.232268549230769,3.7689279105882356,0.0010994733333333335,0.001127943846153848,0.001128678823529411
160,0.00109392,1554364800,0.00111285,0.00109392,0.0011048,1366.03517807,1.50819206,0.00110406,3.4319922166666665,4.071371603846154,3.808950216176471,0.0011001133333333336,0.0011245230769230787,0.0011265602941176464
161,0.00109371,1554372000,0.00109915,0.001085,0.00109389,379.13846908,0.41378931,0.00109139,2.7089331066666666,3.945262153846153,3.7986255726470586,0.0010959633333333333,0.001121473846153848,0.001124569117647058
162,0.00109032,1554379200,0.0010979,0.00108859,0.0010968,220.94588328,0.24123832,0.00109184,0.7210732300000003,3.9555632630769226,3.7460494850000003,0.0010926500000000001,0.001118296923076925,0.001122553823529411
163,0.00108746,1554386400,0.0010939,0.00108276,0.00109032,253.85713752,0.27597426,0.00108712,0.3103339633333336,3.874709104615384,3.7360109188235295,0.0010904966666666668,0.001112870769230771,0.0011205132352941167
164,0.00108196,1554393600,0.00108811,0.00107632,0.00108741,381.59249539,0.41181288,0.00107919,0.30967515333333356,3.859912081538461,3.7475873720588235,0.00108658,0.0011080600000000019,0.0011182182352941167
165,0.00108499,1554400800,0.00109096,0.00107632,0.00107632,720.85249019,0.77916903,0.00108089,0.4889853900000003,3.2218281623076916,3.770063020588235,0.0010848033333333332,0.0011024153846153865,0.0011158652941176462
166,0.001087,1554408000,0.00109498,0.00108279,0.00108703,2539.21902547,2.76878815,0.0010904,1.3199233533333334,2.853304549999999,3.8491694164705876,0.0010846499999999997,0.0010957800000000017,0.0011138064705882346
167,0.00108841,1554415200,0.00109,0.00108312,0.00108629,215.83130438,0.23469567,0.0010874,1.2608842833333334,2.436679799230768,3.8345367026470587,0.0010867999999999997,0.0010917769230769248,0.0011119217647058816
168,0.0010956,1554422400,0.00110263,0.00109,0.00109,1179.33922389,1.29853926,0.00110107,1.4340076933333332,1.7116007461538452,2.757378375294118,0.0010903366666666662,0.0010919223076923095,0.0011123805882352934
169,0.00110292,1554429600,0.00110292,0.00109,0.00109341,184.40380866,0.2025246,0.00109826,0.57858651,1.5327929076923068,2.7025392952941183,0.0010956433333333328,0.0010926700000000017,0.001112672352941176
170,0.00117234,1554436800,0.00119,0.00110407,0.00110407,5873.41071995,6.77903643,0.00115419,2.76003343,1.8231957353846144,2.863000079117648,0.0011236199999999997,0.001098850000000002,0.0011155538235294114
171,0.00114974,1554444000,0.00117234,0.00114919,0.00116902,477.87195465,0.55218277,0.0011555,2.5112479333333333,1.666981591538461,2.8591706020588243,0.0011416666666666663,0.0011022023076923096,0.0011175597058823525
172,0.00113757,1554451200,0.00115598,0.00113757,0.00115598,565.50766411,0.64939854,0.00114834,2.6602059133333333,1.2396416369230763,2.816441742941177,0.001153216666666666,0.0011050723076923095,0.0011185208823529407
173,0.00114434,1554458400,0.00114549,0.00113416,0.00113759,287.51495401,0.32753318,0.00113918,0.5097048299999999,1.1488217230769224,2.7467697411764718,0.0011438833333333326,0.0011089507692307711,0.0011196929411764703
174,0.00113636,1554465600,0.0011598,0.00113636,0.00114804,993.0229445,1.14542391,0.00115347,0.7074518766666665,1.205101307692307,2.672390864705884,0.0011394233333333328,0.0011122315384615403,0.0011200826470588233
175,0.00113787,1554472800,0.00114299,0.00113128,0.001138,195.14646877,0.22153104,0.0011352,0.5648293766666664,1.2035853630769222,2.665158393235296,0.0011395233333333329,0.0011158892307692326,0.0011206473529411763
176,0.00113024,1554480000,0.00114855,0.00112551,0.00114143,10185.17376883,11.51560784,0.00113062,4.294187596666666,2.0681725615384603,2.971613509411766,0.001134823333333333,0.0011191800000000017,0.0011212876470588233
177,0.00113807,1554487200,0.00113942,0.00112819,0.00112819,367.83977767,0.41684149,0.00113321,4.05132679,2.068559377692307,2.8988845455882366,0.0011353933333333327,0.0011234961538461557,0.0011218599999999997
178,0.0011399,1554494400,0.00114546,0.00113828,0.0011388,342.21469783,0.39105041,0.0011427,4.107833246666666,2.038704099230768,2.845931085588237,0.0011360699999999994,0.0011277200000000018,0.0011221958823529408
179,0.00114025,1554501600,0.00114653,0.0011399,0.00114163,153.71174004,0.17538839,0.00114102,0.32776009666666656,1.8392118099999988,2.6435251267647075,0.001139406666666666,0.0011318161538461555,0.001121776470588235
180,0.00114,1554508800,0.00114812,0.00113315,0.00114148,638.17362848,0.72537114,0.00113663,0.4306033133333333,1.8769560769230758,2.5309876417647077,0.0011400499999999994,0.001135784615384617,0.0011216541176470587
181,0.001137,1554516000,0.001137,0.00113499,0.00113499,32.22862529,0.03663913,0.00113685,0.3124662199999999,1.7798868361538451,2.4261872529411783,0.0011390833333333329,0.0011389692307692324,0.0011216132352941173
182,0.00114008,1554523200,0.00114008,0.00113321,0.00113321,812.96307077,0.92665039,0.00113984,0.5628868866666666,1.835588819999999,2.393053083235296,0.0011390266666666661,0.001141827692307694,0.001121811176470588
183,0.00113466,1554530400,0.001142,0.00113466,0.00114086,75.33064826,0.085645,0.00113692,0.3496448399999999,1.3207125561538449,2.3924154685294137,0.0011372466666666663,0.0011389292307692324,0.0011219005882352941
184,0.00111957,1554537600,0.00113466,0.00110837,0.00113466,3113.17952864,3.47741604,0.00111699,1.4965704766666665,1.5457304999999988,2.455660695588237,0.001131436666666666,0.0011366084615384632,0.001120770294117647
185,0.0011226,1554544800,0.0011226,0.00111657,0.00112257,148.60864066,0.16625599,0.00111875,1.2431056766666666,1.5085656884615373,2.442780748823531,0.0011256099999999998,0.0011354569230769248,0.0011201261764705883
186,0.00112152,1554552000,0.00112581,0.00112121,0.0011239,1282.25639122,1.44000402,0.00112302,1.694558683333333,1.5941403684615372,2.218243808823531,0.0011212299999999998,0.00113370153846154,0.0011190423529411765
187,0.00112475,1554559200,0.00113381,0.00111993,0.00112016,299.50117793,0.33726586,0.00112609,0.6478419566666663,1.5319743646153832,2.005822360294119,0.0011229566666666661,0.0011328084615384632,0.0011176155882352942
188,0.00116384,1554566400,0.00117109,0.00111449,0.00112584,3876.12642185,4.45631298,0.00114968,2.077860953333333,1.8577268215384601,1.9706898764705898,0.001136703333333333,0.0011348061538461556,0.0011183035294117646
189,0.00116005,1554573600,0.00116662,0.00115448,0.00115591,668.45920746,0.77698626,0.00116235,1.856855033333333,1.0316790076923064,1.6781139738235311,0.001149546666666666,0.0011370992307692324,0.001120254705882353
190,0.00117015,1554580800,0.0011755,0.0011598,0.0011631,445.66943928,0.52220247,0.00117172,1.9185005699999997,1.0397836984615372,1.6191485611764724,0.0011646799999999995,0.0011395669230769249,0.0011225179411764707
191,0.00118037,1554588000,0.00119471,0.00117211,0.0011755,1255.34222056,1.48689226,0.00118445,0.9286936633333331,1.1240792253846141,1.574533637352943,0.0011701899999999996,0.0011426800000000016,0.0011251170588235295
192,0.0013195,1554595200,0.00135312,0.00118254,0.00118254,33145.42237502,42.57473891,0.00128448,14.861277880000001,4.3855677269230755,2.7507622335294135,0.0012233399999999996,0.0011564684615384632,0.0011313917647058824
193,0.00127998,1554602400,0.0013393,0.0012709,0.00131957,4101.11439516,5.35092056,0.00130474,16.470850576666667,4.741379220769229,2.7256476044117663,0.0012599499999999995,0.0011672361538461553,0.0011366776470588236
194,0.0013652,1554609600,0.00137734,0.00127618,0.00127618,20428.0587945,27.20423257,0.0013317,25.043297346666662,6.831194100769229,3.481413501764708,0.0013215599999999994,0.0011847900000000015,0.0011446564705882352
195,0.00131404,1554616800,0.00136946,0.00131313,0.0013652,5842.18590031,7.80698651,0.00133631,13.454046546666662,7.360450725384614,3.698860478235296,0.0013197399999999992,0.00119817153846154,0.0011511367647058825
196,0.00130712,1554624000,0.0013239,0.0013,0.00131326,4203.86774582,5.52716296,0.00131478,13.512794013333329,7.7790290299999985,3.8543288500000017,0.0013287866666666659,0.001211437692307694,0.001157513235294118
197,0.0013073,1554631200,0.00132316,0.00129818,0.00130361,1792.39128524,2.33872911,0.0013048,5.224292859999998,7.691437727692307,3.9149981102941194,0.001309486666666666,0.0012258784615384632,0.001163979117647059
198,0.00131295,1554638400,0.00134704,0.00130536,0.0013073,1641.26059533,2.17479878,0.00132507,3.3468969499999974,7.845941019230769,3.9668506367647076,0.0013091233333333329,0.0012405207692307708,0.0011707729411764708
199,0.00140292,1554645600,0.00140549,0.00130566,0.00131217,29505.28790805,40.5526635,0.00137442,15.022063796666664,10.854607133076922,5.136659297647061,0.0013410566666666663,0.0012621669230769245,0.001180123823529412
200,0.00147547,1554652800,0.00155799,0.00140292,0.00140292,39900.24595743,59.1753095,0.00148308,33.967590593333334,15.380610489999999,6.79567463147059,0.0013971133333333331,0.0012891453846153858,0.0011915494117647062
201,0.00146171,1554660000,0.00149001,0.00146097,0.00148731,7376.81261834,10.84894915,0.00147068,36.85897404999999,15.872351733846152,7.107858557352943,0.0014466999999999995,0.0013120584615384629,0.001202528823529412
202,0.00153289,1554667200,0.001535,0.00144721,0.00146171,6633.5665779,9.86874922,0.00148769,26.63100262333333,16.571718115384616,7.359923556176472,0.001490023333333333,0.0013407384615384628,0.0012153902941176473
203,0.00147255,1554674400,0.00154247,0.00146,0.001535,9007.02512469,13.45747219,0.0014941,11.39172352,17.566738863076925,7.749774955882354,0.0014890499999999998,0.0013640000000000015,0.0012262617647058828
204,0.00143792,1554681600,0.00153105,0.001436,0.00148137,12638.89229324,18.61440642,0.00147278,13.980209276666665,18.88423995230769,8.097874073235296,0.00148112,0.0013838115384615399,0.001234072941176471
205,0.00138562,1554688800,0.00145,0.00138562,0.00144254,8037.04896075,11.31841043,0.00140827,14.463429679999999,16.47990699230769,8.414527827941177,0.00143203,0.0013888976923076936,0.0012410105882352943
206,0.0014156,1554696000,0.00142,0.00138551,0.00138562,2589.57921571,3.64981715,0.00140942,11.194211333333334,16.349052883846152,8.502775434117648,0.0014130466666666668,0.0013993300000000011,0.0012491879411764709
207,0.0013945,1554703200,0.00141441,0.00138409,0.0014086,4789.40213132,6.67910036,0.00139455,7.215775979999999,14.770196559999999,8.689586233529413,0.0013985733333333333,0.0014015838461538474,0.0012565455882352944
208,0.00137442,1554710400,0.00139472,0.00135283,0.0013945,7476.32493727,10.27507453,0.00137434,6.867997346666665,14.960049484615384,8.958105369411767,0.0013948399999999998,0.0014062284615384629,0.0012635473529411768
209,0.00135301,1554717600,0.00137985,0.00133,0.00137442,5939.18722974,8.01861121,0.00135011,8.324262033333332,15.15169935,9.187431256764707,0.0013739766666666664,0.001409758461538463,0.0012698750000000004
210,0.00137,1554724800,0.00138202,0.0013505,0.0013505,1147.9283827,1.56751903,0.00136551,6.6204015899999975,15.092375497692306,8.894840409411769,0.0013658099999999996,0.0014145815384615397,0.0012769267647058829
211,0.00134212,1554732000,0.00137376,0.00132795,0.001369,14676.45455141,19.5836206,0.00133435,9.723250279999997,16.431515637692307,9.45856920676471,0.0013550433333333334,0.0014168253846153858,0.0012829282352941184
212,0.001334,1554739200,0.00135853,0.0013155,0.00134672,6084.78009246,8.06178591,0.0013249,9.737641846666664,13.93221736153846,9.68417907441177,0.0013487066666666668,0.0014115238461538473,0.00128863705882353
213,0.00135354,1554746400,0.00135552,0.00133303,0.00133304,3007.64652108,4.05173167,0.00134714,10.565712726666662,9.691942143846152,9.798189170882356,0.0013432200000000002,0.0014021446153846167,0.0012949102941176478
214,0.00139383,1554753600,0.00139383,0.00134812,0.00135562,1642.21760945,2.24888689,0.00136942,4.787468156666663,9.030398893076923,9.842998457647061,0.0013604566666666669,0.001396923076923078,0.0013023758823529417
215,0.00135811,1554760800,0.001408,0.0013581,0.00139502,2141.20765384,2.94870613,0.00137712,3.0831082299999975,8.498087886153845,9.928647487058825,0.0013684933333333335,0.0013834784615384627,0.0013088791176470594
216,0.00134557,1554768000,0.00140641,0.00134557,0.00136129,3426.24584792,4.71283563,0.00137551,3.3034762166666645,7.825423535384615,10.04000587647059,0.0013658366666666668,0.0013737107692307704,0.0013149229411764712
217,0.0013265,1554775200,0.00136045,0.0013175,0.0013545,1480.27091247,1.95998273,0.00132407,3.207174829999998,6.544314020769229,10.095133456764707,0.0013433933333333332,0.0013651400000000012,0.0013205652941176477
218,0.00131326,1554782400,0.001334,0.001308,0.00132749,2415.0366254,3.20478844,0.00132701,3.2925355999999977,5.92018925230769,10.087114997941178,0.0013284433333333333,0.0013595738461538475,0.0013262620588235297
219,0.00132655,1554789600,0.001348,0.00131083,0.00132202,883.69549237,1.17956385,0.0013348,2.1147783399999978,5.7301697676923045,10.116918170294118,0.0013221033333333332,0.0013527238461538474,0.0013322605882352945
220,0.00132486,1554796800,0.00133045,0.00131939,0.00132655,1000.18122635,1.32384275,0.0013236,1.9027316799999976,5.318226874615382,10.113501662352942,0.0013215566666666667,0.0013473669230769244,0.0013382411764705886
221,0.00133286,1554804000,0.00134607,0.00131195,0.00132341,478.38166051,0.63444885,0.00132623,1.0459518166666641,4.576640283846151,10.122242338529412,0.0013280899999999999,0.0013441700000000013,0.0013443620588235296
222,0.00134164,1554811200,0.00134216,0.001332,0.00133201,96.41480553,0.12891706,0.0013371,0.6957362199999975,3.9697407338461517,9.994965987941177,0.00133312,0.0013432953846153862,0.0013495914705882355
223,0.00132543,1554818400,0.00134184,0.00132252,0.00134184,105.8575034,0.14074051,0.00132952,0.30136880666666416,3.859988539999998,9.97625287764706,0.0013333099999999999,0.0013398669230769247,0.0013544555882352943
224,0.00134276,1554825600,0.00134276,0.00131709,0.00132553,2035.17752468,2.69308595,0.00132326,0.9875811733333307,2.5607166438461513,10.040102391764705,0.00133661,0.0013399161538461555,0.0013595323529411766
225,0.001378,1554832800,0.00138,0.0013356,0.00134276,1316.79836814,1.79039615,0.00135965,1.5414075366666642,2.0783020469230746,10.049028976764706,0.00134873,0.001343300769230771,0.001365345
226,0.0013611,1554840000,0.00138602,0.00134569,0.00138,1652.22684558,2.27168993,0.00137492,2.2517240099999976,1.941375759230767,8.863645183235294,0.00136062,0.0013438823076923094,0.0013665685294117647
227,0.00134053,1554847200,0.0013579,0.00133906,0.0013575,1656.5868578,2.22981347,0.00134602,2.0972998499999975,1.9399085730769206,8.771847915882352,0.0013598766666666668,0.0013397823076923094,0.0013683494117647057
228,0.00136227,1554854400,0.00136431,0.00134266,0.00134404,646.38293939,0.87306595,0.00135069,1.7915231166666643,1.7802439438461515,7.997401838823529,0.0013546333333333339,0.0013401023076923095,0.0013682632352941175
229,0.00134327,1554861600,0.00135676,0.00134227,0.00135676,261.75907946,0.35218793,0.00134546,1.1516891166666643,1.4448095053846128,7.7781430570588235,0.0013486900000000003,0.0013399253846153865,0.0013691229411764705
230,0.00137015,1554868800,0.00138768,0.00134096,0.00134327,5893.67707696,8.02337077,0.00136135,3.082874883333331,1.9112239699999973,7.851560933823529,0.001358563333333334,0.0013432830769230786,0.0013709767647058823
231,0.00135803,1554876000,0.00137596,0.00135751,0.00137014,1201.4839799,1.64591997,0.0013699,3.340492889999998,1.791311010769228,7.831184194411766,0.0013571500000000003,0.0013467269230769247,0.0013724688235294117
232,0.00135776,1554883200,0.00136734,0.00135585,0.00136212,781.90455145,1.06241035,0.00135874,3.577233696666665,1.7822992030769205,7.798466887647059,0.0013619800000000003,0.001349127692307694,0.0013737867647058823
233,0.00135731,1554890400,0.00135939,0.0013465,0.00135585,2387.80341837,3.24245409,0.00135792,1.9835948033333313,1.929884690769228,6.701107787352943,0.0013576999999999999,0.0013516238461538479,0.001372445294117647
234,0.00133131,1554897600,0.00136038,0.00133019,0.00135153,563.60719268,0.7587656,0.00134626,1.687876679999998,1.939447517692305,4.982974143235296,0.0013487933333333334,0.0013515046153846169,0.001368205294117647
235,0.00134149,1554904800,0.00134755,0.00133469,0.00134047,818.42265741,1.09581222,0.00133893,1.6990106366666649,2.0138240684615356,4.696117174705884,0.00134337,0.0013514930769230782,0.001364669411764706
236,0.00133647,1554912000,0.00134983,0.00133,0.00133606,586.79880709,0.7826531,0.00133376,0.8790769733333317,2.0632019599999976,4.428879053529413,0.0013364233333333336,0.001352342307692309,0.0013588923529411765
237,0.00131058,1554919200,0.00134216,0.00131058,0.0013384,590.74004684,0.78250321,0.00132461,0.8869895099999981,1.9162340569230745,4.056085848235295,0.0013295133333333334,0.0013498669230769245,0.0013541285294117647
238,0.0013204,1554926400,0.00134049,0.00131101,0.00131312,1079.44018044,1.42713846,0.0013221,0.9974315899999983,1.8882911576923052,3.5505779670588247,0.0013224833333333335,0.0013454361538461552,0.0013506720588235292
239,0.0013295,1554933600,0.00133096,0.00131406,0.00131991,106.70776267,0.14104125,0.00132175,0.7835609733333314,1.7243951053846127,3.2218318147058835,0.0013201600000000001,0.001343005384615386,0.0013490214705882352
240,0.00130764,1554940800,0.00132399,0.00130764,0.00132244,925.39956768,1.21392967,0.00131178,0.9273697933333315,1.646250197692305,3.150188065294119,0.0013191800000000003,0.0013404753846153858,0.0013458461764705879
241,0.00127072,1554948000,0.00130954,0.001265,0.00130687,10786.59275862,13.80371178,0.00127971,5.0528942333333315,2.6409152615384595,3.359735460000001,0.00130262,0.0013334330769230783,0.001342205588235294
242,0.0012609,1554955200,0.0012812,0.00124803,0.00127669,4874.87667314,6.15728992,0.00126306,7.058310456666665,3.087461568461536,3.2386241479411773,0.0012797533333333332,0.0013270969230769242,0.0013388667647058821
243,0.00127703,1554962400,0.00128246,0.00125601,0.00126095,4592.92100019,5.81005804,0.001265,8.590353246666666,2.9172067430769206,3.1736667017647067,0.00126955,0.0013199338461538472,0.001336632058823529
244,0.00126282,1554969600,0.00127611,0.00124216,0.00127065,2948.68491141,3.71424173,0.00125962,5.227196563333333,3.0763084169230743,3.236805604705883,0.0012669166666666666,0.0013126100000000012,0.0013334797058823526
245,0.00124162,1554976800,0.00125807,0.001215,0.00125334,3396.91177952,4.19236257,0.00123416,4.572220779999999,3.3170739723076896,2.784121545000001,0.0012604900000000002,0.001303676153846155,0.0013305238235294112
246,0.00123,1554984000,0.00124278,0.00122635,0.00123401,796.18113,0.98452775,0.00123656,2.9637106833333333,3.1433873307692277,2.575966893235295,0.0012448133333333334,0.001293883076923078,0.0013274649999999995
247,0.00121128,1554991200,0.00123981,0.00120765,0.00122985,3971.12187636,4.88782229,0.00123084,3.354904203333333,3.4610070761538436,2.6005577938235303,0.0012276333333333335,0.001284650000000001,0.0013232808823529407
248,0.001229,1554998400,0.00123112,0.00118904,0.00120707,6006.14733064,7.29088032,0.0012139,4.387743453333333,3.9375507761538437,2.7488517182352954,0.0012234266666666669,0.001275996923076924,0.0013184329411764701
249,0.00123473,1555005600,0.00123562,0.00122683,0.001229,3459.65557196,4.25595218,0.00123016,5.478218263333333,4.204727628461536,2.787300131470589,0.0012250033333333335,0.0012681707692307703,0.0013148041176470585
250,0.001227,1555012800,0.0012431,0.00122056,0.00123479,1069.42666324,1.32121584,0.00123544,4.289349446666667,4.2461670615384595,2.687546608235295,0.0012302433333333334,0.0012617415384615395,0.001311316764705882
251,0.00123974,1555020000,0.00125412,0.00121639,0.001227,1698.26886867,2.11848133,0.00124743,2.5652164500000003,4.29934728230769,2.6922083317647068,0.0012338233333333334,0.0012555369230769242,0.0013087649999999997
252,0.00121917,1555027200,0.00124718,0.00121588,0.00124718,1354.84507392,1.67687199,0.00123768,1.7055230533333334,4.417488108461536,2.6472696126470594,0.001228636666666667,0.0012470500000000008,0.0013059976470588233
