,close,date,high,low,open,quoteVolume,volume,weightedAverage,avg_vol_3,avg_vol_13,avg_vol_34,avg_close_3,avg_close_13,avg_close_34
0,0.00012168,1553218424,0.00012168,0.00012168,0.00012168,0.0,0.0,0.00012168,-99999.0,-99999.0,-99999.0,-99999.0,-99999.0,-99999.0
1,0.00012528,1553220000,0.00012705,0.00012168,0.00012168,13890.50164616,1.73650371,0.00012501,-99999.0,-99999.0,-99999.0,-99999.0,-99999.0,-99999.0
2,0.00012523,1553227200,0.00012869,0.00012427,0.00012582,2735.4243111,0.34854818,0.00012742,0.6950172966666667,-99999.0,-99999.0,0.00012406333333333334,-99999.0,-99999.0
3,0.00012416,1553234400,0.00012704,0.00012416,0.00012536,218.28974239,0.02739763,0.00012551,0.7041498399999999,-99999.0,-99999.0,0.00012489,-99999.0,-99999.0
4,0.00012536,1553241600,0.00012864,0.00012417,0.00012417,4337.14592476,0.547584,0.00012625,0.30784326999999995,-99999.0,-99999.0,0.0001249166666666667,-99999.0,-99999.0
5,0.00012499,1553248800,0.00012795,0.00012499,0.00012633,927.39461899,0.11818212,0.00012743,0.23105458333333326,-99999.0,-99999.0,0.0001248366666666667,-99999.0,-99999.0
6,0.00012688,1553256000,0.00012952,0.0001248,0.00012499,2485.46002783,0.31473246,0.00012662,0.32683285999999995,-99999.0,-99999.0,0.00012574333333333334,-99999.0,-99999.0
7,0.00012588,1553263200,0.00012759,0.00012588,0.00012725,490.94915768,0.06216589,0.00012662,0.1650268233333333,-99999.0,-99999.0,0.00012591666666666665,-99999.0,-99999.0
8,0.00012672,1553270400,0.00012759,0.00012536,0.00012582,1318.03610264,0.16692525,0.00012664,0.1812745333333333,-99999.0,-99999.0,0.0001264933333333333,-99999.0,-99999.0
9,0.00012633,1553277600,0.00012949,0.00012633,0.00012726,395.35418338,0.05050957,0.00012775,0.09320023666666662,-99999.0,-99999.0,0.00012630999999999995,-99999.0,-99999.0
10,0.00012523,1553284800,0.00012633,0.00012417,0.00012617,1091.17753695,0.1367273,0.0001253,0.11805403999999996,-99999.0,-99999.0,0.00012609333333333327,-99999.0,-99999.0
11,0.00012782,1553292000,0.00012937,0.00012523,0.00012523,2364.61506539,0.30488292,0.00012893,0.16403992999999994,-99999.0,-99999.0,0.00012645999999999992,-99999.0,-99999.0
12,0.00012687,1553299200,0.00012783,0.00012622,0.00012769,529.53011004,0.06752779,0.00012752,0.16971266999999993,0.29859129384615385,-99999.0,0.0001266399999999999,0.0001255715384615385,-99999.0
13,0.00012653,1553306400,0.00012668,0.00012588,0.00012646,531.72004472,0.06712283,0.00012623,0.14651117999999994,0.30375458846153847,-99999.0,0.00012707333333333325,0.0001259446153846154,-99999.0
14,0.00012667,1553313600,0.00012667,0.00012604,0.00012604,345.79167002,0.04379516,0.00012665,0.059481926666666594,0.1735462384615385,-99999.0,0.00012668999999999991,0.00012605153846153848,-99999.0
15,0.00012633,1553320800,0.00012633,0.00012578,0.00012595,6.76472265,0.000852,0.00012594,0.03725666333333325,0.1468003784615385,-99999.0,0.0001265099999999999,0.00012613615384615386,-99999.0
16,0.0001275,1553328000,0.0001298,0.00012621,0.00012621,2662.92878091,0.34305553,0.00012882,0.12923422999999992,0.17108175538461545,-99999.0,0.0001268333333333332,0.00012639307692307694,-99999.0
17,0.00012555,1553335200,0.0001275,0.00012555,0.0001275,1379.71950536,0.17413883,0.00012621,0.17268211999999994,0.1423552038461539,-99999.0,0.00012645999999999987,0.0001264076923076923,-99999.0
18,0.00012578,1553342400,0.00012643,0.00012578,0.00012633,514.2785574,0.06500211,0.00012639,0.19406548999999995,0.1382644338461539,-99999.0,0.00012627666666666654,0.00012646846153846155,-99999.0
19,0.00012708,1553349600,0.00012738,0.00012523,0.00012578,4350.90188035,0.5517709,0.00012681,0.2636372799999999,0.15649816000000005,-99999.0,0.00012613666666666653,0.00012648384615384617,-99999.0
20,0.00012632,1553356800,0.00012634,0.00012548,0.00012634,34.12931298,0.00429314,0.00012579,0.20702204999999993,0.15204641000000005,-99999.0,0.0001263933333333332,0.00012651769230769233,-99999.0
21,0.00012607,1553364000,0.00012667,0.00012594,0.00012633,104.43013144,0.01316687,0.00012608,0.1897436366666666,0.14021884230769238,-99999.0,0.00012648999999999985,0.00012646769230769233,-99999.0
22,0.00012748,1553371200,0.00012748,0.00012524,0.00012607,230.27707054,0.02933304,0.00012738,0.015597683333333298,0.13858987846153853,-99999.0,0.0001266233333333332,0.00012655615384615386,-99999.0
23,0.00012729,1553378400,0.00012907,0.00012712,0.00012712,957.59282532,0.12287734,0.00012831,0.055125749999999966,0.137524496923077,-99999.0,0.00012694666666666652,0.00012671461538461538,-99999.0
24,0.00012688,1553385600,0.00012729,0.00012688,0.00012729,2.93329842,0.00037217,0.00012688,0.050860849999999964,0.11410059307692313,-99999.0,0.00012721666666666654,0.0001266423076923077,-99999.0
25,0.00012633,1553392800,0.00012683,0.00012633,0.00012683,86.94846017,0.01102484,0.00012679,0.04475811666666663,0.10975421230769236,-99999.0,0.00012683333333333318,0.00012660076923076924,-99999.0
26,0.00012633,1553400000,0.00012633,0.00012633,0.00012633,0.0,0.0,0.00012633,0.0037990033333333006,0.10459091769230774,-99999.0,0.00012651333333333318,0.00012658538461538462,-99999.0
27,0.00012507,1553407200,0.00012612,0.00012507,0.00012612,117.58342184,0.01474756,0.00012542,0.008590799999999966,0.10235648692307699,-99999.0,0.00012590999999999983,0.0001264623076923077,-99999.0
28,0.00012606,1553414400,0.00012606,0.0001251,0.00012557,98.87127181,0.01239726,0.00012538,0.0090482733333333,0.1032445838461539,-99999.0,0.00012581999999999982,0.00012644153846153846,-99999.0
29,0.00012699,1553421600,0.000127,0.00012606,0.00012606,40.11904835,0.00508614,0.00012677,0.010743653333333299,0.0772469384615385,-99999.0,0.00012603999999999982,0.00012640230769230768,-99999.0
30,0.00014976,1553428800,0.00015538,0.00012584,0.00012633,96346.47412653,13.76578603,0.00014287,4.594423143333333,1.1227582615384615,-99999.0,0.0001342699999999998,0.0001282646153846154,-99999.0
31,0.00013704,1553436000,0.00014994,0.000137,0.00014976,25257.69482593,3.60359344,0.00014267,5.791488536666666,1.3949575946153847,-99999.0,0.00013792999999999984,0.00012913076923076923,-99999.0
32,0.00013458,1553443200,0.00013803,0.00013398,0.0001374,4812.07558287,0.65560155,0.00013624,6.008327006666666,1.4029445676923078,-99999.0,0.00014045999999999983,0.0001297076923076923,-99999.0
33,0.00013342,1553450400,0.0001351,0.00013342,0.00013476,2018.60179741,0.27137275,0.00013443,1.5101892466666669,1.4234891530769231,0.695208126764706,0.00013501333333333317,0.00013025384615384614,0.00012757323529411762
34,0.00013623,1553457600,0.00013808,0.00013371,0.00013403,8899.48623606,1.2053866,0.00013544,0.7107869666666667,1.5151983630769232,0.7306606738235296,0.00013474333333333318,0.00013103538461538462,0.00012800117647058823
35,0.00013292,1553464800,0.00013738,0.00013292,0.00013585,2208.67176409,0.29564525,0.00013385,0.5908015333333334,1.5356839176923078,0.6882824838235295,0.00013418999999999982,0.00013145384615384614,0.00012822588235294116
36,0.00013658,1553472000,0.00013808,0.0001324,0.00013285,7123.67227043,0.97187263,0.00013642,0.8243014933333335,1.6009912476923078,0.706615555882353,0.00013524333333333314,0.00013216846153846156,0.00012855970588235294
37,0.00014111,1553479200,0.00015204,0.00013678,0.00013678,15590.62825597,2.27187285,0.00014572,1.17979691,1.7757220692307696,0.7726295329411766,0.0001368699999999998,0.00013326307692307693,0.00012905823529411764
38,0.00013458,1553486400,0.00014111,0.00013273,0.00014111,7751.06029393,1.03625034,0.00013369,1.4266652733333334,1.8545855692307696,0.7870020723529413,0.00013742333333333315,0.00013389769230769233,0.00012932941176470588
39,0.000135,1553493600,0.00013693,0.00013348,0.000135,2474.11367809,0.33348626,0.00013479,1.2138698166666666,1.8802383584615388,0.7933345470588237,0.0001368966666666665,0.00013456461538461538,0.00012962382352941173
40,0.00013439,1553500800,0.00013531,0.00013333,0.00013513,1039.88042481,0.13966312,0.0001343,0.5031332399999999,1.889847247692308,0.7881854488235296,0.00013465666666666648,0.00013528153846153847,0.0001298447058823529
41,0.00013623,1553508000,0.0001391,0.00013334,0.00013368,4804.62128997,0.65704603,0.00013675,0.3767318033333333,1.939435614615385,0.8056819235294119,0.00013520666666666644,0.00013606384615384617,0.0001301491176470588
42,0.000131,1553515200,0.00013641,0.000131,0.00013627,12363.8644498,1.63459646,0.0001322,0.8104352033333333,2.064782562307693,0.8488487238235297,0.00013387333333333311,0.00013637230769230772,0.00013027499999999995
43,0.00012857,1553522400,0.00013241,0.00012772,0.00013119,7036.06504793,0.91967471,0.0001307,1.0704390666666665,1.0766201530769235,0.8744124044117649,0.00013193333333333314,0.0001347423076923077,0.00013034088235294112
44,0.00012667,1553529600,0.00012867,0.00012505,0.00012867,5727.04022524,0.72632415,0.00012682,1.0935317733333332,0.8552917461538467,0.8917534882352944,0.0001287466666666665,0.0001339446153846154,0.0001303832352941176
45,0.00012667,1553536800,0.00012667,0.00012667,0.00012667,0.0,0.0,0.00012667,0.5486662866666666,0.8048608576923082,0.882786343529412,0.00012730333333333313,0.00013333615384615385,0.00013034941176470584
46,0.00012667,1553544000,0.00012667,0.00012667,0.00012667,0.0,0.0,0.00012667,0.2421080499999999,0.7839860307692313,0.8808002320588237,0.0001266699999999998,0.0001328169230769231,0.00013034352941176464
47,0.00012828,1553551200,0.00012828,0.00012684,0.00012684,9.61115224,0.00122441,0.00012739,0.00040813666666657716,0.6913581700000007,0.8788620432352944,0.00012720666666666644,0.0001322053846153846,0.00013039499999999995
48,0.00012841,1553558400,0.00012884,0.00012768,0.00012769,1582.29643674,0.20338584,0.00012853,0.06820341666666659,0.6842612923076928,0.8835558867647062,0.00012778666666666644,0.00013185846153846155,0.00013044617647058816
49,0.00012697,1553565600,0.00012816,0.00012684,0.00012816,1054.82398305,0.13432973,0.00012734,0.11297999333333325,0.6198349153846159,0.8874817023529415,0.00012788666666666647,0.00013111923076923078,0.00013046499999999994
50,0.0001277,1553572800,0.0001277,0.00012742,0.00012742,9.89380303,0.00126111,0.00012746,0.11299222666666658,0.4451724738461544,0.877428925294118,0.0001276933333333331,0.00013008769230769232,0.00013047088235294108
51,0.00012707,1553580000,0.0001288,0.00012701,0.00012776,6109.79835266,0.78077613,0.00012779,0.3054556566666666,0.425520611538462,0.8952711988235298,0.00012724666666666642,0.00012951,0.00013051558823529402
52,0.00012569,1553587200,0.00012835,0.00012569,0.00012762,5829.7216493,0.73799803,0.00012659,0.5066784233333333,0.45663690153846204,0.9150651964705885,0.00012681999999999974,0.00012879384615384614,0.0001305129411764705
53,0.00012604,1553594400,0.00012665,0.00012517,0.00012573,1361.65787169,0.17055228,0.00012525,0.5631088133333334,0.45901299076923124,0.9038528841176473,0.0001262666666666664,0.00012815153846153845,0.0001304823529411764
54,0.00012314,1553601600,0.00012542,0.00012194,0.00012542,7783.27166492,0.96292633,0.00012371,0.6238255466666667,0.4825422446153851,0.9320479779411767,0.0001249566666666664,0.00012714461538461538,0.00013038882352941168
55,0.00013436,1553608800,0.00014558,0.0001215,0.00012296,48502.6337974,6.61748355,0.00013643,2.5836540533333334,0.865841251538462,1.1262925861764708,0.00012784666666666643,0.00012740307692307693,0.00013063264705882345
56,0.00012677,1553616000,0.00013807,0.000125,0.0001334,31065.4931273,4.07216524,0.00013108,3.8841917066666665,1.1083405230769237,1.2451994155882355,0.00012808999999999976,0.0001272646153846154,0.00013061176470588226
57,0.00012806,1553623200,0.00012892,0.00012677,0.00012677,1785.48088277,0.22815323,0.00012778,3.63926734,1.0700196830769235,1.2482957652941178,0.00012972999999999975,0.00012737153846153847,0.0001306344117647058
58,0.00012781,1553630400,0.00013073,0.0001264,0.0001275,31375.79377312,4.06996329,0.00012971,2.7900939200000003,1.3830937823076928,1.3679896217647058,0.0001275466666666664,0.00012745923076923078,0.00013066176470588226
59,0.0001273,1553637600,0.00012852,0.00012703,0.00012782,1225.43877036,0.15685739,0.000128,1.4849913033333337,1.3951597353846157,1.3722788144117648,0.00012772333333333307,0.00012750769230769233,0.00013069029411764697
60,0.00012877,1553644800,0.00012877,0.00012744,0.00012791,1148.56916285,0.1475094,0.00012842,1.458110026666667,1.4064124269230773,1.3766173261764705,0.00012795999999999972,0.00012754538461538464,0.00013076205882352933
61,0.00012838,1553652000,0.00012838,0.00012838,0.00012838,188.31315219,0.02417564,0.00012838,0.10951414333333383,1.3926270269230774,1.3768946226470589,0.00012814999999999973,0.00012754307692307694,0.00013085941176470582
62,0.00013018,1553659200,0.00013018,0.00012904,0.00012904,119.4678678,0.01549765,0.00012972,0.06239423000000049,1.383486097692308,1.3769858105882353,0.00012910999999999974,0.00012779000000000002,0.00013098058823529405
63,0.00012935,1553666400,0.00013018,0.00012934,0.00012968,365.8989867,0.04743249,0.00012963,0.02903526000000048,1.3870377423076925,1.378231291470588,0.00012930333333333307,0.0001279169230769231,0.00013104999999999996
64,0.00013434,1553673600,0.00013585,0.00012751,0.00012935,199314.95407523,26.06176,0.00013075,8.708230046666667,3.3317288092307695,1.739877584705882,0.00013128999999999973,0.00012847615384615387,0.00013059647058823526
65,0.00013404,1553680800,0.000137,0.00013333,0.0001342,8644.46762582,1.16241387,0.00013446,9.090535453333333,3.3643761815384616,1.6680781855882352,0.00013257666666666637,0.0001291184615384616,0.00013050823529411762
66,0.00013659,1553688000,0.00015419,0.00013044,0.00013437,77691.80315202,11.07302796,0.00014252,12.765733943333332,4.203028156923077,1.9744730799999999,0.00013498999999999974,0.00012993000000000005,0.00013056735294117645
67,0.000133,1553695200,0.00014303,0.00013082,0.0001361,52936.70063758,7.21859435,0.00013636,6.484678726666665,4.684233389230769,2.1788031270588237,0.00013454333333333307,0.0001306884615384616,0.00013055499999999997
68,0.0001321,1553702400,0.00013426,0.000132,0.00013349,2970.33564862,0.39422098,0.00013271,6.228614429999998,4.2055208838461535,2.1549453147058824,0.00013389666666666642,0.00013051461538461545,0.00013043352941176467
69,0.00013174,1553709600,0.00013277,0.00013049,0.00013273,6556.25403317,0.86395044,0.00013177,2.8255885899999984,3.958735129999999,2.171660173235294,0.00013227999999999973,0.00013089692307692314,0.00013039882352941173
70,0.00013289,1553716800,0.00013437,0.00013076,0.00013149,5943.49139961,0.79222563,0.00013329,0.6834656833333318,4.002125314615384,2.1663764379411767,0.00013224333333333306,0.00013126846153846161,0.00013029029411764704
71,0.00013129,1553724000,0.00013279,0.00013129,0.00013272,1156.86947078,0.15242932,0.00013176,0.6028684633333318,3.7007765476923073,2.1040398635294117,0.0001319733333333331,0.0001315361538461539,0.00013000147058823527
72,0.0001312,1553731200,0.00013158,0.00013024,0.00013116,9404.08366401,1.22671196,0.00013044,0.7237889699999984,3.783073053076923,2.1096416758823535,0.00013179333333333308,0.0001318361538461539,0.0001299020588235294
73,0.00013359,1553738400,0.00013404,0.00013064,0.00013064,992.73214183,0.13096078,0.00013191,0.5033673533333318,3.7818000823076927,2.1036850441176473,0.00013202666666666644,0.0001322069230769231,0.0001298605882352941
74,0.00013571,1553745600,0.00013571,0.00013254,0.00013437,3517.84542627,0.47420616,0.0001348,0.6106262999999985,3.816417814615385,2.113524545294118,0.00013349999999999975,0.00013277076923076927,0.00012989941176470588
75,0.00013319,1553752800,0.00013679,0.00013314,0.00013571,1895.51631502,0.25587537,0.00013498,0.2870141033333318,3.834908408461539,2.101725408235294,0.00013416333333333307,0.00013300230769230776,0.00012980999999999998
76,0.00013469,1553760000,0.0001347,0.0001323,0.00013368,1828.31616552,0.24377881,0.00013333,0.32462011333333185,3.850011971538462,2.060819006764706,0.00013452999999999973,0.000133413076923077,0.0001299185294117647
77,0.00013349,1553767200,0.00013412,0.0001324,0.00013412,974.7450161,0.12989798,0.00013326,0.20985071999999852,1.8552533546153853,2.0375902794117646,0.00013378999999999976,0.00013334769230769237,0.00013006323529411764
78,0.00013459,1553774400,0.00013588,0.0001335,0.00013372,2762.23991602,0.37425745,0.00013549,0.24931141333333184,1.7946259376923084,2.0272353764705886,0.00013425666666666642,0.00013339000000000005,0.00013029617647058824
79,0.00013319,1553781600,0.00013405,0.00013296,0.00013405,662.66219832,0.0887033,0.00013385,0.1976195766666652,0.9496778869230776,2.029844297058824,0.0001337566666666664,0.0001331284615384616,0.00013048794117647062
80,0.00013104,1553788800,0.00013359,0.000128,0.00013319,9397.78733407,1.23295192,0.00013119,0.565304223333332,0.4892438538461545,2.06610758882353,0.00013293999999999977,0.00013297769230769237,0.00013061647058823533
81,0.00012971,1553796000,0.00013102,0.00012971,0.00013102,327.78266635,0.04277122,0.00013048,0.45480881333333195,0.4622092569230775,2.06732955382353,0.0001313133333333331,0.0001327938461538462,0.00013065852941176472
82,0.00013169,1553803200,0.00013195,0.00013063,0.00013063,786.78488459,0.10362485,0.0001317,0.459782663333332,0.4037226730769237,2.064395407058824,0.00013081333333333313,0.00013279000000000006,0.00013075500000000003
83,0.0001311,1553810400,0.00013169,0.00013103,0.00013169,156.02836536,0.02048239,0.00013127,0.055626153333331985,0.34435780846153907,2.0610469558823534,0.00013083333333333314,0.00013265230769230775,0.00013087647058823536
84,0.00013196,1553817600,0.00013223,0.0001315,0.00013157,491.9944395,0.06504625,0.0001322,0.06305116333333198,0.3376360338461544,2.062922989411765,0.00013158333333333313,0.00013270384615384623,0.00013100176470588244
85,0.00013191,1553824800,0.00013219,0.00013047,0.00013196,1794.34748286,0.23567192,0.00013134,0.10706685333333199,0.26140218461538517,2.046890512647059,0.00013165666666666644,0.0001327584615384616,0.0001311441176470589
86,0.00013231,1553832000,0.00013231,0.00013165,0.00013165,488.2532535,0.06458371,0.00013227,0.12176729333333199,0.25629625615384666,2.027084209117647,0.0001320599999999998,0.00013266000000000007,0.00013133882352941184
87,0.00013162,1553839200,0.00013327,0.00013136,0.00013185,2493.08155285,0.33080147,0.00013268,0.21035236666666535,0.24526512615384666,2.0317974205882354,0.00013194666666666642,0.0001323453846153847,0.00013150294117647066
88,0.00013177,1553846400,0.00013177,0.00013162,0.00013175,52.22171409,0.00687723,0.00013169,0.13408746999999865,0.2261114230769236,2.003678329411765,0.00013189999999999976,0.00013223615384615393,0.0001317567647058824
89,0.00013175,1553853600,0.00013267,0.00013175,0.00013236,777.80746041,0.10306562,0.0001325,0.14691477333333197,0.21528733153846205,1.8120778020588233,0.0001317133333333331,0.00013201000000000006,0.00013168000000000007
90,0.00013118,1553860800,0.00013207,0.00012986,0.00013175,3432.10865428,0.44986888,0.00013107,0.18660390999999868,0.2399004776923082,1.705539673823529,0.00013156666666666643,0.00013183230769230777,0.000131809705882353
91,0.00012932,1553868000,0.00013087,0.00012767,0.00013087,5377.94473116,0.69082132,0.00012845,0.414585273333332,0.26425154461538514,1.719147558823529,0.00013074999999999976,0.00013142692307692314,0.00013184676470588238
92,0.00012825,1553875200,0.00012988,0.00012825,0.00012988,603.27429377,0.07754072,0.00012853,0.40607697333333204,0.2633928846153851,1.601723365588235,0.00012958333333333309,0.00013104692307692314,0.000131859705882353
93,0.00012893,1553882400,0.00012933,0.00012882,0.00012882,2093.61392662,0.27068336,0.00012929,0.34634846666666536,0.18937222615384666,1.605071188235294,0.00012883333333333307,0.00013088461538461545,0.00013190764705882355
94,0.00012903,1553889600,0.00012912,0.00012833,0.00012912,419.99473358,0.05391055,0.00012836,0.1340448766666653,0.19022909769230817,1.6023182808823526,0.0001287366666666664,0.00013083230769230777,0.00013191529411764707
95,0.00012924,1553896800,0.00012924,0.000128,0.00012848,706.22491166,0.09084833,0.00012863,0.13848074666666532,0.18924628846153893,1.6042792423529408,0.0001290666666666664,0.0001306438461538462,0.00013194058823529412
96,0.00012775,1553904000,0.00012854,0.00012771,0.00012854,1720.31837442,0.21987115,0.0001278,0.121543343333332,0.20458388538461583,1.6102902276470585,0.0001286733333333331,0.00013038615384615394,0.00013186911764705885
97,0.0001275,1553911200,0.00012877,0.0001275,0.00012811,7773.83236514,0.99378978,0.00012783,0.4348364199999987,0.2760256953846158,1.638124265588235,0.0001281633333333331,0.000130043076923077,0.00013181470588235296
98,0.00012688,1553918400,0.00012775,0.0001264,0.0001275,3397.70154027,0.43204411,0.00012715,0.5485683466666654,0.29113124846153887,0.884309092352941,0.00012737666666666643,0.00012965615384615394,0.0001315952941176471
99,0.0001277,1553925600,0.0001277,0.0001264,0.00012694,2033.959879,0.25795853,0.00012682,0.5612641399999988,0.306006234615385,0.8577074647058822,0.00012735999999999978,0.00012930153846153853,0.00013140882352941178
100,0.00012909,1553932800,0.00012909,0.00012784,0.00012799,747.83321336,0.09589193,0.00012822,0.26196485666666547,0.2879362700000004,0.5348505226470588,0.00012788999999999978,0.00012910692307692315,0.00013118823529411768
101,0.00014435,1553940000,0.00016548,0.0001292,0.0001292,222724.72845388,33.61249195,0.00015091,11.322114136666665,2.872983556153846,1.3111416285294117,0.00013371333333333312,0.00013007461538461543,0.0001315220588235294
102,0.00014329,1553947200,0.00014716,0.00014087,0.00014473,3698.84534139,0.53129864,0.00014363,11.413227506666665,2.905924557692308,1.3151733244117647,0.0001389099999999998,0.00013096230769230773,0.00013185117647058822
103,0.00014847,1553954400,0.00014885,0.00014229,0.00014384,11337.35848714,1.63753377,0.00014443,11.927108119999998,2.9972833953846156,1.3379257752941176,0.0001453699999999998,0.00013229230769230772,0.00013234323529411765
104,0.00014669,1553961600,0.00015279,0.00014325,0.00014889,20095.42407195,2.97256552,0.00014792,1.7137993099999964,3.1728021800000006,1.4020534191176472,0.0001461499999999998,0.00013362846153846159,0.0001327491176470588
105,0.00014477,1553968800,0.00014695,0.00014238,0.00014684,1745.52085044,0.2504582,0.00014348,1.6201858299999963,3.186103524615385,1.404936621470588,0.00014664333333333314,0.0001348992307692308,0.0001331455882352941
106,0.00014315,1553976000,0.00014506,0.00014301,0.00014394,7693.02717431,1.10273618,0.00014334,1.4419199666666629,3.250107587692308,1.4012902749999998,0.0001448699999999998,0.00013599307692307695,0.00013349705882352938
107,0.00014166,1553983200,0.00014358,0.00014166,0.00014315,3386.3306624,0.48315138,0.00014267,0.6121152533333296,3.283126113076924,1.4116488220588235,0.00014319333333333314,0.00013696461538461544,0.00013373441176470585
108,0.00014779,1553990400,0.00015241,0.00014157,0.00014219,8371.91888876,1.23562959,0.00014759,0.9405057166666629,3.3711862100000007,1.4340436288235292,0.0001441999999999998,0.0001383915384615385,0.00013408970588235292
109,0.00014504,1553997600,0.00014778,0.00014303,0.00014727,4755.85001322,0.69180843,0.00014546,0.8035297999999963,3.4074890776923086,1.4468651894117648,0.0001448299999999998,0.0001397215384615385,0.00013443823529411762
110,0.0001402,1554004800,0.00014449,0.00013922,0.00014449,15507.39770596,2.18789603,0.00014108,1.3717780166666633,3.4993434046153853,1.5040451076470587,0.00014434333333333314,0.00014069846153846156,0.00013460029411764703
111,0.00014171,1554012000,0.00014171,0.00013936,0.0001402,186.71909805,0.0262557,0.00014061,0.9686533866666632,3.468128911538462,1.5009968052941174,0.0001423166666666665,0.00014183923076923081,0.0001348420588235294
112,0.00014173,1554019200,0.00014614,0.00014031,0.00014154,2703.28383348,0.38553506,0.00014261,0.8665622633333299,3.477942490769231,1.5013284997058822,0.0001412133333333332,0.00014291846153846157,0.00013505205882352936
113,0.00013731,1554026400,0.00014186,0.00013677,0.00014174,7251.82546394,1.01424551,0.00013986,0.4753454233333298,3.5485850738461546,1.5285503294117646,0.00014024999999999983,0.00014355076923076927,0.0001351732352941176
114,0.0001388,1554033600,0.00013982,0.00013689,0.00013744,2387.61620973,0.33053086,0.00013843,0.5767704766666631,0.9884342207692318,1.5020085335294118,0.00013927999999999987,0.00014312384615384617,0.00013540147058823524
115,0.00013848,1554040800,0.00014378,0.00013698,0.0001388,10356.84153823,1.44459459,0.00013948,0.9297903199999964,1.0586877553846163,1.5432386326470589,0.00013819666666666652,0.00014275384615384618,0.00013565941176470582
116,0.00013855,1554048000,0.00013954,0.00013809,0.00013817,1140.37437276,0.15833967,0.00013884,0.6444883733333298,0.944903593846155,1.5448478920588236,0.00013860999999999987,0.00014199076923076924,0.00013586117647058818
117,0.00014104,1554055200,0.00014174,0.00013855,0.00013855,8356.03147601,1.16358882,0.00013925,0.9221743599999964,0.805751540000001,1.5784686694117647,0.00013935666666666654,0.00014155615384615385,0.00013615352941176464
118,0.00013899,1554062400,0.00014102,0.00013875,0.00014102,168.4669645,0.02354694,0.00013977,0.44849180999999644,0.7882968276923086,1.5772481014705884,0.00013952666666666657,0.00014111153846153846,0.000136360294117647
119,0.0001393,1554069600,0.0001393,0.00013849,0.00013899,522.52649975,0.07272715,0.00013918,0.4199543033333298,0.7090653638461547,1.572455608235294,0.00013977666666666654,0.0001408153846153846,0.0001365776470588235
120,0.0001393,1554076800,0.00014063,0.00013812,0.00013929,2100.80588475,0.29277419,0.00013936,0.12968275999999648,0.6944209646153854,1.5791670929411765,0.00013919666666666655,0.00014063384615384613,0.0001367832352941176
121,0.0001397,1554084000,0.00014029,0.00013856,0.00013914,1578.49153779,0.22000712,0.00013937,0.19516948666666314,0.61629615923077,1.5759084355882353,0.00013943333333333324,0.00014001153846153843,0.00013702088235294116
122,0.0001406,1554091200,0.00014079,0.00013954,0.00013954,1806.18189569,0.25376295,0.00014049,0.2555147533333298,0.5826003530769239,1.5831697802941178,0.0001398666666666666,0.00013966999999999997,0.0001372805882352941
123,0.00013965,1554098400,0.00013986,0.00013801,0.00013986,2014.11578499,0.28019956,0.00013911,0.25132320999999647,0.43585447076923156,1.5883796020588237,0.00013998333333333328,0.00013962769230769226,0.00013751294117647056
124,0.000139,1554105600,0.00014076,0.00013813,0.00013906,8319.71775714,1.14976869,0.00013819,0.5612437333333298,0.5222785469230777,1.6089648905882354,0.00013974999999999998,0.0001394192307692307,0.00013774294117647058
125,0.00014006,1554112800,0.00014012,0.00013857,0.000139,15068.07183187,2.10934504,0.00013998,1.179771096666663,0.6548793146153854,1.6506861764705885,0.00013956999999999997,0.00013929076923076915,0.00013805882352941178
126,0.00013985,1554120000,0.00014093,0.00013832,0.00013905,1024.46817342,0.14252206,0.00013911,1.1338785966666631,0.5878236646153853,1.6525973923529413,0.00013963666666666664,0.00013948615384615375,0.00013840000000000003
127,0.00013954,1554127200,0.00014049,0.00013954,0.00014027,384.22787515,0.05397117,0.00014046,0.7686127566666633,0.566549842307693,1.6462235044117648,0.00013981666666666663,0.00013954307692307682,0.00013871205882352942
128,0.00013806,1554134400,0.00014005,0.00013805,0.00014005,4210.74090458,0.58178179,0.00013816,0.2594250066666633,0.5001796269230776,1.6617491291176472,0.00013914999999999997,0.00013951076923076914,0.00013897764705882355
129,0.00013917,1554141600,0.00013954,0.00013872,0.00013872,83.34268822,0.01160002,0.00013918,0.21578432666666333,0.48889196153846226,1.6594182964705886,0.0001389233333333333,0.00013955846153846144,0.00013926970588235295
130,0.00014002,1554148800,0.00014002,0.00013808,0.00013917,551.40486996,0.07694251,0.00013953,0.22344143999999666,0.40530378384615456,1.6552145129411766,0.00013908333333333326,0.0001394799999999999,0.00013963058823529412
131,0.00013876,1554156000,0.00014011,0.00013876,0.00014001,186.28536871,0.02600228,0.00013958,0.03818160333333002,0.4054926561538469,1.6267501747058826,0.00013931666666666662,0.0001394623076923076,0.00013996176470588235
132,0.00013954,1554163200,0.00014033,0.00013923,0.00013954,47.72947752,0.0066686,0.00013971,0.036537796666663354,0.40041122923076994,1.614239130294118,0.00013943999999999998,0.00013948076923076913,0.0001403341176470588
133,0.00013836,1554170400,0.00014033,0.00013836,0.00014009,967.25990944,0.13493701,0.0001395,0.05586929666666335,0.3882699076923084,1.6106208502941177,0.00013888666666666663,0.00013940846153846144,0.00014064764705882352
134,0.00013137,1554177600,0.00013836,0.00012965,0.00013836,20384.03116988,2.70952027,0.00013292,0.9503752933333299,0.5797709192307698,1.6874922720588237,0.00013642333333333328,0.0001387676923076922,0.00014071470588235293
135,0.00013249,1554184800,0.00013324,0.00013113,0.00013136,3194.10221993,0.42097376,0.00013179,1.08847701333333,0.59263328923077,0.7112711488235296,0.00013407333333333328,0.00013814384615384604,0.0001403658823529412
136,0.00013285,1554192000,0.00013497,0.0001319,0.00013249,486.58011636,0.06488863,0.00013335,1.06512755333333,0.5760709100000008,0.6975532073529414,0.00013223666666666663,0.00013762076923076914,0.00014005882352941177
137,0.00013,1554199200,0.00013285,0.00012965,0.00013284,2155.0470398,0.28326417,0.00013144,0.25637551999999664,0.5094167161538469,0.6577217485294119,0.00013177999999999996,0.00013692846153846142,0.00013951558823529413
138,0.00013129,1554206400,0.00013252,0.00013,0.00013,1037.34747115,0.13622346,0.00013131,0.16145875333332996,0.35763813307692377,0.5742999232352942,0.00013137999999999998,0.00013625384615384604,0.00013906264705882353
139,0.00013074,1554213600,0.00013184,0.00013,0.00013136,1495.84115952,0.1952635,0.00013053,0.20491704333332997,0.3616951669230776,0.5726765497058824,0.00013067666666666665,0.00013555307692307683,0.00013865
140,0.00013273,1554220800,0.0001336,0.00013046,0.00013125,1313.86292928,0.17389557,0.00013235,0.16846084333332997,0.37092012076923153,0.5453577082352942,0.00013158666666666666,0.00013502923076923065,0.00013834352941176473
141,0.00013285,1554228000,0.00013285,0.00013207,0.00013249,157.68101439,0.02086142,0.0001323,0.13000682999999666,0.32777240000000074,0.5317609447058824,0.00013210666666666667,0.00013462846153846142,0.00013808441176470592
142,0.00013274,1554235200,0.00013292,0.00013144,0.00013208,729.44630194,0.09662836,0.00013246,0.09712844999999663,0.3343130415384623,0.49826090852941185,0.00013277333333333333,0.00013413384615384603,0.0001376417647058824
143,0.00013187,1554242400,0.00013337,0.00013184,0.0001324,441.62352112,0.05860515,0.0001327,0.058698309999996624,0.33290247538461615,0.4796372826470589,0.0001324866666666667,0.00013350692307692296,0.00013725441176470592
144,0.00012631,1554249600,0.0001315,0.00012616,0.0001315,4195.69011877,0.53882243,0.00012842,0.2313519799999966,0.37235017923076996,0.43113511794117654,0.00013030666666666668,0.00013254923076923064,0.00013684588235294122
145,0.00012438,1554256800,0.00012823,0.000123,0.00012689,12464.00667835,1.56066426,0.00012521,0.7193639466666633,0.4918883069230776,0.47626478147058826,0.00012752,0.0001313830769230768,0.00013633617647058828
146,0.00012621,1554264000,0.00012671,0.00012331,0.0001235,7373.71524933,0.91686871,0.00012434,1.0054517999999966,0.5520368992307699,0.4918922417647059,0.00012563333333333334,0.00013044846153846142,0.000135879705882353
147,0.00012584,1554271200,0.00012671,0.00012571,0.00012621,1114.41027702,0.14074904,0.00012629,0.8727606699999967,0.3544391123076931,0.4662011691176471,0.00012547666666666666,0.0001300230769230768,0.00013554235294117655
148,0.00012702,1554278400,0.00012702,0.0001258,0.00012649,871.60927264,0.10994228,0.00012613,0.38918667666666323,0.3305136138461547,0.4597132697058824,0.00012635666666666664,0.00012960230769230757,0.00013519588235294126
149,0.00012909,1554285600,0.00013548,0.00012702,0.00012702,13231.45316855,1.74508619,0.00013188,0.6652591699999966,0.4597595800000009,0.46855125794117647,0.00012731666666666665,0.0001293130769230768,0.00013491970588235306
150,0.00012643,1554292800,0.00012922,0.00012639,0.00012922,3330.80267147,0.42614767,0.00012794,0.7603920466666633,0.4707506184615393,0.4764279638235294,0.0001275133333333333,0.00012903846153846144,0.00013456323529411775
151,0.00012784,1554300000,0.00012819,0.00012634,0.00012722,819.5390167,0.10450308,0.00012751,0.7585789799999967,0.46831058923077007,0.4452783832352942,0.00012778666666666665,0.00012877307692307682,0.00013417500000000008
152,0.00012271,1554307200,0.00012789,0.0001211,0.00012722,8711.96007222,1.07988436,0.00012395,0.5368450366666634,0.5363583476923085,0.47634713088235303,0.00012565999999999999,0.0001281553846153845,0.00013369617647058832
153,0.00012096,1554314400,0.00012291,0.0001205,0.00012214,3581.13440521,0.43460241,0.00012135,0.53966328333333,0.5564127200000009,0.48699052088235306,0.00012383666666666667,0.0001272499999999999,0.0001331567647058824
154,0.00011871,1554321600,0.00012096,0.0001175,0.00012096,10694.84649762,1.27072248,0.00011881,0.92840308333333,0.6525558784615394,0.515753705882353,0.00012079333333333333,0.00012616230769230756,0.0001325511764705883
155,0.0001205,1554328800,0.0001205,0.00011871,0.00011933,2318.40658163,0.27670952,0.00011935,0.6606781366666633,0.6664082753846163,0.517421423529412,0.00012005666666666666,0.00012522076923076909,0.00013198647058823535
156,0.00012171,1554336000,0.00012326,0.00012057,0.00012057,1117.9097286,0.1368775,0.00012244,0.5614364999999966,0.6724292253846164,0.5139836161764708,0.00012030666666666666,0.00012443923076923063,0.0001314308823529412
157,0.00012284,1554343200,0.00012284,0.00012161,0.0001217,65.64749807,0.00801105,0.00012203,0.1405326899999965,0.6315975807692318,0.5059780717647061,0.00012168333333333331,0.00012417230769230754,0.00013093647058823533
158,0.00012291,1554350400,0.00012305,0.00012267,0.0001228,1925.49677688,0.23662323,0.00012288,0.12717059333332983,0.5297482707692317,0.4791208523529415,0.00012248666666666666,0.00012405923076923064,0.00013046323529411767
159,0.00012347,1554357600,0.00012392,0.00012305,0.00012305,622.68009806,0.07685639,0.00012342,0.10716355666666315,0.4651319384615394,0.41934177441176496,0.0001230733333333333,0.0001238484615384614,0.0001299752941176471
160,0.00012369,1554364800,0.00012369,0.00012369,0.00012369,24.23654872,0.00299781,0.00012369,0.10549247666666313,0.45453569000000094,0.41523812000000027,0.00012335666666666664,0.00012368307692307677,0.00012950000000000003
161,0.00012462,1554372000,0.00012462,0.00012279,0.00012379,526.88821853,0.0654839,0.00012428,0.0484460333333298,0.4511158146153855,0.4155767297058826,0.00012392666666666662,0.00012349846153846138,0.00012906117647058825
162,0.00012503,1554379200,0.00012744,0.00012404,0.00012468,2994.90282424,0.37542822,0.00012535,0.14796997666666312,0.3457575092307701,0.4095075070588238,0.00012444666666666662,0.00012318615384615368,0.0001286779411764706
163,0.00012292,1554386400,0.00012434,0.00012291,0.00012434,253.79945154,0.031225,0.00012303,0.15737903999999645,0.3153788423076932,0.41008471235294147,0.00012418999999999996,0.00012291615384615369,0.00012820000000000003
164,0.00012025,1554393600,0.00012293,0.00011979,0.00012292,1755.72305389,0.21444595,0.00012214,0.20703305666666308,0.32383598615384707,0.41412893117647087,0.00012273333333333333,0.0001223323076923075,0.00012761852941176472
165,0.00012031,1554400800,0.000122,0.00011879,0.00011987,3922.50772064,0.47174042,0.00012026,0.23913712333332973,0.27705568307692396,0.4272388764705885,0.00012115999999999999,0.00012214769230769213,0.0001270758823529412
166,0.00012085,1554408000,0.00012128,0.00012003,0.00012086,184.52458875,0.02217644,0.00012018,0.2361209366666631,0.2453306084615393,0.42769498941176504,0.00012046999999999998,0.00012213923076923058,0.00012652617647058827
167,0.0001217,1554415200,0.0001217,0.0001199,0.00012086,171.66688171,0.0207819,0.00012105,0.17156625333332975,0.1491813330769239,0.4243374861764709,0.0001209533333333333,0.0001223692307692306,0.00012603617647058828
168,0.00012269,1554422400,0.00012324,0.00012201,0.00012201,39.24386903,0.0048176,0.00012276,0.01592531333332975,0.12826657000000083,0.3447874076470591,0.00012174666666666664,0.00012253769230769214,0.00012578088235294118
169,0.00012379,1554429600,0.000124,0.00012211,0.00012248,536.43129057,0.0660909,0.0001232,0.03056346666666308,0.12282144692307775,0.33434967647058855,0.00012272666666666664,0.00012269769230769214,0.00012552500000000003
170,0.00012206,1554436800,0.00012489,0.00012206,0.00012412,433.19743894,0.05362356,0.00012378,0.041510686666663084,0.12633010153846239,0.33401835088235327,0.00012284666666666664,0.00012263769230769214,0.00012520764705882355
171,0.00012206,1554444000,0.00012261,0.00012194,0.00012194,878.90450954,0.10738612,0.00012218,0.07570019333332975,0.11638878538461622,0.3288454670588238,0.00012263666666666664,0.00012257230769230752,0.00012497411764705887
172,0.00012324,1554451200,0.00012324,0.00012324,0.00012324,2.0184698,0.00024875,0.00012324,0.05375280999999641,0.11049589000000083,0.3248462108823532,0.00012245333333333328,0.0001225546153846152,0.0001247373529411765
173,0.00012331,1554458400,0.00012598,0.00012269,0.0001232,853.32394565,0.10560357,0.00012375,0.0710794799999964,0.1183886407692316,0.32220915411764733,0.00012286999999999997,0.00012252538461538442,0.0001245188235294118
174,0.00012203,1554465600,0.0001235,0.00012203,0.00012339,398.00038558,0.0487555,0.0001225,0.0515359399999964,0.1171018407692316,0.31852856382352973,0.00012285999999999995,0.00012232615384615367,0.00012420411764705886
175,0.00012241,1554472800,0.00012241,0.00012169,0.00012204,120.1404672,0.01463724,0.00012183,0.05633210333332974,0.0893486884615393,0.3183454997058827,0.0001225833333333333,0.00012212461538461519,0.00012389705882352944
176,0.00012315,1554480000,0.0001235,0.00012241,0.00012241,87.55463699,0.01077026,0.00012301,0.02472099999999641,0.08777524692307775,0.31582026147058856,0.00012252999999999995,0.0001221423076923075,0.00012361500000000002
177,0.00012375,1554487200,0.00012375,0.00012269,0.0001235,552.27810929,0.06815651,0.0001234,0.031188003333329734,0.07652221307692389,0.31610118382352975,0.0001231033333333333,0.00012241153846153827,0.00012337617647058824
178,0.00012333,1554494400,0.0001236,0.000123,0.00012311,1169.37563635,0.14387584,0.00012303,0.07426753666666307,0.05130186076923159,0.30448510764705916,0.00012340999999999999,0.00012264384615384596,0.0001232885294117647
179,0.00012333,1554501600,0.00012333,0.00012333,0.00012333,417.727,0.05151827,0.00012333,0.08785020666666309,0.05355892461538544,0.26009846088235333,0.00012346999999999995,0.0001228346153846152,0.0001232576470588235
180,0.00012333,1554508800,0.00012333,0.00012333,0.00012333,1.52716257,0.00018834,0.00012333,0.06519414999999641,0.051974804615385437,0.2331372735294121,0.00012332999999999997,0.0001229599999999998,0.00012317294117647056
181,0.00012379,1554516000,0.00012379,0.00012374,0.00012374,72.89301765,0.00901986,0.00012374,0.02024215666666308,0.05229805538461621,0.2292628858823533,0.0001234833333333333,0.0001230446153846152,0.0001231126470588235
182,0.00012412,1554523200,0.00012412,0.00012412,0.00012412,0.84615384,0.00010502,0.00012412,0.003104406666663078,0.04722221846153929,0.22603237823529446,0.0001237466666666666,0.0001230699999999998,0.00012302735294117645
183,0.00012424,1554530400,0.00012424,0.00012401,0.00012412,21.32486913,0.00264619,0.00012408,0.003923689999996411,0.043300882307693134,0.1747841429411768,0.00012404999999999995,0.00012323769230769213,0.00012288470588235292
184,0.00012374,1554537600,0.00012474,0.00012374,0.00012424,691.02736523,0.08576308,0.0001241,0.029504763333329746,0.04163757153846236,0.1647728314705886,0.0001240333333333333,0.0001233669230769229,0.00012280558823529408
185,0.00012412,1554544800,0.00012412,0.00012331,0.00012374,58.87226379,0.00727539,0.00012357,0.03189488666666308,0.04217808230769313,0.16191319352941214,0.0001240333333333333,0.0001234346153846152,0.0001226961764705882
186,0.00012423,1554552000,0.00012474,0.00012317,0.00012361,571.89663221,0.07109905,0.00012432,0.05471250666666309,0.039523888461539286,0.13224303735294154,0.00012403,0.00012350538461538443,0.00012274088235294115
187,0.0001216,1554559200,0.00012492,0.0001216,0.00012379,2725.26380634,0.33846745,0.00012419,0.13894729666666308,0.06180942307692391,0.12941553852941212,0.00012331666666666666,0.0001234723076923075,0.00012275970588235293
188,0.00011981,1554566400,0.0001216,0.00011745,0.0001216,10342.5331709,1.2351963,0.00011942,0.5482542666666631,0.15569858153846236,0.1283706508823533,0.00012187999999999999,0.0001232723076923075,0.0001227920588235294
189,0.00011893,1554573600,0.0001205,0.00011893,0.0001198,1456.21491656,0.17469886,0.00011996,0.5827875366666632,0.16830847384615463,0.12537033735294156,0.00012011333333333334,0.0001229476923076921,0.00012274588235294115
190,0.00012,1554580800,0.00012,0.0001195,0.00011956,58.81911897,0.00703263,0.00011956,0.47230926333332984,0.1636066369230777,0.12155137058823569,0.00011957999999999999,0.00012265923076923058,0.0001226955882352941
191,0.00012018,1554588000,0.00012109,0.00011972,0.00012,1815.03203813,0.21914189,0.00012073,0.1336244599999965,0.16939633307692384,0.127761101176471,0.00011970333333333331,0.00012241692307692287,0.00012261735294117647
192,0.00011973,1554595200,0.00012016,0.00011913,0.00012008,635.84085395,0.07609534,0.00011967,0.10075661999999651,0.1712868769230777,0.12303969264705922,0.00011996999999999996,0.0001221399999999998,0.00012252382352941177
193,0.00011866,1554602400,0.0001194,0.00011866,0.0001194,916.16520125,0.10936317,0.00011937,0.1348667999999965,0.17968494076923155,0.12399577441176511,0.0001195233333333333,0.00012178076923076902,0.00012238235294117646
194,0.00011855,1554609600,0.00011925,0.00011855,0.00011914,561.70408478,0.06696546,0.00011921,0.08414132333332985,0.18414229461538542,0.12587717588235334,0.00011897999999999996,0.00012137769230769212,0.00012223117647058824
195,0.00011855,1554616800,0.00011855,0.00011855,0.00011855,0.0,0.0,0.00011855,0.05877620999999652,0.18413421615384695,0.1239511788235298,0.00011858666666666663,0.00012094923076923059,0.00012205264705882354
196,0.00011957,1554624000,0.00012081,0.0001192,0.0001192,438.0249005,0.05247175,0.00011979,0.039812403333329846,0.18796695153846235,0.11445245911764743,0.00011888999999999997,0.00012058999999999982,0.00012189205882352944
197,0.00012098,1554631200,0.00012098,0.00012001,0.00012001,477.72513871,0.05779294,0.00012097,0.03675489666666318,0.1858154023076931,0.11523386911764744,0.00011969999999999998,0.00012037769230769212,0.000121835
198,0.00011972,1554638400,0.00012098,0.00011972,0.00012098,2234.43824459,0.26910485,0.00012043,0.12645651333332986,0.20595613000000082,0.11684148382352978,0.00012008999999999998,0.00012003923076923058,0.0001218194117647059
199,0.00011957,1554645600,0.00012079,0.00011957,0.00011972,200.16629165,0.02408654,0.00012033,0.11699477666666319,0.20233978307692388,0.10367519323529449,0.00012008999999999998,0.00011968076923076905,0.00012179764705882355
200,0.00012146,1554652800,0.00012314,0.00011916,0.00011921,2547.66139339,0.30828648,0.000121,0.20049262333332984,0.2000181700000008,0.11209019441176507,0.00012024999999999998,0.00011966999999999984,0.00012181558823529416
201,0.00012189,1554660000,0.00012361,0.00012042,0.00012121,994.3517848,0.1207553,0.00012144,0.15104277333332986,0.11429193923077004,0.11503058852941214,0.00012097333333333333,0.00011982999999999983,0.00012182117647058829
202,0.00012286,1554667200,0.00012544,0.00012252,0.00012252,2286.48264002,0.28376292,0.0001241,0.23760156666666318,0.1226814823076931,0.12323486264705918,0.00012207,0.00012013230769230754,0.00012182617647058829
203,0.00012184,1554674400,0.00012674,0.00012101,0.00012341,375.62101616,0.04672689,0.00012439,0.15041503666666317,0.12573488692307772,0.12266533294117685,0.00012219666666666668,0.000120273846153846,0.00012176882352941181
204,0.00012069,1554681600,0.00012232,0.00012069,0.00012184,757.18164531,0.09164883,0.00012103,0.1407128799999965,0.11592772846153926,0.12378372323529448,0.00012179666666666668,0.00012031307692307675,0.00012172852941176474
205,0.00012086,1554688800,0.00012175,0.00012038,0.00012079,263.70648084,0.03179712,0.00012057,0.0567242799999965,0.11252017307692387,0.12156051735294154,0.00012113,0.00012039999999999982,0.00012169323529411767
206,0.00012086,1554696000,0.00012119,0.00012046,0.00012119,133.94661862,0.01614505,0.00012053,0.046530333333329836,0.10534954846153927,0.12202805558823568,0.00012080333333333332,0.00012056923076923059,0.00012162323529411768
207,0.00012155,1554703200,0.00012155,0.00012141,0.00012141,4.29343161,0.00052173,0.00012151,0.016154633333329834,0.1002384923076931,0.11893741323529448,0.00012108999999999998,0.00012079999999999982,0.00012157147058823534
208,0.00012471,1554710400,0.00013016,0.00012032,0.00012115,6024.88112079,0.75535798,0.00012537,0.2573415866666631,0.1583429523076931,0.13971983911764743,0.00012237333333333332,0.00012127384615384595,0.00012165029411764708
209,0.00012105,1554717600,0.00013188,0.00012105,0.00012481,6439.19505274,0.81279633,0.00012622,0.5228920133333298,0.21682945846153925,0.1631951064705886,0.00012243666666666663,0.0001213876923076921,0.00012161029411764709
210,0.00012133,1554724800,0.00012434,0.00012099,0.00012156,1363.65502987,0.16738107,0.00012274,0.5785117933333298,0.22525931461538537,0.16780130676470625,0.0001223633333333333,0.00012141461538461519,0.0001215567647058824
211,0.00012339,1554732000,0.00012873,0.00012137,0.00012137,4850.03175329,0.61126454,0.00012603,0.5304806466666632,0.2515792907692315,0.18377507235294155,0.00012192333333333333,0.00012169692307692288,0.0001215461764705883
212,0.00012211,1554739200,0.00012582,0.0001221,0.00012395,724.36932619,0.0899697,0.0001242,0.2895384366666632,0.25664722615384694,0.18218959764705922,0.00012227666666666666,0.00012189230769230748,0.00012151029411764713
213,0.00012302,1554746400,0.0001265,0.00012282,0.00012282,1669.98969332,0.2085855,0.0001249,0.30327324666666317,0.24897792000000077,0.18680922205882391,0.00012284,0.00012201230769230746,0.0001215011764705883
214,0.00012136,1554753600,0.00012364,0.00012136,0.000123,1509.73325284,0.18504958,0.00012257,0.16120159333332984,0.25392363384615463,0.19224631735294156,0.00012216333333333335,0.00012197153846153824,0.00012144323529411774
215,0.00012086,1554760800,0.00012197,0.00012086,0.00012197,569.73813392,0.06946519,0.00012192,0.15436675666666316,0.23743919307692382,0.19402412117647097,0.00012174666666666665,0.00012181769230769208,0.0001213570588235295
216,0.00011921,1554768000,0.0001205,0.00011921,0.0001205,2539.18044407,0.30347844,0.00011951,0.18599773666666317,0.25718931230769304,0.20294686882352977,0.00012047666666666666,0.00012161538461538439,0.00012121264705882361
217,0.00011778,1554775200,0.00012001,0.00011778,0.00011941,1823.90232419,0.21722617,0.00011909,0.19672326666666318,0.26684910769230846,0.20925804470588272,0.00011928333333333334,0.00012139153846153825,0.00012102264705882359
218,0.00011588,1554782400,0.00011837,0.0001155,0.00011837,5999.71623626,0.70260466,0.0001171,0.40776975666666315,0.3184496876923084,0.22740044411764743,0.00011762333333333334,0.00012100846153846133,0.00012079147058823535
219,0.00011705,1554789600,0.00011705,0.00011553,0.00011599,1392.83189901,0.16163599,0.00011604,0.3604889399999965,0.32964129846153917,0.23194046176470623,0.00011690333333333334,0.00012071538461538442,0.00012058352941176475
220,0.00011855,1554796800,0.00011855,0.00011762,0.00011762,1099.25986881,0.13025021,0.00011848,0.33149695333332985,0.33962041230769296,0.23368020176470622,0.00011716,0.0001204846153846152,0.00012041647058823532
221,0.00011972,1554804000,0.00012056,0.00011914,0.00011915,372.11248536,0.04449413,0.00011957,0.11212677666666315,0.2849385776923084,0.22503392764705918,0.00011843999999999998,0.00012010076923076905,0.00012036117647058827
222,0.00011878,1554811200,0.00012026,0.00011878,0.00012026,15.10498035,0.00179694,0.00011896,0.058847093333329825,0.22255400923076996,0.18875747588235328,0.00011901666666666665,0.00011992615384615366,0.00012033088235294121
223,0.00011716,1554818400,0.00011902,0.00011716,0.00011902,592.78150434,0.07010312,0.00011826,0.03879806333332983,0.21507109000000077,0.18568113058823563,0.00011855333333333334,0.00011960538461538444,0.0001202788235294118
224,0.00011954,1554825600,0.0001197,0.00011695,0.00011716,1745.75840237,0.20522729,0.00011755,0.09237578333332981,0.18383745538461613,0.19151038529411796,0.00011849333333333334,0.0001193092307692306,0.00012026529411764707
225,0.00011855,1554832800,0.00011977,0.00011733,0.00011915,399.52630144,0.04755377,0.00011902,0.10762805999999647,0.18057469153846226,0.18646367588235324,0.00011841666666666667,0.00011903538461538445,0.00012021735294117649
226,0.00011782,1554840000,0.00011782,0.00011782,0.00011782,2.0,0.00023564,0.00011782,0.08433889999999646,0.16454777923076996,0.1842325082352944,0.00011863666666666666,0.00011863538461538445,0.00012016117647058825
227,0.00011732,1554847200,0.00011818,0.00011732,0.00011793,264.81174904,0.03126441,0.00011806,0.0263512733333298,0.1527181507692315,0.18193548588235325,0.00011789666666666664,0.00011832461538461523,0.00012012176470588238
228,0.00011732,1554854400,0.00011782,0.00011732,0.00011782,12.546257,0.00147319,0.00011742,0.010991079999996463,0.14748799692307765,0.18000924264705914,0.00011748666666666663,0.00011805230769230753,0.00012008558823529413
229,0.00011816,1554861600,0.00011816,0.00011782,0.00011782,4.59644329,0.00054222,0.00011796,0.011093273333329797,0.12418521076923152,0.18002519029411795,0.00011759999999999999,0.0001179715384615383,0.00012007411764705883
230,0.00011858,1554868800,0.00011882,0.00011816,0.00011816,47.38250074,0.00561872,0.00011858,0.0025447099999964646,0.10790771461538536,0.17864716000000033,0.00011802,0.00011803307692307675,0.000120045
231,0.00011915,1554876000,0.00011915,0.00011827,0.00011857,317.10358866,0.03751663,0.00011831,0.014559189999996466,0.05674709692307767,0.17805079794117679,0.00011863,0.00011828461538461521,0.00011999117647058825
232,0.00011932,1554883200,0.00011932,0.00011884,0.00011915,483.47209671,0.05752663,0.00011898,0.0335539933333298,0.04873868461538536,0.1718279091176474,0.00011901666666666668,0.00011845923076923059,0.00011997941176470588
233,0.00011915,1554890400,0.00011982,0.00011882,0.00011897,112.61003783,0.01342604,0.00011922,0.0361564333333298,0.03975221000000074,0.17151436500000034,0.00011920666666666666,0.00011850538461538443,0.0001199670588235294
234,0.00011915,1554897600,0.00012109,0.00011868,0.0001197,533.26560769,0.06408934,0.00012018,0.0450140033333298,0.041259533846154585,0.16433209617647093,0.00011920666666666666,0.00011846153846153827,0.00011989911764705881
235,0.00012016,1554904800,0.00012016,0.00011882,0.0001195,95.83891173,0.01143732,0.00011933,0.029650899999996466,0.042001101538462274,0.16111686147058857,0.00011948666666666667,0.00011856769230769212,0.00011984823529411764
236,0.00011924,1554912000,0.00011976,0.00011863,0.00011976,68.90744533,0.00821371,0.00011919,0.02791345666666313,0.03724037769230843,0.15301247294117679,0.00011951666666666667,0.00011872769230769212,0.00011974176470588233
237,0.0001142,1554919200,0.00011924,0.0001142,0.00011924,3461.81636399,0.40045931,0.00011567,0.14003677999999647,0.052258225384616115,0.16341636764705914,0.00011786666666666668,0.00011831692307692289,0.00011951705882352941
238,0.00011455,1554926400,0.00011478,0.000114,0.00011401,901.94285524,0.10302295,0.00011422,0.17056532333332983,0.056525085384616106,0.1637509005882356,0.00011599666666666667,0.00011800923076923058,0.00011933647058823529
239,0.00011392,1554933600,0.00011486,0.00011392,0.00011426,1121.55038756,0.12817663,0.00011428,0.21055296333332982,0.06636670000000072,0.16658559205882384,0.00011422333333333333,0.00011770923076923058,0.00011913235294117646
240,0.00011475,1554940800,0.00011475,0.000113,0.0001138,515.37163897,0.05847425,0.00011346,0.09655794333332979,0.06845976461538533,0.16783056852941206,0.00011440666666666666,0.00011751153846153828,0.00011895264705882351
241,0.00011487,1554948000,0.00011487,0.00011421,0.00011421,635.19636499,0.07296243,0.00011486,0.08653776999999646,0.07395893692307764,0.16996117735294144,0.00011451333333333333,0.00011732307692307674,0.00011875617647058824
242,0.00011327,1554955200,0.00011433,0.0001131,0.00011433,25.3796255,0.00288295,0.00011359,0.044773209999996455,0.0741389930769238,0.14782955882352966,0.00011429666666666666,0.0001169469230769229,0.00011841970588235294
243,0.000112,1554962400,0.00011304,0.00011107,0.00011304,230.89393619,0.02592714,0.00011229,0.03392417333332979,0.07570117923076995,0.12468634735294144,0.00011338,0.00011644076923076904,0.00011815352941176472
244,0.00010893,1554969600,0.00011176,0.00010763,0.00011154,2578.28113022,0.28319881,0.00010984,0.10400296666666313,0.09459980846153918,0.1280927514705885,0.0001114,0.00011565461538461519,0.00011778882352941177
245,0.00010582,1554976800,0.00010893,0.00010347,0.00010893,10309.72173593,1.08611626,0.00010534,0.46508073666666316,0.17372208769230843,0.14205897852941202,0.00010891666666666667,0.00011461615384615365,0.00011727205882352942
246,0.00010514,1554984000,0.00010656,0.00010412,0.000106,273.95612495,0.02886065,0.00010534,0.4660585733333298,0.17490936538461613,0.14026165352941203,0.00010662999999999999,0.00011353846153846135,0.00011677294117647061
247,0.00010655,1554991200,0.0001072,0.00010497,0.00010514,7796.50212248,0.8284862,0.00010626,0.647821036666663,0.23370912384615455,0.15849402705882382,0.00010583666666666668,0.00011256923076923057,0.00011628852941176473
248,0.00010655,1554998400,0.00010655,0.00010563,0.00010617,51.41279826,0.00546924,0.00010637,0.2876053633333297,0.23325004076923148,0.15321225235294145,0.00010608,0.0001115223076923075,0.00011585294117647064
249,0.00010838,1555005600,0.00010881,0.00010655,0.00010655,4635.26318323,0.4945114,0.00010668,0.44282227999999635,0.27065755538461606,0.16571361147058852,0.00010716000000000001,0.00011068692307692287,0.00011548588235294121
250,0.00010713,1555012800,0.00010838,0.0001071,0.00010838,3110.87407877,0.33579918,0.00010794,0.27859327333332967,0.2656836992307699,0.16666422147058854,0.00010735333333333333,0.0001101430769230767,0.00011513058823529416
251,0.00010713,1555020000,0.00010713,0.00010713,0.00010713,0.0,0.0,0.00010713,0.2767701933333297,0.2577588569230776,0.16027521647058854,0.00010754666666666666,0.00010957230769230748,0.00011481735294117652
252,0.00010711,1555027200,0.00010711,0.00010711,0.00010711,8.29043028,0.00088798,0.00010711,0.11222905333332968,0.24796742230769298,0.1396364905882356,0.00010712333333333332,0.00010904846153846134,0.00011455941176470595
