,close,date,high,low,open,quoteVolume,volume,weightedAverage,avg_vol_3,avg_vol_13,avg_vol_34,avg_close_3,avg_close_13,avg_close_34
0,5.5e-07,1543183200,5.6e-07,5.3e-07,5.4e-07,41760700.631758,22.77977093,5.4e-07,-99999.0,-99999.0,-99999.0,-99999.0,-99999.0,-99999.0
1,5.5e-07,1543190400,5.6e-07,5.4e-07,5.5e-07,23519292.783541,12.95401406,5.5e-07,-99999.0,-99999.0,-99999.0,-99999.0,-99999.0,-99999.0
2,5.4e-07,1543197600,5.5e-07,5.4e-07,5.4e-07,27245166.57526,14.79270411,5.4e-07,16.842163033333335,-99999.0,-99999.0,5.466666666666667e-07,-99999.0,-99999.0
3,5.4e-07,1543204800,5.5e-07,5.4e-07,5.4e-07,1688382.548083,0.9216402,5.4e-07,9.556119456666668,-99999.0,-99999.0,5.433333333333332e-07,-99999.0,-99999.0
4,5.3e-07,1543212000,5.5e-07,5.3e-07,5.4e-07,16951415.590174,9.13344097,5.3e-07,8.282595093333335,-99999.0,-99999.0,5.366666666666666e-07,-99999.0,-99999.0
5,5.5e-07,1543219200,5.5e-07,5.3e-07,5.3e-07,25542051.766269,13.78404587,5.3e-07,7.94637568,-99999.0,-99999.0,5.399999999999999e-07,-99999.0,-99999.0
6,5.4e-07,1543226400,5.5e-07,5.3e-07,5.4e-07,7773069.3739658,4.19245839,5.3e-07,9.03664841,-99999.0,-99999.0,5.399999999999999e-07,-99999.0,-99999.0
7,5.5e-07,1543233600,5.5e-07,5.4e-07,5.5e-07,2572224.6832151,1.41094346,5.4e-07,6.462482573333332,-99999.0,-99999.0,5.466666666666665e-07,-99999.0,-99999.0
8,5.4e-07,1543240800,5.5e-07,5.4e-07,5.5e-07,10817228.643934,5.90358206,5.4e-07,3.8356613033333318,-99999.0,-99999.0,5.433333333333331e-07,-99999.0,-99999.0
9,5.5e-07,1543248000,5.6e-07,5.4e-07,5.5e-07,44429631.29485,24.48214652,5.5e-07,10.598890679999998,-99999.0,-99999.0,5.466666666666665e-07,-99999.0,-99999.0
10,5.4e-07,1543255200,5.5e-07,5.4e-07,5.5e-07,10581449.767738,5.73912998,5.4e-07,12.04161952,-99999.0,-99999.0,5.433333333333331e-07,-99999.0,-99999.0
11,5.6e-07,1543262400,5.6e-07,5.4e-07,5.4e-07,19581620.691561,10.92853772,5.5e-07,13.716604740000001,-99999.0,-99999.0,5.499999999999998e-07,-99999.0,-99999.0
12,5.5e-07,1543269600,5.7e-07,5.5e-07,5.6e-07,4600385.3295501,2.57634479,5.6e-07,6.414670830000001,9.969135312307694,-99999.0,5.499999999999997e-07,5.453846153846153e-07,-99999.0
13,5.5e-07,1543276800,5.6e-07,5.4e-07,5.5e-07,19047701.590826,10.44285562,5.4e-07,7.982579376666667,9.020141826923078,-99999.0,5.533333333333332e-07,5.453846153846154e-07,-99999.0
14,5.4e-07,1543284000,5.5e-07,5.3e-07,5.4e-07,29759547.399002,16.05751147,5.3e-07,9.692237293333333,9.258872396923078,-99999.0,5.466666666666664e-07,5.446153846153846e-07,-99999.0
15,5.4e-07,1543291200,5.4e-07,5.3e-07,5.4e-07,7750425.2745745,4.12140887,5.3e-07,10.207258653333334,8.438003532307691,-99999.0,5.43333333333333e-07,5.446153846153846e-07,-99999.0
16,5.4e-07,1543298400,5.4e-07,5.3e-07,5.4e-07,5912503.1775231,3.13641042,5.3e-07,7.77177692,8.608370472307692,-99999.0,5.399999999999997e-07,5.446153846153846e-07,-99999.0
17,5.4e-07,1543305600,5.4e-07,5.3e-07,5.4e-07,6297710.3799592,3.39995767,5.3e-07,3.5525923199999987,8.167333295384616,-99999.0,5.399999999999998e-07,5.453846153846154e-07,-99999.0
18,5.4e-07,1543312800,5.5e-07,5.3e-07,5.4e-07,9070188.6545844,4.88721374,5.3e-07,3.8078606099999988,7.482961593076923,-99999.0,5.399999999999998e-07,5.446153846153846e-07,-99999.0
19,5.4e-07,1543320000,5.5e-07,5.3e-07,5.3e-07,34873613.833871,19.05660723,5.4e-07,9.114592879999998,8.626357657692308,-99999.0,5.399999999999998e-07,5.446153846153846e-07,-99999.0
20,5.4e-07,1543327200,5.6e-07,5.4e-07,5.4e-07,38509604.056829,21.14218302,5.4e-07,15.028667996666668,10.144145316153846,-99999.0,5.399999999999998e-07,5.438461538461538e-07,-99999.0
21,5.4e-07,1543334400,5.5e-07,5.4e-07,5.4e-07,4509608.8438261,2.46236307,5.4e-07,14.220384440000002,9.879436163076925,-99999.0,5.399999999999998e-07,5.438461538461538e-07,-99999.0
22,5.5e-07,1543341600,5.5e-07,5.4e-07,5.4e-07,9014431.7673843,4.88878905,5.4e-07,9.497778380000002,8.372254819230772,-99999.0,5.433333333333332e-07,5.438461538461538e-07,-99999.0
23,5.4e-07,1543348800,5.5e-07,5.4e-07,5.4e-07,3802887.3268808,2.05709291,5.4e-07,3.136081676666668,8.08902119846154,-99999.0,5.433333333333332e-07,5.438461538461538e-07,-99999.0
24,5.4e-07,1543356000,5.5e-07,5.3e-07,5.4e-07,14519545.333294,7.83040994,5.3e-07,4.925430633333334,7.850703676923079,-99999.0,5.433333333333332e-07,5.423076923076924e-07,-99999.0
25,5.4e-07,1543363200,5.4e-07,5.3e-07,5.4e-07,6281621.6013588,3.37374454,5.3e-07,4.420415796666667,7.9120421192307715,-99999.0,5.399999999999998e-07,5.415384615384616e-07,-99999.0
26,5.4e-07,1543370400,5.4e-07,5.3e-07,5.4e-07,8954678.1386501,4.80585852,5.3e-07,5.336671,7.47842695769231,-99999.0,5.399999999999999e-07,5.407692307692308e-07,-99999.0
27,5.4e-07,1543377600,5.5e-07,5.3e-07,5.3e-07,46316124.154243,24.70406363,5.3e-07,10.961222229999999,8.143546354615385,-99999.0,5.399999999999999e-07,5.407692307692308e-07,-99999.0
28,5.2e-07,1543384800,5.4e-07,5.2e-07,5.3e-07,13027194.127648,6.85978185,5.2e-07,12.123234666666667,8.354190430000001,-99999.0,5.333333333333333e-07,5.392307692307692e-07,-99999.0
29,5.3e-07,1543392000,5.3e-07,5.2e-07,5.3e-07,591670.92687496,0.31193656,5.2e-07,10.625260679999998,8.136923210000003,-99999.0,5.3e-07,5.384615384615386e-07,-99999.0
30,5.2e-07,1543399200,5.3e-07,5.2e-07,5.3e-07,987214.3055589,0.52074346,5.2e-07,2.564153956666665,7.915445193846155,-99999.0,5.233333333333334e-07,5.36923076923077e-07,-99999.0
31,5.2e-07,1543406400,5.3e-07,5.2e-07,5.3e-07,12940676.939407,6.73403052,5.2e-07,2.5222368466666656,8.057508023076926,-99999.0,5.233333333333334e-07,5.353846153846155e-07,-99999.0
32,5.2e-07,1543413600,5.3e-07,5.1e-07,5.2e-07,13408287.895294,6.96926511,5.1e-07,4.741346363333332,7.127712475384618,-99999.0,5.200000000000001e-07,5.338461538461539e-07,-99999.0
33,5.2e-07,1543420800,5.3e-07,5.1e-07,5.1e-07,18789385.833004,9.77933852,5.2e-07,7.827544716666666,6.253647513846156,8.621774258235293,5.200000000000001e-07,5.323076923076925e-07,5.394117647058821e-07
34,5.1e-07,1543428000,5.3e-07,5.1e-07,5.1e-07,57623171.810218,29.93489548,5.1e-07,15.561166370000002,8.36691923769231,8.832219097941177,5.166666666666668e-07,5.300000000000001e-07,5.382352941176467e-07
35,5.3e-07,1543435200,5.4e-07,5.2e-07,5.2e-07,98560011.43164,52.39440428,5.3e-07,30.702879426666673,12.021197332307691,9.992230574999999,5.200000000000001e-07,5.284615384615386e-07,5.376470588235291e-07
36,5.3e-07,1543442400,5.4e-07,5.2e-07,5.3e-07,24299013.293841,12.8894697,5.3e-07,31.739589820000006,12.854457085384617,9.936253092352942,5.233333333333334e-07,5.276923076923079e-07,5.373529411764703e-07
37,5.3e-07,1543449600,5.3e-07,5.2e-07,5.3e-07,6742052.7150383,3.52869187,5.2e-07,22.937521950000008,12.523555695384614,10.012931082647057,5.300000000000001e-07,5.269230769230771e-07,5.370588235294114e-07
38,5.3e-07,1543456800,5.3e-07,5.2e-07,5.3e-07,1593527.408002,0.83365292,5.2e-07,5.75060483000001,12.328164032307692,9.768819669411766,5.3e-07,5.261538461538463e-07,5.370588235294114e-07
39,5.3e-07,1543464000,5.3e-07,5.2e-07,5.3e-07,8600996.785349,4.47959907,5.2e-07,2.9473146200000095,12.303067151538462,9.495159469411766,5.3e-07,5.253846153846156e-07,5.364705882352938e-07
40,5.3e-07,1543471200,5.3e-07,5.2e-07,5.2e-07,474185.27094135,0.24772678,5.2e-07,1.8536595900000101,10.42181047076923,9.379137951470588,5.3e-07,5.246153846153848e-07,5.361764705882349e-07
41,5.1e-07,1543478400,5.3e-07,5.1e-07,5.3e-07,20677138.522472,10.76101428,5.2e-07,5.162780043333344,10.721905273076924,9.654140034411764,5.233333333333334e-07,5.23846153846154e-07,5.349999999999996e-07
42,5.2e-07,1543485600,5.2e-07,5.1e-07,5.2e-07,7530187.5172554,3.84249093,5.1e-07,4.950410663333344,10.99348637846154,9.593519707058823,5.200000000000001e-07,5.230769230769232e-07,5.344117647058819e-07
43,5.2e-07,1543492800,5.2e-07,5.1e-07,5.1e-07,7651516.5194834,3.90730848,5.1e-07,6.170271230000011,11.253991380000002,8.988377411764704,5.166666666666668e-07,5.230769230769232e-07,5.335294117647054e-07
44,5.2e-07,1543500000,5.2e-07,5.1e-07,5.2e-07,11207947.524868,5.82249707,5.1e-07,4.524098826666678,11.183873422307695,8.990829384999998,5.200000000000002e-07,5.230769230769232e-07,5.329411764705877e-07
45,5.1e-07,1543507200,5.2e-07,5.1e-07,5.2e-07,32450545.487463,16.79510136,5.1e-07,8.841635636666677,11.93970698,9.163375374411762,5.166666666666668e-07,5.223076923076926e-07,5.314705882352934e-07
46,5.2e-07,1543514400,5.2e-07,5.1e-07,5.1e-07,825259.76724106,0.42439002,5.1e-07,7.680662816666676,11.220095556923077,9.100082587058822,5.166666666666668e-07,5.223076923076926e-07,5.30588235294117e-07
47,5.2e-07,1543521600,5.3e-07,5.1e-07,5.2e-07,13140398.671821,6.82811006,5.1e-07,8.015867146666677,9.442650524615384,8.993766541176468,5.166666666666668e-07,5.230769230769232e-07,5.297058823529405e-07
48,5.2e-07,1543528800,5.4e-07,5.2e-07,5.2e-07,61007954.547622,32.26122803,5.2e-07,13.171242703333343,7.89394465923077,9.470346439999997,5.200000000000002e-07,5.223076923076926e-07,5.291176470588227e-07
49,5.2e-07,1543536000,5.3e-07,5.1e-07,5.2e-07,17353681.264321,8.99328847,5.1e-07,16.027542186666675,7.594238410769232,9.613637016470584,5.200000000000001e-07,5.215384615384618e-07,5.285294117647049e-07
50,5.3e-07,1543543200,5.3e-07,5.1e-07,5.2e-07,17814937.670161,9.26417843,5.2e-07,16.839564976666676,8.035429684615385,9.793865487352937,5.233333333333334e-07,5.215384615384618e-07,5.282352941176461e-07
51,5.2e-07,1543550400,5.3e-07,5.1e-07,5.3e-07,16663971.613271,8.66657504,5.2e-07,8.974680646666677,8.637962155384615,9.94876599823529,5.233333333333334e-07,5.20769230769231e-07,5.276470588235284e-07
52,5.3e-07,1543557600,5.3e-07,5.1e-07,5.1e-07,2842173.2509629,1.4754553,5.1e-07,6.468736256666677,8.406874173076922,9.848420161764704,5.266666666666667e-07,5.20769230769231e-07,5.273529411764695e-07
53,5.2e-07,1543564800,5.3e-07,5.2e-07,5.3e-07,8525013.0501898,4.44669364,5.2e-07,4.8629079933333434,8.729871623846154,9.41871682088235,5.233333333333334e-07,5.200000000000002e-07,5.267647058823517e-07
54,5.3e-07,1543572000,5.4e-07,5.2e-07,5.3e-07,20342831.867233,10.78079601,5.2e-07,5.567648316666677,8.731393295384617,9.113970144117644,5.266666666666667e-07,5.215384615384618e-07,5.264705882352928e-07
55,5.4e-07,1543579200,5.4e-07,5.3e-07,5.3e-07,766023.78843022,0.40967645,5.3e-07,5.21238870000001,8.467330643076924,9.053597008235291,5.3e-07,5.230769230769232e-07,5.264705882352928e-07
56,5.3e-07,1543586400,5.4e-07,5.3e-07,5.4e-07,3137842.1507977,1.69326143,5.3e-07,4.294577963333343,8.297019331538463,8.959610901764703,5.333333333333333e-07,5.23846153846154e-07,5.258823529411752e-07
57,5.4e-07,1543593600,5.4e-07,5.3e-07,5.4e-07,3211351.487843,1.72415897,5.3e-07,1.2756989500000102,7.981762554615387,8.949818727058823,5.366666666666666e-07,5.253846153846156e-07,5.258823529411752e-07
58,5.4e-07,1543600800,5.4e-07,5.3e-07,5.4e-07,19204130.633851,10.3517758,5.3e-07,4.589732066666677,7.486122126923079,9.023976546470587,5.366666666666666e-07,5.276923076923079e-07,5.258823529411752e-07
59,5.4e-07,1543608000,5.5e-07,5.3e-07,5.4e-07,3880992.2458716,2.0941396,5.3e-07,4.723358123333344,7.614564402307694,8.986341107058822,5.399999999999999e-07,5.292307692307693e-07,5.258823529411752e-07
60,5.4e-07,1543615200,5.5e-07,5.4e-07,5.4e-07,1839484.4281862,0.99456639,5.4e-07,4.4801605966666775,7.165830273846156,8.874244279705879,5.399999999999999e-07,5.307692307692309e-07,5.258823529411752e-07
61,5.5e-07,1543622400,5.5e-07,5.4e-07,5.5e-07,5176006.1858358,2.80017853,5.4e-07,1.9629615066666772,4.89959569692308,8.230012364999997,5.433333333333332e-07,5.330769230769232e-07,5.26176470588234e-07
62,5.4e-07,1543629600,5.5e-07,5.4e-07,5.5e-07,4400367.075514,2.37916121,5.4e-07,2.05796871000001,4.39081667692308,8.098229404999998,5.433333333333332e-07,5.346153846153847e-07,5.267647058823517e-07
63,5.5e-07,1543636800,5.5e-07,5.4e-07,5.5e-07,1597252.8110379,0.86463289,5.4e-07,2.014657543333344,3.7446977892307727,8.114485179411762,5.466666666666665e-07,5.361538461538462e-07,5.273529411764694e-07
64,5.4e-07,1543644000,5.5e-07,5.4e-07,5.5e-07,1206122.2928884,0.65939318,5.4e-07,1.301062426666677,3.128760723076927,8.118563112352938,5.433333333333331e-07,5.376923076923078e-07,5.279411764705871e-07
65,5.4e-07,1543651200,5.5e-07,5.4e-07,5.5e-07,243366.86638129,0.13168219,5.4e-07,0.5519027533333438,3.0253935607692344,7.924376396764703,5.433333333333332e-07,5.384615384615386e-07,5.285294117647049e-07
66,5.3e-07,1543658400,5.5e-07,5.3e-07,5.4e-07,10617183.620331,5.72602156,5.3e-07,2.172365643333344,3.1238034007692344,7.8878104099999975,5.366666666666666e-07,5.392307692307692e-07,5.288235294117637e-07
67,5.4e-07,1543665600,5.4e-07,5.3e-07,5.4e-07,15344148.525962,8.13306784,5.3e-07,4.66359053000001,2.9201320030769273,7.839390684117645,5.366666666666666e-07,5.4e-07,5.294117647058814e-07
68,5.3e-07,1543672800,5.4e-07,5.2e-07,5.4e-07,4214937.3278182,2.23379964,5.2e-07,5.364296346666677,3.060449171538466,7.024652571176468,5.333333333333333e-07,5.392307692307692e-07,5.299999999999992e-07
69,5.2e-07,1543680000,5.3e-07,5.2e-07,5.2e-07,4006678.0907692,2.11154547,5.2e-07,4.159470983333343,3.0926248669230816,5.545744959117645,5.3e-07,5.384615384615386e-07,5.297058823529402e-07
70,5.2e-07,1543687200,5.3e-07,5.2e-07,5.3e-07,1532081.0685408,0.80030394,5.2e-07,1.71521635000001,3.02155909538462,5.190181260294115,5.233333333333334e-07,5.36923076923077e-07,5.294117647058813e-07
71,5.4e-07,1543694400,5.4e-07,5.2e-07,5.3e-07,12535782.927337,6.64887062,5.3e-07,3.186906676666677,2.7367202353846207,5.2819512235294095,5.266666666666667e-07,5.36923076923077e-07,5.297058823529402e-07
72,5.4e-07,1543701600,5.4e-07,5.2e-07,5.4e-07,4707122.3746433,2.49497457,5.3e-07,3.314716376666677,2.7675536946153896,5.330813624999998,5.333333333333333e-07,5.36923076923077e-07,5.299999999999992e-07
73,5.2e-07,1543708800,5.4e-07,5.2e-07,5.3e-07,5364920.1006033,2.82587095,5.2e-07,3.9899053800000104,2.9084232761538513,5.282174562647056,5.333333333333333e-07,5.353846153846155e-07,5.297058823529402e-07
74,5.3e-07,1543716000,5.3e-07,5.2e-07,5.3e-07,2800738.064856,1.45784232,5.2e-07,2.2595626133333435,2.80516664461539,5.317766196176469,5.3e-07,5.338461538461539e-07,5.297058823529402e-07
75,5.3e-07,1543723200,5.3e-07,5.2e-07,5.3e-07,1059696.0692836,0.55604071,5.2e-07,1.6132513266666766,2.664926606153851,5.01761991470588,5.266666666666667e-07,5.330769230769232e-07,5.302941176470579e-07
76,5.3e-07,1543730400,5.3e-07,5.2e-07,5.2e-07,1328134.5873383,0.69703093,5.2e-07,0.9036379866666766,2.652034147692312,4.925106385294115,5.3e-07,5.315384615384617e-07,5.305882352941168e-07
77,5.3e-07,1543737600,5.3e-07,5.2e-07,5.3e-07,357349.67455323,0.18878537,5.2e-07,0.48061900333334334,2.615833546923081,4.815738058529409,5.3e-07,5.307692307692309e-07,5.308823529411756e-07
78,5.3e-07,1543744800,5.4e-07,5.2e-07,5.3e-07,9596190.1432962,5.08653028,5.3e-07,1.9907821933333434,2.996975707692312,4.794091976470586,5.3e-07,5.300000000000001e-07,5.311764705882345e-07
79,5.3e-07,1543752000,5.4e-07,5.2e-07,5.2e-07,2847732.7579978,1.50686268,5.2e-07,2.26072611000001,2.6724250246153884,4.344437897647057,5.3e-07,5.300000000000001e-07,5.317647058823521e-07
80,5.3e-07,1543759200,5.4e-07,5.2e-07,5.3e-07,22494475.852853,12.02199791,5.3e-07,6.205130290000009,2.971573491538465,4.685544012058822,5.3e-07,5.292307692307693e-07,5.32058823529411e-07
81,5.3e-07,1543766400,5.4e-07,5.2e-07,5.3e-07,3248003.5236297,1.72650121,5.3e-07,5.085120600000009,2.932550535384619,4.535496692941175,5.3e-07,5.292307692307693e-07,5.323529411764698e-07
82,5.3e-07,1543773600,5.4e-07,5.3e-07,5.3e-07,2149021.2555747,1.14321441,5.3e-07,4.963904510000009,2.858063530769234,3.620260998235293,5.3e-07,5.300000000000001e-07,5.326470588235288e-07
83,5.3e-07,1543780800,5.4e-07,5.2e-07,5.4e-07,15174767.237924,8.05481048,5.3e-07,3.6415087000000086,3.4161024953846186,3.592658704411764,5.3e-07,5.307692307692309e-07,5.329411764705877e-07
84,5.4e-07,1543788000,5.4e-07,5.2e-07,5.3e-07,7724934.7671649,4.10033814,5.3e-07,4.432787676666675,3.2200615353846183,3.4407810488235286,5.333333333333333e-07,5.307692307692309e-07,5.332352941176465e-07
85,5.4e-07,1543795200,5.4e-07,5.3e-07,5.3e-07,1326907.8166809,0.71412509,5.3e-07,4.289757903333341,3.0830731138461567,3.206885462058823,5.366666666666666e-07,5.307692307692309e-07,5.338235294117642e-07
86,5.4e-07,1543802400,5.4e-07,5.3e-07,5.4e-07,15136785.746664,8.1692534,5.3e-07,4.327905543333341,3.494102533076926,3.4037618767647055,5.399999999999999e-07,5.323076923076925e-07,5.341176470588231e-07
87,5.4e-07,1543809600,5.4e-07,5.3e-07,5.3e-07,1153309.7503434,0.61615738,5.3e-07,3.166511956666675,3.4293575376923107,3.291099045588235,5.399999999999999e-07,5.330769230769232e-07,5.347058823529408e-07
88,5.3e-07,1543816800,5.4e-07,5.3e-07,5.4e-07,1077689.1237081,0.57426568,5.3e-07,3.119892153333342,3.4307594584615417,2.990906977058823,5.366666666666666e-07,5.330769230769232e-07,5.347058823529408e-07
89,5.4e-07,1543824000,5.4e-07,5.3e-07,5.4e-07,932101.82787451,0.49834755,5.3e-07,0.5629235366666752,3.415476121538465,2.9935149505882346,5.366666666666666e-07,5.338461538461539e-07,5.347058823529408e-07
90,5.4e-07,1543831200,5.4e-07,5.3e-07,5.4e-07,3273226.8375995,1.76164384,5.3e-07,0.9447523566666751,3.5364652346153878,2.995526197941176,5.366666666666666e-07,5.346153846153847e-07,5.349999999999997e-07
91,5.3e-07,1543838400,5.4e-07,5.3e-07,5.4e-07,3378808.5421627,1.81675896,5.3e-07,1.358916783333342,3.2849443638461575,2.998249727058823,5.366666666666666e-07,5.346153846153847e-07,5.347058823529408e-07
92,5.5e-07,1543845600,5.5e-07,5.3e-07,5.4e-07,21785729.686223,11.82018136,5.4e-07,5.132861386666675,4.078276570000003,3.0414381258823524,5.399999999999999e-07,5.361538461538462e-07,5.349999999999996e-07
93,5.5e-07,1543852800,5.5e-07,5.4e-07,5.4e-07,8904264.2474385,4.8891764,5.4e-07,6.175372240000008,3.5295979923076968,3.1236450905882345,5.433333333333332e-07,5.376923076923078e-07,5.352941176470583e-07
94,5.5e-07,1543860000,5.6e-07,5.4e-07,5.5e-07,19689868.325894,10.82101641,5.4e-07,9.176791390000007,4.229176084615388,3.4126583264705874,5.499999999999998e-07,5.392307692307692e-07,5.355882352941172e-07
95,5.5e-07,1543867200,5.6e-07,5.4e-07,5.5e-07,17348616.089513,9.59839531,5.5e-07,8.436196040000008,4.879574615384619,3.6126058788235285,5.499999999999997e-07,5.407692307692308e-07,5.355882352941172e-07
96,5.6e-07,1543874400,5.6e-07,5.5e-07,5.5e-07,3381163.802193,1.86557588,5.5e-07,7.428329200000008,4.4034796461538495,3.597500427941175,5.53333333333333e-07,5.430769230769231e-07,5.361764705882348e-07
97,5.4e-07,1543881600,5.6e-07,5.4e-07,5.6e-07,24858173.565098,13.48821309,5.4e-07,8.317394760000008,5.125623873076926,3.9687821985294107,5.499999999999997e-07,5.430769230769231e-07,5.358823529411761e-07
98,5.5e-07,1543888800,5.5e-07,5.4e-07,5.5e-07,6384011.476842,3.47680795,5.4e-07,6.2768656400000085,5.338137939230772,4.051647338823528,5.499999999999997e-07,5.438461538461538e-07,5.361764705882348e-07
99,5.5e-07,1543896000,5.5e-07,5.4e-07,5.5e-07,17211667.061278,9.44138914,5.4e-07,8.802136726666674,5.4359945346153875,4.325462249117646,5.466666666666664e-07,5.446153846153846e-07,5.364705882352936e-07
100,5.5e-07,1543903200,5.6e-07,5.4e-07,5.5e-07,7526128.231725,4.12311085,5.4e-07,5.680435980000008,5.7057601861538485,4.2783178164705875,5.499999999999998e-07,5.453846153846154e-07,5.370588235294112e-07
101,5.5e-07,1543910400,5.5e-07,5.4e-07,5.5e-07,2342477.4156958,1.26826325,5.4e-07,4.944254413333342,5.759144614615388,4.076411799117646,5.499999999999997e-07,5.469230769230769e-07,5.3735294117647e-07
102,5.5e-07,1543917600,5.5e-07,5.4e-07,5.5e-07,2116973.3006663,1.15927325,5.4e-07,2.183549116666675,5.809985053076925,4.044808081764706,5.499999999999997e-07,5.476923076923077e-07,5.379411764705876e-07
103,5.5e-07,1543924800,5.5e-07,5.4e-07,5.5e-07,5081448.5119093,2.78927643,5.4e-07,1.7389376433333414,5.889033713846156,4.064741345294117,5.499999999999997e-07,5.484615384615385e-07,5.388235294117641e-07
104,5.4e-07,1543932000,5.5e-07,5.4e-07,5.4e-07,1248488.938202,0.67835507,5.4e-07,1.5423015833333416,5.801464183846155,4.061154613823529,5.466666666666665e-07,5.492307692307691e-07,5.394117647058819e-07
105,5.6e-07,1543939200,5.6e-07,5.4e-07,5.5e-07,6580331.4805711,3.61793669,5.4e-07,2.3618560633333416,5.1705222861538465,3.972009498235294,5.499999999999997e-07,5.499999999999999e-07,5.399999999999995e-07
106,5.6e-07,1543946400,5.6e-07,5.5e-07,5.6e-07,2465058.5887849,1.36368428,5.5e-07,1.886658680000008,4.899330584615385,3.938736254411764,5.53333333333333e-07,5.507692307692307e-07,5.405882352941171e-07
107,5.6e-07,1543953600,5.6e-07,5.5e-07,5.5e-07,5755791.2506248,3.19640328,5.5e-07,2.726008083333341,4.312821882307693,3.9496342641176465,5.599999999999997e-07,5.515384615384615e-07,5.417647058823525e-07
108,5.6e-07,1543960800,5.6e-07,5.5e-07,5.6e-07,199688.58226296,0.11042878,5.5e-07,1.5568387800000074,3.5829783030769238,3.910004454117647,5.599999999999997e-07,5.523076923076923e-07,5.426470588235291e-07
109,5.6e-07,1543968000,5.6e-07,5.5e-07,5.5e-07,4323588.9230797,2.40246046,5.5e-07,1.903097506666674,3.6242771169230776,3.964310917352941,5.599999999999997e-07,5.523076923076923e-07,5.435294117647056e-07
110,5.6e-07,1543975200,5.6e-07,5.5e-07,5.6e-07,683258.80318123,0.3794362,5.5e-07,0.9641084800000073,2.6159096638461543,3.954969895882352,5.599999999999997e-07,5.538461538461537e-07,5.44411764705882e-07
111,5.6e-07,1543982400,5.6e-07,5.5e-07,5.6e-07,1114104.3906801,0.62225827,5.5e-07,1.1347183100000073,2.39632891923077,3.9677190988235282,5.599999999999997e-07,5.546153846153845e-07,5.452941176470586e-07
112,5.6e-07,1543989600,5.6e-07,5.5e-07,5.6e-07,7762882.9418527,4.34386482,5.5e-07,1.781853096666674,2.0042116638461547,3.945875997058822,5.599999999999997e-07,5.553846153846153e-07,5.461764705882351e-07
113,5.7e-07,1543996800,5.7e-07,5.5e-07,5.6e-07,40977700.501473,22.94634555,5.5e-07,9.304156213333341,3.452152794615386,4.576449022647057,5.633333333333331e-07,5.569230769230768e-07,5.473529411764703e-07
114,5.7e-07,1544004000,5.7e-07,5.5e-07,5.7e-07,7216854.791401,4.05963454,5.6e-07,10.449948303333342,3.6668736630769243,4.34226186470588,5.666666666666663e-07,5.584615384615384e-07,5.485294117647057e-07
115,5.5e-07,1544011200,5.7e-07,5.5e-07,5.6e-07,7472898.0179293,4.17749457,5.5e-07,10.39449155333334,3.8990445338461552,4.41434990470588,5.633333333333328e-07,5.584615384615384e-07,5.491176470588233e-07
116,5.7e-07,1544018400,5.7e-07,5.5e-07,5.6e-07,6449171.6061902,3.61777114,5.6e-07,3.951633416666675,3.9627748961538476,4.487130984999997,5.633333333333328e-07,5.599999999999998e-07,5.502941176470586e-07
117,5.7e-07,1544025600,5.8e-07,5.6e-07,5.7e-07,17777453.591869,10.14798751,5.7e-07,5.981084406666675,4.691208160769232,4.548695015294114,5.633333333333328e-07,5.623076923076922e-07,5.514705882352939e-07
118,5.8e-07,1544032800,5.8e-07,5.7e-07,5.8e-07,9530698.7985797,5.45740723,5.7e-07,6.407721960000008,4.832705894615385,4.58860881205882,5.733333333333329e-07,5.638461538461537e-07,5.526470588235292e-07
119,5.7e-07,1544040000,5.9e-07,5.7e-07,5.7e-07,23169250.781327,13.44129525,5.8e-07,9.682229996666674,5.761752892307693,4.962937346176467,5.733333333333327e-07,5.646153846153844e-07,5.535294117647055e-07
120,5.8e-07,1544047200,5.9e-07,5.7e-07,5.8e-07,52125404.096853,30.55932297,5.8e-07,16.48600848333334,7.866592868461539,5.621468804117644,5.766666666666661e-07,5.661538461538459e-07,5.547058823529409e-07
121,5.9e-07,1544054400,5.9e-07,5.7e-07,5.8e-07,20396990.503512,11.85038213,5.8e-07,18.617000116666674,8.769666203076923,5.951887179117643,5.799999999999994e-07,5.684615384615383e-07,5.561764705882349e-07
122,5.8e-07,1544061600,5.9e-07,5.8e-07,5.9e-07,3234797.7077306,1.89190904,5.8e-07,14.767204713333342,8.730393016923077,5.990641395588232,5.833333333333327e-07,5.699999999999997e-07,5.57647058823529e-07
123,5.8e-07,1544068800,5.9e-07,5.6e-07,5.9e-07,40278620.055135,23.13487939,5.7e-07,12.292390186666674,10.480811723846156,6.656421743823525,5.833333333333327e-07,5.715384615384613e-07,5.588235294117644e-07
124,5.7e-07,1544076000,5.8e-07,5.6e-07,5.7e-07,5809187.0057204,3.29722866,5.6e-07,9.441339030000009,10.686578676923078,6.70158600323529,5.766666666666661e-07,5.723076923076921e-07,5.597058823529407e-07
125,5.7e-07,1544083200,5.7e-07,5.6e-07,5.7e-07,1363052.2091804,0.77369274,5.6e-07,9.068600263333343,10.411950055384617,6.670907584999997,5.733333333333327e-07,5.730769230769228e-07,5.60882352941176e-07
126,5.8e-07,1544090400,5.8e-07,5.6e-07,5.7e-07,11752337.924702,6.69993842,5.7e-07,3.5902866066666768,9.16222643,6.520312204411761,5.733333333333327e-07,5.738461538461536e-07,5.617647058823526e-07
127,5.8e-07,1544097600,5.8e-07,5.7e-07,5.8e-07,11683924.975131,6.71132317,5.7e-07,4.72831811000001,9.366202478461538,6.5739047564705855,5.766666666666661e-07,5.746153846153843e-07,5.626470588235291e-07
128,5.9e-07,1544104800,5.9e-07,5.7e-07,5.8e-07,28026092.995522,16.24218542,5.7e-07,9.884482336666677,10.294255620769231,6.733350903823527,5.833333333333327e-07,5.776923076923074e-07,5.638235294117643e-07
129,5.9e-07,1544112000,6e-07,5.8e-07,5.9e-07,22747639.740307,13.37122935,5.8e-07,12.108245980000008,11.044521636923076,6.84431661088235,5.86666666666666e-07,5.792307692307688e-07,5.649999999999997e-07
130,5.9e-07,1544119200,6e-07,5.8e-07,5.9e-07,8186821.0500363,4.85723451,5.9e-07,11.490216426666676,10.637540636923076,6.932306570588232,5.899999999999993e-07,5.807692307692304e-07,5.65882352941176e-07
131,5.8e-07,1544126400,6e-07,5.8e-07,6e-07,6953739.2427585,4.10276832,5.9e-07,7.44374406000001,10.533337643846153,6.6562640773529385,5.86666666666666e-07,5.807692307692304e-07,5.670588235294113e-07
132,5.9e-07,1544133600,6e-07,5.8e-07,5.9e-07,12064356.535366,7.12519562,5.9e-07,5.3617328166666764,10.047483826153845,6.763569597058821,5.86666666666666e-07,5.82307692307692e-07,5.682352941176466e-07
133,6e-07,1544140800,6e-07,5.8e-07,5.9e-07,66863952.361966,39.49383701,5.9e-07,16.907266983333344,10.734754136923074,7.6474651226470565,5.899999999999993e-07,5.838461538461535e-07,5.697058823529407e-07
134,6.1e-07,1544148000,6.2e-07,5.9e-07,6e-07,34692415.896188,20.99711287,6e-07,22.538715166666677,11.438348809230765,8.14375929970588,5.999999999999993e-07,5.853846153846149e-07,5.714705882352937e-07
135,6.2e-07,1544155200,6.2e-07,6e-07,6.2e-07,8831847.3749589,5.38608551,6e-07,21.959011796666676,11.70713161461538,8.264871719117645,6.099999999999993e-07,5.884615384615381e-07,5.735294117647054e-07
136,6.1e-07,1544162400,6.2e-07,6.1e-07,6.2e-07,5749320.6565107,3.54117504,6.1e-07,9.97479114000001,10.199923587692304,8.334927654117644,6.133333333333328e-07,5.907692307692303e-07,5.752941176470584e-07
137,6.3e-07,1544169600,6.3e-07,6.1e-07,6.2e-07,59840777.712322,37.4086773,6.2e-07,15.445312616666678,12.82388117538461,9.353145326764704,6.199999999999995e-07,5.95384615384615e-07,5.77647058823529e-07
138,6.2e-07,1544176800,6.3e-07,6.1e-07,6.2e-07,16294793.700228,10.0736601,6.1e-07,17.00783748000001,13.539263279999997,9.629477827647056,6.199999999999995e-07,5.992307692307689e-07,5.799999999999995e-07
139,6.2e-07,1544184000,6.3e-07,6.1e-07,6.2e-07,20583272.207442,12.73493702,6.1e-07,20.072424806666678,14.003493941538457,9.897624896176469,6.233333333333327e-07,6.02307692307692e-07,5.817647058823525e-07
140,6.2e-07,1544191200,6.3e-07,6.1e-07,6.1e-07,14390181.448654,9.0017542,6.2e-07,10.603450440000016,14.179680943846147,10.122274011470587,6.199999999999995e-07,6.053846153846151e-07,5.835294117647053e-07
141,6.4e-07,1544198400,6.4e-07,6.2e-07,6.3e-07,32052285.345998,20.31785973,6.3e-07,14.018183650000017,14.493194352307686,10.625846259999998,6.26666666666666e-07,6.09230769230769e-07,5.858823529411759e-07
142,6.1e-07,1544205600,6.4e-07,6.1e-07,6.4e-07,40000682.659389,24.88167504,6.2e-07,18.06709632333335,15.378613251538457,11.354412326470586,6.233333333333327e-07,6.107692307692306e-07,5.8735294117647e-07
143,6.1e-07,1544212800,6.2e-07,6e-07,6.1e-07,18896190.2493,11.54335578,6.1e-07,18.914296850000017,15.892930272307687,11.623262188823528,6.199999999999995e-07,6.12307692307692e-07,5.888235294117641e-07
144,6.2e-07,1544220000,6.3e-07,6.1e-07,6.2e-07,19518742.684598,12.10834455,6.2e-07,16.17779179000002,16.508743828461533,11.968230081470589,6.133333333333328e-07,6.153846153846151e-07,5.905882352941169e-07
145,6.2e-07,1544227200,6.3e-07,6.1e-07,6.3e-07,8390437.3501541,5.15215718,6.1e-07,9.601285836666687,16.356971640769224,12.101462402352942,6.166666666666661e-07,6.176923076923074e-07,5.923529411764699e-07
146,6.2e-07,1544234400,6.2e-07,6.1e-07,6.1e-07,3616357.164197,2.22239266,6.1e-07,6.494298130000021,13.489937459999995,12.039066162352942,6.199999999999995e-07,6.19230769230769e-07,5.941176470588229e-07
147,6.2e-07,1544241600,6.2e-07,6e-07,6.2e-07,7265115.8690866,4.44659074,6.1e-07,3.9403801933333544,12.216820373076919,11.494955726764706,6.199999999999995e-07,6.199999999999998e-07,5.95588235294117e-07
148,6.1e-07,1544248800,6.2e-07,6e-07,6.1e-07,1653626.6982327,1.01084699,6.1e-07,2.5599434633333544,11.880263563846151,11.405285504705883,6.166666666666661e-07,6.192307692307689e-07,5.967647058823522e-07
149,6.1e-07,1544256000,6.1e-07,6e-07,6.1e-07,4459519.7496917,2.70784947,6e-07,2.7217624000000207,11.816161596923074,11.36206064882353,6.133333333333328e-07,6.192307692307689e-07,5.985294117647052e-07
150,6.1e-07,1544263200,6.1e-07,6e-07,6.1e-07,4232209.8738112,2.57615963,6e-07,2.098285363333354,9.13673716076923,11.331425016176471,6.099999999999996e-07,6.176923076923072e-07,5.997058823529404e-07
151,6.2e-07,1544270400,6.2e-07,6e-07,6.1e-07,12660789.436458,7.72217212,6e-07,4.33539374000002,8.955853469999997,11.260077504705881,6.133333333333328e-07,6.176923076923071e-07,6.011764705882346e-07
152,6.2e-07,1544277600,6.2e-07,6.1e-07,6.2e-07,7021451.5501768,4.31786193,6.1e-07,4.8720645600000205,8.308386155384614,11.226561466470587,6.166666666666661e-07,6.176923076923071e-07,6.023529411764699e-07
153,6.1e-07,1544284800,6.2e-07,6.1e-07,6.2e-07,6016742.8091343,3.6758101,6.1e-07,5.238614716666688,7.898698147692307,10.939341314999998,6.166666666666661e-07,6.169230769230762e-07,6.035294117647051e-07
154,6.1e-07,1544292000,6.2e-07,6.1e-07,6.1e-07,3887815.5426635,2.37267281,6.1e-07,3.4554482800000215,6.518299153846153,10.110322192647057,6.133333333333328e-07,6.146153846153839e-07,6.044117647058816e-07
155,6.2e-07,1544299200,6.3e-07,6.1e-07,6.2e-07,15087972.539894,9.34633672,6.1e-07,5.131606543333355,5.323273129230769,10.036673798235293,6.133333333333328e-07,6.153846153846147e-07,6.052941176470581e-07
156,6.1e-07,1544306400,6.3e-07,6.1e-07,6.3e-07,20068114.186762,12.48974775,6.2e-07,8.069585760000022,5.396072511538462,10.348374936764705,6.133333333333328e-07,6.153846153846147e-07,6.061764705882345e-07
157,6.1e-07,1544313600,6.2e-07,6e-07,6.2e-07,6229882.0411832,3.79851587,6e-07,8.54486678000002,4.75685492076923,9.779658362647059,6.133333333333328e-07,6.146153846153839e-07,6.07058823529411e-07
158,6.1e-07,1544320800,6.1e-07,6e-07,6.1e-07,8477822.3078159,5.08907549,6e-07,7.125779703333354,4.7520024830769225,9.832359740000001,6.099999999999996e-07,6.13846153846153e-07,6.082352941176462e-07
159,6.1e-07,1544328000,6.1e-07,6e-07,6.1e-07,2909991.7579751,1.74746893,6e-07,3.5450200966666876,4.715469888461538,9.861000216176473,6.099999999999996e-07,6.130769230769221e-07,6.094117647058815e-07
160,5.9e-07,1544335200,6.1e-07,5.9e-07,6.1e-07,3018760.063205,1.80744473,5.9e-07,2.881329716666688,4.5124586569230765,9.717103342941178,6.033333333333328e-07,6.107692307692296e-07,6.097058823529402e-07
161,6e-07,1544342400,6e-07,5.9e-07,6e-07,1129599.47577,0.66697037,5.9e-07,1.4072946766666876,4.4860066092307695,9.539328260588237,5.999999999999993e-07,6.099999999999988e-07,6.102941176470579e-07
162,6e-07,1544349600,6.1e-07,5.9e-07,6e-07,4029075.1456712,2.40510258,5.9e-07,1.6265058933333545,4.462718386923077,9.132355235882354,5.96666666666666e-07,6.092307692307681e-07,6.105882352941168e-07
163,6e-07,1544356800,6e-07,5.9e-07,6e-07,4161446.31367,2.48431675,5.9e-07,1.8521299000000209,4.45565355,8.812151924117648,5.999999999999994e-07,6.084615384615374e-07,6.108823529411757e-07
164,5.9e-07,1544364000,6e-07,5.8e-07,5.9e-07,11244954.544216,6.63285855,5.8e-07,3.8407592933333543,4.371860198461539,8.864376160588236,5.966666666666661e-07,6.06153846153845e-07,6.108823529411757e-07
165,5.9e-07,1544371200,5.9e-07,5.7e-07,5.8e-07,6614943.8083409,3.83508704,5.7e-07,4.317420780000021,4.334723668461539,8.856503181764706,5.933333333333328e-07,6.038461538461526e-07,6.111764705882345e-07
166,5.8e-07,1544378400,5.9e-07,5.8e-07,5.9e-07,9261746.5725414,5.40221868,5.8e-07,5.290054756666687,4.467524328461538,8.805827389411764,5.866666666666662e-07,6.015384615384604e-07,6.108823529411757e-07
167,5.9e-07,1544385600,5.9e-07,5.7e-07,5.9e-07,4618097.9265468,2.67825617,5.7e-07,3.971853963333354,4.491030740769231,7.723016188235294,5.866666666666663e-07,5.999999999999988e-07,6.105882352941168e-07
168,5.9e-07,1544392800,5.9e-07,5.8e-07,5.9e-07,4251525.3628037,2.50528244,5.8e-07,3.528585763333354,3.9647957961538465,7.179138822647058,5.866666666666663e-07,5.976923076923066e-07,6.099999999999991e-07
169,5.9e-07,1544400000,5.9e-07,5.8e-07,5.9e-07,5759629.5906875,3.34747695,5.8e-07,2.8436718533333534,3.2615441961538467,7.11917974735294,5.899999999999995e-07,5.96153846153845e-07,6.091176470588226e-07
170,5.9e-07,1544407200,5.9e-07,5.8e-07,5.9e-07,1012670.4710816,0.5913632,5.8e-07,2.1480408633333536,3.0148401446153845,7.032420575588234,5.899999999999995e-07,5.946153846153835e-07,6.08529411764705e-07
171,5.9e-07,1544414400,5.9e-07,5.8e-07,5.9e-07,887345.53180927,0.51714721,5.8e-07,1.48532912000002,2.6631533538461536,5.9473755729411755,5.899999999999995e-07,5.930769230769219e-07,6.073529411764698e-07
172,5.9e-07,1544421600,5.9e-07,5.8e-07,5.8e-07,2913659.4276308,1.69793808,5.8e-07,0.9354828300000202,2.6593432884615384,5.701030807647057,5.899999999999995e-07,5.915384615384605e-07,6.064705882352932e-07
173,5.9e-07,1544428800,6e-07,5.8e-07,5.9e-07,7191880.7015782,4.24307099,5.8e-07,2.15271876000002,2.8466991546153846,5.451270042058822,5.899999999999995e-07,5.915384615384605e-07,6.055882352941167e-07
174,6e-07,1544436000,6e-07,5.8e-07,6e-07,7353437.2760079,4.35394937,5.9e-07,3.4316528133333537,3.1303129238461542,5.3145698999999995,5.933333333333329e-07,5.915384615384605e-07,6.049999999999991e-07
175,6e-07,1544443200,6e-07,5.8e-07,5.9e-07,5277352.143257,3.15203831,5.9e-07,3.91635289000002,3.187769518461539,4.8096927994117635,5.966666666666662e-07,5.915384615384605e-07,6.038235294117637e-07
176,6e-07,1544450400,6e-07,5.9e-07,6e-07,1924225.1668701,1.14331896,5.9e-07,2.8831022133333537,3.0846158423076933,4.111505855882351,5.999999999999994e-07,5.915384615384605e-07,6.03529411764705e-07
177,6e-07,1544457600,6e-07,5.9e-07,5.9e-07,1372873.6453833,0.82027772,5.9e-07,1.7052116633333538,2.6374942400000005,3.7961212070588215,5.999999999999994e-07,5.923076923076912e-07,6.032352941176462e-07
178,6e-07,1544464800,6e-07,5.9e-07,6e-07,8121549.7311425,4.85417718,5.9e-07,2.272591286666687,2.71588578923077,3.582763343235292,5.999999999999994e-07,5.930769230769219e-07,6.026470588235286e-07
179,6e-07,1544472000,6e-07,5.9e-07,5.9e-07,10011710.710035,5.9154238,5.9e-07,3.8632929000000207,2.755363106153847,3.605212361470586,5.999999999999994e-07,5.946153846153835e-07,6.020588235294109e-07
180,5.9e-07,1544479200,6.1e-07,5.9e-07,6e-07,16317114.761844,9.8053415,6e-07,6.85831416000002,3.3036004392307707,3.8282402685294095,5.966666666666661e-07,5.946153846153835e-07,6.011764705882345e-07
181,6e-07,1544486400,6.1e-07,5.9e-07,5.9e-07,5556920.1285945,3.32452961,5.9e-07,6.348431636666686,3.3666194523076935,3.7952384705882336,5.966666666666661e-07,5.953846153846142e-07,6.005882352941167e-07
182,6e-07,1544493600,6.1e-07,5.9e-07,5.9e-07,798431.69256289,0.47701016,5.9e-07,4.53562709000002,3.145814314615386,3.779537387352939,5.966666666666661e-07,5.96153846153845e-07,6.00294117647058e-07
183,6e-07,1544500800,6e-07,5.9e-07,5.9e-07,1064426.8474274,0.62826784,5.9e-07,1.476602536666686,3.148653133076924,3.718373221764704,5.999999999999994e-07,5.969230769230758e-07,5.999999999999992e-07
184,6e-07,1544508000,6e-07,5.9e-07,6e-07,670312.65702417,0.39863243,5.9e-07,0.5013034766666861,3.1395366115384626,3.654328304117645,5.999999999999994e-07,5.976923076923066e-07,5.997058823529404e-07
185,6e-07,1544515200,6e-07,5.9e-07,5.9e-07,1563821.9860261,0.9242605,5.9e-07,0.6503869233333527,3.0800229515384627,3.4543897270588215,5.999999999999994e-07,5.984615384615373e-07,5.991176470588228e-07
186,6.1e-07,1544522400,6.1e-07,5.9e-07,6e-07,8178260.1721229,4.90938038,6e-07,2.077424436666686,3.1312775200000016,3.47178732852941,6.033333333333327e-07,5.999999999999988e-07,5.98823529411764e-07
187,6.1e-07,1544529600,6.1e-07,6e-07,6.1e-07,4587806.4830167,2.78526646,6e-07,2.872969113333353,3.0106096038461554,3.4455948685294095,6.06666666666666e-07,6.007692307692296e-07,5.98823529411764e-07
188,6.1e-07,1544536800,6.1e-07,6e-07,6e-07,3298616.6055727,1.99845517,6e-07,3.2310340033333524,2.9218724392307704,3.434588467352939,6.099999999999993e-07,6.015384615384604e-07,5.98823529411764e-07
189,6.1e-07,1544544000,6.1e-07,6e-07,6.1e-07,3049707.948547,1.85281024,6e-07,2.212177290000019,2.9764486915384625,3.21419062970588,6.099999999999992e-07,6.023076923076911e-07,5.985294117647051e-07
190,6.1e-07,1544551200,6.1e-07,6e-07,6.1e-07,1200309.4119717,0.73052471,6e-07,1.5272633733333525,2.9695446138461543,2.8683311285294093,6.099999999999992e-07,6.030769230769218e-07,5.985294117647051e-07
191,6.1e-07,1544558400,6.1e-07,6e-07,6e-07,5418446.9643899,3.30461732,6e-07,1.962650756666686,2.850347701538462,2.853804700588233,6.099999999999992e-07,6.038461538461526e-07,5.985294117647051e-07
192,6e-07,1544565600,6.1e-07,6e-07,6.1e-07,7548014.8543315,4.54410145,6e-07,2.8597478266666863,2.7448613669230775,2.837776052352939,6.066666666666659e-07,6.038461538461526e-07,5.982352941176463e-07
193,6.1e-07,1544572800,6.1e-07,6e-07,6.1e-07,9831687.6723538,5.94180516,6e-07,4.596841310000021,2.4476662638461546,2.961138882647057,6.066666666666659e-07,6.053846153846141e-07,5.982352941176463e-07
194,6.1e-07,1544580000,6.1e-07,6e-07,6.1e-07,1216024.1324786,0.72964325,6e-07,3.7385166200000204,2.248059620769231,2.929438839117645,6.066666666666659e-07,6.061538461538449e-07,5.98823529411764e-07
195,6e-07,1544587200,6.1e-07,6e-07,6.1e-07,5609773.4407618,3.36731409,6e-07,3.346254166666687,2.470390692307693,3.0088607132352916,6.06666666666666e-07,6.061538461538449e-07,5.98823529411764e-07
196,6.1e-07,1544594400,6.1e-07,6e-07,6e-07,126244.82376468,0.07626754,6e-07,1.3910749600000203,2.4279291307692317,2.9403655649999973,6.066666666666659e-07,6.069230769230757e-07,5.991176470588227e-07
197,6.1e-07,1544601600,6.1e-07,6e-07,6.1e-07,1402614.3762662,0.85497441,6e-07,1.4328520133333535,2.4630323600000006,2.8924437314705855,6.066666666666659e-07,6.076923076923065e-07,5.994117647058815e-07
198,6e-07,1544608800,6.1e-07,5.9e-07,6.1e-07,24509853.419453,14.708564,6e-07,5.21326865000002,3.523363398461539,3.1299644799999973,6.06666666666666e-07,6.076923076923065e-07,5.997058823529403e-07
199,5.9e-07,1544616000,6e-07,5.9e-07,6e-07,4787638.8092739,2.86224455,5.9e-07,6.1419276533333536,3.3658914115384624,3.1013514655882326,5.999999999999993e-07,6.061538461538449e-07,5.997058823529403e-07
200,5.9e-07,1544623200,6.1e-07,5.9e-07,6e-07,7242595.6579761,4.34442341,5.9e-07,7.30507732000002,3.485826561538462,3.070239839999997,5.933333333333326e-07,6.046153846153834e-07,5.999999999999991e-07
201,6e-07,1544630400,6e-07,5.9e-07,5.9e-07,1757228.4220259,1.03917738,5.9e-07,2.748615113333354,3.4120359623076926,3.0220316402941148,5.933333333333326e-07,6.038461538461526e-07,6.00294117647058e-07
202,6e-07,1544637600,6e-07,5.9e-07,6e-07,1652231.4753728,0.97882714,5.9e-07,2.1208093100000203,3.3448064930769235,2.977135896176468,5.966666666666659e-07,6.030769230769218e-07,6.005882352941168e-07
203,6e-07,1544644800,6.1e-07,5.9e-07,6e-07,13174547.540931,7.8922807,5.9e-07,3.3034284066666864,3.8957108000000007,3.11080659470588,5.999999999999992e-07,6.023076923076911e-07,6.008823529411758e-07
204,5.9e-07,1544652000,6.1e-07,5.9e-07,5.9e-07,3383217.8903909,2.01615065,5.9e-07,3.629086163333353,3.79659797923077,3.1527121079411735,5.966666666666658e-07,6.007692307692296e-07,6.008823529411758e-07
205,6e-07,1544659200,6e-07,5.9e-07,6e-07,863937.7565559,0.511451,5.9e-07,3.473294116666686,3.486394098461539,3.152544572352938,5.966666666666658e-07,6.007692307692296e-07,6.011764705882346e-07
206,6.1e-07,1544666400,6.1e-07,5.9e-07,6e-07,7597462.809105,4.56022093,6e-07,2.3626075266666864,3.3801183884615393,3.2367293620588207,5.999999999999991e-07,6.007692307692296e-07,6.017647058823523e-07
207,6.1e-07,1544673600,6.1e-07,6e-07,6.1e-07,87376.02712305,0.05247273,6e-07,1.7080482200000195,3.328028348461539,3.113476472058821,6.066666666666658e-07,6.007692307692296e-07,6.023529411764699e-07
208,6.1e-07,1544680800,6.1e-07,6e-07,6e-07,367784.0967085,0.22191063,6e-07,1.6115347633333528,3.0860742361538467,2.9919459208823502,6.099999999999991e-07,6.015384615384604e-07,6.026470588235287e-07
209,6.1e-07,1544688000,6.1e-07,6e-07,6e-07,5180689.4460894,3.1095856,6e-07,1.1279896533333529,3.319406394615385,2.9906973117647033,6.099999999999991e-07,6.015384615384604e-07,6.029411764705874e-07
210,6e-07,1544695200,6.1e-07,5.9e-07,6.1e-07,554250.17938242,0.33381529,6e-07,1.2217705066666862,3.279317231538462,2.9668883802941153,6.066666666666657e-07,6.007692307692296e-07,6.029411764705874e-07
211,6e-07,1544702400,6.1e-07,6e-07,6.1e-07,548063.77861791,0.32902087,6e-07,1.2574739200000196,2.1731985292307696,2.952439649411762,6.033333333333324e-07,6.007692307692296e-07,6.029411764705874e-07
212,6.1e-07,1544709600,6.1e-07,6e-07,6.1e-07,1241296.5985531,0.74703595,6e-07,0.46995737000001964,2.010490175384616,2.831641377941174,6.033333333333324e-07,6.023076923076911e-07,6.032352941176462e-07
213,6.1e-07,1544716800,6.1e-07,6e-07,6.1e-07,956794.80860394,0.57723735,6e-07,0.5510980566666862,1.7207066323076927,2.674635894117645,6.066666666666657e-07,6.038461538461526e-07,6.03529411764705e-07
214,6.1e-07,1544724000,6.1e-07,6e-07,6.1e-07,11829716.412412,7.2129538,6e-07,2.845742366666686,2.195612510769231,2.5983891970588213,6.09999999999999e-07,6.046153846153834e-07,6.041176470588227e-07
215,6.3e-07,1544731200,6.3e-07,6e-07,6e-07,26151683.509628,16.18186514,6.1e-07,7.99068543000002,3.3650769723076928,2.9765461244117626,6.166666666666657e-07,6.069230769230758e-07,6.049999999999991e-07
216,6.3e-07,1544738400,6.4e-07,6.2e-07,6.3e-07,14373398.603931,9.04330376,6.2e-07,10.812707566666687,3.453617207692308,3.2284959361764685,6.233333333333323e-07,6.092307692307682e-07,6.058823529411755e-07
217,6.2e-07,1544745600,6.3e-07,6.1e-07,6.3e-07,5877879.2534181,3.64427401,6.1e-07,9.623147636666685,3.578857466153847,3.3172019999999978,6.266666666666656e-07,6.115384615384605e-07,6.064705882352931e-07
218,6.3e-07,1544752800,6.3e-07,6.1e-07,6.1e-07,5074916.6538628,3.14794974,6.2e-07,5.278509170000018,3.781665061538462,3.3980642738235267,6.266666666666656e-07,6.13846153846153e-07,6.073529411764695e-07
219,6.2e-07,1544760000,6.3e-07,6.1e-07,6.3e-07,4901603.2640702,3.00697493,6.1e-07,3.2663995600000177,3.6621846000000007,3.4593205805882326,6.233333333333323e-07,6.146153846153839e-07,6.079411764705872e-07
220,6.2e-07,1544767200,6.3e-07,6.1e-07,6.1e-07,937916.44822334,0.58140988,6.1e-07,2.245444850000018,3.7028720730769242,3.3320273305882324,6.233333333333323e-07,6.153846153846147e-07,6.08235294117646e-07
221,6.3e-07,1544774400,6.3e-07,6.1e-07,6.3e-07,1222713.6642144,0.75947087,6.2e-07,1.4492852266666845,3.7442228607692316,3.2724451073529384,6.233333333333323e-07,6.169230769230763e-07,6.088235294117637e-07
222,6.1e-07,1544781600,6.3e-07,6.1e-07,6.3e-07,6189443.1046905,3.84069934,6.2e-07,1.7271933633333514,3.80046237923077,3.326628759411762,6.19999999999999e-07,6.169230769230763e-07,6.088235294117637e-07
223,6.3e-07,1544788800,6.3e-07,6.1e-07,6.2e-07,3922747.4913083,2.43705365,6.2e-07,2.345741286666685,3.9622499453846163,3.343812389117644,6.233333333333323e-07,6.192307692307688e-07,6.094117647058813e-07
224,6.2e-07,1544796000,6.3e-07,6.2e-07,6.2e-07,3460187.1611971,2.15464268,6.2e-07,2.810798556666685,4.102682392307694,3.3856982117647028,6.19999999999999e-07,6.207692307692303e-07,6.097058823529402e-07
225,6.4e-07,1544803200,6.5e-07,6.2e-07,6.3e-07,38007352.119295,24.12064526,6.3e-07,9.570780530000016,5.900652339230771,3.997934327647055,6.29999999999999e-07,6.230769230769227e-07,6.105882352941166e-07
226,6.4e-07,1544810400,6.4e-07,6.3e-07,6.3e-07,3063235.3780686,1.95433147,6.3e-07,9.409873136666684,6.006582656153848,3.9217646223529377,6.333333333333324e-07,6.253846153846152e-07,6.11764705882352e-07
227,6.4e-07,1544817600,6.5e-07,6.3e-07,6.4e-07,11756895.542405,7.50070162,6.3e-07,11.19189278333335,6.028717103846156,3.9676145182352904,6.39999999999999e-07,6.276923076923075e-07,6.126470588235285e-07
228,6.3e-07,1544824800,6.4e-07,6.3e-07,6.4e-07,5425510.4528106,3.44501963,6.3e-07,4.300017573333348,5.048959756923079,4.047478529411761,6.366666666666656e-07,6.276923076923075e-07,6.132352941176461e-07
229,6.4e-07,1544832000,6.4e-07,6.3e-07,6.4e-07,1018227.4479489,0.6448046,6.3e-07,3.8635086166666817,4.402921360000002,3.967404720882348,6.366666666666656e-07,6.284615384615383e-07,6.144117647058814e-07
230,6.3e-07,1544839200,6.4e-07,6.3e-07,6.3e-07,4286530.0319104,2.70454011,6.3e-07,2.2647881133333483,4.330634136923079,4.0447068552941134,6.333333333333323e-07,6.292307692307692e-07,6.149999999999991e-07
231,6.4e-07,1544846400,6.4e-07,6.3e-07,6.4e-07,6708562.3466266,4.28517844,6.3e-07,2.544841050000015,4.418113267692309,4.1455952091176425,6.366666666666656e-07,6.3e-07,6.158823529411755e-07
232,6.3e-07,1544853600,6.4e-07,6.3e-07,6.4e-07,1789803.7936248,1.13911092,6.3e-07,2.709609823333348,4.274431420769233,3.7464936479411723,6.333333333333323e-07,6.307692307692307e-07,6.167647058823519e-07
233,6.4e-07,1544860800,6.4e-07,6.3e-07,6.3e-07,5844183.5327597,3.71901175,6.3e-07,3.047767036666681,4.515785410769232,3.7716926832352895,6.366666666666656e-07,6.323076923076923e-07,6.182352941176461e-07
234,6.5e-07,1544868000,6.5e-07,6.3e-07,6.3e-07,13989667.90323,8.99341349,6.4e-07,4.617178720000015,5.149165612307693,3.9084276855882307,6.39999999999999e-07,6.338461538461537e-07,6.19999999999999e-07
235,6.5e-07,1544875200,6.5e-07,6.4e-07,6.4e-07,1460040.890132,0.93700402,6.4e-07,4.549809753333348,4.925804433846155,3.9054225867647006,6.466666666666657e-07,6.36923076923077e-07,6.214705882352931e-07
236,6.5e-07,1544882400,6.5e-07,6.4e-07,6.4e-07,1484397.7768053,0.95552942,6.4e-07,3.6286489766666814,4.811841031538463,3.9047373597058774,6.499999999999992e-07,6.384615384615384e-07,6.229411764705871e-07
237,6.5e-07,1544889600,6.5e-07,6.4e-07,6.4e-07,2424725.1370947,1.55665806,6.4e-07,1.1497305000000146,4.765842214615386,3.7183955173529357,6.499999999999992e-07,6.407692307692308e-07,6.244117647058812e-07
238,6.5e-07,1544896800,6.5e-07,6.4e-07,6.5e-07,1283250.4625536,0.82159752,6.4e-07,1.1112616666666815,2.973607773076924,3.6832616017647006,6.499999999999992e-07,6.415384615384615e-07,6.261764705882341e-07
239,6.4e-07,1544904000,6.5e-07,6.3e-07,6.4e-07,7281530.2418378,4.66112766,6.4e-07,2.3464610800000147,3.181822864615386,3.805310915294112,6.466666666666657e-07,6.415384615384615e-07,6.273529411764695e-07
240,6.3e-07,1544911200,6.4e-07,6.3e-07,6.4e-07,2739909.4392971,1.75313727,6.3e-07,2.4119541500000143,2.7397025300000015,3.722749631176465,6.39999999999999e-07,6.407692307692308e-07,6.279411764705871e-07
241,6.5e-07,1544918400,6.5e-07,6.3e-07,6.5e-07,2370951.195923,1.51781062,6.4e-07,2.644025183333348,2.5914556830769246,3.765847804411759,6.39999999999999e-07,6.423076923076923e-07,6.291176470588223e-07
242,6.4e-07,1544925600,6.5e-07,6.3e-07,6.5e-07,19819094.45871,12.50964924,6.3e-07,5.2601990433333485,3.5041360400000015,4.1272518811764645,6.39999999999999e-07,6.423076923076923e-07,6.299999999999988e-07
243,6.4e-07,1544932800,6.4e-07,6.2e-07,6.4e-07,5608265.6637445,3.53553297,6.3e-07,5.854330943333348,3.568058567692309,4.139779744999993,6.433333333333323e-07,6.43076923076923e-07,6.308823529411754e-07
244,6.4e-07,1544940000,6.4e-07,6.3e-07,6.4e-07,893286.60558634,0.56440977,6.3e-07,5.5365306600000155,3.2818455930769237,4.146561935588229,6.399999999999988e-07,6.43076923076923e-07,6.320588235294106e-07
245,6.4e-07,1544947200,6.4e-07,6.3e-07,6.4e-07,2441924.8030044,1.55442334,6.3e-07,1.884788693333349,3.313792702307693,4.182603184705876,6.39999999999999e-07,6.438461538461538e-07,6.332352941176459e-07
246,6.5e-07,1544954400,6.5e-07,6.3e-07,6.4e-07,19343635.412009,12.46001068,6.4e-07,4.859614596666683,3.986177235384616,4.527102441470582,6.433333333333323e-07,6.446153846153845e-07,6.344117647058812e-07
247,6.5e-07,1544961600,6.5e-07,6.4e-07,6.5e-07,5840522.8578081,3.78132458,6.4e-07,5.93191953333335,3.5852473192307697,4.621340301176465,6.466666666666655e-07,6.446153846153845e-07,6.355882352941165e-07
248,6.6e-07,1544968800,6.6e-07,6.4e-07,6.4e-07,14223692.486928,9.29876992,6.5e-07,8.51336839333335,4.2284600807692305,4.682687834117641,6.533333333333322e-07,6.453846153846153e-07,6.370588235294107e-07
249,6.5e-07,1544976000,6.6e-07,6.4e-07,6.6e-07,6195073.6942729,4.02604195,6.4e-07,5.702045483333349,4.464653352307693,4.325163622647053,6.533333333333322e-07,6.453846153846153e-07,6.376470588235283e-07
250,6.5e-07,1544983200,6.5e-07,6.4e-07,6.5e-07,2239804.8480977,1.44863203,6.4e-07,4.924481300000015,4.456343657692308,4.101790924705876,6.533333333333322e-07,6.453846153846153e-07,6.382352941176459e-07
251,6.5e-07,1544990400,6.5e-07,6.4e-07,6.5e-07,174078.98106419,0.11251944,6.4e-07,1.8623978066666822,4.40179919,3.9979157902941114,6.499999999999989e-07,6.453846153846153e-07,6.391176470588223e-07
