,close,date,high,low,open,quoteVolume,volume,weightedAverage,avg_vol_3,avg_vol_13,avg_vol_34,avg_close_3,avg_close_13,avg_close_34
0,0.00037071,1553218424,0.00037071,0.00037071,0.00037071,0.0,0.0,0.00037071,-99999.0,-99999.0,-99999.0,-99999.0,-99999.0,-99999.0
1,0.00037302,1553220000,0.00037302,0.00036981,0.0003729,921.58918255,0.34132509,0.00037036,-99999.0,-99999.0,-99999.0,-99999.0,-99999.0,-99999.0
2,0.00036573,1553227200,0.00037341,0.00036573,0.00037329,3557.77107694,1.30775888,0.00036757,0.5496946566666666,-99999.0,-99999.0,0.00036982000000000003,-99999.0,-99999.0
3,0.00036878,1553234400,0.00037059,0.00036573,0.00036589,2066.01818631,0.75798441,0.00036688,0.8023561266666667,-99999.0,-99999.0,0.00036917666666666667,-99999.0,-99999.0
4,0.00037304,1553241600,0.00037629,0.00036735,0.00036834,625.51356966,0.23180646,0.00037058,0.7658499166666667,-99999.0,-99999.0,0.00036918333333333335,-99999.0,-99999.0
5,0.00037191,1553248800,0.00037304,0.00037002,0.00037304,16.37581123,0.00607595,0.00037103,0.3319556066666667,-99999.0,-99999.0,0.0003712433333333334,-99999.0,-99999.0
6,0.00037191,1553256000,0.00037232,0.00036997,0.00037232,72.94387548,0.0270033,0.00037019,0.08829523666666668,-99999.0,-99999.0,0.0003722866666666668,-99999.0,-99999.0
7,0.00037437,1553263200,0.00037672,0.00037197,0.00037197,2694.33342397,1.0075485,0.00037395,0.3468759166666667,-99999.0,-99999.0,0.0003727300000000001,-99999.0,-99999.0
8,0.00037289,1553270400,0.00037468,0.00037239,0.00037334,157.55770974,0.0588371,0.00037343,0.3644629666666667,-99999.0,-99999.0,0.0003730566666666668,-99999.0,-99999.0
9,0.0003733,1553277600,0.00037494,0.0003733,0.00037468,1.01275146,0.00037892,0.00037414,0.3555881733333333,-99999.0,-99999.0,0.00037352000000000007,-99999.0,-99999.0
10,0.00037322,1553284800,0.00037529,0.000373,0.000373,103.49241489,0.03874943,0.00037441,0.03265515,-99999.0,-99999.0,0.0003731366666666668,-99999.0,-99999.0
11,0.00037468,1553292000,0.00037494,0.00037299,0.00037494,89.15856459,0.03328366,0.0003733,0.024137336666666665,-99999.0,-99999.0,0.00037373333333333344,-99999.0,-99999.0
12,0.00037625,1553299200,0.00037629,0.00037375,0.00037468,110.69750331,0.04149429,0.00037484,0.03784246,0.2963266146153847,-99999.0,0.0003747166666666668,0.00037229307692307684,-99999.0
13,0.00037612,1553306400,0.00037618,0.00037371,0.00037372,31.87262803,0.01198345,0.00037597,0.02892046666666666,0.2972484184615385,-99999.0,0.00037568333333333346,0.0003727092307692307,-99999.0
14,0.0003751,1553313600,0.0003775,0.0003751,0.0003763,297.42152844,0.11187294,0.00037614,0.05511689333333333,0.2795982530769231,-99999.0,0.0003758233333333334,0.00037286923076923067,-99999.0
15,0.00037777,1553320800,0.00037777,0.00037693,0.00037693,591.03399229,0.22312596,0.00037751,0.11566078333333335,0.1961649515384616,-99999.0,0.00037633,0.0003737953846153846,-99999.0
16,0.00037548,1553328000,0.00037794,0.00037548,0.00037786,234.56237854,0.08836964,0.00037674,0.14112284666666666,0.1446561230769231,-99999.0,0.00037611666666666666,0.0003743107692307692,-99999.0
17,0.00037469,1553335200,0.00037726,0.00037469,0.00037717,34.52557384,0.01295895,0.00037534,0.10815151666666667,0.12782169923076928,-99999.0,0.00037598,0.0003744376923076922,-99999.0
18,0.00037332,1553342400,0.00037509,0.000373,0.00037379,1962.5759206,0.73263046,0.0003733,0.27798635,0.18371050769230773,-99999.0,0.0003744966666666667,0.0003745461538461538,-99999.0
19,0.00037649,1553349600,0.00037649,0.00037332,0.00037332,5.72133106,0.00215176,0.00037609,0.24924705666666666,0.18179885076923077,-99999.0,0.00037483333333333336,0.00037489846153846156,-99999.0
20,0.0003759,1553356800,0.00037649,0.00037507,0.00037507,979.52436821,0.36755314,0.00037523,0.36744511999999996,0.13256843846153848,-99999.0,0.0003752366666666667,0.0003750161538461539,-99999.0
21,0.00037507,1553364000,0.00037678,0.00037507,0.00037507,594.28926472,0.22361526,0.00037627,0.19777338666666666,0.14524368153846157,-99999.0,0.00037582000000000007,0.00037518384615384617,-99999.0
22,0.00037785,1553371200,0.00037794,0.00037507,0.00037507,55.9482921,0.02108778,0.00037691,0.20408539333333334,0.1468366707692308,-99999.0,0.0003762733333333334,0.0003755338461538462,-99999.0
23,0.0003795,1553378400,0.0003795,0.00037646,0.00037646,155.8728579,0.05909307,0.00037911,0.10126537000000001,0.1484015661538462,-99999.0,0.00037747333333333345,0.0003760169230769231,-99999.0
24,0.00037827,1553385600,0.00037827,0.00037514,0.00037745,3179.1427176,1.19344058,0.00037539,0.42454047666666667,0.2376444061538462,-99999.0,0.0003785400000000001,0.000376293076923077,-99999.0
25,0.00037762,1553392800,0.00037828,0.00037661,0.00037757,814.04657267,0.30740612,0.00037762,0.5199799233333333,0.2580991623076923,-99999.0,0.0003784633333333335,0.00037639846153846165,-99999.0
26,0.000377,1553400000,0.0003772,0.00037661,0.00037661,1526.70302182,0.57556117,0.00037699,0.6921359566666667,0.3014512946153846,-99999.0,0.0003776300000000001,0.00037646615384615397,-99999.0
27,0.00037726,1553407200,0.00037726,0.00037559,0.00037653,24.27232389,0.00912616,0.00037599,0.2973644833333334,0.2935476961538462,-99999.0,0.00037729333333333344,0.0003766323076923078,-99999.0
28,0.00037679,1553414400,0.00037741,0.00037565,0.00037726,48.24867113,0.01819185,0.00037704,0.20095972666666673,0.2777835338461539,-99999.0,0.00037701666666666673,0.00037655692307692317,-99999.0
29,0.00037969,1553421600,0.00037969,0.0003766,0.00037704,1154.5968034,0.43551895,0.0003772,0.15427898666666676,0.30448732692307695,-99999.0,0.00037791333333333344,0.0003768807692307693,-99999.0
30,0.00038073,1553428800,0.00038073,0.00037742,0.00037742,112.45244867,0.04277818,0.00038041,0.16549632666666678,0.30678111384615386,-99999.0,0.0003790700000000002,0.00037734538461538475,-99999.0
31,0.00038602,1553436000,0.00038767,0.00038061,0.00038076,1626.86016906,0.62496001,0.00038415,0.36775238000000005,0.29849877153846155,-99999.0,0.0003821466666666668,0.00037832230769230783,-99999.0
32,0.00038517,1553443200,0.00038956,0.00038513,0.00038767,1653.7709094,0.64129516,0.00038777,0.43634445,0.34766364846153847,-99999.0,0.00038397333333333345,0.0003789900000000001,-99999.0
33,0.0003883,1553450400,0.00038907,0.00038605,0.00038605,475.16326502,0.1847745,0.00038886,0.4836765566666667,0.333603753076923,0.2864629729411765,0.0003864966666666668,0.0003799438461538463,0.00037599852941176475
34,0.00038699,1553457600,0.0003883,0.00038384,0.0003883,546.17843264,0.2112455,0.00038677,0.34577171999999995,0.3326522330769231,0.292676075882353,0.0003868200000000002,0.00038086076923076937,0.00037647735294117656
35,0.00038333,1553464800,0.00038653,0.00038333,0.00038503,438.08275995,0.16925122,0.00038634,0.18842373999999998,0.34404942076923073,0.2876150797058824,0.00038620666666666685,0.00038128230769230787,0.0003767805882352942
36,0.00038415,1553472000,0.00038486,0.00038263,0.00038333,394.68739755,0.1511738,0.00038302,0.17722350666666667,0.3511325538461537,0.2535978714705883,0.0003848233333333335,0.0003816400000000002,0.00037732235294117653
37,0.00038595,1553479200,0.00038861,0.00038415,0.00038415,553.62061636,0.21447214,0.00038739,0.17829905333333337,0.2758272892307691,0.23761221647058828,0.00038447666666666683,0.00038223076923076947,0.0003778273529411765
38,0.00038345,1553486400,0.00038499,0.00038041,0.00038499,228.37419284,0.08724283,0.00038201,0.15096292333333336,0.25889165153846144,0.23336034500000005,0.00038451666666666686,0.000382679230769231,0.00037813352941176476
39,0.00038139,1553493600,0.00038174,0.00037941,0.00038174,1104.98090424,0.4199595,0.00038006,0.24055815666666666,0.24692229230769222,0.2455333905882353,0.0003835966666666669,0.0003830169230769233,0.00037841235294117656
40,0.00038275,1553500800,0.00038339,0.00038015,0.00038245,5272.80959706,2.00479282,0.00038021,0.8373317166666667,0.40043511230769224,0.30370367058823533,0.0003825300000000003,0.00038343923076923105,0.0003787311764705883
41,0.00038378,1553508000,0.00038378,0.00038017,0.00038093,10.68084571,0.00408603,0.00038255,0.8096127833333333,0.39935004923076917,0.2741900685294118,0.0003826400000000003,0.00038397692307692334,0.00037900794117647063
42,0.00038312,1553515200,0.00038503,0.00038015,0.00038378,1124.18850982,0.43185411,0.00038414,0.8135776533333333,0.3990681384615384,0.28516115705882356,0.00038321666666666694,0.00038424076923076946,0.00037930882352941184
43,0.00038259,1553522400,0.00038412,0.00038147,0.00038312,456.28933982,0.17504747,0.00038363,0.20366253666666667,0.40924269923076917,0.29029846735294124,0.00038316333333333354,0.0003843838461538464,0.0003795820588235295
44,0.000381,1553529600,0.00038222,0.00037868,0.00038159,287.01679711,0.10906571,0.00037999,0.23865576333333335,0.3695585223076923,0.2923665932352942,0.0003822366666666669,0.0003839976923076926,0.0003798108823529412
45,0.000381,1553536800,0.000381,0.000381,0.000381,0.0,0.0,0.000381,0.09470439333333334,0.32022812538461537,0.2913876620588236,0.0003815300000000002,0.0003836769230769234,0.00037999676470588234
46,0.000381,1553544000,0.000381,0.000381,0.000381,0.0,0.0,0.000381,0.03635523666666667,0.3060147023076923,0.29016724176470593,0.00038100000000000026,0.0003831153846153849,0.00038013647058823526
47,0.00038492,1553551200,0.0003851,0.00038112,0.00038112,117.04850918,0.04487371,0.00038337,0.014957903333333333,0.2932168723076922,0.2911346023529412,0.0003823066666666669,0.0003829561538461542,0.000380395294117647
48,0.00038262,1553558400,0.00038487,0.00038262,0.00038296,78.20653829,0.03004452,0.00038416,0.024972743333333335,0.28250866461538454,0.2887278841176471,0.00038284666666666686,0.00038290153846153876,0.0003806164705882353
49,0.00038247,1553565600,0.00038247,0.00038144,0.00038216,390.89197212,0.14920191,0.00038169,0.07470671333333333,0.2823569807692307,0.2865536473529412,0.0003833366666666669,0.000382772307692308,0.0003807547058823529
50,0.00038125,1553572800,0.00038247,0.00038114,0.00038247,76.23581642,0.02906545,0.00038125,0.06943729333333333,0.26809492769230764,0.2848094064705883,0.00038211333333333354,0.00038241076923076954,0.00038092441176470587
51,0.00038186,1553580000,0.00038354,0.00037964,0.00038136,1488.72126836,0.56684879,0.00038076,0.24837204999999998,0.3049876938461538,0.3011002841176471,0.0003818600000000002,0.0003822884615384618,0.000381135294117647
52,0.00038099,1553587200,0.00038099,0.00037963,0.00038099,94.88025,0.0361397,0.00038089,0.21068464666666667,0.2754630938461538,0.2806152617647059,0.00038136666666666687,0.0003822576923076926,0.0003813608823529411
53,0.00038094,1553594400,0.00038284,0.00038094,0.00038245,4.9396475,0.00189014,0.00038264,0.20162621,0.12139365692307685,0.28060756705882356,0.0003812633333333335,0.00038211846153846183,0.0003814917647058823
54,0.00037963,1553601600,0.00038133,0.00037932,0.00038105,13.76254438,0.00523288,0.00038022,0.014420906666666658,0.12148187615384609,0.2699510888235294,0.00038052000000000013,0.00038179923076923103,0.00038160147058823523
55,0.00038154,1553608800,0.00038155,0.00037977,0.00038155,1222.69902033,0.46453092,0.00037992,0.15721798,0.12399547692307687,0.27703684352941177,0.00038070333333333346,0.00038167769230769254,0.0003817917647058823
56,0.00038516,1553616000,0.00038516,0.00037985,0.00038154,2092.03031837,0.80526336,0.00038491,0.42500905333333333,0.17247362230769225,0.3001008311764706,0.0003821100000000002,0.00038187538461538484,0.0003820067647058823
57,0.0003835,1553623200,0.00038598,0.0003835,0.00038516,335.53354992,0.12912062,0.00038482,0.4663049666666666,0.17401630769230764,0.302160465,0.00038340000000000016,0.0003820676923076925,0.00038212441176470584
58,0.00038526,1553630400,0.00038561,0.00038283,0.0003835,944.16038637,0.36342872,0.00038492,0.43260423333333325,0.20197236307692304,0.2777483514705882,0.00038464000000000017,0.0003823953846153848,0.00038232999999999995
59,0.00038354,1553637600,0.00038607,0.00038183,0.00038522,999.03759427,0.38290978,0.00038327,0.2918197066666665,0.23142696153846148,0.27996904735294115,0.0003841000000000001,0.0003825907692307694,0.0003825041176470588
60,0.00038242,1553644800,0.00038496,0.00038145,0.00038354,287.82002363,0.11045669,0.00038377,0.28559839666666653,0.23647180615384608,0.2662895038235294,0.0003837400000000002,0.00038239846153846163,0.00038266352941176464
61,0.00038121,1553652000,0.0003831,0.00038121,0.00038241,42.83775351,0.01634578,0.00038157,0.16990408333333318,0.23541805692307685,0.2665018455882353,0.0003823900000000001,0.0003822900000000001,0.0003827797058823528
62,0.00038121,1553659200,0.00038262,0.00038121,0.00038121,150.92515998,0.05764984,0.00038197,0.06148410333333317,0.2283755899999999,0.2676623747058824,0.0003816133333333334,0.000382193076923077,0.00038290970588235286
63,0.00038051,1553666400,0.00038246,0.00038047,0.00038246,94.49281794,0.03599804,0.00038096,0.036664553333333176,0.22890886615384606,0.25591175970588237,0.0003809766666666667,0.0003821361538461539,0.00038293382352941167
64,0.00038681,1553673600,0.00038812,0.00037946,0.00037963,4200.38572691,1.62520878,0.00038691,0.5729522199999998,0.310321173076923,0.3024538361764706,0.00038284333333333333,0.0003825169230769231,0.0003831126470588234
65,0.00039268,1553680800,0.00039599,0.00038681,0.00038729,9831.69673509,3.87515039,0.00039414,1.845452403333333,0.6056296876923076,0.3980476708823529,0.00038666666666666667,0.0003834161538461539,0.0003833085294117646
66,0.00040484,1553688000,0.00041816,0.00039193,0.00039193,11855.23831976,4.79601339,0.00040454,3.432124186666666,0.974408399230769,0.5202452658823529,0.0003947766666666667,0.00038525461538461547,0.00038388705882352924
67,0.00040235,1553695200,0.00040651,0.00039407,0.00040484,2000.98708368,0.80067668,0.00040014,3.1572801533333332,1.0355963838461537,0.5383600358823529,0.00039995666666666667,0.0003870023076923078,0.0003843002941176469
68,0.00040485,1553702400,0.00040899,0.00040035,0.00040035,382.71335634,0.15560664,0.00040658,1.9174322366666665,1.0118329776923076,0.5367235988235293,0.0004040133333333333,0.00038879538461538473,0.00038482558823529396
69,0.00040499,1553709600,0.00040654,0.00040035,0.00040485,820.64886562,0.33027762,0.00040245,0.42885364666666675,0.975295613076923,0.5414596694117646,0.0004040633333333333,0.0003903207692307694,0.00038546264705882334
70,0.0004064,1553716800,0.00040829,0.000402,0.00040328,1153.60696415,0.46603107,0.00040397,0.3173051100000001,1.0012118015384615,0.5507201773529411,0.0004054133333333333,0.00039208230769230786,0.0003861170588235292
71,0.00041323,1553724000,0.00041441,0.00040496,0.0004064,1614.58278756,0.65989789,0.00040871,0.4854021933333334,1.0240171223076922,0.5638209347058822,0.0004082066666666667,0.0003942338461538463,0.0003869194117647057
72,0.000408,1553731200,0.00041323,0.000408,0.00041076,533.8759656,0.21852204,0.00040931,0.44815033333333343,1.0113719115384614,0.5676820879411764,0.00040920999999999997,0.0003961153846153848,0.00038764147058823514
73,0.00040787,1553738400,0.00041059,0.00040787,0.00040788,136.99408039,0.05616823,0.00041,0.31152938666666674,1.0071958761538462,0.5569823447058821,0.0004097,0.00039807307692307716,0.0003884202941176469
74,0.00040665,1553745600,0.00040787,0.00040501,0.00040787,47.94391956,0.01950493,0.00040682,0.09806506666666674,1.0074388876923077,0.4985915244117646,0.00040750666666666667,0.0004000300000000002,0.0003891232352941175
75,0.00040501,1553752800,0.00040703,0.00040501,0.00040501,16.06981084,0.00651712,0.00040555,0.027396760000000065,1.0035056015384616,0.4986630270588235,0.00040650999999999996,0.00040186076923076945,0.00038974764705882337
76,0.00040553,1553760000,0.00040687,0.00040207,0.00040501,290.69734529,0.11750809,0.00040422,0.04784338000000007,1.0097756053846152,0.4894175558823529,0.0004057299999999999,0.0004037853846153849,0.00039040676470588216
77,0.00040106,1553767200,0.00040432,0.00040087,0.00040432,173.94887795,0.0698688,0.00040166,0.06463133666666673,0.8901340684615384,0.48632406558823527,0.0004038666666666666,0.00040488153846153865,0.00039094999999999977
78,0.00040418,1553774400,0.00040633,0.00040055,0.00040288,1307.31282731,0.52562588,0.00040206,0.23766759000000004,0.6324783369230769,0.49857583529411764,0.00040358999999999995,0.00040576615384615403,0.0003916317647058822
79,0.00040341,1553781600,0.00040705,0.00040117,0.00040418,293.31368863,0.11794649,0.00040211,0.2378137233333334,0.2726270369230769,0.5020448497058824,0.0004028833333333333,0.000405656153846154,0.00039229088235294104
80,0.0004033,1553788800,0.00040538,0.00040111,0.00040192,776.93567734,0.31249713,0.00040221,0.3186898333333334,0.23507476384615378,0.5112359417647059,0.00040363000000000004,0.0004057292307692309,0.00039294676470588225
81,0.00040092,1553796000,0.00040575,0.00040056,0.0004033,1104.98610124,0.44307409,0.00040097,0.2911725700000001,0.25718764461538457,0.5229477176470588,0.0004025433333333333,0.0004054269230769232,0.00039341735294117636
82,0.00040466,1553803200,0.00040471,0.00040094,0.00040094,205.20236669,0.08241335,0.00040161,0.27932819000000003,0.23812116230769226,0.5244879773529412,0.00040295999999999995,0.0004054015384615386,0.000394065588235294
83,0.00040492,1553810400,0.00040768,0.00040207,0.00040466,1088.59283456,0.44185042,0.00040589,0.32244595333333337,0.23626111230769228,0.5330952864705882,0.00040349999999999994,0.00040528769230769245,0.00039472588235294105
84,0.00040407,1553817600,0.0004063,0.00040299,0.00040491,135.49823038,0.05481828,0.00040456,0.19302735000000004,0.18971652692307692,0.5338527226470589,0.00040455,0.0004045830769230771,0.0003953970588235293
85,0.00040507,1553824800,0.00040603,0.00040408,0.000406,202.53547065,0.08221655,0.00040593,0.19296175000000004,0.17923148923076923,0.519598833235294,0.0004046866666666666,0.00040435769230769245,0.0003960797058823528
86,0.00040602,1553832000,0.00040602,0.00040407,0.00040507,33.30572698,0.01347044,0.00040444,0.05016842333333336,0.17594704384615384,0.5189320902941175,0.00040505333333333327,0.0004042153846153847,0.0003968158823529411
87,0.00040521,1553839200,0.00040724,0.00040289,0.00040602,482.79767908,0.19603761,0.00040604,0.09724153333333337,0.18952648076923076,0.52464231,0.0004054333333333333,0.00040410461538461546,0.0003975297058823528
88,0.00040651,1553846400,0.00040724,0.00040301,0.00040521,789.29279698,0.32112123,0.00040684,0.1768764266666667,0.21372679692307692,0.5339331438235293,0.00040591333333333325,0.00040422000000000006,0.000398320294117647
89,0.0004067,1553853600,0.00041262,0.00040652,0.00040652,3998.18272596,1.63392209,0.00040866,0.7170269766666667,0.33037402769230767,0.5683270017647056,0.00040613999999999993,0.00040431000000000006,0.000399060294117647
90,0.0004033,1553860800,0.00040719,0.0004033,0.0004062,439.29562697,0.17744417,0.00040392,0.7108291633333335,0.33864905615384616,0.549861731470588,0.0004055033333333332,0.00040448230769230773,0.00039959382352941166
91,0.00040605,1553868000,0.00040873,0.0004049,0.0004049,148.71486459,0.06051621,0.00040692,0.6239608233333335,0.3028713892307693,0.5478439547058821,0.0004053499999999999,0.0004046261538461539,0.00040025705882352927
92,0.00040766,1553875200,0.00041238,0.00040528,0.00040604,427.27724108,0.17494431,0.00040943,0.1376348966666668,0.30725583692307695,0.542300295588235,0.0004056699999999999,0.00040495307692307695,0.0004009158823529411
93,0.00041234,1553882400,0.00041321,0.00040903,0.00040903,1063.62385168,0.43809164,0.00041188,0.2245173866666668,0.31691695307692314,0.543923291470588,0.0004086833333333333,0.0004056484615384616,0.0004017629411764705
94,0.00041284,1553889600,0.00041441,0.00041115,0.00041307,595.20520146,0.24628524,0.00041378,0.2864403966666668,0.30177934923076927,0.5479182488235291,0.0004109466666666666,0.0004065653846153847,0.00040265764705882346
95,0.00041242,1553896800,0.00041485,0.00041068,0.00041258,1229.54167655,0.50912217,0.00041407,0.39783301666666687,0.3346031046153846,0.5624116720588233,0.00041253333333333324,0.00040716230769230775,0.000403575588235294
96,0.00041235,1553904000,0.00041503,0.00041026,0.00041242,994.89149553,0.41102192,0.00041313,0.3888097766666669,0.3322316815384615,0.5728049685294115,0.0004125366666666666,0.00040773384615384623,0.00040449147058823525
97,0.00040994,1553911200,0.00041614,0.00040994,0.00041329,1181.28975017,0.48715208,0.00041239,0.4690987233333335,0.36548812769230765,0.5860742049999998,0.00041156999999999994,0.0004081853846153847,0.0004053570588235293
98,0.00041115,1553918400,0.00041176,0.0004078,0.00040995,909.66987732,0.37232741,0.00040929,0.4235004700000002,0.3878043476923076,0.5492247529411762,0.0004111466666666666,0.00040865307692307704,0.0004060729411764705
99,0.00041072,1553925600,0.00041372,0.00041072,0.00041115,1375.94898026,0.56692599,0.00041202,0.4754684933333335,0.4303778515384614,0.45192403529411745,0.00041060333333333327,0.00040901461538461547,0.00040660352941176465
100,0.00041432,1553932800,0.00041755,0.00041072,0.00041072,1089.09973306,0.45205958,0.00041507,0.46377099333333355,0.4500718492307691,0.3241606879411763,0.00041206333333333327,0.00040971538461538474,0.0004068823529411764
101,0.00041292,1553940000,0.00041829,0.00041229,0.00041647,712.94329442,0.29671888,0.00041618,0.4385681500000002,0.4481947453846153,0.30933839970588217,0.00041265333333333323,0.00041020846153846165,0.0004071932352941176
102,0.00041383,1553947200,0.00041707,0.00041207,0.0004145,2293.36240886,0.95021834,0.00041433,0.5663322666666669,0.3956021492307691,0.3327093320588233,0.0004136899999999999,0.00041075692307692313,0.00040745735294117646
103,0.00042154,1553954400,0.00042536,0.00041301,0.00041452,1551.24871744,0.65128761,0.00041984,0.6327416100000002,0.4320516446153845,0.342150802352941,0.0004160966666666666,0.00041216000000000007,0.0004079441176470588
104,0.00042955,1553961600,0.00043332,0.0004215,0.00042498,2117.20739389,0.90689514,0.00042834,0.8361336966666668,0.49715771615384596,0.3551173926470586,0.00042164,0.0004139676923076924,0.000408625
105,0.00042982,1553968800,0.00043083,0.00042558,0.00042791,1645.09730546,0.70519461,0.00042866,0.75445912,0.5379462007692306,0.3564496491176468,0.00042697,0.0004156723076923078,0.0004091129411764706
106,0.00043182,1553976000,0.0004323,0.00042699,0.00042791,220.8487019,0.09483274,0.0004294,0.5689741633333335,0.5115416699999998,0.3528117285294115,0.0004303966666666667,0.0004171707692307694,0.00040981352941176467
107,0.00043021,1553983200,0.00043127,0.00042602,0.00042967,1504.05852118,0.64468516,0.00042863,0.48157083666666683,0.5421878176923076,0.37012104999999973,0.00043061666666666673,0.00041850692307692324,0.0004104705882352941
108,0.000428,1553990400,0.00043129,0.00042618,0.00042914,337.99711436,0.14538168,0.00043012,0.29496652666666684,0.5142077799999998,0.3738233073529409,0.00043001000000000004,0.0004197053846153847,0.0004110985294117647
109,0.00042583,1553997600,0.00042808,0.0004239,0.00042615,179.43448019,0.07628304,0.00042513,0.28878329333333347,0.48845863538461526,0.37587524617647033,0.0004280133333333333,0.0004207423076923079,0.0004117108823529412
110,0.00042694,1554004800,0.00042694,0.0004239,0.00042497,116.84175634,0.04954165,0.000424,0.09040212333333349,0.4547962946153845,0.37387623323529384,0.0004269233333333334,0.00042205000000000015,0.0004123405882352941
111,0.00042539,1554012000,0.00042984,0.0004239,0.00042802,725.68870607,0.30979577,0.00042689,0.14520682000000015,0.4499861684615384,0.38093290882352915,0.00042605333333333334,0.0004231453846153848,0.0004130561764705882
112,0.00042453,1554019200,0.00042534,0.0004218,0.00042534,1204.37092299,0.50863558,0.00042232,0.28932433333333346,0.4455022907692307,0.3804331941176468,0.00042562,0.0004242076923076925,0.0004136547058823529
113,0.00042198,1554026400,0.00042452,0.00041951,0.00042251,1311.83674173,0.55106797,0.00042007,0.4564997733333334,0.4531183207692307,0.39317206117647036,0.0004239666666666666,0.00042479692307692324,0.00041420088235294113
114,0.00042609,1554033600,0.00042736,0.00042072,0.00042156,648.82421791,0.27499385,0.00042383,0.4448991333333334,0.4514471646153845,0.3920690235294115,0.0004242,0.00042581000000000015,0.00041487117647058823
115,0.0004226,1554040800,0.00042569,0.00042032,0.00042569,1192.9488637,0.50559391,0.00042381,0.4438852433333334,0.41724528538461525,0.3939078417647056,0.00042355666666666665,0.00042648461538461553,0.00041550882352941174
116,0.000424,1554048000,0.000424,0.0004203,0.0004226,1509.52374912,0.6379071,0.00042258,0.47283162,0.4162160153846152,0.41024589323529387,0.00042423000000000005,0.00042667384615384634,0.00041607764705882356
117,0.00042453,1554055200,0.00042453,0.00042177,0.000424,341.22970492,0.14405284,0.00042215,0.4291846166666667,0.35753583846153825,0.4014871408823527,0.00042371000000000005,0.0004262876923076925,0.0004166544117647059
118,0.00042467,1554062400,0.0004276,0.00042214,0.00042214,237.5139186,0.10100857,0.00042527,0.29432283666666675,0.311059989230769,0.4028456788235292,0.00042440000000000007,0.00042589153846153867,0.0004172602941176471
119,0.00042525,1554069600,0.00042809,0.00042448,0.0004252,1992.04664344,0.84906517,0.00042622,0.3647088600000001,0.3690778684615382,0.42540004999999975,0.00042481666666666676,0.00042538615384615406,0.0004178538235294118
120,0.0004264,1554076800,0.00042679,0.00042418,0.00042588,69.96917004,0.02978604,0.0004257,0.3266199266666668,0.321777936153846,0.425879920588235,0.0004254400000000001,0.00042509307692307715,0.0004184532352941177
121,0.00042843,1554084000,0.00042843,0.00042607,0.00042647,152.10074453,0.06515608,0.00042837,0.3146690966666668,0.31560673615384605,0.4220304638235291,0.00042669333333333344,0.0004251261538461541,0.00041913617647058827
122,0.00042843,1554091200,0.00042843,0.00042596,0.00042596,204.6930221,0.0875142,0.00042753,0.060818773333333485,0.3164706715384614,0.4151596688235291,0.00042775333333333344,0.000425326153846154,0.0004197808823529412
123,0.00042493,1554098400,0.00043071,0.00042493,0.00042774,242.31595167,0.10388958,0.00042873,0.08551995333333347,0.3206512815384614,0.3701587126470585,0.0004272633333333334,0.0004251715384615386,0.0004203170588235295
124,0.00042517,1554105600,0.0004279,0.00042457,0.00042479,438.82988253,0.18641659,0.0004248,0.12594012333333346,0.3111605753846153,0.3704226073529409,0.0004261766666666668,0.0004251546153846155,0.00042096029411764713
125,0.00042769,1554112800,0.00043,0.00042589,0.00042769,139.24121977,0.05966449,0.00042849,0.1166568866666668,0.2766243376923076,0.3703975567647056,0.00042593000000000015,0.0004253976923076924,0.00042159676470588243
126,0.000422,1554120000,0.00042748,0.0004219,0.00042586,1065.08402491,0.45037091,0.00042285,0.23215066333333348,0.2688784099999999,0.3784983391176468,0.0004249533333333335,0.00042539923076923084,0.0004220185294117648
127,0.00042524,1554127200,0.00042611,0.00042273,0.00042493,49.11010105,0.02085712,0.0004247,0.17696417333333347,0.2493294307692307,0.36622673558823504,0.00042497666666666684,0.0004253338461538463,0.00042239794117647066
128,0.00042303,1554134400,0.00042612,0.00042089,0.00042499,1620.38633663,0.68734325,0.00042418,0.38619042666666675,0.2633101492307692,0.3791990299999997,0.00042342333333333346,0.0004253669230769232,0.0004226976470588236
129,0.00042433,1554141600,0.00042545,0.00042303,0.00042303,166.83937015,0.07090817,0.000425,0.2597028466666668,0.21969484692307686,0.3663103829411762,0.0004242000000000002,0.0004253923076923078,0.0004230479411764707
130,0.00042513,1554148800,0.00042525,0.00042121,0.00042433,700.41024322,0.29606944,0.0004227,0.35144028666666677,0.23138843153846148,0.36292942764705854,0.00042416333333333356,0.0004254384615384616,0.0004234238235294118
131,0.00042387,1554156000,0.00042567,0.00042115,0.00042525,1000.42213338,0.42287345,0.00042269,0.26328368666666674,0.2561472684615384,0.36103887970588205,0.0004244433333333336,0.00042537692307692315,0.0004238335294117648
132,0.00042386,1554163200,0.00042387,0.00042184,0.00042387,524.94357942,0.22243936,0.00042373,0.3137940833333334,0.207945283076923,0.3566304076470585,0.00042428666666666687,0.00042527000000000005,0.0004242073529411765
133,0.00041721,1554170400,0.00042387,0.0004159,0.00042386,1276.48362551,0.53695306,0.00042065,0.3940886233333334,0.24695813076923073,0.35574885088235264,0.0004216466666666668,0.00042456307692307694,0.00042439823529411767
134,0.00039256,1554177600,0.00041792,0.00038045,0.00041725,9115.46804492,3.62556206,0.00039773,1.4616514933333333,0.5208355138461538,0.44908715911764674,0.0004112100000000002,0.0004218038461538462,0.00042375823529411773
135,0.0003915,1554184800,0.00039888,0.00038989,0.00039238,2070.05014174,0.81575442,0.00039407,1.65942318,0.5768539923076922,0.4643529102941173,0.00040042333333333344,0.000418963076923077,0.0004231282352941177
136,0.00039164,1554192000,0.00039842,0.0003902,0.0003944,916.71189285,0.36131011,0.00039413,1.60087553,0.5966555715384614,0.4470320799999997,0.00039190000000000015,0.0004164023076923078,0.00042247558823529414
137,0.00038804,1554199200,0.0003925,0.00038804,0.00038989,2459.61430742,0.96025566,0.0003904,0.7124400633333332,0.6561816538461537,0.456119375588235,0.0003903933333333335,0.00041354615384615396,0.00042149029411764707
138,0.00039307,1554206400,0.00039442,0.00038655,0.00039027,773.09589794,0.30088028,0.00038918,0.5408153499999998,0.6747367146153844,0.4382954091176468,0.0003909166666666668,0.0004108830769230771,0.00042041735294117647
139,0.00039288,1554213600,0.000394,0.00038859,0.00039145,816.17864714,0.31863053,0.00039039,0.5265888233333332,0.664602839230769,0.4269258773529409,0.0003913300000000001,0.0004086430769230771,0.0004193308823529412
140,0.00039606,1554220800,0.00039606,0.00039288,0.00039288,357.55723941,0.14121589,0.00039494,0.25357556666666653,0.6738612061538459,0.42829008764705856,0.0003940033333333334,0.00040639846153846167,0.0004182791176470589
141,0.00039709,1554228000,0.00039955,0.00039431,0.00039431,1275.77161309,0.50879414,0.00039881,0.32288018666666657,0.6601266592307691,0.42429329294117624,0.00039534333333333347,0.000404403076923077,0.00041730500000000003
142,0.00039385,1554235200,0.00039895,0.00039306,0.00039895,332.83656875,0.13193858,0.0003964,0.26064953666666657,0.664821306153846,0.4238979076470586,0.00039566666666666683,0.0004020584615384617,0.0004163005882352941
143,0.00038851,1554242400,0.00039697,0.00038851,0.00039431,4765.8436906,1.85870669,0.00039,0.83314647,0.7850241715384615,0.47632213264705864,0.00039315000000000015,0.0003992415384615386,0.00041520294117647057
144,0.0003916,1554249600,0.00039167,0.00038873,0.00039123,1219.95724396,0.4747726,0.00038917,0.8218059566666667,0.7890164138461538,0.48882892529411753,0.0003913200000000001,0.00039675923076923093,0.0004141635294117647
145,0.00039965,1554256800,0.00040364,0.00039145,0.0003916,9349.25608147,3.74186765,0.00040023,2.025115646666667,1.059741666923077,0.5897722158823528,0.00039325333333333347,0.0003948969230769232,0.0004134064705882353
146,0.00039739,1554264000,0.00040382,0.00039484,0.00040205,1135.96118077,0.45302258,0.0003988,1.5565542766666667,1.0532854761538462,0.5881365394117646,0.00039621333333333345,0.0003933723076923078,0.00041260823529411765
147,0.00040336,1554271200,0.00040722,0.00039435,0.00039794,2203.11408786,0.88015325,0.0003995,1.6916811600000001,0.842100183076923,0.597815518235294,0.00040013333333333343,0.00039420307692307705,0.0004120605882352941
148,0.00040871,1554278400,0.0004109,0.0004048,0.0004048,1652.7840184,0.67282035,0.00040708,0.6686653933333336,0.8311052546153846,0.6095162976470586,0.00040315333333333344,0.00039552692307692316,0.00041154941176470587
149,0.00041844,1554285600,0.00042053,0.00040866,0.00040866,3232.48071538,1.3436245,0.00041566,0.9655327000000004,0.9066679000000002,0.6341642561764703,0.00041017000000000007,0.00039758846153846157,0.0004114270588235294
150,0.00041991,1554292800,0.00042882,0.00041274,0.00042058,6643.26093679,2.79255555,0.00042035,1.6030001333333337,1.0476140453846154,0.6975362694117644,0.0004156866666666667,0.00040004,0.00041130676470588234
151,0.00041634,1554300000,0.00041978,0.00041202,0.00041972,1536.8554398,0.63860224,0.00041552,1.591594096666667,1.0735926576923078,0.7120818399999997,0.00041823000000000007,0.00040183000000000005,0.00041106588235294115
152,0.00040853,1554307200,0.00041656,0.00040853,0.00041634,3821.15746141,1.5770811,0.00041272,1.6694129633333337,1.170396547692308,0.7554957379411762,0.0004149266666666667,0.0004030338461538462,0.0004105911764705882
153,0.00041311,1554314400,0.00041633,0.00040673,0.00040988,4686.24189489,1.93472236,0.00041285,1.3834685666666673,1.3083585838461538,0.7874268317647056,0.00041266,0.0004043453846153847,0.0004102341176470588
154,0.00041398,1554321600,0.00042106,0.0004126,0.0004147,2758.50364527,1.15157799,0.00041746,1.554460483333334,1.3578034953846154,0.8204207126470585,0.0004118733333333333,0.0004056446153846154,0.0004098688235294117
155,0.00041315,1554328800,0.0004152,0.00040917,0.00041388,3223.48685621,1.32716638,0.00041171,1.4711555766666675,1.4497440953846155,0.8575386626470585,0.0004134133333333333,0.00040712923076923076,0.0004094194117647058
156,0.00041584,1554336000,0.00041825,0.00041292,0.00041343,688.79044028,0.28592083,0.0004151,0.9215550666666674,1.3287605676923075,0.8633741517647054,0.0004143233333333333,0.00040923153846153846,0.00040904911764705874
157,0.00041891,1554343200,0.00042111,0.00041349,0.00041588,1141.47515549,0.47811505,0.00041885,0.6970674200000007,1.3290176792307689,0.8743807832352937,0.0004159666666666666,0.0004113323076923077,0.0004088720588235293
158,0.0004238,1554350400,0.0004238,0.00041882,0.00041906,592.5863892,0.25064936,0.00042297,0.33822841333333403,1.060462426153846,0.8762699823529407,0.0004195166666666667,0.00041319,0.00040883176470588224
159,0.00043822,1554357600,0.00044663,0.0004238,0.0004238,8075.99536553,3.52450163,0.00043641,1.4177553466666672,1.2967300453846151,0.9781769570588231,0.00042697666666666667,0.0004163307692307693,0.0004091414705882352
160,0.00044832,1554364800,0.00047075,0.00043426,0.00043822,47879.07228311,21.44204621,0.00044783,8.4057324,2.878414119230769,1.5955791717647057,0.00043677999999999995,0.0004197892307692309,0.000409915588235294
161,0.00043932,1554372000,0.00045631,0.00043449,0.00044959,9640.31016847,4.26012523,0.0004419,9.742224356666666,3.1543606484615383,1.7202635279411762,0.0004419533333333333,0.00042214384615384625,0.0004103297058823528
162,0.00043253,1554379200,0.00044144,0.00043025,0.00043933,1383.92399555,0.60042366,0.00043385,8.767531700000001,3.097191353076923,1.7177070694117642,0.0004400566666666666,0.0004232276923076924,0.0004106091176470587
163,0.00042508,1554386400,0.00043473,0.00042307,0.00043253,3992.21892467,1.71031307,0.00042841,2.190287320000001,3.013941931538461,1.7659248605882347,0.00043231,0.00042362538461538474,0.0004106311764705881
164,0.0004404,1554393600,0.0004574,0.00042599,0.00042599,5692.2279167,2.53349295,0.00044507,1.6147432266666673,3.159702755384615,1.8317314344117643,0.00043267,0.0004254761538461539,0.00041108029411764693
165,0.00043404,1554400800,0.00044206,0.0004275,0.0004404,2335.5481961,1.01303563,0.00043374,1.7522805500000007,3.116314642307692,1.849089145588235,0.0004331733333333334,0.0004274384615384616,0.0004113794117647058
166,0.00042719,1554408000,0.00043404,0.00042579,0.00043404,1981.94165769,0.85076655,0.00042925,1.4657650433333342,3.032933426153846,1.8675693570588232,0.0004338766666666667,0.00042852153846153855,0.00041147735294117633
167,0.00043253,1554415200,0.00043292,0.00042719,0.00042719,264.77481025,0.11423468,0.00043144,0.6593456200000009,2.953137786923077,1.8551364635294114,0.00043125333333333336,0.0004299484615384617,0.0004119279411764705
168,0.00044508,1554422400,0.00045054,0.00043253,0.00043253,1798.08400475,0.80023976,0.00044505,0.5884136633333341,2.9126049699999994,1.772038748823529,0.00043493333333333335,0.0004324046153846155,0.0004134726470588234
169,0.00044042,1554429600,0.00044461,0.00044042,0.00044313,178.35401658,0.07869715,0.00044124,0.33105719666666744,2.896664686923076,1.750360593823529,0.00043934333333333335,0.00043429538461538475,0.0004149114705882352
170,0.0004333,1554436800,0.00044344,0.0004315,0.00044079,2644.2374564,1.15772825,0.00043783,0.6788883866666674,2.9489426253846145,1.7737846567647055,0.0004396,0.0004354023076923079,0.0004161367647058823
171,0.00043473,1554444000,0.0004357,0.00043159,0.00043395,72.92977136,0.03163453,0.00043376,0.42268664333333406,2.9320953307692297,1.7464722705882347,0.00043614999999999995,0.0004362430769230771,0.0004175099999999999
172,0.00043305,1554451200,0.00043568,0.00043233,0.00043515,1201.0997038,0.52121604,0.00043394,0.5701929400000006,2.701073362307691,1.7529527341176465,0.0004336933333333333,0.0004358453846153848,0.0004186858823529411
173,0.00042926,1554458400,0.00043302,0.000428,0.00043302,856.89756433,0.36911267,0.00043075,0.30732108000000063,1.0800784746153833,1.7544375029411758,0.00043234666666666665,0.00043437923076923096,0.0004197558823529411
174,0.00043393,1554465600,0.00043716,0.000428,0.000428,766.55427056,0.33302314,0.00043444,0.4077839500000006,0.7779936984615371,1.7600788926470583,0.00043208000000000005,0.00043396461538461556,0.00042086970588235293
175,0.00043568,1554472800,0.00043874,0.00043386,0.00043568,131.65405902,0.05738803,0.0004359,0.25317461333333396,0.7362217269230755,1.7468022423529406,0.0004329566666666667,0.0004342069230769233,0.00042200470588235297
176,0.0004403,1554480000,0.00044254,0.00043481,0.00043485,871.71734681,0.38365965,0.00044011,0.2580236066666673,0.6341714638461524,1.7542058032352934,0.0004366366666666667,0.0004353776923076925,0.0004233708823529412
177,0.00043653,1554487200,0.00044529,0.00043649,0.00044044,4833.33349817,2.127442,0.00044016,0.8561632266666672,0.6029367753846141,1.7621097829411758,0.00043750333333333343,0.00043508000000000023,0.00042478323529411766
178,0.00043614,1554494400,0.00043653,0.0004331,0.00043653,352.05521541,0.15316157,0.00043504,0.8880877400000006,0.5367926169230756,1.7526506349999995,0.0004376566666666668,0.00043524153846153865,0.00042609323529411763
179,0.00043411,1554501600,0.00043708,0.00043411,0.0004366,182.66561547,0.07960652,0.0004358,0.7867366966666672,0.4774726146153832,1.6449370723529404,0.0004355933333333334,0.0004357738461538463,0.00042710676470588234
180,0.00043226,1554508800,0.00043632,0.00043226,0.0004362,528.18106621,0.22895339,0.00043347,0.1539071600000006,0.48629713076922937,1.6383468020588228,0.00043417000000000005,0.00043575307692307716,0.00042813235294117646
181,0.00043212,1554516000,0.0004342,0.00042964,0.00043226,448.02601881,0.19345897,0.0004318,0.16733962666666727,0.439621685384614,1.6181499114705875,0.0004328300000000001,0.00043475615384615414,0.00042897823529411763
182,0.00043338,1554523200,0.00043671,0.00043249,0.00043249,494.19128309,0.21528533,0.00043563,0.21256589666666725,0.4501284684615371,1.6046929991176464,0.00043258666666666674,0.0004342146153846156,0.0004297038235294118
183,0.00043415,1554530400,0.00043537,0.0004318,0.00043338,242.71786625,0.10496568,0.00043245,0.1712366600000006,0.36914673230769096,1.5682618573529405,0.0004332166666666667,0.0004342800000000002,0.00043016588235294113
184,0.00042347,1554537600,0.00043415,0.0004193,0.00043415,5131.1734423,2.16734809,0.00042238,0.8291997000000005,0.5334323907692294,1.549873402647058,0.00043033333333333335,0.0004334138461538463,0.0004302705882352941
185,0.00042429,1554544800,0.00042501,0.00042177,0.00042281,880.61347961,0.37335677,0.00042397,0.8818901800000005,0.5220586007692295,1.542072065294117,0.00042730333333333335,0.00043274000000000014,0.0004305044117647059
186,0.00042621,1554552000,0.0004286,0.00042448,0.00042448,1035.29126314,0.44311695,0.00042801,0.9946072700000005,0.5277512376923064,1.5087201785294109,0.00042465666666666673,0.00043250538461538475,0.00043102441176470584
187,0.00041615,1554559200,0.0004258,0.00041479,0.00042546,5217.39548908,2.18961131,0.00041967,1.0020283433333341,0.6705657123076911,1.5162169123529403,0.00042221666666666675,0.00043113769230769246,0.00043111382352941177
188,0.00041828,1554566400,0.00041829,0.00041237,0.00041507,8952.33354753,3.7061004,0.00041398,2.112942886666667,0.9512358946153834,1.591349924411764,0.00042021333333333344,0.0004297992307692309,0.00043124029411764706
189,0.0004191,1554573600,0.00041926,0.00041335,0.00041663,2886.07810893,1.20157125,0.00041633,2.365760986666667,1.0141521715384605,1.5876559499999991,0.0004178433333333334,0.0004281684615384617,0.0004314152941176471
190,0.0004184,1554580800,0.0004191,0.00041625,0.0004191,663.45329998,0.27763391,0.00041846,1.728435186666667,0.8718592415384604,1.5874122170588225,0.0004185933333333334,0.00042677384615384635,0.0004314905882352941
191,0.00041408,1554588000,0.00041993,0.00041408,0.00041841,3099.41122259,1.29721395,0.00041853,0.9254730366666668,0.9598632707692296,1.6115033611764695,0.0004171933333333334,0.00042507692307692326,0.0004313485294117647
192,0.00042431,1554595200,0.00042704,0.0004141,0.0004141,5945.85632142,2.50134366,0.00042068,1.358730506666667,1.1461507430769218,1.67770025235294,0.0004189300000000001,0.0004243230769230771,0.00043136352941176474
193,0.0004263,1554602400,0.00043792,0.00042386,0.00042399,3869.38548344,1.67428434,0.0004327,1.8242806500000004,1.2573300469230757,1.6232820967647048,0.00042156333333333344,0.00042386461538461553,0.0004310129411764706
194,0.00042046,1554609600,0.00042635,0.00042021,0.00042635,457.1270047,0.19314022,0.0004225,1.4562560733333338,1.2573055276923066,0.9983142735294105,0.00042369000000000006,0.00042296769230769246,0.0004301935294117647
195,0.00042851,1554616800,0.00042851,0.00042281,0.00042281,320.6694219,0.13700265,0.00042723,0.668142403333334,1.251283783076922,0.87704596235294,0.0004250900000000001,0.0004225930769230771,0.0004298755882352941
196,0.0004248,1554624000,0.00042804,0.0004248,0.00042804,567.99122438,0.24178361,0.00042568,0.1906421600000007,1.2618082392307681,0.866497725588234,0.00042459,0.00042187384615384634,0.0004296482352941176
197,0.00042301,1554631200,0.00042569,0.00042211,0.0004248,531.66286447,0.22517123,0.00042352,0.20131916333333402,1.1124100192307682,0.8228170832352928,0.00042544,0.00042183846153846165,0.00042958735294117644
198,0.00042097,1554638400,0.00042518,0.00042097,0.000423,308.74164134,0.13033785,0.00042215,0.19909756333333403,1.093716256153845,0.7521360508823517,0.0004229266666666667,0.000421583076923077,0.00042901588235294113
199,0.000419,1554645600,0.00042281,0.00041789,0.00042281,414.5719834,0.17389403,0.00041945,0.17646770333333403,1.0730068007692295,0.727455415588234,0.00042099333333333347,0.0004210284615384617,0.00042857352941176466
200,0.0004182,1554652800,0.00042008,0.00041517,0.00041919,3443.33572045,1.44050685,0.00041834,0.5815795766666674,1.0153833807692296,0.7448007185294104,0.00041939000000000017,0.00042118615384615396,0.0004283091176470588
201,0.00041496,1554660000,0.0004185,0.00041496,0.0004184,144.77892355,0.06022164,0.00041595,0.5582075066666673,0.7349311684615372,0.7432120997058811,0.0004173866666666668,0.00042093076923076933,0.0004277923529411765
202,0.00041469,1554667200,0.0004169,0.00041236,0.00041614,3991.65540851,1.65285175,0.00041407,1.051193413333334,0.7696450530769218,0.7682889229411751,0.00041595000000000016,0.00042059153846153854,0.0004268985294117647
203,0.00041362,1554674400,0.00041681,0.00041143,0.00041469,237.95163988,0.09852598,0.00041405,0.6038664566666673,0.7558675199999987,0.7688721238235282,0.00041442333333333346,0.0004202238461538462,0.000426110294117647
204,0.00041071,1554681600,0.00041496,0.00041071,0.00041362,455.50210592,0.18751987,0.00041167,0.6462992000000006,0.6705064369230755,0.7403365832352929,0.00041300666666666675,0.00041996461538461544,0.00042544588235294114
205,0.00040992,1554688800,0.00041286,0.0004096,0.0004108,1011.84384237,0.41459982,0.00040974,0.2335485566666673,0.5099876799999985,0.7516002682352928,0.0004114166666666667,0.00041885769230769237,0.0004247161764705882
206,0.00041287,1554696000,0.00041367,0.00040959,0.00041098,5847.80654669,2.41399598,0.0004128,1.0053718900000008,0.5668885753846139,0.807270266470587,0.0004111666666666667,0.00041782461538461546,0.0004241226470588235
207,0.00041077,1554703200,0.00041367,0.00041042,0.00041287,1053.93457592,0.43495275,0.00041269,1.0878495166666673,0.5854895392307677,0.8092067394117635,0.00041118666666666677,0.00041707923076923087,0.0004235788235294117
208,0.00041595,1554710400,0.0004174,0.00041094,0.00041094,4688.30920824,1.94245136,0.00041431,1.5971333633333338,0.7243702092307678,0.8565428635294104,0.00041319666666666676,0.00041611307692307703,0.0004230499999999999
209,0.00039594,1554717600,0.00041484,0.00039295,0.000414,4010.15751081,1.61429936,0.00040255,1.330567823333334,0.8299483438461525,0.9023343732352929,0.0004075533333333334,0.000413893076923077,0.0004218811764705881
210,0.00040436,1554724800,0.00040537,0.00039594,0.00039594,490.10840372,0.19618091,0.00040028,1.2509772100000005,0.8277183192307678,0.8968202926470576,0.00040541666666666677,0.0004124584615384617,0.0004208241176470587
211,0.00040204,1554732000,0.0004044,0.00040096,0.00040269,93.9188478,0.0378413,0.00040291,0.6161071900000007,0.8206031999999985,0.8353614485294106,0.0004007800000000001,0.0004110023076923079,0.00041980970588235283
212,0.00040248,1554739200,0.00040566,0.00039903,0.00040204,6817.36469354,2.73320889,0.00040091,0.9890770333333339,1.0174735738461524,0.9112451932352928,0.0004029600000000001,0.00040973153846153863,0.00041881970588235286
213,0.00040098,1554746400,0.00040278,0.00039913,0.00040235,729.61822776,0.292093,0.00040033,1.0210477300000005,0.9291340469230754,0.9174947955882341,0.00040183333333333347,0.0004084069230769232,0.000417845294117647
214,0.00039803,1554753600,0.00040185,0.00039789,0.00039923,644.63550797,0.25804365,0.00040029,1.0944485133333337,0.9443511246153832,0.9183503914705871,0.00040049666666666677,0.00040710461538461554,0.00041683852941176464
215,0.00039818,1554760800,0.00039856,0.00039577,0.00039789,257.98428314,0.1024048,0.00039694,0.21751381666666716,0.8250859746153831,0.9156723276470576,0.00039906333333333344,0.00040583461538461554,0.000415840294117647
216,0.00039573,1554768000,0.00039643,0.00039339,0.00039577,283.3300842,0.11212543,0.00039574,0.15752462666666717,0.8261320861538448,0.9126382129411752,0.0003973133333333334,0.00040445846153846176,0.00041473294117647054
217,0.00039138,1554775200,0.00039518,0.00039138,0.00039518,1140.4283192,0.44797158,0.0003928,0.22083393666666717,0.8461668330769219,0.9227266217647047,0.00039509666666666675,0.00040297153846153866,0.00041347499999999995
218,0.00038295,1554782400,0.00039245,0.00038069,0.00039139,5072.36138736,1.95132462,0.00038469,0.8371405433333338,0.9643764330769218,0.9163729902941165,0.0003900200000000001,0.00040089692307692325,0.0004122832352941176
219,0.00038591,1554789600,0.00038591,0.00038068,0.00038302,2785.09221119,1.0653777,0.00038252,1.1548913000000005,0.8606365653846141,0.9367265470588224,0.0003867466666666668,0.0003988230769230771,0.0004111544117647058
220,0.00038754,1554796800,0.00038754,0.00038155,0.00038374,2721.24694468,1.05093116,0.00038619,1.3558778266666671,0.9080195199999986,0.9546034355882341,0.0003854666666666668,0.000397036153846154,0.0004100170588235293
221,0.00039045,1554804000,0.00039057,0.00038494,0.00038732,1782.40553274,0.68862465,0.00038634,0.9349778366666669,0.8115713115384602,0.910456769117646,0.00038796666666666675,0.00039507461538461553,0.00040926117647058815
222,0.00039631,1554811200,0.00039631,0.00039047,0.00039098,203.86032791,0.08039899,0.00039438,0.6066516000000002,0.693578975384614,0.80381849235294,0.00039143333333333343,0.0003951030769230771,0.0004086149999999999
223,0.00039196,1554818400,0.00039619,0.00039193,0.00039424,870.18371733,0.34155349,0.0003925,0.3701923766666668,0.7047614815384602,0.77852385235294,0.00039290666666666674,0.0003941492307692309,0.0004078167647058823
224,0.00039173,1554825600,0.00039193,0.0003917,0.00039193,51.10266423,0.02002372,0.00039183,0.14732540000000016,0.703390898461537,0.7709470820588225,0.0003933333333333335,0.000393356153846154,0.00040703235294117644
225,0.00038843,1554832800,0.00039173,0.00038728,0.00039173,1091.52140426,0.42437605,0.00038879,0.26198442000000016,0.5257883723076908,0.745275379117646,0.0003907066666666668,0.00039227538461538477,0.00040627794117647055
226,0.00038974,1554840000,0.00039144,0.00038706,0.00038815,94.92914379,0.03691545,0.00038887,0.16043840666666684,0.5061593299999985,0.6727921964705871,0.0003899666666666668,0.0003914107692307694,0.00040526117647058816
227,0.0003873,1554847200,0.00039035,0.00038727,0.00038974,114.42316648,0.04445809,0.00038854,0.16858319666666685,0.48972967153846003,0.6248561302941165,0.00038849000000000007,0.0003905853846153848,0.0004041141176470588
228,0.000389,1554854400,0.00039137,0.0003866,0.00038731,67.80601262,0.02630256,0.0003879,0.035892033333333496,0.4838756530769216,0.6199491402941165,0.00038868000000000013,0.00038987923076923097,0.00040318882352941173
229,0.0003908,1554861600,0.0003908,0.00038815,0.00038815,84.93420079,0.0331527,0.00039033,0.0346377833333335,0.47780082769230614,0.6168947299999988,0.00038903333333333343,0.00038950000000000014,0.0004020797058823529
230,0.0003925,1554868800,0.0003925,0.00038816,0.00038816,332.77941437,0.13047091,0.00039206,0.0633087233333335,0.4533776992307677,0.6136208270588224,0.0003907666666666668,0.00038958615384615395,0.00040112970588235296
231,0.00039404,1554876000,0.00039404,0.00039222,0.00039298,78.1651173,0.03072677,0.0003931,0.06478346000000017,0.3056394030769215,0.60790187235294,0.0003924466666666668,0.0003904392307692309,0.00040027764705882356
232,0.00039621,1554883200,0.00039999,0.00039328,0.00039448,1964.54222414,0.78062382,0.00039735,0.3139405000000001,0.2837352584615369,0.6270279302941164,0.0003942500000000001,0.0003912315384615386,0.0003995494117647059
233,0.00039768,1554890400,0.00040069,0.00039621,0.00039621,4734.18381373,1.88660801,0.0003985,0.8993195333333334,0.3480180930769215,0.6774018708823517,0.00039597666666666673,0.00039201153846153865,0.00039892235294117646
234,0.0003944,1554897600,0.0003976,0.0003944,0.0003976,114.41366196,0.04527621,0.00039572,0.9041693466666668,0.29852975153845995,0.6363656755882342,0.0003960966666666668,0.0003923153846153848,0.00039822235294117644
235,0.00039571,1554904800,0.00039912,0.00039571,0.0003974,38.83221781,0.0154311,0.00039737,0.6491051066666668,0.2935322215384599,0.6350483067647047,0.0003959300000000001,0.00039226923076923087,0.0003976561764705882
236,0.0003936,1554912000,0.00039568,0.00039131,0.00039514,401.15585967,0.15737289,0.00039229,0.07269339999999998,0.27936448307692147,0.5910636344117636,0.0003945700000000002,0.0003923953846153847,0.0003970358823529411
237,0.00038468,1554919200,0.0003936,0.00038,0.0003936,2680.46168938,1.04136834,0.0003885,0.40472411,0.3579294538461522,0.6187942920588224,0.0003913300000000002,0.00039185307692307707,0.0003961847058823529
238,0.0003864,1554926400,0.00038657,0.0003818,0.00038468,955.80002371,0.36716233,0.00038414,0.5219678533333333,0.35352839846153683,0.6240778938235283,0.0003882266666666669,0.0003916969230769232,0.00039546970588235286
239,0.0003864,1554933600,0.00038822,0.00038445,0.00038657,538.54635237,0.20798665,0.0003862,0.5388391066666667,0.36668772153845985,0.6180010358823518,0.0003858266666666669,0.0003914400000000001,0.00039477794117647055
240,0.00038221,1554940800,0.00038822,0.00037873,0.00038812,763.46058179,0.29139954,0.00038168,0.2888495066666667,0.38568321769230607,0.5555717288235283,0.0003850033333333335,0.00039104846153846165,0.00039387617647058823
241,0.00037873,1554948000,0.00038382,0.00037873,0.00038221,328.79296355,0.12535474,0.00038125,0.2082469766666667,0.39330261615384443,0.5464659049999989,0.0003824466666666668,0.00039025846153846157,0.0003929338235294118
242,0.0003778,1554955200,0.00038224,0.000377,0.00037873,1195.70884572,0.45224466,0.00037822,0.2896663133333333,0.42554045923076755,0.5026362961764695,0.0003795800000000001,0.0003892584615384616,0.0003918117647058824
243,0.00037886,1554962400,0.00038224,0.00037814,0.00037984,999.45700544,0.37995433,0.00038016,0.3191845766666666,0.4447314915384599,0.4663320305882342,0.00037846333333333343,0.00038820923076923086,0.0003913094117647059
244,0.00037013,1554969600,0.00038119,0.00037013,0.00037984,1174.35945666,0.43985959,0.00037455,0.42401952666666665,0.4762032469230753,0.47349905058823427,0.00037559666666666676,0.0003863700000000001,0.00039030264705882355
245,0.00036267,1554976800,0.0003715,0.0003579,0.0003715,6797.38121847,2.4607547,0.00036201,1.0935228733333333,0.6054440838461521,0.5447612094117636,0.00037055333333333346,0.00038379000000000006,0.000389144705882353
246,0.00036321,1554984000,0.00036638,0.00036081,0.00036313,1902.49028004,0.69325545,0.00036439,1.19795658,0.5136477330769214,0.4847625788235283,0.00036533666666666687,0.0003811384615384616,0.000387989705882353
247,0.00036819,1554991200,0.00037133,0.00036095,0.00036433,557.13933486,0.20472709,0.00036746,1.11957908,0.5259131853846137,0.48219299323529297,0.0003646900000000002,0.00037912230769230774,0.00038702529411764706
248,0.00037529,1554998400,0.00037799,0.00036817,0.00036817,710.35656952,0.26466291,0.00037257,0.3875484833333334,0.5450848630769214,0.4823876773529399,0.00036889666666666687,0.0003775515384615386,0.0003863564705882353
249,0.00037651,1555005600,0.00037809,0.00037376,0.000378,922.09881138,0.3459225,0.00037514,0.2717708333333334,0.5595886792307676,0.48954996264705763,0.0003733300000000003,0.00037623692307692323,0.00038571911764705884
250,0.00037692,1555012800,0.00037809,0.00037396,0.00037682,125.69273524,0.0472703,0.00037607,0.21928523666666674,0.48311959923076764,0.48764245882352825,0.0003762400000000003,0.0003756400000000001,0.0003851658823529411
251,0.00037594,1555020000,0.00037711,0.00037149,0.00037501,169.55749796,0.06347428,0.00037435,0.15222236000000008,0.45975897999999843,0.4763337147058812,0.00037645666666666686,0.00037483538461538475,0.0003847117647058823
252,0.00037274,1555027200,0.00037655,0.00037274,0.00037594,95.1553263,0.03574653,0.00037566,0.04883037000000007,0.4465097399999985,0.41999318264705776,0.0003752000000000002,0.00037378461538461544,0.00038441147058823524
